0 100.75 508.35 506.4 500.7 504.5 495.95 500.5 498.5 501.5 498.35 500.35 501.95 499.85 507.0 505.1 497.1 507.3 500.75 499.05 490.75 504.9 
1 0.0 501.8 499.5 504.3 499.7 505.5 502.5 505.4 494.55 503.1 505.2 501.05 496.8 502.35 503.1 510.75 502.35 502.75 508.25 493.85 502.2 
2 0.0 503.85 512.1 509.5 504.15 501.4 497.0 494.45 506.3 495.35 496.85 497.15 495.55 495.75 497.4 495.35 500.45 493.85 500.25 505.9 500.8 
3 0.0 511.45 507.8 504.1 508.7 497.1 501.25 500.25 502.35 511.4 499.0 510.8 504.25 504.35 508.4 505.55 500.85 505.4 499.35 504.65 500.85 
4 0.0 513.1 506.0 506.35 503.35 502.7 499.3 502.55 502.55 498.75 509.0 496.15 508.9 495.05 509.6 494.6 496.8 495.9 495.7 502.05 498.6 
5 0.0 509.4 504.95 500.2 497.55 510.0 510.0 506.4 501.3 500.5 506.4 500.75 499.7 509.8 508.25 509.1 499.55 503.25 497.35 510.35 497.55 
6 0.0 499.0 500.45 507.65 505.8 501.85 499.25 500.6 502.95 498.65 497.25 501.15 510.45 507.25 498.1 501.3 505.0 509.7 503.55 504.05 502.85 
7 0.0 500.3 506.05 502.35 504.45 501.2 503.0 502.85 501.25 508.05 497.85 507.15 501.1 499.8 489.6 508.2 504.4 501.15 511.7 505.0 512.95 
8 0.0 498.5 504.25 498.05 497.3 511.4 505.55 494.4 504.05 500.9 491.35 508.4 496.35 493.85 499.65 505.15 503.2 506.65 501.45 497.45 499.1 
9 0.0 503.3 494.0 507.95 508.35 503.4 504.3 514.95 510.5 493.35 512.3 504.85 503.25 499.6 510.45 497.5 509.65 508.45 502.05 505.25 504.15 
10 0.0 505.75 500.85 512.1 511.05 506.35 505.45 502.0 498.55 504.6 503.05 496.25 505.4 503.8 501.05 507.75 504.55 503.55 512.35 506.4 505.2 
11 0.0 495.95 501.45 498.5 501.25 504.0 504.9 505.8 505.5 508.9 506.5 507.35 507.1 499.65 506.4 506.55 507.9 504.0 508.0 520.45 506.95 
12 0.0 495.95 500.05 500.85 499.75 502.95 507.45 513.0 506.35 502.0 506.15 498.95 506.65 509.3 498.65 502.95 507.05 502.85 502.45 504.0 503.05 
13 0.0 506.95 501.1 501.2 499.7 502.9 502.4 504.1 498.0 514.1 501.3 510.05 497.4 513.15 502.15 506.85 503.25 508.25 507.1 502.1 498.5 
14 0.0 500.8 497.1 502.55 504.3 502.35 504.45 504.2 506.65 508.45 513.8 506.95 500.2 513.6 508.85 500.55 498.25 511.05 502.15 504.8 497.55 
15 0.0 501.75 509.1 499.55 503.85 514.8 505.3 512.0 502.5 493.5 501.8 506.2 502.45 511.75 507.0 502.35 512.4 503.55 502.95 495.95 506.8 
16 0.0 504.85 506.25 495.05 498.9 495.35 507.45 494.75 504.95 507.3 502.75 502.75 515.35 502.95 508.1 499.7 505.85 505.9 501.95 500.15 512.95 
17 0.0 498.3 498.55 504.0 499.35 499.85 503.5 504.15 500.75 504.5 512.35 506.7 506.4 499.95 500.3 503.85 503.35 503.65 507.35 503.5 499.45 
18 0.0 507.15 508.6 506.65 513.1 501.55 500.1 498.0 503.05 502.6 499.65 501.25 499.25 499.05 503.2 495.45 497.15 498.1 505.8 503.0 512.8 
19 0.0 497.6 498.75 512.55 506.8 500.3 501.55 501.85 503.55 497.45 503.3 501.7 502.1 500.3 498.95 505.3 494.05 500.55 498.05 500.45 502.5 
20 0.0 494.35 499.95 496.8 503.55 507.2 497.15 504.8 499.55 507.9 496.05 498.55 499.15 491.15 499.55 501.1 499.7 501.75 495.6 495.15 497.75 
21 0.0 501.7 498.9 498.9 494.0 501.05 501.3 504.6 501.25 503.8 497.4 489.05 497.65 494.5 500.95 504.7 499.45 498.45 504.85 504.05 489.2 
22 0.0 492.15 498.1 498.65 490.75 499.0 494.45 499.55 496.55 506.05 503.55 499.6 500.4 501.45 495.95 499.0 505.1 501.6 499.05 506.8 509.95 
23 0.0 495.05 501.6 505.3 501.8 496.3 500.35 500.05 499.95 495.0 495.0 503.05 500.5 499.95 509.5 502.15 493.65 500.6 502.3 499.25 503.45 
24 0.0 498.0 498.55 497.15 498.3 500.15 503.85 510.3 499.6 503.35 505.4 500.0 498.25 501.6 499.4 498.35 499.45 494.65 493.75 497.1 496.7 
25 0.0 502.6 498.0 499.35 506.1 504.5 504.15 496.45 507.3 498.95 501.75 501.45 499.75 503.8 503.25 502.2 503.25 498.75 494.1 493.3 496.65 
26 0.0 504.35 502.55 493.55 501.75 492.75 497.75 496.35 501.15 498.5 497.4 499.9 500.65 499.0 496.9 497.4 500.9 492.75 505.8 495.75 492.1 
27 0.0 502.15 498.85 497.8 497.5 495.85 498.1 495.85 496.95 493.2 487.45 505.75 497.15 505.95 494.2 498.25 500.8 496.95 499.05 502.05 492.35 
28 0.0 495.4 490.1 496.05 486.15 497.45 497.85 498.1 500.45 506.15 513.75 501.1 510.95 507.5 491.55 503.75 493.75 503.55 494.0 494.7 492.8 
29 0.0 502.6 501.05 501.85 504.25 493.15 500.85 499.75 502.7 498.85 498.8 495.3 504.1 491.1 492.75 492.25 491.9 495.8 499.3 502.7 501.45 
30 0.0 503.55 500.4 493.15 503.65 499.25 497.25 502.0 494.15 498.1 489.35 496.65 494.2 494.35 500.45 499.45 495.5 489.0 502.85 496.55 496.05 
31 0.0 503.15 499.25 503.75 488.15 504.7 501.8 491.15 497.05 502.15 502.3 496.9 495.4 500.4 504.65 500.05 498.9 490.35 490.8 494.8 492.95 
32 0.0 496.3 502.15 497.6 499.7 495.15 498.4 500.15 504.3 497.35 506.65 491.65 499.25 503.8 488.8 496.3 501.2 499.8 491.8 500.95 504.4 
33 0.0 493.2 497.1 498.7 498.6 498.0 490.2 491.65 497.95 493.75 489.15 500.55 492.2 494.45 509.15 495.1 496.85 503.5 503.2 494.4 500.2 
34 0.0 501.9 501.75 491.05 501.55 498.2 489.95 494.15 482.9 496.95 496.05 498.85 494.9 498.55 496.25 499.7 498.75 497.8 498.25 492.45 502.0 
35 0.0 502.2 499.7 500.75 499.85 500.35 499.75 486.35 491.4 497.1 491.1 494.85 499.8 494.85 495.1 492.45 489.95 497.05 497.7 496.65 502.0 
36 0.0 498.45 498.85 500.6 495.15 492.6 499.85 494.15 504.0 504.75 496.65 498.7 488.65 488.45 499.05 502.25 497.45 499.9 492.25 510.6 495.8 
37 0.0 493.85 497.8 498.15 492.55 495.9 490.7 493.65 498.3 498.1 499.1 493.95 500.5 496.65 501.65 494.2 498.3 501.25 501.5 493.9 494.5 
38 0.0 502.6 497.7 502.5 500.75 496.55 504.35 495.15 498.4 487.1 502.15 501.55 497.35 495.5 486.5 497.5 485.65 491.1 496.25 499.95 496.1 
39 0.0 504.75 505.45 505.4 497.45 497.55 502.15 504.35 495.05 494.45 492.35 504.5 504.9 497.35 506.45 493.15 499.4 500.65 493.8 493.95 499.3 
40 0.0 493.8 492.05 493.35 505.15 504.75 494.45 502.25 495.4 499.35 495.4 491.95 501.25 493.45 487.35 502.75 503.1 497.55 494.25 498.75 492.9 
41 0.0 503.6 503.55 502.1 500.95 497.7 497.8 497.2 502.1 496.45 506.7 500.75 494.25 493.15 500.65 503.7 504.1 506.0 501.05 498.25 497.1 
42 0.0 498.0 508.45 489.85 496.4 511.1 502.15 502.65 501.55 499.2 500.5 496.7 506.35 502.35 495.1 497.95 502.25 499.85 505.05 491.95 507.75 
43 0.0 495.95 496.85 502.55 499.45 499.55 497.7 510.6 499.4 496.65 506.85 504.15 496.35 507.45 505.3 491.55 494.1 495.7 500.0 501.35 502.6 
44 0.0 498.6 501.0 494.85 506.3 501.6 501.55 499.7 500.25 500.45 496.2 496.3 501.85 498.65 503.85 499.5 501.8 495.25 503.05 504.4 499.35 
45 0.0 505.8 499.55 507.95 497.2 496.8 505.75 499.95 499.1 498.6 499.65 502.75 495.15 502.7 504.75 496.7 500.6 496.4 501.75 500.7 503.65 
46 0.0 497.3 493.85 496.5 509.65 509.55 504.05 505.25 495.55 501.6 498.85 502.55 496.15 493.85 488.7 496.35 502.9 495.1 498.25 507.0 497.15 
47 0.0 463.7 492.0 500.35 501.05 501.25 496.9 509.8 511.65 498.6 494.05 495.0 497.5 504.1 495.7 502.05 498.45 503.4 503.1 506.75 506.7 
48 0.0 385.65 492.45 499.3 491.25 495.45 497.25 493.95 504.8 498.15 505.05 492.5 494.1 501.25 503.25 500.35 492.25 505.35 509.85 500.15 498.5 
49 0.0 219.1 508.15 507.4 498.8 490.9 494.15 489.55 497.6 494.75 494.1 499.8 501.85 505.55 493.9 501.05 504.6 510.4 492.5 499.6 495.9 
50 0.0 131.4 496.3 499.85 495.75 498.75 493.7 497.6 498.8 500.65 496.55 499.2 498.5 495.75 508.6 496.75 498.25 501.6 500.55 491.6 499.2 
51 0.0 73.85 496.2 496.0 498.6 494.75 501.8 504.45 496.0 500.15 503.7 497.05 498.85 489.75 493.0 502.1 506.45 496.95 501.5 497.5 497.35 
52 0.0 15.25 495.55 489.2 492.65 490.35 505.85 495.95 503.35 496.45 497.75 503.95 501.55 501.95 502.7 494.3 494.8 492.0 496.5 497.9 492.9 
53 0.0 1.9 499.75 496.75 495.15 495.1 494.95 494.05 492.5 500.35 490.75 498.4 499.45 497.65 498.4 497.4 494.75 494.45 497.05 499.6 499.1 
54 0.0 0.2 493.0 500.15 487.25 500.45 497.0 492.3 489.2 499.6 505.8 501.2 485.0 502.0 495.25 502.05 500.05 501.25 490.75 502.4 492.65 
55 0.0 0.0 496.05 487.95 493.55 505.25 497.25 493.55 495.2 489.25 489.9 486.7 491.55 489.5 496.95 497.0 491.2 497.9 490.95 491.2 498.95 
56 0.0 0.0 499.6 492.15 495.5 491.2 498.55 496.35 499.45 496.95 490.45 485.0 492.2 487.65 493.15 501.5 496.85 490.7 488.6 496.45 494.15 
57 0.0 0.0 489.6 495.3 504.6 489.8 493.9 498.25 500.2 500.3 487.85 496.7 499.05 499.05 494.1 494.0 491.4 491.5 492.9 495.5 499.85 
58 0.0 0.0 496.85 495.9 498.75 492.95 498.6 503.6 503.45 491.5 500.35 492.3 501.5 492.5 502.75 492.3 487.8 492.6 495.25 495.4 490.75 
59 0.0 0.0 496.3 498.05 497.6 500.6 495.15 499.4 497.4 495.15 496.45 495.35 502.7 492.45 487.25 489.6 503.5 489.7 496.65 489.15 495.35 
60 0.0 0.0 499.55 509.75 495.55 494.65 497.35 498.9 491.3 505.2 505.45 496.4 494.45 500.8 488.6 499.0 487.0 493.25 499.65 490.2 494.35 
61 0.0 0.0 496.7 497.55 493.8 495.6 501.3 498.05 491.4 499.1 493.85 501.95 496.15 496.2 492.35 491.9 502.25 488.7 502.95 486.7 488.0 
62 0.0 0.0 486.85 490.0 491.6 506.65 503.25 500.2 497.8 509.05 500.8 503.6 498.75 501.75 493.0 490.0 494.3 500.25 495.35 494.6 494.85 
63 0.0 0.0 499.75 490.25 503.0 492.1 491.5 493.4 490.5 487.05 503.25 498.85 495.75 491.2 493.4 497.05 490.5 504.45 492.95 499.65 494.4 
64 0.0 0.0 495.1 495.2 485.6 497.9 502.6 498.0 501.7 493.2 495.7 495.2 494.7 490.95 496.0 504.9 495.9 493.8 486.7 490.1 489.65 
65 0.0 0.0 496.4 488.3 486.5 498.1 489.85 489.85 493.05 498.5 495.35 499.6 502.2 495.65 504.1 486.7 495.9 494.15 489.4 490.7 489.35 
66 0.0 0.0 490.2 495.8 499.15 491.55 498.55 491.7 498.05 491.15 489.75 497.6 494.8 492.2 488.0 491.85 498.9 488.85 493.8 496.8 495.65 
67 0.0 0.0 502.05 492.05 493.35 489.85 482.6 488.65 488.15 486.7 490.95 496.9 495.4 496.9 483.4 493.95 496.35 495.85 476.8 486.2 485.85 
68 0.0 0.0 491.2 495.8 497.95 489.7 494.55 486.15 486.25 489.05 494.5 489.1 491.9 485.45 493.95 495.6 490.8 494.85 494.45 484.55 494.05 
69 0.0 0.0 487.7 483.85 497.0 488.75 486.65 487.0 496.45 494.05 488.65 492.25 499.4 489.35 501.05 488.2 486.95 488.8 497.15 496.75 495.05 
70 0.0 0.0 488.85 492.35 486.05 495.3 492.9 492.5 483.05 483.15 489.25 490.3 492.6 493.35 503.45 493.1 489.55 486.9 488.95 490.9 479.95 
71 0.0 0.0 485.4 487.55 496.5 490.3 489.2 497.0 491.55 490.35 486.35 488.35 483.45 489.75 492.55 491.15 485.65 489.7 492.1 487.75 494.05 
72 0.0 0.0 496.15 492.8 490.15 482.0 482.55 489.55 487.5 490.6 494.25 478.85 484.3 488.25 483.05 490.4 489.3 489.35 489.4 481.75 482.2 
73 0.0 0.0 483.95 481.9 489.95 487.65 489.65 484.9 489.5 488.65 485.45 488.45 485.3 497.25 484.75 498.45 489.0 487.55 483.2 496.6 489.75 
74 0.0 0.0 494.65 496.2 482.9 485.65 485.3 486.15 485.2 487.25 488.15 490.65 486.1 494.65 494.85 481.15 488.15 481.0 485.15 481.3 489.25 
75 0.0 0.0 488.25 487.1 476.25 498.65 479.25 483.4 479.5 485.8 479.9 481.7 480.75 477.7 482.9 481.3 482.7 486.15 483.35 484.5 488.85 
76 0.0 0.0 482.65 486.2 490.4 488.7 486.2 484.45 490.35 490.9 486.1 478.15 483.2 484.0 485.25 487.4 487.1 486.1 485.3 486.85 489.55 
77 0.0 0.0 490.2 483.8 492.15 487.9 487.55 482.15 488.85 480.7 483.6 484.0 486.75 486.3 483.6 486.85 490.25 484.2 497.45 490.3 480.1 
78 0.0 0.0 497.45 491.5 490.4 486.25 490.3 487.25 486.7 484.95 486.5 484.35 472.0 480.8 477.75 478.35 479.2 482.2 485.0 490.9 475.25 
79 0.0 0.0 486.9 488.45 483.8 482.9 479.4 484.05 479.5 485.2 496.05 487.65 486.65 488.35 479.0 473.6 476.4 483.65 479.75 476.35 486.45 
80 0.0 0.0 482.3 483.9 485.65 474.6 490.1 488.5 474.0 479.95 474.9 487.3 487.2 474.0 483.05 478.5 493.0 484.75 488.0 488.1 475.2 
81 0.0 0.0 482.8 484.7 487.8 480.55 489.9 489.7 492.3 487.7 472.75 482.15 481.75 476.3 475.15 476.0 479.6 480.95 483.55 476.15 481.65 
82 0.0 0.0 493.95 496.5 477.1 496.0 482.9 476.45 489.45 489.65 483.6 477.05 481.75 482.2 472.15 482.2 474.55 486.35 476.65 479.6 474.7 
83 0.0 0.0 474.4 485.9 493.0 481.85 476.45 482.85 484.05 478.45 486.65 485.05 485.8 475.15 486.1 477.6 479.8 477.15 473.9 473.05 486.7 
84 0.0 0.0 483.75 488.05 482.85 490.85 487.6 486.2 476.75 484.05 477.8 485.1 483.6 478.5 472.7 470.25 476.25 479.8 475.55 479.35 477.35 
85 0.0 0.0 484.0 478.95 480.1 477.0 482.8 489.85 473.25 476.55 479.95 473.65 478.85 482.1 485.3 477.8 470.5 465.55 474.5 475.85 473.25 
86 0.0 0.0 478.8 477.3 481.05 471.25 476.25 479.7 484.6 478.9 478.2 473.7 478.05 485.3 474.85 479.3 476.8 474.85 472.8 470.3 472.25 
87 0.0 0.0 485.7 473.4 480.5 490.8 475.55 473.1 494.65 480.55 480.0 478.15 467.2 470.15 475.25 479.9 474.65 465.5 473.0 464.15 465.2 
88 0.0 0.0 475.5 479.55 474.1 479.0 471.15 473.45 474.9 469.6 474.05 474.2 474.35 475.3 474.8 470.05 472.9 468.65 470.15 469.0 464.4 
89 0.0 0.0 481.05 479.65 481.35 471.4 472.25 470.55 470.9 473.55 477.0 464.85 465.4 479.3 466.95 477.6 474.5 470.7 457.95 464.0 457.7 
90 0.0 0.0 468.2 477.45 477.6 475.05 471.0 473.4 468.6 476.85 467.85 478.35 474.45 464.7 469.05 463.8 458.9 464.65 457.5 464.95 461.15 
91 0.0 0.0 475.45 469.2 471.0 463.4 472.05 468.6 476.0 467.15 471.5 481.75 473.2 472.05 470.05 466.05 466.3 464.45 459.3 455.65 456.25 
92 0.0 0.0 470.05 472.95 474.35 467.55 475.9 471.7 472.4 470.15 474.55 470.2 470.6 463.75 464.9 463.05 460.1 458.65 446.35 454.5 452.55 
93 0.0 0.0 449.8 471.7 457.8 468.5 471.25 471.15 463.55 473.95 466.15 462.6 466.85 467.0 473.85 464.1 462.35 458.25 457.4 455.35 449.8 
94 0.0 0.0 415.4 472.15 474.9 481.55 471.75 474.05 467.75 460.4 465.85 464.2 456.8 461.65 460.0 453.05 453.7 445.4 445.5 445.95 456.45 
95 0.0 0.0 338.25 466.3 464.0 461.5 469.15 465.5 465.2 463.05 459.6 458.85 465.35 461.2 444.6 462.2 451.75 447.75 453.1 439.8 442.4 
96 0.0 0.0 247.65 458.1 469.75 473.7 470.0 457.8 463.0 458.3 455.8 454.2 450.2 450.85 449.6 442.6 437.35 446.4 443.2 437.85 444.3 
97 0.0 0.0 162.4 463.7 463.85 462.35 468.3 459.45 450.3 462.4 458.85 448.95 450.8 440.95 448.5 444.35 440.85 433.6 437.4 433.9 424.35 
98 0.0 0.0 98.5 472.85 461.0 456.85 456.25 459.85 457.55 454.6 450.4 453.0 447.7 449.0 439.1 437.4 436.6 423.5 431.1 427.1 427.2 
99 0.0 0.0 32.35 461.15 473.35 463.5 450.95 453.55 452.3 448.0 452.65 442.95 439.05 439.0 438.5 431.25 430.1 433.05 429.0 419.7 418.35 
100 0.0 0.0 1.8 458.05 458.5 453.4 457.6 451.3 449.9 451.2 446.85 442.55 433.35 432.9 426.65 419.35 423.65 421.55 424.45 415.55 413.9 
101 0.0 0.0 0.1 455.7 448.55 455.7 444.5 452.85 444.35 435.15 437.2 430.25 430.15 418.2 428.85 415.9 411.95 414.3 408.3 404.35 393.15 
102 0.0 0.0 0.0 446.1 443.35 454.3 447.7 438.45 435.15 434.1 423.7 426.35 416.1 412.6 412.9 414.5 411.55 406.15 392.7 398.05 392.95 
103 0.0 0.0 0.0 447.45 446.55 440.15 436.6 436.0 432.0 428.35 421.6 414.8 407.95 409.3 397.6 403.4 402.1 399.5 395.25 397.25 382.4 
104 0.0 0.0 0.0 442.1 437.75 439.0 432.65 437.7 427.05 420.7 411.95 411.05 409.8 400.75 396.8 397.25 385.4 385.3 389.3 382.9 379.9 
105 0.0 0.0 0.0 441.25 441.9 431.6 439.25 422.75 416.15 411.0 402.9 399.0 394.7 393.7 384.95 388.8 385.7 374.45 372.35 365.0 369.3 
106 0.0 0.0 0.0 437.65 434.45 424.5 416.25 405.15 403.15 390.45 391.3 388.0 393.1 386.85 381.85 379.8 367.95 372.55 359.35 370.0 363.55 
107 0.0 0.0 0.0 435.9 427.35 411.55 404.7 402.85 398.7 393.65 390.55 372.95 379.25 370.9 368.35 361.55 358.1 355.3 354.75 353.5 353.55 
108 0.0 0.0 0.0 425.2 416.4 405.3 398.3 389.65 385.15 376.0 372.1 365.55 362.25 361.8 360.8 343.0 347.7 342.35 340.45 338.95 337.6 
109 0.0 0.0 0.0 411.7 406.05 397.75 389.6 382.35 368.0 366.25 356.1 355.3 346.65 336.8 345.35 340.25 336.9 332.45 334.35 325.6 319.45 
110 0.0 0.0 0.0 401.8 399.3 384.2 375.15 362.35 351.8 346.65 344.65 340.65 334.05 335.9 331.45 324.55 313.85 316.1 313.2 312.1 313.8 
111 0.0 0.0 0.0 396.3 384.6 376.15 356.75 342.55 339.25 334.45 326.75 318.05 316.65 315.45 311.4 304.7 306.65 302.8 304.0 296.55 298.3 
112 0.0 0.0 0.0 385.55 363.65 353.25 338.35 326.95 322.25 317.8 311.75 306.15 301.5 294.5 293.2 291.7 301.1 298.1 285.65 288.2 287.05 
113 0.0 0.0 0.0 375.9 347.05 328.35 314.25 309.4 307.85 296.25 290.8 289.5 287.2 290.75 276.45 282.55 275.9 278.6 274.05 280.3 271.5 
114 0.0 0.0 0.0 344.5 321.85 305.55 292.75 281.55 280.5 280.4 272.95 273.65 270.6 268.05 268.4 260.4 261.3 265.8 261.8 258.5 264.65 
115 0.0 0.0 0.0 322.0 294.5 278.8 276.45 267.55 259.3 259.6 257.55 254.5 251.1 246.6 249.2 258.35 252.3 247.25 248.8 243.95 249.1 
116 0.0 0.0 0.0 295.4 259.8 254.0 244.95 251.3 244.7 245.75 240.85 241.05 230.9 232.4 231.8 232.85 232.0 232.1 237.45 237.25 234.55 
117 0.0 0.0 0.0 247.55 231.65 223.25 219.55 218.5 223.0 219.65 218.8 221.75 217.95 218.65 222.75 214.95 221.65 219.5 221.5 213.0 222.75 
118 0.0 0.0 0.0 199.5 189.15 188.2 193.2 201.65 198.1 195.2 201.5 201.85 202.8 202.25 201.9 209.1 203.8 204.45 202.75 203.2 203.6 
119 0.0 0.0 0.0 140.55 154.4 162.3 170.95 174.3 177.15 180.65 182.5 185.5 186.25 185.4 184.65 189.0 188.45 191.2 193.9 195.55 192.55 
120 0.0 0.0 0.0 85.1 119.5 136.25 142.55 150.55 154.95 156.95 161.6 165.3 173.7 168.75 171.85 175.1 173.5 174.95 175.45 182.55 181.2 
121 0.0 0.0 0.0 48.95 89.9 109.6 121.55 126.85 132.45 136.35 148.65 146.6 152.45 158.8 155.25 154.15 161.65 160.4 158.25 169.2 170.1 
122 0.0 0.0 0.0 23.45 64.35 84.05 99.4 110.05 115.85 123.4 122.05 133.75 132.95 137.25 143.45 141.8 151.55 151.35 153.7 150.55 156.5 
123 0.0 0.0 0.0 9.05 41.05 63.3 81.3 86.95 98.15 104.2 110.15 114.0 120.2 124.4 127.95 134.0 128.9 137.65 141.75 145.8 142.55 
124 0.0 0.0 0.0 3.2 25.95 47.9 62.35 74.2 81.25 90.0 98.5 101.25 103.35 112.55 115.65 116.7 123.55 126.4 128.9 128.75 132.2 
125 0.0 0.0 0.0 1.25 17.9 33.3 48.8 57.25 67.9 76.25 83.85 87.7 94.65 99.9 99.9 106.35 111.6 115.2 121.9 116.15 119.7 
126 0.0 0.0 0.0 0.25 9.65 23.55 34.4 48.4 59.8 64.2 69.85 77.7 82.4 85.6 93.3 97.65 95.5 101.4 107.65 108.95 112.4 
127 0.0 0.0 0.0 0.05 5.15 16.3 24.25 37.8 42.95 53.25 58.45 66.7 69.9 71.15 78.5 84.0 89.5 90.75 90.9 95.4 99.1 
128 0.0 0.0 0.0 0.0 2.85 9.55 19.0 28.6 38.1 44.2 49.2 53.5 60.2 67.75 69.8 76.75 79.0 79.95 84.7 89.75 87.35 
129 0.0 0.0 0.0 0.0 1.55 6.65 13.5 20.15 27.1 30.95 39.65 46.05 51.7 57.4 61.55 61.0 70.1 72.65 73.5 78.55 84.7 
130 0.0 0.0 0.0 0.0 0.7 3.4 9.7 14.4 21.7 27.0 33.1 40.0 44.35 51.7 52.7 58.65 61.85 66.05 67.0 70.85 71.25 
131 0.0 0.0 0.0 0.0 0.15 2.3 5.8 10.6 15.8 21.8 25.25 34.15 38.15 39.6 46.15 49.6 50.8 55.5 58.7 63.4 66.6 
132 0.0 0.0 0.0 0.0 0.2 1.1 3.6 7.05 12.05 16.75 21.95 25.35 31.0 35.35 39.05 43.2 45.6 49.2 50.85 54.05 57.7 
133 0.0 0.0 0.0 0.0 0.05 0.95 2.35 5.2 8.6 13.3 15.1 19.95 25.7 28.35 31.75 35.15 39.35 44.3 47.95 49.5 53.0 
134 0.0 0.0 0.0 0.0 0.05 0.3 1.8 4.3 6.8 9.75 12.0 15.55 20.15 24.75 27.4 32.15 34.6 37.55 41.05 43.35 45.95 
135 0.0 0.0 0.0 0.0 0.0 0.2 0.95 2.35 4.9 6.65 10.4 12.35 17.5 19.95 24.75 26.05 29.25 31.15 35.8 37.85 39.8 
136 0.0 0.0 0.0 0.0 0.0 0.15 0.65 1.5 3.55 5.8 8.35 9.85 12.65 14.75 18.0 22.05 27.05 26.4 30.6 31.8 34.1 
137 0.0 0.0 0.0 0.0 0.0 0.05 0.15 1.3 1.8 3.1 5.3 7.55 8.75 13.45 14.95 18.1 19.7 24.6 24.95 28.15 32.05 
138 0.0 0.0 0.0 0.0 0.0 0.0 0.3 0.5 1.0 2.95 4.4 5.5 8.0 10.2 13.5 14.7 17.9 19.05 21.25 25.0 25.95 
139 0.0 0.0 0.0 0.0 0.0 0.0 0.05 0.35 1.0 1.85 3.75 4.65 6.5 8.7 10.9 11.55 14.2 15.95 17.15 20.5 22.7 
140 0.0 0.0 0.0 0.0 0.0 0.0 0.05 0.3 0.4 1.35 2.35 5.25 5.1 5.55 6.8 9.75 11.65 13.2 16.1 18.2 18.1 
141 0.0 0.0 0.0 0.0 0.0 0.0 0.05 0.2 0.55 0.7 1.3 2.2 3.2 5.35 5.9 7.7 8.95 11.2 12.85 14.95 17.35 
142 0.0 0.0 0.0 0.0 0.0 0.0 0.0 0.15 0.25 0.7 1.25 1.5 2.85 3.6 5.4 6.3 7.55 10.0 9.9 12.9 13.95 
143 0.0 0.0 0.0 0.0 0.0 0.0 0.0 0.0 0.35 0.65 0.8 1.55 1.9 3.25 3.85 5.1 5.95 7.5 9.05 8.85 11.6 
144 0.0 0.0 0.0 0.0 0.0 0.0 0.0 0.0 0.05 0.25 0.55 1.15 1.3 1.7 2.7 3.95 4.4 5.6 7.55 8.2 9.6 
145 0.0 0.0 0.0 0.0 0.0 0.0 0.0 0.0 0.15 0.15 0.4 0.65 1.2 1.55 2.15 2.45 3.8 5.2 6.35 6.8 7.85 
146 0.0 0.0 0.0 0.0 0.0 0.0 0.0 0.0 0.15 0.1 0.2 0.6 0.9 1.15 1.85 2.2 3.2 3.6 4.1 6.7 6.35 
147 0.0 0.0 0.0 0.0 0.0 0.0 0.0 0.0 0.0 0.05 0.2 0.45 0.75 0.7 1.65 2.0 2.35 3.4 3.7 4.15 5.95 
148 0.0 0.0 0.0 0.0 0.0 0.0 0.0 0.0 0.0 0.1 0.35 0.1 0.4 0.6 0.9 1.4 2.3 2.15 3.3 3.55 4.9 
149 0.0 0.0 0.0 0.0 0.0 0.0 0.0 0.0 0.0 0.1 0.1 0.15 0.2 0.4 0.7 1.05 1.65 2.0 2.0 3.8 3.75 
150 0.0 0.0 0.0 0.0 0.0 0.0 0.0 0.0 0.0 0.0 0.05 0.2 0.1 0.4 0.35 1.1 0.8 1.6 2.25 2.55 2.9 
151 0.0 0.0 0.0 0.0 0.0 0.0 0.0 0.0 0.0 0.0 0.05 0.25 0.2 0.25 0.6 0.6 0.75 0.95 1.6 2.0 2.85 
152 0.0 0.0 0.0 0.0 0.0 0.0 0.0 0.0 0.0 0.0 0.05 0.05 0.15 0.15 0.15 0.35 0.4 0.6 1.7 1.3 2.25 
153 0.0 0.0 0.0 0.0 0.0 0.0 0.0 0.0 0.0 0.0 0.0 0.05 0.1 0.2 0.25 0.35 0.55 0.95 0.95 1.35 1.75 
154 0.0 0.0 0.0 0.0 0.0 0.0 0.0 0.0 0.0 0.0 0.0 0.05 0.05 0.05 0.2 0.25 0.45 0.3 0.45 0.9 1.65 
155 0.0 0.0 0.0 0.0 0.0 0.0 0.0 0.0 0.0 0.0 0.0 0.0 0.15 0.05 0.0 0.1 0.15 0.25 0.45 0.65 0.5 
156 0.0 0.0 0.0 0.0 0.0 0.0 0.0 0.0 0.0 0.0 0.0 0.0 0.0 0.25 0.05 0.1 0.2 0.2 0.55 0.55 0.5 
157 0.0 0.0 0.0 0.0 0.0 0.0 0.0 0.0 0.0 0.0 0.0 0.0 0.0 0.0 0.0 0.25 0.2 0.35 0.3 0.5 0.55 
158 0.0 0.0 0.0 0.0 0.0 0.0 0.0 0.0 0.0 0.0 0.0 0.0 0.0 0.0 0.05 0.05 0.05 0.25 0.15 0.35 0.3 
159 0.0 0.0 0.0 0.0 0.0 0.0 0.0 0.0 0.0 0.0 0.0 0.0 0.0 0.0 0.1 0.05 0.05 0.1 0.2 0.4 0.6 
160 0.0 0.0 0.0 0.0 0.0 0.0 0.0 0.0 0.0 0.0 0.0 0.0 0.0 0.0 0.1 0.05 0.1 0.15 0.15 0.15 0.5 
161 0.0 0.0 0.0 0.0 0.0 0.0 0.0 0.0 0.0 0.0 0.0 0.0 0.0 0.0 0.05 0.0 0.05 0.05 0.1 0.15 0.1 
162 0.0 0.0 0.0 0.0 0.0 0.0 0.0 0.0 0.0 0.0 0.0 0.0 0.0 0.0 0.0 0.0 0.1 0.1 0.15 0.05 0.05 
163 0.0 0.0 0.0 0.0 0.0 0.0 0.0 0.0 0.0 0.0 0.0 0.0 0.0 0.0 0.0 0.0 0.0 0.0 0.0 0.05 0.05 
164 0.0 0.0 0.0 0.0 0.0 0.0 0.0 0.0 0.0 0.0 0.0 0.0 0.0 0.0 0.0 0.1 0.0 0.0 0.1 0.15 0.0 
165 0.0 0.0 0.0 0.0 0.0 0.0 0.0 0.0 0.0 0.0 0.0 0.0 0.0 0.0 0.05 0.0 0.05 0.1 0.1 0.1 0.15 
166 0.0 0.0 0.0 0.0 0.0 0.0 0.0 0.0 0.0 0.0 0.0 0.0 0.0 0.0 0.0 0.0 0.0 0.05 0.1 0.15 0.0 
167 0.0 0.0 0.0 0.0 0.0 0.0 0.0 0.0 0.0 0.0 0.0 0.0 0.0 0.0 0.0 0.0 0.0 0.0 0.1 0.05 0.0 
168 0.0 0.0 0.0 0.0 0.0 0.0 0.0 0.0 0.0 0.0 0.0 0.0 0.0 0.0 0.0 0.0 0.0 0.0 0.0 0.05 0.2 
169 0.0 0.0 0.0 0.0 0.0 0.0 0.0 0.0 0.0 0.0 0.0 0.0 0.0 0.0 0.0 0.0 0.0 0.0 0.0 0.1 0.05 
170 0.0 0.0 0.0 0.0 0.0 0.0 0.0 0.0 0.0 0.0 0.0 0.0 0.0 0.0 0.0 0.0 0.0 0.0 0.0 0.0 0.0 
171 0.0 0.0 0.0 0.0 0.0 0.0 0.0 0.0 0.0 0.0 0.0 0.0 0.0 0.0 0.0 0.0 0.0 0.0 0.0 0.0 0.1 
172 0.0 0.0 0.0 0.0 0.0 0.0 0.0 0.0 0.0 0.0 0.0 0.0 0.0 0.0 0.0 0.0 0.0 0.0 0.0 0.0 0.0 
173 0.0 0.0 0.0 0.0 0.0 0.0 0.0 0.0 0.0 0.0 0.0 0.0 0.0 0.0 0.0 0.0 0.0 0.0 0.0 0.0 0.0 
174 0.0 0.0 0.0 0.0 0.0 0.0 0.0 0.0 0.0 0.0 0.0 0.0 0.0 0.0 0.0 0.0 0.0 0.0 0.0 0.0 0.0 
175 0.0 0.0 0.0 0.0 0.0 0.0 0.0 0.0 0.0 0.0 0.0 0.0 0.0 0.0 0.0 0.0 0.0 0.0 0.0 0.0 0.0 
176 0.0 0.0 0.0 0.0 0.0 0.0 0.0 0.0 0.0 0.0 0.0 0.0 0.0 0.0 0.0 0.0 0.0 0.0 0.0 0.0 0.0 
177 0.0 0.0 0.0 0.0 0.0 0.0 0.0 0.0 0.0 0.0 0.0 0.0 0.0 0.0 0.0 0.0 0.0 0.0 0.0 0.0 0.0 
178 0.0 0.0 0.0 0.0 0.0 0.0 0.0 0.0 0.0 0.0 0.0 0.0 0.0 0.0 0.0 0.0 0.0 0.0 0.0 0.0 0.0 
179 0.0 0.0 0.0 0.0 0.0 0.0 0.0 0.0 0.0 0.0 0.0 0.0 0.0 0.0 0.0 0.0 0.0 0.0 0.0 0.0 0.0 
180 0.0 0.0 0.0 0.0 0.0 0.0 0.0 0.0 0.0 0.0 0.0 0.0 0.0 0.0 0.0 0.0 0.0 0.0 0.0 0.0 0.0 
181 0.0 0.0 0.0 0.0 0.0 0.0 0.0 0.0 0.0 0.0 0.0 0.0 0.0 0.0 0.0 0.0 0.0 0.0 0.0 0.0 0.0 
182 0.0 0.0 0.0 0.0 0.0 0.0 0.0 0.0 0.0 0.0 0.0 0.0 0.0 0.0 0.0 0.0 0.0 0.0 0.0 0.0 0.0 
183 0.0 0.0 0.0 0.0 0.0 0.0 0.0 0.0 0.0 0.0 0.0 0.0 0.0 0.0 0.0 0.0 0.0 0.0 0.0 0.0 0.0 
184 0.0 0.0 0.0 0.0 0.0 0.0 0.0 0.0 0.0 0.0 0.0 0.0 0.0 0.0 0.0 0.0 0.0 0.0 0.0 0.0 0.0 
185 0.0 0.0 0.0 0.0 0.0 0.0 0.0 0.0 0.0 0.0 0.0 0.0 0.0 0.0 0.0 0.0 0.0 0.0 0.0 0.0 0.0 
186 0.0 0.0 0.0 0.0 0.0 0.0 0.0 0.0 0.0 0.0 0.0 0.0 0.0 0.0 0.0 0.0 0.0 0.0 0.0 0.0 0.0 
187 0.0 0.0 0.0 0.0 0.0 0.0 0.0 0.0 0.0 0.0 0.0 0.0 0.0 0.0 0.0 0.0 0.0 0.0 0.0 0.0 0.0 
188 0.0 0.0 0.0 0.0 0.0 0.0 0.0 0.0 0.0 0.0 0.0 0.0 0.0 0.0 0.0 0.0 0.0 0.0 0.0 0.0 0.0 
189 0.0 0.0 0.0 0.0 0.0 0.0 0.0 0.0 0.0 0.0 0.0 0.0 0.0 0.0 0.0 0.0 0.0 0.0 0.0 0.0 0.0 
190 0.0 0.0 0.0 0.0 0.0 0.0 0.0 0.0 0.0 0.0 0.0 0.0 0.0 0.0 0.0 0.0 0.0 0.0 0.0 0.0 0.0 
191 0.0 0.0 0.0 0.0 0.0 0.0 0.0 0.0 0.0 0.0 0.0 0.0 0.0 0.0 0.0 0.0 0.0 0.0 0.0 0.0 0.0 
192 0.0 0.0 0.0 0.0 0.0 0.0 0.0 0.0 0.0 0.0 0.0 0.0 0.0 0.0 0.0 0.0 0.0 0.0 0.0 0.0 0.0 
193 0.0 0.0 0.0 0.0 0.0 0.0 0.0 0.0 0.0 0.0 0.0 0.0 0.0 0.0 0.0 0.0 0.0 0.0 0.0 0.0 0.0 
194 0.0 0.0 0.0 0.0 0.0 0.0 0.0 0.0 0.0 0.0 0.0 0.0 0.0 0.0 0.0 0.0 0.0 0.0 0.0 0.0 0.0 
195 0.0 0.0 0.0 0.0 0.0 0.0 0.0 0.0 0.0 0.0 0.0 0.0 0.0 0.0 0.0 0.0 0.0 0.0 0.0 0.0 0.0 
196 0.0 0.0 0.0 0.0 0.0 0.0 0.0 0.0 0.0 0.0 0.0 0.0 0.0 0.0 0.0 0.0 0.0 0.0 0.0 0.0 0.0 
197 0.0 0.0 0.0 0.0 0.0 0.0 0.0 0.0 0.0 0.0 0.0 0.0 0.0 0.0 0.0 0.0 0.0 0.0 0.0 0.0 0.0 
198 0.0 0.0 0.0 0.0 0.0 0.0 0.0 0.0 0.0 0.0 0.0 0.0 0.0 0.0 0.0 0.0 0.0 0.0 0.0 0.0 0.0 
199 0.0 0.0 0.0 0.0 0.0 0.0 0.0 0.0 0.0 0.0 0.0 0.0 0.0 0.0 0.0 0.0 0.0 0.0 0.0 0.0 0.0 
200 0.0 0.0 0.0 0.0 0.0 0.0 0.0 0.0 0.0 0.0 0.0 0.0 0.0 0.0 0.0 0.0 0.0 0.0 0.0 0.0 0.0 
201 0.0 0.0 0.0 0.0 0.0 0.0 0.0 0.0 0.0 0.0 0.0 0.0 0.0 0.0 0.0 0.0 0.0 0.0 0.0 0.0 0.0 
202 0.0 0.0 0.0 0.0 0.0 0.0 0.0 0.0 0.0 0.0 0.0 0.0 0.0 0.0 0.0 0.0 0.0 0.0 0.0 0.0 0.0 
203 0.0 0.0 0.0 0.0 0.0 0.0 0.0 0.0 0.0 0.0 0.0 0.0 0.0 0.0 0.0 0.0 0.0 0.0 0.0 0.0 0.0 
204 0.0 0.0 0.0 0.0 0.0 0.0 0.0 0.0 0.0 0.0 0.0 0.0 0.0 0.0 0.0 0.0 0.0 0.0 0.0 0.0 0.0 
205 0.0 0.0 0.0 0.0 0.0 0.0 0.0 0.0 0.0 0.0 0.0 0.0 0.0 0.0 0.0 0.0 0.0 0.0 0.0 0.0 0.0 
206 0.0 0.0 0.0 0.0 0.0 0.0 0.0 0.0 0.0 0.0 0.0 0.0 0.0 0.0 0.0 0.0 0.0 0.0 0.0 0.0 0.0 
207 0.0 0.0 0.0 0.0 0.0 0.0 0.0 0.0 0.0 0.0 0.0 0.0 0.0 0.0 0.0 0.0 0.0 0.0 0.0 0.0 0.0 
208 0.0 0.0 0.0 0.0 0.0 0.0 0.0 0.0 0.0 0.0 0.0 0.0 0.0 0.0 0.0 0.0 0.0 0.0 0.0 0.0 0.0 
209 0.0 0.0 0.0 0.0 0.0 0.0 0.0 0.0 0.0 0.0 0.0 0.0 0.0 0.0 0.0 0.0 0.0 0.0 0.0 0.0 0.0 
210 0.0 0.0 0.0 0.0 0.0 0.0 0.0 0.0 0.0 0.0 0.0 0.0 0.0 0.0 0.0 0.0 0.0 0.0 0.0 0.0 0.0 
211 0.0 0.0 0.0 0.0 0.0 0.0 0.0 0.0 0.0 0.0 0.0 0.0 0.0 0.0 0.0 0.0 0.0 0.0 0.0 0.0 0.0 
212 0.0 0.0 0.0 0.0 0.0 0.0 0.0 0.0 0.0 0.0 0.0 0.0 0.0 0.0 0.0 0.0 0.0 0.0 0.0 0.0 0.0 
213 0.0 0.0 0.0 0.0 0.0 0.0 0.0 0.0 0.0 0.0 0.0 0.0 0.0 0.0 0.0 0.0 0.0 0.0 0.0 0.0 0.0 
214 0.0 0.0 0.0 0.0 0.0 0.0 0.0 0.0 0.0 0.0 0.0 0.0 0.0 0.0 0.0 0.0 0.0 0.0 0.0 0.0 0.0 
215 0.0 0.0 0.0 0.0 0.0 0.0 0.0 0.0 0.0 0.0 0.0 0.0 0.0 0.0 0.0 0.0 0.0 0.0 0.0 0.0 0.0 
216 0.0 0.0 0.0 0.0 0.0 0.0 0.0 0.0 0.0 0.0 0.0 0.0 0.0 0.0 0.0 0.0 0.0 0.0 0.0 0.0 0.0 
217 0.0 0.0 0.0 0.0 0.0 0.0 0.0 0.0 0.0 0.0 0.0 0.0 0.0 0.0 0.0 0.0 0.0 0.0 0.0 0.0 0.0 
218 0.0 0.0 0.0 0.0 0.0 0.0 0.0 0.0 0.0 0.0 0.0 0.0 0.0 0.0 0.0 0.0 0.0 0.0 0.0 0.0 0.0 
219 0.0 0.0 0.0 0.0 0.0 0.0 0.0 0.0 0.0 0.0 0.0 0.0 0.0 0.0 0.0 0.0 0.0 0.0 0.0 0.0 0.0 
220 0.0 0.0 0.0 0.0 0.0 0.0 0.0 0.0 0.0 0.0 0.0 0.0 0.0 0.0 0.0 0.0 0.0 0.0 0.0 0.0 0.0 
221 0.0 0.0 0.0 0.0 0.0 0.0 0.0 0.0 0.0 0.0 0.0 0.0 0.0 0.0 0.0 0.0 0.0 0.0 0.0 0.0 0.0 
222 0.0 0.0 0.0 0.0 0.0 0.0 0.0 0.0 0.0 0.0 0.0 0.0 0.0 0.0 0.0 0.0 0.0 0.0 0.0 0.0 0.0 
223 0.0 0.0 0.0 0.0 0.0 0.0 0.0 0.0 0.0 0.0 0.0 0.0 0.0 0.0 0.0 0.0 0.0 0.0 0.0 0.0 0.0 
224 0.0 0.0 0.0 0.0 0.0 0.0 0.0 0.0 0.0 0.0 0.0 0.0 0.0 0.0 0.0 0.0 0.0 0.0 0.0 0.0 0.0 
225 0.0 0.0 0.0 0.0 0.0 0.0 0.0 0.0 0.0 0.0 0.0 0.0 0.0 0.0 0.0 0.0 0.0 0.0 0.0 0.0 0.0 
226 0.0 0.0 0.0 0.0 0.0 0.0 0.0 0.0 0.0 0.0 0.0 0.0 0.0 0.0 0.0 0.0 0.0 0.0 0.0 0.0 0.0 
227 0.0 0.0 0.0 0.0 0.0 0.0 0.0 0.0 0.0 0.0 0.0 0.0 0.0 0.0 0.0 0.0 0.0 0.0 0.0 0.0 0.0 
228 0.0 0.0 0.0 0.0 0.0 0.0 0.0 0.0 0.0 0.0 0.0 0.0 0.0 0.0 0.0 0.0 0.0 0.0 0.0 0.0 0.0 
229 0.0 0.0 0.0 0.0 0.0 0.0 0.0 0.0 0.0 0.0 0.0 0.0 0.0 0.0 0.0 0.0 0.0 0.0 0.0 0.0 0.0 
230 0.0 0.0 0.0 0.0 0.0 0.0 0.0 0.0 0.0 0.0 0.0 0.0 0.0 0.0 0.0 0.0 0.0 0.0 0.0 0.0 0.0 
231 0.0 0.0 0.0 0.0 0.0 0.0 0.0 0.0 0.0 0.0 0.0 0.0 0.0 0.0 0.0 0.0 0.0 0.0 0.0 0.0 0.0 
232 0.0 0.0 0.0 0.0 0.0 0.0 0.0 0.0 0.0 0.0 0.0 0.0 0.0 0.0 0.0 0.0 0.0 0.0 0.0 0.0 0.0 
233 0.0 0.0 0.0 0.0 0.0 0.0 0.0 0.0 0.0 0.0 0.0 0.0 0.0 0.0 0.0 0.0 0.0 0.0 0.0 0.0 0.0 
234 0.0 0.0 0.0 0.0 0.0 0.0 0.0 0.0 0.0 0.0 0.0 0.0 0.0 0.0 0.0 0.0 0.0 0.0 0.0 0.0 0.0 
235 0.0 0.0 0.0 0.0 0.0 0.0 0.0 0.0 0.0 0.0 0.0 0.0 0.0 0.0 0.0 0.0 0.0 0.0 0.0 0.0 0.0 
236 0.0 0.0 0.0 0.0 0.0 0.0 0.0 0.0 0.0 0.0 0.0 0.0 0.0 0.0 0.0 0.0 0.0 0.0 0.0 0.0 0.0 
237 0.0 0.0 0.0 0.0 0.0 0.0 0.0 0.0 0.0 0.0 0.0 0.0 0.0 0.0 0.0 0.0 0.0 0.0 0.0 0.0 0.0 
238 0.0 0.0 0.0 0.0 0.0 0.0 0.0 0.0 0.0 0.0 0.0 0.0 0.0 0.0 0.0 0.0 0.0 0.0 0.0 0.0 0.0 
239 0.0 0.0 0.0 0.0 0.0 0.0 0.0 0.0 0.0 0.0 0.0 0.0 0.0 0.0 0.0 0.0 0.0 0.0 0.0 0.0 0.0 
240 0.0 0.0 0.0 0.0 0.0 0.0 0.0 0.0 0.0 0.0 0.0 0.0 0.0 0.0 0.0 0.0 0.0 0.0 0.0 0.0 0.0 
241 0.0 0.0 0.0 0.0 0.0 0.0 0.0 0.0 0.0 0.0 0.0 0.0 0.0 0.0 0.0 0.0 0.0 0.0 0.0 0.0 0.0 
242 0.0 0.0 0.0 0.0 0.0 0.0 0.0 0.0 0.0 0.0 0.0 0.0 0.0 0.0 0.0 0.0 0.0 0.0 0.0 0.0 0.0 
243 0.0 0.0 0.0 0.0 0.0 0.0 0.0 0.0 0.0 0.0 0.0 0.0 0.0 0.0 0.0 0.0 0.0 0.0 0.0 0.0 0.0 
244 0.0 0.0 0.0 0.0 0.0 0.0 0.0 0.0 0.0 0.0 0.0 0.0 0.0 0.0 0.0 0.0 0.0 0.0 0.0 0.0 0.0 
245 0.0 0.0 0.0 0.0 0.0 0.0 0.0 0.0 0.0 0.0 0.0 0.0 0.0 0.0 0.0 0.0 0.0 0.0 0.0 0.0 0.0 
246 0.0 0.0 0.0 0.0 0.0 0.0 0.0 0.0 0.0 0.0 0.0 0.0 0.0 0.0 0.0 0.0 0.0 0.0 0.0 0.0 0.0 
247 0.0 0.0 0.0 0.0 0.0 0.0 0.0 0.0 0.0 0.0 0.0 0.0 0.0 0.0 0.0 0.0 0.0 0.0 0.0 0.0 0.0 
248 0.0 0.0 0.0 0.0 0.0 0.0 0.0 0.0 0.0 0.0 0.0 0.0 0.0 0.0 0.0 0.0 0.0 0.0 0.0 0.0 0.0 
249 0.0 0.0 0.0 0.0 0.0 0.0 0.0 0.0 0.0 0.0 0.0 0.0 0.0 0.0 0.0 0.0 0.0 0.0 0.0 0.0 0.0 
250 0.0 0.0 0.0 0.0 0.0 0.0 0.0 0.0 0.0 0.0 0.0 0.0 0.0 0.0 0.0 0.0 0.0 0.0 0.0 0.0 0.0 
251 0.0 0.0 0.0 0.0 0.0 0.0 0.0 0.0 0.0 0.0 0.0 0.0 0.0 0.0 0.0 0.0 0.0 0.0 0.0 0.0 0.0 
252 0.0 0.0 0.0 0.0 0.0 0.0 0.0 0.0 0.0 0.0 0.0 0.0 0.0 0.0 0.0 0.0 0.0 0.0 0.0 0.0 0.0 
253 0.0 0.0 0.0 0.0 0.0 0.0 0.0 0.0 0.0 0.0 0.0 0.0 0.0 0.0 0.0 0.0 0.0 0.0 0.0 0.0 0.0 
254 0.0 0.0 0.0 0.0 0.0 0.0 0.0 0.0 0.0 0.0 0.0 0.0 0.0 0.0 0.0 0.0 0.0 0.0 0.0 0.0 0.0 
255 0.0 0.0 0.0 0.0 0.0 0.0 0.0 0.0 0.0 0.0 0.0 0.0 0.0 0.0 0.0 0.0 0.0 0.0 0.0 0.0 0.0 
256 0.0 0.0 0.0 0.0 0.0 0.0 0.0 0.0 0.0 0.0 0.0 0.0 0.0 0.0 0.0 0.0 0.0 0.0 0.0 0.0 0.0 
257 0.0 0.0 0.0 0.0 0.0 0.0 0.0 0.0 0.0 0.0 0.0 0.0 0.0 0.0 0.0 0.0 0.0 0.0 0.0 0.0 0.0 
258 0.0 0.0 0.0 0.0 0.0 0.0 0.0 0.0 0.0 0.0 0.0 0.0 0.0 0.0 0.0 0.0 0.0 0.0 0.0 0.0 0.0 
259 0.0 0.0 0.0 0.0 0.0 0.0 0.0 0.0 0.0 0.0 0.0 0.0 0.0 0.0 0.0 0.0 0.0 0.0 0.0 0.0 0.0 
260 0.0 0.0 0.0 0.0 0.0 0.0 0.0 0.0 0.0 0.0 0.0 0.0 0.0 0.0 0.0 0.0 0.0 0.0 0.0 0.0 0.0 
261 0.0 0.0 0.0 0.0 0.0 0.0 0.0 0.0 0.0 0.0 0.0 0.0 0.0 0.0 0.0 0.0 0.0 0.0 0.0 0.0 0.0 
262 0.0 0.0 0.0 0.0 0.0 0.0 0.0 0.0 0.0 0.0 0.0 0.0 0.0 0.0 0.0 0.0 0.0 0.0 0.0 0.0 0.0 
263 0.0 0.0 0.0 0.0 0.0 0.0 0.0 0.0 0.0 0.0 0.0 0.0 0.0 0.0 0.0 0.0 0.0 0.0 0.0 0.0 0.0 
264 0.0 0.0 0.0 0.0 0.0 0.0 0.0 0.0 0.0 0.0 0.0 0.0 0.0 0.0 0.0 0.0 0.0 0.0 0.0 0.0 0.0 
265 0.0 0.0 0.0 0.0 0.0 0.0 0.0 0.0 0.0 0.0 0.0 0.0 0.0 0.0 0.0 0.0 0.0 0.0 0.0 0.0 0.0 
266 0.0 0.0 0.0 0.0 0.0 0.0 0.0 0.0 0.0 0.0 0.0 0.0 0.0 0.0 0.0 0.0 0.0 0.0 0.0 0.0 0.0 
267 0.0 0.0 0.0 0.0 0.0 0.0 0.0 0.0 0.0 0.0 0.0 0.0 0.0 0.0 0.0 0.0 0.0 0.0 0.0 0.0 0.0 
268 0.0 0.0 0.0 0.0 0.0 0.0 0.0 0.0 0.0 0.0 0.0 0.0 0.0 0.0 0.0 0.0 0.0 0.0 0.0 0.0 0.0 
269 0.0 0.0 0.0 0.0 0.0 0.0 0.0 0.0 0.0 0.0 0.0 0.0 0.0 0.0 0.0 0.0 0.0 0.0 0.0 0.0 0.0 
270 0.0 0.0 0.0 0.0 0.0 0.0 0.0 0.0 0.0 0.0 0.0 0.0 0.0 0.0 0.0 0.0 0.0 0.0 0.0 0.0 0.0 
271 0.0 0.0 0.0 0.0 0.0 0.0 0.0 0.0 0.0 0.0 0.0 0.0 0.0 0.0 0.0 0.0 0.0 0.0 0.0 0.0 0.0 
272 0.0 0.0 0.0 0.0 0.0 0.0 0.0 0.0 0.0 0.0 0.0 0.0 0.0 0.0 0.0 0.0 0.0 0.0 0.0 0.0 0.0 
273 0.0 0.0 0.0 0.0 0.0 0.0 0.0 0.0 0.0 0.0 0.0 0.0 0.0 0.0 0.0 0.0 0.0 0.0 0.0 0.0 0.0 
274 0.0 0.0 0.0 0.0 0.0 0.0 0.0 0.0 0.0 0.0 0.0 0.0 0.0 0.0 0.0 0.0 0.0 0.0 0.0 0.0 0.0 
275 0.0 0.0 0.0 0.0 0.0 0.0 0.0 0.0 0.0 0.0 0.0 0.0 0.0 0.0 0.0 0.0 0.0 0.0 0.0 0.0 0.0 
276 0.0 0.0 0.0 0.0 0.0 0.0 0.0 0.0 0.0 0.0 0.0 0.0 0.0 0.0 0.0 0.0 0.0 0.0 0.0 0.0 0.0 
277 0.0 0.0 0.0 0.0 0.0 0.0 0.0 0.0 0.0 0.0 0.0 0.0 0.0 0.0 0.0 0.0 0.0 0.0 0.0 0.0 0.0 
278 0.0 0.0 0.0 0.0 0.0 0.0 0.0 0.0 0.0 0.0 0.0 0.0 0.0 0.0 0.0 0.0 0.0 0.0 0.0 0.0 0.0 
279 0.0 0.0 0.0 0.0 0.0 0.0 0.0 0.0 0.0 0.0 0.0 0.0 0.0 0.0 0.0 0.0 0.0 0.0 0.0 0.0 0.0 
280 0.0 0.0 0.0 0.0 0.0 0.0 0.0 0.0 0.0 0.0 0.0 0.0 0.0 0.0 0.0 0.0 0.0 0.0 0.0 0.0 0.0 
281 0.0 0.0 0.0 0.0 0.0 0.0 0.0 0.0 0.0 0.0 0.0 0.0 0.0 0.0 0.0 0.0 0.0 0.0 0.0 0.0 0.0 
282 0.0 0.0 0.0 0.0 0.0 0.0 0.0 0.0 0.0 0.0 0.0 0.0 0.0 0.0 0.0 0.0 0.0 0.0 0.0 0.0 0.0 
283 0.0 0.0 0.0 0.0 0.0 0.0 0.0 0.0 0.0 0.0 0.0 0.0 0.0 0.0 0.0 0.0 0.0 0.0 0.0 0.0 0.0 
284 0.0 0.0 0.0 0.0 0.0 0.0 0.0 0.0 0.0 0.0 0.0 0.0 0.0 0.0 0.0 0.0 0.0 0.0 0.0 0.0 0.0 
285 0.0 0.0 0.0 0.0 0.0 0.0 0.0 0.0 0.0 0.0 0.0 0.0 0.0 0.0 0.0 0.0 0.0 0.0 0.0 0.0 0.0 
286 0.0 0.0 0.0 0.0 0.0 0.0 0.0 0.0 0.0 0.0 0.0 0.0 0.0 0.0 0.0 0.0 0.0 0.0 0.0 0.0 0.0 
287 0.0 0.0 0.0 0.0 0.0 0.0 0.0 0.0 0.0 0.0 0.0 0.0 0.0 0.0 0.0 0.0 0.0 0.0 0.0 0.0 0.0 
288 0.0 0.0 0.0 0.0 0.0 0.0 0.0 0.0 0.0 0.0 0.0 0.0 0.0 0.0 0.0 0.0 0.0 0.0 0.0 0.0 0.0 
289 0.0 0.0 0.0 0.0 0.0 0.0 0.0 0.0 0.0 0.0 0.0 0.0 0.0 0.0 0.0 0.0 0.0 0.0 0.0 0.0 0.0 
290 0.0 0.0 0.0 0.0 0.0 0.0 0.0 0.0 0.0 0.0 0.0 0.0 0.0 0.0 0.0 0.0 0.0 0.0 0.0 0.0 0.0 
291 0.0 0.0 0.0 0.0 0.0 0.0 0.0 0.0 0.0 0.0 0.0 0.0 0.0 0.0 0.0 0.0 0.0 0.0 0.0 0.0 0.0 
292 0.0 0.0 0.0 0.0 0.0 0.0 0.0 0.0 0.0 0.0 0.0 0.0 0.0 0.0 0.0 0.0 0.0 0.0 0.0 0.0 0.0 
293 0.0 0.0 0.0 0.0 0.0 0.0 0.0 0.0 0.0 0.0 0.0 0.0 0.0 0.0 0.0 0.0 0.0 0.0 0.0 0.0 0.0 
294 0.0 0.0 0.0 0.0 0.0 0.0 0.0 0.0 0.0 0.0 0.0 0.0 0.0 0.0 0.0 0.0 0.0 0.0 0.0 0.0 0.0 
295 0.0 0.0 0.0 0.0 0.0 0.0 0.0 0.0 0.0 0.0 0.0 0.0 0.0 0.0 0.0 0.0 0.0 0.0 0.0 0.0 0.0 
296 0.0 0.0 0.0 0.0 0.0 0.0 0.0 0.0 0.0 0.0 0.0 0.0 0.0 0.0 0.0 0.0 0.0 0.0 0.0 0.0 0.0 
297 0.0 0.0 0.0 0.0 0.0 0.0 0.0 0.0 0.0 0.0 0.0 0.0 0.0 0.0 0.0 0.0 0.0 0.0 0.0 0.0 0.0 
298 0.0 0.0 0.0 0.0 0.0 0.0 0.0 0.0 0.0 0.0 0.0 0.0 0.0 0.0 0.0 0.0 0.0 0.0 0.0 0.0 0.0 
299 0.0 0.0 0.0 0.0 0.0 0.0 0.0 0.0 0.0 0.0 0.0 0.0 0.0 0.0 0.0 0.0 0.0 0.0 0.0 0.0 0.0 
300 0.0 0.0 0.0 0.0 0.0 0.0 0.0 0.0 0.0 0.0 0.0 0.0 0.0 0.0 0.0 0.0 0.0 0.0 0.0 0.0 0.0 
301 0.0 0.0 0.0 0.0 0.0 0.0 0.0 0.0 0.0 0.0 0.0 0.0 0.0 0.0 0.0 0.0 0.0 0.0 0.0 0.0 0.0 
302 0.0 0.0 0.0 0.0 0.0 0.0 0.0 0.0 0.0 0.0 0.0 0.0 0.0 0.0 0.0 0.0 0.0 0.0 0.0 0.0 0.0 
303 0.0 0.0 0.0 0.0 0.0 0.0 0.0 0.0 0.0 0.0 0.0 0.0 0.0 0.0 0.0 0.0 0.0 0.0 0.0 0.0 0.0 
304 0.0 0.0 0.0 0.0 0.0 0.0 0.0 0.0 0.0 0.0 0.0 0.0 0.0 0.0 0.0 0.0 0.0 0.0 0.0 0.0 0.0 
305 0.0 0.0 0.0 0.0 0.0 0.0 0.0 0.0 0.0 0.0 0.0 0.0 0.0 0.0 0.0 0.0 0.0 0.0 0.0 0.0 0.0 
306 0.0 0.0 0.0 0.0 0.0 0.0 0.0 0.0 0.0 0.0 0.0 0.0 0.0 0.0 0.0 0.0 0.0 0.0 0.0 0.0 0.0 
307 0.0 0.0 0.0 0.0 0.0 0.0 0.0 0.0 0.0 0.0 0.0 0.0 0.0 0.0 0.0 0.0 0.0 0.0 0.0 0.0 0.0 
308 0.0 0.0 0.0 0.0 0.0 0.0 0.0 0.0 0.0 0.0 0.0 0.0 0.0 0.0 0.0 0.0 0.0 0.0 0.0 0.0 0.0 
309 0.0 0.0 0.0 0.0 0.0 0.0 0.0 0.0 0.0 0.0 0.0 0.0 0.0 0.0 0.0 0.0 0.0 0.0 0.0 0.0 0.0 
310 0.0 0.0 0.0 0.0 0.0 0.0 0.0 0.0 0.0 0.0 0.0 0.0 0.0 0.0 0.0 0.0 0.0 0.0 0.0 0.0 0.0 
311 0.0 0.0 0.0 0.0 0.0 0.0 0.0 0.0 0.0 0.0 0.0 0.0 0.0 0.0 0.0 0.0 0.0 0.0 0.0 0.0 0.0 
312 0.0 0.0 0.0 0.0 0.0 0.0 0.0 0.0 0.0 0.0 0.0 0.0 0.0 0.0 0.0 0.0 0.0 0.0 0.0 0.0 0.0 
313 0.0 0.0 0.0 0.0 0.0 0.0 0.0 0.0 0.0 0.0 0.0 0.0 0.0 0.0 0.0 0.0 0.0 0.0 0.0 0.0 0.0 
314 0.0 0.0 0.0 0.0 0.0 0.0 0.0 0.0 0.0 0.0 0.0 0.0 0.0 0.0 0.0 0.0 0.0 0.0 0.0 0.0 0.0 
315 0.0 0.0 0.0 0.0 0.0 0.0 0.0 0.0 0.0 0.0 0.0 0.0 0.0 0.0 0.0 0.0 0.0 0.0 0.0 0.0 0.0 
316 0.0 0.0 0.0 0.0 0.0 0.0 0.0 0.0 0.0 0.0 0.0 0.0 0.0 0.0 0.0 0.0 0.0 0.0 0.0 0.0 0.0 
317 0.0 0.0 0.0 0.0 0.0 0.0 0.0 0.0 0.0 0.0 0.0 0.0 0.0 0.0 0.0 0.0 0.0 0.0 0.0 0.0 0.0 
318 0.0 0.0 0.0 0.0 0.0 0.0 0.0 0.0 0.0 0.0 0.0 0.0 0.0 0.0 0.0 0.0 0.0 0.0 0.0 0.0 0.0 
319 0.0 0.0 0.0 0.0 0.0 0.0 0.0 0.0 0.0 0.0 0.0 0.0 0.0 0.0 0.0 0.0 0.0 0.0 0.0 0.0 0.0 
320 0.0 0.0 0.0 0.0 0.0 0.0 0.0 0.0 0.0 0.0 0.0 0.0 0.0 0.0 0.0 0.0 0.0 0.0 0.0 0.0 0.0 
321 0.0 0.0 0.0 0.0 0.0 0.0 0.0 0.0 0.0 0.0 0.0 0.0 0.0 0.0 0.0 0.0 0.0 0.0 0.0 0.0 0.0 
322 0.0 0.0 0.0 0.0 0.0 0.0 0.0 0.0 0.0 0.0 0.0 0.0 0.0 0.0 0.0 0.0 0.0 0.0 0.0 0.0 0.0 
323 0.0 0.0 0.0 0.0 0.0 0.0 0.0 0.0 0.0 0.0 0.0 0.0 0.0 0.0 0.0 0.0 0.0 0.0 0.0 0.0 0.0 
324 0.0 0.0 0.0 0.0 0.0 0.0 0.0 0.0 0.0 0.0 0.0 0.0 0.0 0.0 0.0 0.0 0.0 0.0 0.0 0.0 0.0 
325 0.0 0.0 0.0 0.0 0.0 0.0 0.0 0.0 0.0 0.0 0.0 0.0 0.0 0.0 0.0 0.0 0.0 0.0 0.0 0.0 0.0 
326 0.0 0.0 0.0 0.0 0.0 0.0 0.0 0.0 0.0 0.0 0.0 0.0 0.0 0.0 0.0 0.0 0.0 0.0 0.0 0.0 0.0 
327 0.0 0.0 0.0 0.0 0.0 0.0 0.0 0.0 0.0 0.0 0.0 0.0 0.0 0.0 0.0 0.0 0.0 0.0 0.0 0.0 0.0 
328 0.0 0.0 0.0 0.0 0.0 0.0 0.0 0.0 0.0 0.0 0.0 0.0 0.0 0.0 0.0 0.0 0.0 0.0 0.0 0.0 0.0 
329 0.0 0.0 0.0 0.0 0.0 0.0 0.0 0.0 0.0 0.0 0.0 0.0 0.0 0.0 0.0 0.0 0.0 0.0 0.0 0.0 0.0 
330 0.0 0.0 0.0 0.0 0.0 0.0 0.0 0.0 0.0 0.0 0.0 0.0 0.0 0.0 0.0 0.0 0.0 0.0 0.0 0.0 0.0 
331 0.0 0.0 0.0 0.0 0.0 0.0 0.0 0.0 0.0 0.0 0.0 0.0 0.0 0.0 0.0 0.0 0.0 0.0 0.0 0.0 0.0 
332 0.0 0.0 0.0 0.0 0.0 0.0 0.0 0.0 0.0 0.0 0.0 0.0 0.0 0.0 0.0 0.0 0.0 0.0 0.0 0.0 0.0 
333 0.0 0.0 0.0 0.0 0.0 0.0 0.0 0.0 0.0 0.0 0.0 0.0 0.0 0.0 0.0 0.0 0.0 0.0 0.0 0.0 0.0 
334 0.0 0.0 0.0 0.0 0.0 0.0 0.0 0.0 0.0 0.0 0.0 0.0 0.0 0.0 0.0 0.0 0.0 0.0 0.0 0.0 0.0 
335 0.0 0.0 0.0 0.0 0.0 0.0 0.0 0.0 0.0 0.0 0.0 0.0 0.0 0.0 0.0 0.0 0.0 0.0 0.0 0.0 0.0 
336 0.0 0.0 0.0 0.0 0.0 0.0 0.0 0.0 0.0 0.0 0.0 0.0 0.0 0.0 0.0 0.0 0.0 0.0 0.0 0.0 0.0 
337 0.0 0.0 0.0 0.0 0.0 0.0 0.0 0.0 0.0 0.0 0.0 0.0 0.0 0.0 0.0 0.0 0.0 0.0 0.0 0.0 0.0 
338 0.0 0.0 0.0 0.0 0.0 0.0 0.0 0.0 0.0 0.0 0.0 0.0 0.0 0.0 0.0 0.0 0.0 0.0 0.0 0.0 0.0 
339 0.0 0.0 0.0 0.0 0.0 0.0 0.0 0.0 0.0 0.0 0.0 0.0 0.0 0.0 0.0 0.0 0.0 0.0 0.0 0.0 0.0 
340 0.0 0.0 0.0 0.0 0.0 0.0 0.0 0.0 0.0 0.0 0.0 0.0 0.0 0.0 0.0 0.0 0.0 0.0 0.0 0.0 0.0 
341 0.0 0.0 0.0 0.0 0.0 0.0 0.0 0.0 0.0 0.0 0.0 0.0 0.0 0.0 0.0 0.0 0.0 0.0 0.0 0.0 0.0 
342 0.0 0.0 0.0 0.0 0.0 0.0 0.0 0.0 0.0 0.0 0.0 0.0 0.0 0.0 0.0 0.0 0.0 0.0 0.0 0.0 0.0 
343 0.0 0.0 0.0 0.0 0.0 0.0 0.0 0.0 0.0 0.0 0.0 0.0 0.0 0.0 0.0 0.0 0.0 0.0 0.0 0.0 0.0 
344 0.0 0.0 0.0 0.0 0.0 0.0 0.0 0.0 0.0 0.0 0.0 0.0 0.0 0.0 0.0 0.0 0.0 0.0 0.0 0.0 0.0 
345 0.0 0.0 0.0 0.0 0.0 0.0 0.0 0.0 0.0 0.0 0.0 0.0 0.0 0.0 0.0 0.0 0.0 0.0 0.0 0.0 0.0 
346 0.0 0.0 0.0 0.0 0.0 0.0 0.0 0.0 0.0 0.0 0.0 0.0 0.0 0.0 0.0 0.0 0.0 0.0 0.0 0.0 0.0 
347 0.0 0.0 0.0 0.0 0.0 0.0 0.0 0.0 0.0 0.0 0.0 0.0 0.0 0.0 0.0 0.0 0.0 0.0 0.0 0.0 0.0 
348 0.0 0.0 0.0 0.0 0.0 0.0 0.0 0.0 0.0 0.0 0.0 0.0 0.0 0.0 0.0 0.0 0.0 0.0 0.0 0.0 0.0 
349 0.0 0.0 0.0 0.0 0.0 0.0 0.0 0.0 0.0 0.0 0.0 0.0 0.0 0.0 0.0 0.0 0.0 0.0 0.0 0.0 0.0 
350 0.0 0.0 0.0 0.0 0.0 0.0 0.0 0.0 0.0 0.0 0.0 0.0 0.0 0.0 0.0 0.0 0.0 0.0 0.0 0.0 0.0 
351 0.0 0.0 0.0 0.0 0.0 0.0 0.0 0.0 0.0 0.0 0.0 0.0 0.0 0.0 0.0 0.0 0.0 0.0 0.0 0.0 0.0 
352 0.0 0.0 0.0 0.0 0.0 0.0 0.0 0.0 0.0 0.0 0.0 0.0 0.0 0.0 0.0 0.0 0.0 0.0 0.0 0.0 0.0 
353 0.0 0.0 0.0 0.0 0.0 0.0 0.0 0.0 0.0 0.0 0.0 0.0 0.0 0.0 0.0 0.0 0.0 0.0 0.0 0.0 0.0 
354 0.0 0.0 0.0 0.0 0.0 0.0 0.0 0.0 0.0 0.0 0.0 0.0 0.0 0.0 0.0 0.0 0.0 0.0 0.0 0.0 0.0 
355 0.0 0.0 0.0 0.0 0.0 0.0 0.0 0.0 0.0 0.0 0.0 0.0 0.0 0.0 0.0 0.0 0.0 0.0 0.0 0.0 0.0 
356 0.0 0.0 0.0 0.0 0.0 0.0 0.0 0.0 0.0 0.0 0.0 0.0 0.0 0.0 0.0 0.0 0.0 0.0 0.0 0.0 0.0 
357 0.0 0.0 0.0 0.0 0.0 0.0 0.0 0.0 0.0 0.0 0.0 0.0 0.0 0.0 0.0 0.0 0.0 0.0 0.0 0.0 0.0 
358 0.0 0.0 0.0 0.0 0.0 0.0 0.0 0.0 0.0 0.0 0.0 0.0 0.0 0.0 0.0 0.0 0.0 0.0 0.0 0.0 0.0 
359 0.0 0.0 0.0 0.0 0.0 0.0 0.0 0.0 0.0 0.0 0.0 0.0 0.0 0.0 0.0 0.0 0.0 0.0 0.0 0.0 0.0 
360 0.0 0.0 0.0 0.0 0.0 0.0 0.0 0.0 0.0 0.0 0.0 0.0 0.0 0.0 0.0 0.0 0.0 0.0 0.0 0.0 0.0 
361 0.0 0.0 0.0 0.0 0.0 0.0 0.0 0.0 0.0 0.0 0.0 0.0 0.0 0.0 0.0 0.0 0.0 0.0 0.0 0.0 0.0 
362 0.0 0.0 0.0 0.0 0.0 0.0 0.0 0.0 0.0 0.0 0.0 0.0 0.0 0.0 0.0 0.0 0.0 0.0 0.0 0.0 0.0 
363 0.0 0.0 0.0 0.0 0.0 0.0 0.0 0.0 0.0 0.0 0.0 0.0 0.0 0.0 0.0 0.0 0.0 0.0 0.0 0.0 0.0 
364 0.0 0.0 0.0 0.0 0.0 0.0 0.0 0.0 0.0 0.0 0.0 0.0 0.0 0.0 0.0 0.0 0.0 0.0 0.0 0.0 0.0 
365 0.0 0.0 0.0 0.0 0.0 0.0 0.0 0.0 0.0 0.0 0.0 0.0 0.0 0.0 0.0 0.0 0.0 0.0 0.0 0.0 0.0 
366 0.0 0.0 0.0 0.0 0.0 0.0 0.0 0.0 0.0 0.0 0.0 0.0 0.0 0.0 0.0 0.0 0.0 0.0 0.0 0.0 0.0 
367 0.0 0.0 0.0 0.0 0.0 0.0 0.0 0.0 0.0 0.0 0.0 0.0 0.0 0.0 0.0 0.0 0.0 0.0 0.0 0.0 0.0 
368 0.0 0.0 0.0 0.0 0.0 0.0 0.0 0.0 0.0 0.0 0.0 0.0 0.0 0.0 0.0 0.0 0.0 0.0 0.0 0.0 0.0 
369 0.0 0.0 0.0 0.0 0.0 0.0 0.0 0.0 0.0 0.0 0.0 0.0 0.0 0.0 0.0 0.0 0.0 0.0 0.0 0.0 0.0 
370 0.0 0.0 0.0 0.0 0.0 0.0 0.0 0.0 0.0 0.0 0.0 0.0 0.0 0.0 0.0 0.0 0.0 0.0 0.0 0.0 0.0 
371 0.0 0.0 0.0 0.0 0.0 0.0 0.0 0.0 0.0 0.0 0.0 0.0 0.0 0.0 0.0 0.0 0.0 0.0 0.0 0.0 0.0 
372 0.0 0.0 0.0 0.0 0.0 0.0 0.0 0.0 0.0 0.0 0.0 0.0 0.0 0.0 0.0 0.0 0.0 0.0 0.0 0.0 0.0 
373 0.0 0.0 0.0 0.0 0.0 0.0 0.0 0.0 0.0 0.0 0.0 0.0 0.0 0.0 0.0 0.0 0.0 0.0 0.0 0.0 0.0 
374 0.0 0.0 0.0 0.0 0.0 0.0 0.0 0.0 0.0 0.0 0.0 0.0 0.0 0.0 0.0 0.0 0.0 0.0 0.0 0.0 0.0 
375 0.0 0.0 0.0 0.0 0.0 0.0 0.0 0.0 0.0 0.0 0.0 0.0 0.0 0.0 0.0 0.0 0.0 0.0 0.0 0.0 0.0 
376 0.0 0.0 0.0 0.0 0.0 0.0 0.0 0.0 0.0 0.0 0.0 0.0 0.0 0.0 0.0 0.0 0.0 0.0 0.0 0.0 0.0 
377 0.0 0.0 0.0 0.0 0.0 0.0 0.0 0.0 0.0 0.0 0.0 0.0 0.0 0.0 0.0 0.0 0.0 0.0 0.0 0.0 0.0 
378 0.0 0.0 0.0 0.0 0.0 0.0 0.0 0.0 0.0 0.0 0.0 0.0 0.0 0.0 0.0 0.0 0.0 0.0 0.0 0.0 0.0 
379 0.0 0.0 0.0 0.0 0.0 0.0 0.0 0.0 0.0 0.0 0.0 0.0 0.0 0.0 0.0 0.0 0.0 0.0 0.0 0.0 0.0 
380 0.0 0.0 0.0 0.0 0.0 0.0 0.0 0.0 0.0 0.0 0.0 0.0 0.0 0.0 0.0 0.0 0.0 0.0 0.0 0.0 0.0 
381 0.0 0.0 0.0 0.0 0.0 0.0 0.0 0.0 0.0 0.0 0.0 0.0 0.0 0.0 0.0 0.0 0.0 0.0 0.0 0.0 0.0 
382 0.0 0.0 0.0 0.0 0.0 0.0 0.0 0.0 0.0 0.0 0.0 0.0 0.0 0.0 0.0 0.0 0.0 0.0 0.0 0.0 0.0 
383 0.0 0.0 0.0 0.0 0.0 0.0 0.0 0.0 0.0 0.0 0.0 0.0 0.0 0.0 0.0 0.0 0.0 0.0 0.0 0.0 0.0 
384 0.0 0.0 0.0 0.0 0.0 0.0 0.0 0.0 0.0 0.0 0.0 0.0 0.0 0.0 0.0 0.0 0.0 0.0 0.0 0.0 0.0 
385 0.0 0.0 0.0 0.0 0.0 0.0 0.0 0.0 0.0 0.0 0.0 0.0 0.0 0.0 0.0 0.0 0.0 0.0 0.0 0.0 0.0 
386 0.0 0.0 0.0 0.0 0.0 0.0 0.0 0.0 0.0 0.0 0.0 0.0 0.0 0.0 0.0 0.0 0.0 0.0 0.0 0.0 0.0 
387 0.0 0.0 0.0 0.0 0.0 0.0 0.0 0.0 0.0 0.0 0.0 0.0 0.0 0.0 0.0 0.0 0.0 0.0 0.0 0.0 0.0 
388 0.0 0.0 0.0 0.0 0.0 0.0 0.0 0.0 0.0 0.0 0.0 0.0 0.0 0.0 0.0 0.0 0.0 0.0 0.0 0.0 0.0 
389 0.0 0.0 0.0 0.0 0.0 0.0 0.0 0.0 0.0 0.0 0.0 0.0 0.0 0.0 0.0 0.0 0.0 0.0 0.0 0.0 0.0 
390 0.0 0.0 0.0 0.0 0.0 0.0 0.0 0.0 0.0 0.0 0.0 0.0 0.0 0.0 0.0 0.0 0.0 0.0 0.0 0.0 0.0 
391 0.0 0.0 0.0 0.0 0.0 0.0 0.0 0.0 0.0 0.0 0.0 0.0 0.0 0.0 0.0 0.0 0.0 0.0 0.0 0.0 0.0 
392 0.0 0.0 0.0 0.0 0.0 0.0 0.0 0.0 0.0 0.0 0.0 0.0 0.0 0.0 0.0 0.0 0.0 0.0 0.0 0.0 0.0 
393 0.0 0.0 0.0 0.0 0.0 0.0 0.0 0.0 0.0 0.0 0.0 0.0 0.0 0.0 0.0 0.0 0.0 0.0 0.0 0.0 0.0 
394 0.0 0.0 0.0 0.0 0.0 0.0 0.0 0.0 0.0 0.0 0.0 0.0 0.0 0.0 0.0 0.0 0.0 0.0 0.0 0.0 0.0 
395 0.0 0.0 0.0 0.0 0.0 0.0 0.0 0.0 0.0 0.0 0.0 0.0 0.0 0.0 0.0 0.0 0.0 0.0 0.0 0.0 0.0 
396 0.0 0.0 0.0 0.0 0.0 0.0 0.0 0.0 0.0 0.0 0.0 0.0 0.0 0.0 0.0 0.0 0.0 0.0 0.0 0.0 0.0 
397 0.0 0.0 0.0 0.0 0.0 0.0 0.0 0.0 0.0 0.0 0.0 0.0 0.0 0.0 0.0 0.0 0.0 0.0 0.0 0.0 0.0 
398 0.0 0.0 0.0 0.0 0.0 0.0 0.0 0.0 0.0 0.0 0.0 0.0 0.0 0.0 0.0 0.0 0.0 0.0 0.0 0.0 0.0 
399 0.0 0.0 0.0 0.0 0.0 0.0 0.0 0.0 0.0 0.0 0.0 0.0 0.0 0.0 0.0 0.0 0.0 0.0 0.0 0.0 0.0 
400 0.0 0.0 0.0 0.0 0.0 0.0 0.0 0.0 0.0 0.0 0.0 0.0 0.0 0.0 0.0 0.0 0.0 0.0 0.0 0.0 0.0 
401 0.0 0.0 0.0 0.0 0.0 0.0 0.0 0.0 0.0 0.0 0.0 0.0 0.0 0.0 0.0 0.0 0.0 0.0 0.0 0.0 0.0 
402 0.0 0.0 0.0 0.0 0.0 0.0 0.0 0.0 0.0 0.0 0.0 0.0 0.0 0.0 0.0 0.0 0.0 0.0 0.0 0.0 0.0 
403 0.0 0.0 0.0 0.0 0.0 0.0 0.0 0.0 0.0 0.0 0.0 0.0 0.0 0.0 0.0 0.0 0.0 0.0 0.0 0.0 0.0 
404 0.0 0.0 0.0 0.0 0.0 0.0 0.0 0.0 0.0 0.0 0.0 0.0 0.0 0.0 0.0 0.0 0.0 0.0 0.0 0.0 0.0 
405 0.0 0.0 0.0 0.0 0.0 0.0 0.0 0.0 0.0 0.0 0.0 0.0 0.0 0.0 0.0 0.0 0.0 0.0 0.0 0.0 0.0 
406 0.0 0.0 0.0 0.0 0.0 0.0 0.0 0.0 0.0 0.0 0.0 0.0 0.0 0.0 0.0 0.0 0.0 0.0 0.0 0.0 0.0 
407 0.0 0.0 0.0 0.0 0.0 0.0 0.0 0.0 0.0 0.0 0.0 0.0 0.0 0.0 0.0 0.0 0.0 0.0 0.0 0.0 0.0 
408 0.0 0.0 0.0 0.0 0.0 0.0 0.0 0.0 0.0 0.0 0.0 0.0 0.0 0.0 0.0 0.0 0.0 0.0 0.0 0.0 0.0 
409 0.0 0.0 0.0 0.0 0.0 0.0 0.0 0.0 0.0 0.0 0.0 0.0 0.0 0.0 0.0 0.0 0.0 0.0 0.0 0.0 0.0 
410 0.0 0.0 0.0 0.0 0.0 0.0 0.0 0.0 0.0 0.0 0.0 0.0 0.0 0.0 0.0 0.0 0.0 0.0 0.0 0.0 0.0 
411 0.0 0.0 0.0 0.0 0.0 0.0 0.0 0.0 0.0 0.0 0.0 0.0 0.0 0.0 0.0 0.0 0.0 0.0 0.0 0.0 0.0 
412 0.0 0.0 0.0 0.0 0.0 0.0 0.0 0.0 0.0 0.0 0.0 0.0 0.0 0.0 0.0 0.0 0.0 0.0 0.0 0.0 0.0 
413 0.0 0.0 0.0 0.0 0.0 0.0 0.0 0.0 0.0 0.0 0.0 0.0 0.0 0.0 0.0 0.0 0.0 0.0 0.0 0.0 0.0 
414 0.0 0.0 0.0 0.0 0.0 0.0 0.0 0.0 0.0 0.0 0.0 0.0 0.0 0.0 0.0 0.0 0.0 0.0 0.0 0.0 0.0 
415 0.0 0.0 0.0 0.0 0.0 0.0 0.0 0.0 0.0 0.0 0.0 0.0 0.0 0.0 0.0 0.0 0.0 0.0 0.0 0.0 0.0 
416 0.0 0.0 0.0 0.0 0.0 0.0 0.0 0.0 0.0 0.0 0.0 0.0 0.0 0.0 0.0 0.0 0.0 0.0 0.0 0.0 0.0 
417 0.0 0.0 0.0 0.0 0.0 0.0 0.0 0.0 0.0 0.0 0.0 0.0 0.0 0.0 0.0 0.0 0.0 0.0 0.0 0.0 0.0 
418 0.0 0.0 0.0 0.0 0.0 0.0 0.0 0.0 0.0 0.0 0.0 0.0 0.0 0.0 0.0 0.0 0.0 0.0 0.0 0.0 0.0 
419 0.0 0.0 0.0 0.0 0.0 0.0 0.0 0.0 0.0 0.0 0.0 0.0 0.0 0.0 0.0 0.0 0.0 0.0 0.0 0.0 0.0 
420 0.0 0.0 0.0 0.0 0.0 0.0 0.0 0.0 0.0 0.0 0.0 0.0 0.0 0.0 0.0 0.0 0.0 0.0 0.0 0.0 0.0 
421 0.0 0.0 0.0 0.0 0.0 0.0 0.0 0.0 0.0 0.0 0.0 0.0 0.0 0.0 0.0 0.0 0.0 0.0 0.0 0.0 0.0 
422 0.0 0.0 0.0 0.0 0.0 0.0 0.0 0.0 0.0 0.0 0.0 0.0 0.0 0.0 0.0 0.0 0.0 0.0 0.0 0.0 0.0 
423 0.0 0.0 0.0 0.0 0.0 0.0 0.0 0.0 0.0 0.0 0.0 0.0 0.0 0.0 0.0 0.0 0.0 0.0 0.0 0.0 0.0 
424 0.0 0.0 0.0 0.0 0.0 0.0 0.0 0.0 0.0 0.0 0.0 0.0 0.0 0.0 0.0 0.0 0.0 0.0 0.0 0.0 0.0 
425 0.0 0.0 0.0 0.0 0.0 0.0 0.0 0.0 0.0 0.0 0.0 0.0 0.0 0.0 0.0 0.0 0.0 0.0 0.0 0.0 0.0 
426 0.0 0.0 0.0 0.0 0.0 0.0 0.0 0.0 0.0 0.0 0.0 0.0 0.0 0.0 0.0 0.0 0.0 0.0 0.0 0.0 0.0 
427 0.0 0.0 0.0 0.0 0.0 0.0 0.0 0.0 0.0 0.0 0.0 0.0 0.0 0.0 0.0 0.0 0.0 0.0 0.0 0.0 0.0 
428 0.0 0.0 0.0 0.0 0.0 0.0 0.0 0.0 0.0 0.0 0.0 0.0 0.0 0.0 0.0 0.0 0.0 0.0 0.0 0.0 0.0 
429 0.0 0.0 0.0 0.0 0.0 0.0 0.0 0.0 0.0 0.0 0.0 0.0 0.0 0.0 0.0 0.0 0.0 0.0 0.0 0.0 0.0 
430 0.0 0.0 0.0 0.0 0.0 0.0 0.0 0.0 0.0 0.0 0.0 0.0 0.0 0.0 0.0 0.0 0.0 0.0 0.0 0.0 0.0 
431 0.0 0.0 0.0 0.0 0.0 0.0 0.0 0.0 0.0 0.0 0.0 0.0 0.0 0.0 0.0 0.0 0.0 0.0 0.0 0.0 0.0 
432 0.0 0.0 0.0 0.0 0.0 0.0 0.0 0.0 0.0 0.0 0.0 0.0 0.0 0.0 0.0 0.0 0.0 0.0 0.0 0.0 0.0 
433 0.0 0.0 0.0 0.0 0.0 0.0 0.0 0.0 0.0 0.0 0.0 0.0 0.0 0.0 0.0 0.0 0.0 0.0 0.0 0.0 0.0 
434 0.0 0.0 0.0 0.0 0.0 0.0 0.0 0.0 0.0 0.0 0.0 0.0 0.0 0.0 0.0 0.0 0.0 0.0 0.0 0.0 0.0 
435 0.0 0.0 0.0 0.0 0.0 0.0 0.0 0.0 0.0 0.0 0.0 0.0 0.0 0.0 0.0 0.0 0.0 0.0 0.0 0.0 0.0 
436 0.0 0.0 0.0 0.0 0.0 0.0 0.0 0.0 0.0 0.0 0.0 0.0 0.0 0.0 0.0 0.0 0.0 0.0 0.0 0.0 0.0 
437 0.0 0.0 0.0 0.0 0.0 0.0 0.0 0.0 0.0 0.0 0.0 0.0 0.0 0.0 0.0 0.0 0.0 0.0 0.0 0.0 0.0 
438 0.0 0.0 0.0 0.0 0.0 0.0 0.0 0.0 0.0 0.0 0.0 0.0 0.0 0.0 0.0 0.0 0.0 0.0 0.0 0.0 0.0 
439 0.0 0.0 0.0 0.0 0.0 0.0 0.0 0.0 0.0 0.0 0.0 0.0 0.0 0.0 0.0 0.0 0.0 0.0 0.0 0.0 0.0 
440 0.0 0.0 0.0 0.0 0.0 0.0 0.0 0.0 0.0 0.0 0.0 0.0 0.0 0.0 0.0 0.0 0.0 0.0 0.0 0.0 0.0 
441 0.0 0.0 0.0 0.0 0.0 0.0 0.0 0.0 0.0 0.0 0.0 0.0 0.0 0.0 0.0 0.0 0.0 0.0 0.0 0.0 0.0 
442 0.0 0.0 0.0 0.0 0.0 0.0 0.0 0.0 0.0 0.0 0.0 0.0 0.0 0.0 0.0 0.0 0.0 0.0 0.0 0.0 0.0 
443 0.0 0.0 0.0 0.0 0.0 0.0 0.0 0.0 0.0 0.0 0.0 0.0 0.0 0.0 0.0 0.0 0.0 0.0 0.0 0.0 0.0 
444 0.0 0.0 0.0 0.0 0.0 0.0 0.0 0.0 0.0 0.0 0.0 0.0 0.0 0.0 0.0 0.0 0.0 0.0 0.0 0.0 0.0 
445 0.0 0.0 0.0 0.0 0.0 0.0 0.0 0.0 0.0 0.0 0.0 0.0 0.0 0.0 0.0 0.0 0.0 0.0 0.0 0.0 0.0 
446 0.0 0.0 0.0 0.0 0.0 0.0 0.0 0.0 0.0 0.0 0.0 0.0 0.0 0.0 0.0 0.0 0.0 0.0 0.0 0.0 0.0 
447 0.0 0.0 0.0 0.0 0.0 0.0 0.0 0.0 0.0 0.0 0.0 0.0 0.0 0.0 0.0 0.0 0.0 0.0 0.0 0.0 0.0 
448 0.0 0.0 0.0 0.0 0.0 0.0 0.0 0.0 0.0 0.0 0.0 0.0 0.0 0.0 0.0 0.0 0.0 0.0 0.0 0.0 0.0 
449 0.0 0.0 0.0 0.0 0.0 0.0 0.0 0.0 0.0 0.0 0.0 0.0 0.0 0.0 0.0 0.0 0.0 0.0 0.0 0.0 0.0 
450 0.0 0.0 0.0 0.0 0.0 0.0 0.0 0.0 0.0 0.0 0.0 0.0 0.0 0.0 0.0 0.0 0.0 0.0 0.0 0.0 0.0 
451 0.0 0.0 0.0 0.0 0.0 0.0 0.0 0.0 0.0 0.0 0.0 0.0 0.0 0.0 0.0 0.0 0.0 0.0 0.0 0.0 0.0 
452 0.0 0.0 0.0 0.0 0.0 0.0 0.0 0.0 0.0 0.0 0.0 0.0 0.0 0.0 0.0 0.0 0.0 0.0 0.0 0.0 0.0 
453 0.0 0.0 0.0 0.0 0.0 0.0 0.0 0.0 0.0 0.0 0.0 0.0 0.0 0.0 0.0 0.0 0.0 0.0 0.0 0.0 0.0 
454 0.0 0.0 0.0 0.0 0.0 0.0 0.0 0.0 0.0 0.0 0.0 0.0 0.0 0.0 0.0 0.0 0.0 0.0 0.0 0.0 0.0 
455 0.0 0.0 0.0 0.0 0.0 0.0 0.0 0.0 0.0 0.0 0.0 0.0 0.0 0.0 0.0 0.0 0.0 0.0 0.0 0.0 0.0 
456 0.0 0.0 0.0 0.0 0.0 0.0 0.0 0.0 0.0 0.0 0.0 0.0 0.0 0.0 0.0 0.0 0.0 0.0 0.0 0.0 0.0 
457 0.0 0.0 0.0 0.0 0.0 0.0 0.0 0.0 0.0 0.0 0.0 0.0 0.0 0.0 0.0 0.0 0.0 0.0 0.0 0.0 0.0 
458 0.0 0.0 0.0 0.0 0.0 0.0 0.0 0.0 0.0 0.0 0.0 0.0 0.0 0.0 0.0 0.0 0.0 0.0 0.0 0.0 0.0 
459 0.0 0.0 0.0 0.0 0.0 0.0 0.0 0.0 0.0 0.0 0.0 0.0 0.0 0.0 0.0 0.0 0.0 0.0 0.0 0.0 0.0 
460 0.0 0.0 0.0 0.0 0.0 0.0 0.0 0.0 0.0 0.0 0.0 0.0 0.0 0.0 0.0 0.0 0.0 0.0 0.0 0.0 0.0 
461 0.0 0.0 0.0 0.0 0.0 0.0 0.0 0.0 0.0 0.0 0.0 0.0 0.0 0.0 0.0 0.0 0.0 0.0 0.0 0.0 0.0 
462 0.0 0.0 0.0 0.0 0.0 0.0 0.0 0.0 0.0 0.0 0.0 0.0 0.0 0.0 0.0 0.0 0.0 0.0 0.0 0.0 0.0 
463 0.0 0.0 0.0 0.0 0.0 0.0 0.0 0.0 0.0 0.0 0.0 0.0 0.0 0.0 0.0 0.0 0.0 0.0 0.0 0.0 0.0 
464 0.0 0.0 0.0 0.0 0.0 0.0 0.0 0.0 0.0 0.0 0.0 0.0 0.0 0.0 0.0 0.0 0.0 0.0 0.0 0.0 0.0 
465 0.0 0.0 0.0 0.0 0.0 0.0 0.0 0.0 0.0 0.0 0.0 0.0 0.0 0.0 0.0 0.0 0.0 0.0 0.0 0.0 0.0 
466 0.0 0.0 0.0 0.0 0.0 0.0 0.0 0.0 0.0 0.0 0.0 0.0 0.0 0.0 0.0 0.0 0.0 0.0 0.0 0.0 0.0 
467 0.0 0.0 0.0 0.0 0.0 0.0 0.0 0.0 0.0 0.0 0.0 0.0 0.0 0.0 0.0 0.0 0.0 0.0 0.0 0.0 0.0 
468 0.0 0.0 0.0 0.0 0.0 0.0 0.0 0.0 0.0 0.0 0.0 0.0 0.0 0.0 0.0 0.0 0.0 0.0 0.0 0.0 0.0 
469 0.0 0.0 0.0 0.0 0.0 0.0 0.0 0.0 0.0 0.0 0.0 0.0 0.0 0.0 0.0 0.0 0.0 0.0 0.0 0.0 0.0 
470 0.0 0.0 0.0 0.0 0.0 0.0 0.0 0.0 0.0 0.0 0.0 0.0 0.0 0.0 0.0 0.0 0.0 0.0 0.0 0.0 0.0 
471 0.0 0.0 0.0 0.0 0.0 0.0 0.0 0.0 0.0 0.0 0.0 0.0 0.0 0.0 0.0 0.0 0.0 0.0 0.0 0.0 0.0 
472 0.0 0.0 0.0 0.0 0.0 0.0 0.0 0.0 0.0 0.0 0.0 0.0 0.0 0.0 0.0 0.0 0.0 0.0 0.0 0.0 0.0 
473 0.0 0.0 0.0 0.0 0.0 0.0 0.0 0.0 0.0 0.0 0.0 0.0 0.0 0.0 0.0 0.0 0.0 0.0 0.0 0.0 0.0 
474 0.0 0.0 0.0 0.0 0.0 0.0 0.0 0.0 0.0 0.0 0.0 0.0 0.0 0.0 0.0 0.0 0.0 0.0 0.0 0.0 0.0 
475 0.0 0.0 0.0 0.0 0.0 0.0 0.0 0.0 0.0 0.0 0.0 0.0 0.0 0.0 0.0 0.0 0.0 0.0 0.0 0.0 0.0 
476 0.0 0.0 0.0 0.0 0.0 0.0 0.0 0.0 0.0 0.0 0.0 0.0 0.0 0.0 0.0 0.0 0.0 0.0 0.0 0.0 0.0 
477 0.0 0.0 0.0 0.0 0.0 0.0 0.0 0.0 0.0 0.0 0.0 0.0 0.0 0.0 0.0 0.0 0.0 0.0 0.0 0.0 0.0 
478 0.0 0.0 0.0 0.0 0.0 0.0 0.0 0.0 0.0 0.0 0.0 0.0 0.0 0.0 0.0 0.0 0.0 0.0 0.0 0.0 0.0 
479 0.0 0.0 0.0 0.0 0.0 0.0 0.0 0.0 0.0 0.0 0.0 0.0 0.0 0.0 0.0 0.0 0.0 0.0 0.0 0.0 0.0 
480 0.0 0.0 0.0 0.0 0.0 0.0 0.0 0.0 0.0 0.0 0.0 0.0 0.0 0.0 0.0 0.0 0.0 0.0 0.0 0.0 0.0 
481 0.0 0.0 0.0 0.0 0.0 0.0 0.0 0.0 0.0 0.0 0.0 0.0 0.0 0.0 0.0 0.0 0.0 0.0 0.0 0.0 0.0 
482 0.0 0.0 0.0 0.0 0.0 0.0 0.0 0.0 0.0 0.0 0.0 0.0 0.0 0.0 0.0 0.0 0.0 0.0 0.0 0.0 0.0 
483 0.0 0.0 0.0 0.0 0.0 0.0 0.0 0.0 0.0 0.0 0.0 0.0 0.0 0.0 0.0 0.0 0.0 0.0 0.0 0.0 0.0 
484 0.0 0.0 0.0 0.0 0.0 0.0 0.0 0.0 0.0 0.0 0.0 0.0 0.0 0.0 0.0 0.0 0.0 0.0 0.0 0.0 0.0 
485 0.0 0.0 0.0 0.0 0.0 0.0 0.0 0.0 0.0 0.0 0.0 0.0 0.0 0.0 0.0 0.0 0.0 0.0 0.0 0.0 0.0 
486 0.0 0.0 0.0 0.0 0.0 0.0 0.0 0.0 0.0 0.0 0.0 0.0 0.0 0.0 0.0 0.0 0.0 0.0 0.0 0.0 0.0 
487 0.0 0.0 0.0 0.0 0.0 0.0 0.0 0.0 0.0 0.0 0.0 0.0 0.0 0.0 0.0 0.0 0.0 0.0 0.0 0.0 0.0 
488 0.0 0.0 0.0 0.0 0.0 0.0 0.0 0.0 0.0 0.0 0.0 0.0 0.0 0.0 0.0 0.0 0.0 0.0 0.0 0.0 0.0 
489 0.0 0.0 0.0 0.0 0.0 0.0 0.0 0.0 0.0 0.0 0.0 0.0 0.0 0.0 0.0 0.0 0.0 0.0 0.0 0.0 0.0 
490 0.0 0.0 0.0 0.0 0.0 0.0 0.0 0.0 0.0 0.0 0.0 0.0 0.0 0.0 0.0 0.0 0.0 0.0 0.0 0.0 0.0 
491 0.0 0.0 0.0 0.0 0.0 0.0 0.0 0.0 0.0 0.0 0.0 0.0 0.0 0.0 0.0 0.0 0.0 0.0 0.0 0.0 0.0 
492 0.0 0.0 0.0 0.0 0.0 0.0 0.0 0.0 0.0 0.0 0.0 0.0 0.0 0.0 0.0 0.0 0.0 0.0 0.0 0.0 0.0 
493 0.0 0.0 0.0 0.0 0.0 0.0 0.0 0.0 0.0 0.0 0.0 0.0 0.0 0.0 0.0 0.0 0.0 0.0 0.0 0.0 0.0 
494 0.0 0.0 0.0 0.0 0.0 0.0 0.0 0.0 0.0 0.0 0.0 0.0 0.0 0.0 0.0 0.0 0.0 0.0 0.0 0.0 0.0 
495 0.0 0.0 0.0 0.0 0.0 0.0 0.0 0.0 0.0 0.0 0.0 0.0 0.0 0.0 0.0 0.0 0.0 0.0 0.0 0.0 0.0 
496 0.0 0.0 0.0 0.0 0.0 0.0 0.0 0.0 0.0 0.0 0.0 0.0 0.0 0.0 0.0 0.0 0.0 0.0 0.0 0.0 0.0 
497 0.0 0.0 0.0 0.0 0.0 0.0 0.0 0.0 0.0 0.0 0.0 0.0 0.0 0.0 0.0 0.0 0.0 0.0 0.0 0.0 0.0 
498 0.0 0.0 0.0 0.0 0.0 0.0 0.0 0.0 0.0 0.0 0.0 0.0 0.0 0.0 0.0 0.0 0.0 0.0 0.0 0.0 0.0 
499 0.0 0.0 0.0 0.0 0.0 0.0 0.0 0.0 0.0 0.0 0.0 0.0 0.0 0.0 0.0 0.0 0.0 0.0 0.0 0.0 0.0 
