0 100.65 502.95 507.85 516.9 510.45 510.5 514.95 508.35 497.4 505.15 506.45 504.9 513.85 503.75 500.05 494.9 510.25 504.35 506.2 501.75 514.75 
1 0.05 515.6 513.35 508.35 508.0 506.8 505.8 513.7 507.35 500.55 504.45 498.25 502.25 504.3 499.75 505.25 497.55 506.2 508.0 498.25 493.4 
2 0.0 513.45 513.45 504.85 503.85 501.35 511.9 503.4 507.45 504.95 499.6 506.5 500.75 502.4 514.95 507.7 505.6 499.75 505.3 501.1 505.7 
3 0.0 516.2 506.95 510.9 509.75 502.45 507.85 506.4 501.05 505.05 500.5 502.85 491.95 507.05 506.8 506.7 508.2 498.4 501.55 506.3 501.6 
4 0.0 498.8 505.95 502.7 507.9 513.65 499.5 502.15 509.75 505.75 504.35 503.5 511.55 502.1 504.85 510.1 503.6 498.9 502.05 506.1 506.95 
5 0.0 497.75 492.1 511.15 498.1 509.0 500.9 500.0 512.8 500.8 509.8 504.65 503.05 499.25 497.85 500.2 502.05 507.4 499.9 514.75 506.45 
6 0.0 497.2 504.0 491.65 500.45 492.5 507.1 509.8 497.05 501.0 506.6 496.65 500.95 494.4 497.95 500.5 496.5 511.35 498.65 502.1 501.05 
7 0.0 503.6 508.35 502.9 498.95 501.95 500.3 508.8 504.05 504.25 492.95 504.5 502.65 500.9 502.9 510.05 502.35 500.45 504.2 499.15 500.75 
8 0.0 501.75 510.8 498.55 501.85 503.6 498.0 501.8 507.0 497.45 504.35 493.25 494.0 502.4 508.8 491.1 501.65 500.55 502.7 509.15 500.15 
9 0.0 501.3 500.95 496.5 504.5 501.85 498.75 493.6 501.3 505.65 508.8 509.7 498.1 504.65 496.5 505.35 506.25 512.35 503.5 493.85 497.3 
10 0.0 502.95 495.55 500.5 492.3 492.8 507.95 505.1 495.15 503.7 507.35 508.35 506.15 499.9 501.15 495.9 504.8 496.6 508.25 498.1 503.4 
11 0.0 499.55 496.1 497.45 503.45 503.55 500.3 490.25 497.35 504.8 496.3 496.8 495.6 508.35 500.1 505.55 493.9 505.8 497.0 491.0 493.2 
12 0.0 499.4 486.1 508.55 509.05 501.4 500.2 499.4 494.7 502.8 497.1 505.1 499.05 508.75 508.35 502.45 498.7 497.75 498.2 497.45 501.05 
13 0.0 502.6 505.9 497.75 493.25 494.95 494.25 495.4 509.05 495.25 511.3 502.95 509.55 506.7 507.35 513.8 499.45 493.65 507.45 509.75 495.1 
14 0.0 505.8 508.25 493.25 502.4 511.3 503.75 501.1 498.75 496.6 495.55 505.75 506.9 507.1 503.0 499.5 503.85 502.9 502.9 498.95 498.9 
15 0.0 499.95 493.2 495.05 508.8 507.05 494.0 498.8 499.75 502.2 509.6 494.35 504.55 501.05 502.2 496.65 507.25 509.05 497.25 501.7 501.55 
16 0.0 496.2 493.95 500.05 491.75 500.45 497.2 502.75 496.75 507.8 501.85 506.3 503.95 500.95 500.65 494.1 497.55 506.8 507.75 506.2 505.75 
17 0.0 490.15 501.65 501.1 498.2 496.3 501.35 499.3 500.55 506.1 494.1 504.25 497.7 495.7 488.2 504.8 495.55 502.85 497.2 499.6 505.4 
18 0.0 503.65 503.65 503.15 507.45 490.35 507.25 502.95 501.25 496.0 503.3 500.95 505.4 497.85 497.6 496.65 501.95 501.2 497.55 503.7 508.85 
19 0.0 497.65 492.05 497.85 505.85 505.55 498.15 504.1 509.05 496.35 502.9 502.2 501.75 506.65 506.25 497.15 504.2 493.0 503.4 505.65 504.3 
20 0.0 506.35 502.45 504.6 503.15 502.8 499.0 493.7 507.65 503.8 496.65 497.95 498.55 499.25 494.05 505.15 504.45 495.8 502.95 506.75 498.3 
21 0.0 493.3 496.95 501.25 500.05 504.65 506.8 506.85 499.95 498.05 505.55 498.4 503.35 499.8 499.55 486.0 500.75 492.85 498.0 495.45 498.55 
22 0.0 500.15 496.85 493.6 489.35 496.4 498.9 505.0 499.9 505.4 494.2 504.45 507.75 497.75 502.95 502.1 496.0 497.3 494.9 503.05 497.4 
23 0.0 495.75 499.6 498.75 498.25 496.35 496.25 507.15 498.0 506.3 501.8 496.5 496.75 486.45 502.2 499.1 504.45 501.25 492.6 500.55 496.5 
24 0.0 506.5 508.9 503.0 495.35 502.95 499.55 502.85 497.6 505.3 503.6 503.95 502.4 505.6 501.95 498.0 505.0 498.5 495.05 492.3 496.25 
25 0.0 494.85 495.5 501.3 504.9 496.6 509.05 501.95 507.6 495.25 493.6 498.75 491.3 500.35 497.25 495.05 488.25 496.7 493.05 498.7 494.05 
26 0.0 498.3 498.15 495.35 498.5 504.2 499.5 500.15 489.25 502.15 501.5 497.5 497.3 493.0 500.15 503.75 499.25 501.7 503.15 499.95 499.05 
27 0.0 504.7 505.8 501.75 506.15 504.45 511.8 504.6 514.7 494.25 498.8 502.05 500.6 506.7 496.9 505.65 502.7 501.15 495.85 495.05 501.9 
28 0.0 495.65 499.65 508.9 498.4 505.05 503.7 500.0 499.6 503.15 497.3 505.8 496.85 500.65 506.7 501.5 501.35 499.05 497.95 488.35 503.6 
29 0.0 501.9 504.45 506.35 505.55 498.95 492.45 494.85 483.75 498.8 496.0 493.2 494.8 505.2 500.8 509.75 494.05 497.05 502.2 505.0 502.9 
30 0.0 500.75 500.05 485.85 497.8 494.05 490.0 498.5 505.1 501.4 503.1 494.85 491.7 495.45 496.35 495.35 499.65 500.05 504.9 509.1 496.9 
31 0.0 500.6 501.25 511.5 499.0 495.85 496.45 495.7 506.45 505.15 500.7 500.2 507.8 493.0 498.45 506.05 498.5 491.0 496.85 497.8 505.75 
32 0.0 500.05 506.25 494.75 505.2 507.2 500.65 495.7 506.2 502.5 505.25 499.3 500.45 500.4 485.2 494.9 496.9 498.55 507.4 502.75 500.95 
33 0.0 507.55 497.65 497.3 496.55 492.5 493.75 497.0 500.95 504.8 498.85 505.6 505.4 498.7 510.1 502.5 499.1 499.45 508.15 511.25 513.2 
34 0.0 499.7 506.3 503.5 499.5 493.45 487.95 496.25 497.5 500.6 496.5 502.5 503.8 508.95 497.6 499.65 501.9 498.45 490.5 494.05 498.1 
35 0.0 498.2 497.0 502.85 501.65 506.3 492.9 498.55 495.35 498.5 506.45 503.6 501.7 504.8 510.7 505.6 499.7 503.2 495.65 493.2 505.05 
36 0.0 502.15 489.25 494.65 496.7 496.85 505.5 503.55 501.3 500.7 496.35 499.65 500.65 492.9 497.6 495.75 497.25 498.9 502.85 495.05 493.9 
37 0.0 500.4 496.4 494.75 496.05 506.65 501.65 506.0 501.0 497.2 508.7 500.25 498.25 507.1 502.35 495.65 506.7 510.5 504.1 495.7 491.05 
38 0.0 499.9 497.35 502.15 500.55 503.85 503.95 498.55 497.8 497.35 492.4 494.15 498.55 493.2 498.1 494.4 500.15 505.5 497.15 506.25 503.7 
39 0.0 492.65 504.9 492.3 498.3 498.2 506.9 501.8 497.35 502.45 494.55 497.25 492.45 496.2 497.6 506.3 512.05 498.4 508.55 507.55 499.1 
40 0.0 504.1 493.0 501.6 502.55 492.55 501.0 495.0 498.95 491.55 495.7 496.6 503.75 498.8 508.0 498.35 496.25 503.2 500.65 500.25 503.6 
41 0.0 500.55 497.1 506.15 495.45 496.45 497.15 491.45 497.65 492.65 497.7 502.65 507.8 497.35 496.6 504.0 509.55 500.75 507.75 503.6 494.05 
42 0.0 499.2 503.3 499.25 503.85 503.85 498.35 503.45 493.85 501.65 499.5 493.35 498.7 500.1 497.25 499.35 494.15 508.3 499.2 504.25 499.65 
43 0.0 495.55 506.4 497.65 504.0 501.0 505.55 499.3 496.35 496.5 501.45 502.05 497.65 508.05 494.6 500.75 501.85 501.55 508.25 502.3 507.65 
44 0.0 498.75 502.0 495.85 496.8 495.2 500.85 494.2 501.4 514.75 502.5 500.95 506.55 503.15 501.7 503.6 494.4 506.55 500.1 501.2 499.2 
45 0.0 504.0 502.05 506.15 498.25 507.6 501.1 501.6 499.8 502.75 503.0 507.1 496.45 500.9 505.2 500.1 503.9 491.9 503.1 495.5 499.1 
46 0.0 499.25 493.0 500.15 499.55 498.4 494.1 502.05 500.6 498.7 505.15 503.15 505.7 511.8 506.2 509.4 501.9 511.95 499.6 502.1 498.4 
47 0.0 504.8 503.95 506.0 500.35 492.3 502.8 505.75 513.2 492.85 504.2 505.85 499.0 501.45 501.5 495.5 500.0 493.2 494.95 497.35 496.0 
48 0.0 464.8 498.55 500.55 498.8 503.0 497.2 497.85 501.25 503.4 505.45 498.7 504.9 505.65 495.45 504.8 498.1 501.4 497.6 501.1 499.1 
49 0.0 299.15 503.25 505.95 495.75 498.6 499.85 505.15 490.35 494.5 496.05 504.3 498.65 497.6 502.0 498.7 502.7 499.65 499.7 506.85 506.65 
50 0.0 157.15 502.2 497.6 502.0 503.4 497.7 497.65 501.35 506.7 499.95 506.8 511.95 501.4 498.05 506.9 503.45 491.7 500.35 500.15 498.5 
51 0.0 94.55 498.9 496.05 501.1 504.4 505.05 509.05 500.45 502.8 505.15 500.0 496.85 500.15 498.85 496.75 501.8 504.05 497.05 496.55 511.55 
52 0.0 52.7 497.35 499.15 510.65 500.8 505.75 503.25 499.35 494.5 500.8 503.75 499.95 500.75 509.1 497.2 505.4 497.55 506.3 504.3 507.8 
53 0.0 18.7 507.4 504.1 495.85 497.4 494.05 494.9 496.95 494.0 501.3 497.65 500.5 495.15 499.1 503.55 503.45 502.4 497.75 502.9 499.0 
54 0.0 1.7 484.8 497.1 501.9 499.4 497.9 505.7 512.5 500.25 500.75 500.55 504.1 492.95 498.85 492.7 498.85 497.8 496.15 503.8 499.2 
55 0.0 0.0 504.3 501.35 493.85 502.15 507.7 502.2 496.8 505.45 503.65 496.05 496.25 501.3 501.8 506.8 496.6 503.2 513.1 497.4 498.5 
56 0.0 0.0 505.55 498.85 501.5 509.15 507.75 505.4 497.55 495.1 497.35 501.35 501.2 507.75 513.2 505.95 500.5 511.8 506.45 494.9 499.85 
57 0.0 0.0 500.15 502.55 504.35 497.3 501.2 504.05 504.6 509.35 493.1 497.2 496.75 497.8 497.0 504.2 495.9 501.3 502.4 501.7 500.1 
58 0.0 0.0 503.55 501.7 504.3 500.35 499.05 493.75 497.7 502.6 493.45 496.15 496.95 505.5 496.4 491.9 502.05 506.65 498.5 502.7 503.35 
59 0.0 0.0 497.6 500.2 505.5 504.0 506.45 499.05 501.9 500.75 509.0 502.95 498.4 495.75 498.0 502.05 511.4 497.1 494.25 503.5 498.55 
60 0.0 0.0 499.1 492.6 494.35 503.55 498.05 494.75 502.45 503.35 503.2 493.8 502.25 500.1 501.2 502.8 497.0 500.8 497.6 501.9 491.85 
61 0.0 0.0 501.35 497.7 494.0 493.7 502.65 497.5 501.1 487.75 491.45 506.85 498.0 494.0 499.7 510.5 500.95 505.5 514.1 504.8 500.6 
62 0.0 0.0 497.05 503.55 504.0 497.35 496.35 495.05 507.25 502.0 497.65 495.5 501.95 505.4 499.45 494.05 507.3 507.05 499.0 500.4 508.55 
63 0.0 0.0 497.9 504.45 498.15 502.65 493.4 501.3 503.0 502.25 500.75 499.55 498.6 499.0 502.9 498.15 505.4 504.15 503.5 496.85 504.7 
64 0.0 0.0 498.9 499.35 497.85 491.8 498.45 504.95 498.45 502.25 502.35 498.0 499.65 511.0 502.0 501.55 495.45 497.55 504.5 509.4 503.15 
65 0.0 0.0 504.4 502.1 503.0 494.35 501.9 503.35 499.5 497.2 512.05 505.5 506.05 511.85 504.3 508.8 495.75 490.1 495.35 499.45 496.45 
66 0.0 0.0 496.9 504.05 494.95 504.8 498.7 500.2 499.45 504.95 503.3 508.25 498.05 502.35 512.45 501.65 497.45 507.65 493.7 504.85 507.55 
67 0.0 0.0 501.15 498.5 501.2 505.15 500.9 496.6 491.4 501.65 501.0 498.65 506.55 492.15 500.75 494.3 502.4 490.0 508.4 493.45 496.6 
68 0.0 0.0 504.45 495.95 503.25 500.85 502.35 501.55 498.7 499.7 491.65 506.35 500.0 499.5 496.9 493.95 506.9 503.65 502.6 490.8 500.3 
69 0.0 0.0 492.3 494.75 493.8 497.9 505.3 498.65 503.75 495.9 494.65 499.65 507.5 509.5 499.8 501.05 488.35 504.45 505.6 500.75 487.4 
70 0.0 0.0 495.9 496.65 499.0 503.35 498.0 503.9 498.95 502.8 495.35 494.25 502.05 499.6 495.2 502.5 500.15 494.7 495.2 503.6 501.5 
71 0.0 0.0 510.65 502.75 493.25 500.65 498.3 494.4 499.3 491.15 506.3 496.9 499.5 493.15 498.85 497.45 496.65 494.35 497.8 502.9 503.0 
72 0.0 0.0 496.85 494.0 503.2 496.65 492.9 489.05 487.45 499.5 495.85 504.0 494.55 502.5 501.55 497.5 500.3 491.4 498.5 502.55 497.65 
73 0.0 0.0 507.1 497.3 507.05 496.0 497.0 500.5 497.45 494.55 501.5 498.2 496.1 494.85 496.2 499.4 494.55 493.25 497.2 496.7 507.0 
74 0.0 0.0 505.45 502.35 499.5 491.65 496.4 491.4 498.55 498.75 504.85 501.65 493.75 493.55 496.5 496.75 506.4 504.9 492.65 497.6 501.2 
75 0.0 0.0 491.0 501.1 495.0 494.2 490.55 506.9 506.7 494.75 499.15 487.7 502.35 499.85 498.2 504.55 496.55 497.4 502.65 509.6 500.4 
76 0.0 0.0 497.6 497.85 500.65 503.8 504.9 505.95 500.25 503.3 495.85 500.95 496.6 496.1 490.2 502.6 495.3 503.75 495.2 496.75 505.3 
77 0.0 0.0 499.7 501.3 503.45 504.25 489.45 500.15 495.1 497.0 492.75 492.95 504.35 497.55 505.8 495.05 497.65 504.2 502.25 493.2 498.9 
78 0.0 0.0 495.9 503.05 497.55 492.15 500.65 491.8 497.25 501.2 492.65 504.65 494.8 503.6 499.35 499.9 504.6 497.5 499.45 494.6 500.7 
79 0.0 0.0 502.6 503.5 497.95 497.05 502.55 486.65 496.75 493.5 499.25 500.7 495.35 492.1 495.3 501.55 507.5 498.5 499.15 489.8 497.8 
80 0.0 0.0 498.15 502.25 496.45 507.1 505.45 504.35 499.1 499.9 502.3 488.85 501.15 499.25 496.9 495.5 494.7 504.95 497.65 499.95 496.25 
81 0.0 0.0 505.0 495.9 493.1 507.6 501.3 504.8 503.4 502.1 498.8 495.25 499.2 504.25 503.9 490.75 491.15 496.2 499.05 511.35 497.5 
82 0.0 0.0 506.8 496.8 500.45 493.4 497.85 503.65 503.7 499.45 509.35 497.25 496.6 494.35 494.9 499.25 504.8 499.55 493.65 505.25 498.7 
83 0.0 0.0 505.75 505.4 500.7 505.4 502.35 503.6 504.35 505.45 493.05 502.35 503.6 499.45 497.35 495.45 494.45 496.15 509.45 500.7 497.05 
84 0.0 0.0 494.95 500.1 505.9 498.95 497.75 501.8 502.95 504.75 503.5 505.5 498.8 502.1 500.15 506.7 499.05 498.25 494.7 491.75 499.75 
85 0.0 0.0 496.0 500.3 507.65 498.1 506.45 504.35 502.0 499.3 504.45 499.1 501.7 501.3 503.2 503.85 505.95 500.65 502.85 503.2 502.2 
86 0.0 0.0 491.0 496.1 508.65 493.65 494.35 506.7 497.35 504.2 499.0 502.0 501.65 496.55 498.2 488.5 509.55 498.3 504.85 500.45 503.05 
87 0.0 0.0 502.9 500.05 500.85 509.45 507.95 497.75 500.4 508.7 497.2 503.0 497.15 498.9 502.45 507.25 500.65 506.55 500.25 501.8 501.35 
88 0.0 0.0 506.25 497.65 495.25 506.9 509.15 501.05 503.8 493.45 500.6 499.95 493.65 502.9 496.6 505.4 499.65 505.75 500.75 497.05 509.1 
89 0.0 0.0 499.75 507.75 497.8 507.3 499.75 499.25 502.2 505.25 500.65 508.1 504.2 483.35 505.05 501.5 493.35 499.45 497.85 506.2 500.2 
90 0.0 0.0 503.05 504.35 503.0 504.2 500.05 506.5 497.75 505.3 506.8 498.05 501.45 507.5 502.85 493.3 502.15 499.75 507.25 502.35 490.55 
91 0.0 0.0 498.5 497.05 501.3 503.6 507.7 503.85 504.25 498.9 508.0 505.65 495.1 501.4 498.85 503.95 509.85 498.3 501.3 497.85 503.3 
92 0.0 0.0 500.65 505.8 501.9 500.7 499.65 495.5 501.8 498.0 500.5 499.0 504.6 504.25 506.05 495.75 499.75 495.65 494.15 506.1 503.8 
93 0.0 0.0 502.3 494.5 497.15 494.6 504.2 496.3 511.85 496.7 499.8 498.95 494.95 507.5 505.95 503.85 491.8 502.8 499.65 498.45 495.95 
94 0.0 0.0 496.85 499.5 502.15 496.4 502.45 506.45 502.45 500.9 498.65 505.6 497.4 500.85 510.4 512.2 497.7 501.3 494.65 486.55 494.75 
95 0.0 0.0 498.65 506.0 493.8 499.45 504.7 503.0 494.25 504.25 500.45 503.95 500.6 504.2 498.0 501.9 504.15 504.4 495.3 493.5 501.6 
96 0.0 0.0 484.0 502.0 493.7 496.95 487.15 502.95 487.0 493.2 494.9 498.3 508.45 505.2 499.85 504.35 503.85 498.95 496.3 498.65 496.6 
97 0.0 0.0 442.6 499.15 497.15 495.1 492.4 494.75 498.8 489.5 492.85 494.75 507.05 497.1 500.45 499.55 501.2 498.9 488.7 495.75 494.9 
98 0.0 0.0 421.3 503.15 499.05 503.05 502.2 490.7 504.65 500.4 497.75 496.45 499.9 490.0 496.0 499.75 503.85 501.65 504.85 507.05 490.45 
99 0.0 0.0 343.85 496.05 492.0 495.15 498.9 497.55 498.2 494.4 491.4 500.6 500.65 498.5 485.35 491.95 497.1 505.95 498.1 502.4 502.4 
100 0.0 0.0 245.0 498.3 503.05 496.3 491.95 492.3 496.85 495.5 494.8 493.85 500.1 499.3 499.25 491.7 496.25 489.35 499.75 498.85 504.5 
101 0.0 0.0 145.05 492.25 503.1 498.4 499.3 493.45 492.45 498.6 503.5 495.45 496.3 489.7 495.65 495.3 490.45 492.05 507.85 501.9 500.0 
102 0.0 0.0 70.85 498.0 498.6 496.8 497.4 491.4 499.95 503.75 501.0 491.45 489.75 495.8 493.45 499.5 501.15 497.9 502.2 498.1 500.15 
103 0.0 0.0 19.5 497.4 503.25 498.15 495.0 504.9 491.45 501.9 493.4 494.3 496.9 494.0 491.5 490.2 503.9 502.8 500.85 496.25 498.05 
104 0.0 0.0 1.65 502.35 500.6 499.15 497.9 504.2 504.1 498.7 498.7 505.95 496.15 500.15 501.15 496.8 494.7 493.8 497.3 497.2 500.2 
105 0.0 0.0 0.05 505.1 497.2 498.35 499.85 501.15 508.0 501.8 505.55 502.2 498.45 504.1 495.25 501.95 492.15 500.45 494.15 496.9 502.95 
106 0.0 0.0 0.0 498.35 504.5 499.85 505.55 503.95 501.75 500.45 498.0 498.6 493.3 501.8 504.95 486.1 493.2 496.85 499.65 498.15 495.45 
107 0.0 0.0 0.0 497.6 506.15 503.35 504.25 498.45 494.7 499.55 495.35 493.2 495.1 493.9 499.5 505.65 494.4 490.15 487.25 497.05 497.55 
108 0.0 0.0 0.0 503.55 499.4 502.15 501.6 502.95 502.95 494.05 499.05 490.4 500.5 495.55 492.8 495.45 490.0 493.15 500.05 496.15 496.25 
109 0.0 0.0 0.0 508.25 500.1 506.3 499.15 502.05 496.05 503.9 497.35 502.15 502.6 494.25 496.45 500.9 494.3 493.4 502.3 495.15 492.45 
110 0.0 0.0 0.0 501.5 495.15 502.55 501.25 501.7 497.95 502.1 503.65 499.05 499.7 501.3 505.9 504.35 494.1 497.5 490.5 497.75 494.95 
111 0.0 0.0 0.0 492.2 504.15 493.25 501.85 496.75 503.95 492.0 498.05 502.8 493.95 507.15 494.45 494.3 510.05 506.05 498.7 501.55 495.65 
112 0.0 0.0 0.0 500.3 502.8 502.35 496.45 487.25 491.6 497.85 508.3 499.75 492.15 492.6 493.6 494.75 499.3 498.75 496.65 490.15 496.2 
113 0.0 0.0 0.0 503.05 487.8 497.35 497.7 494.0 495.3 500.45 487.6 500.35 501.3 500.3 499.85 499.9 504.5 496.85 498.1 501.35 507.9 
114 0.0 0.0 0.0 496.15 503.1 505.25 506.4 507.95 498.05 499.9 496.95 498.15 504.7 496.8 507.4 495.55 495.25 505.45 493.7 499.85 495.65 
115 0.0 0.0 0.0 502.95 505.55 499.95 500.45 497.8 501.9 496.2 508.2 507.6 494.4 503.0 500.95 505.3 504.4 506.65 508.45 504.7 506.55 
116 0.0 0.0 0.0 487.85 503.55 500.65 497.45 504.5 492.5 502.2 512.9 503.4 503.55 499.7 501.55 499.85 501.3 495.85 499.4 495.8 502.75 
117 0.0 0.0 0.0 499.95 503.8 488.85 490.45 502.3 493.55 501.9 491.5 488.75 498.6 498.6 501.35 490.45 494.35 499.5 506.2 498.75 498.4 
118 0.0 0.0 0.0 508.0 508.8 500.9 499.15 493.0 495.85 496.2 491.25 496.4 504.5 500.55 494.65 508.3 502.9 494.25 498.05 499.35 498.45 
119 0.0 0.0 0.0 505.9 487.95 505.15 502.45 492.45 508.1 494.6 498.85 499.9 496.1 495.6 503.9 510.15 496.1 497.35 495.8 494.0 498.4 
120 0.0 0.0 0.0 496.8 503.35 500.9 497.6 507.0 505.3 500.4 501.15 505.05 497.25 500.5 503.1 499.5 495.85 497.4 500.6 500.7 493.9 
121 0.0 0.0 0.0 504.6 501.4 502.15 500.0 514.65 501.6 499.75 498.3 496.25 501.05 501.4 494.95 496.2 498.6 503.55 496.4 500.75 499.9 
122 0.0 0.0 0.0 504.4 505.3 501.85 502.6 499.9 504.15 499.6 503.6 497.15 506.4 503.7 501.0 503.85 500.6 491.45 500.55 500.1 499.25 
123 0.0 0.0 0.0 499.85 497.85 498.7 500.4 499.25 495.35 504.65 501.0 507.6 493.3 505.55 508.5 502.7 504.15 505.35 499.8 504.35 498.85 
124 0.0 0.0 0.0 496.25 501.55 503.35 507.35 505.2 500.05 503.4 501.2 498.3 493.45 499.6 497.95 498.05 506.9 499.2 503.5 503.85 505.5 
125 0.0 0.0 0.0 498.75 491.45 497.15 502.1 498.8 509.35 500.1 501.55 498.9 503.75 506.75 499.15 500.05 498.45 515.3 502.9 501.55 499.45 
126 0.0 0.0 0.0 490.8 504.45 498.7 496.65 503.7 503.15 506.55 506.55 509.8 500.1 504.2 505.6 500.1 509.05 504.6 506.65 501.35 509.3 
127 0.0 0.0 0.0 496.05 494.0 496.5 504.7 494.35 504.95 501.15 505.65 501.2 515.85 502.45 504.6 494.85 494.95 509.2 507.95 504.6 504.0 
128 0.0 0.0 0.0 500.5 497.1 502.15 502.55 498.35 498.55 502.8 504.25 506.0 505.45 501.7 497.1 503.75 510.25 494.3 492.2 510.3 503.5 
129 0.0 0.0 0.0 500.85 492.2 498.1 499.65 501.7 506.65 509.1 498.0 510.85 501.85 504.4 501.25 502.4 504.85 500.75 506.85 500.15 492.35 
130 0.0 0.0 0.0 501.55 494.45 504.5 493.2 500.3 502.65 500.95 504.45 495.1 504.0 497.95 500.25 509.0 508.0 506.75 506.65 500.2 496.95 
131 0.0 0.0 0.0 503.95 510.65 506.6 506.6 504.5 503.75 499.05 490.5 503.1 505.45 508.0 502.65 503.5 489.15 503.45 503.05 507.25 505.7 
132 0.0 0.0 0.0 501.1 502.7 493.8 497.9 506.8 499.65 505.2 496.55 502.55 508.3 500.2 500.65 504.5 501.35 503.75 494.6 496.9 505.4 
133 0.0 0.0 0.0 500.5 501.45 500.2 501.55 504.65 500.45 503.95 502.7 502.35 503.6 499.9 500.85 504.15 510.5 491.35 493.55 499.2 503.9 
134 0.0 0.0 0.0 500.15 503.65 499.95 503.8 498.95 498.3 505.95 508.35 503.1 501.05 507.55 513.6 502.95 493.15 500.95 508.6 499.8 495.25 
135 0.0 0.0 0.0 501.65 497.05 503.65 493.35 504.55 505.9 503.8 501.15 501.0 492.75 497.25 503.6 504.8 506.05 500.6 498.45 501.1 493.4 
136 0.0 0.0 0.0 497.6 504.65 503.85 503.15 498.75 512.85 503.8 500.4 494.25 493.85 493.9 495.1 501.25 499.45 494.5 492.9 495.3 500.7 
137 0.0 0.0 0.0 504.95 507.35 502.65 508.7 498.55 500.85 493.5 499.35 502.9 501.05 498.25 494.35 492.35 493.25 501.85 501.25 491.65 503.5 
138 0.0 0.0 0.0 503.8 497.55 499.4 499.0 500.95 498.4 509.45 506.5 496.15 496.35 493.9 491.55 491.35 495.3 502.7 501.45 508.05 500.7 
139 0.0 0.0 0.0 493.35 496.0 498.3 498.75 498.5 506.25 500.7 506.9 500.7 499.9 501.6 496.6 499.15 500.45 494.0 498.95 506.8 505.55 
140 0.0 0.0 0.0 499.15 504.7 495.05 503.0 492.75 489.7 494.45 501.15 501.4 507.25 494.05 500.8 488.2 497.2 501.75 498.25 500.1 494.65 
141 0.0 0.0 0.0 501.2 493.8 496.9 501.0 501.1 506.25 491.8 502.15 503.5 500.2 502.35 498.55 509.5 493.15 495.65 501.2 501.35 488.2 
142 0.0 0.0 0.0 501.15 492.1 495.55 490.0 495.35 491.4 497.5 492.55 501.65 492.35 500.75 494.25 487.95 494.6 495.5 498.25 487.2 500.05 
143 0.0 0.0 0.0 502.5 500.2 502.9 497.4 498.2 492.05 499.65 498.85 500.45 509.15 503.45 494.55 506.5 495.45 495.2 487.9 484.5 496.7 
144 0.0 0.0 0.0 476.25 499.05 491.9 492.25 501.2 502.25 501.3 502.5 494.7 503.6 502.3 503.7 486.9 496.6 494.2 489.25 499.85 492.8 
145 0.0 0.0 0.0 474.35 497.3 494.05 498.65 498.55 499.45 498.85 494.05 495.2 502.75 500.5 502.95 499.25 508.8 500.1 494.75 498.35 499.45 
146 0.0 0.0 0.0 445.6 495.35 499.4 494.7 493.65 491.8 498.95 495.0 501.25 489.9 496.1 496.45 500.95 501.4 497.75 506.45 488.6 492.8 
147 0.0 0.0 0.0 401.65 504.55 501.7 503.3 500.7 489.75 488.75 504.6 495.4 492.85 500.65 506.0 502.1 486.25 502.35 503.0 508.4 502.5 
148 0.0 0.0 0.0 309.05 507.9 500.8 497.05 505.15 499.2 496.05 498.4 494.55 505.35 497.65 500.75 494.25 505.35 507.95 498.9 494.55 497.5 
149 0.0 0.0 0.0 211.5 493.7 502.05 506.2 493.2 494.0 495.4 497.55 506.4 495.85 496.45 492.75 500.85 505.3 500.55 508.75 502.35 498.85 
150 0.0 0.0 0.0 161.1 496.75 494.65 493.0 497.3 501.1 500.75 493.9 500.25 492.35 502.25 511.95 506.05 493.0 499.45 493.85 496.6 503.2 
151 0.0 0.0 0.0 132.55 506.25 505.2 502.75 503.95 496.95 496.85 495.15 500.9 498.25 494.2 496.95 500.8 498.2 496.4 504.15 504.9 499.7 
152 0.0 0.0 0.0 43.6 501.15 507.9 505.3 496.9 496.85 501.35 497.6 494.55 505.5 496.45 495.65 503.3 517.55 507.0 500.6 510.3 502.05 
153 0.0 0.0 0.0 10.3 498.3 501.4 491.25 501.45 497.25 501.9 495.85 499.95 502.1 495.65 490.35 500.4 500.15 503.75 495.2 496.5 504.35 
154 0.0 0.0 0.0 1.55 499.05 500.1 508.45 498.85 495.7 495.85 488.75 499.3 498.5 499.25 499.5 503.35 499.45 502.0 506.35 508.55 500.9 
155 0.0 0.0 0.0 0.1 499.1 493.65 504.95 493.1 497.6 502.4 506.65 496.05 499.1 499.3 500.35 502.1 501.45 500.25 498.75 487.75 503.8 
156 0.0 0.0 0.0 0.0 500.4 499.4 495.75 495.7 504.5 499.25 505.4 497.3 499.85 503.05 495.35 495.8 496.2 492.9 500.65 500.0 499.75 
157 0.0 0.0 0.0 0.0 497.15 507.15 496.85 497.75 510.0 500.7 498.3 500.5 487.2 496.5 508.25 501.25 494.0 494.85 490.95 501.7 499.15 
158 0.0 0.0 0.0 0.0 499.6 494.35 497.9 501.65 506.65 497.9 506.7 492.65 500.25 504.55 500.9 498.95 507.95 498.25 504.25 501.95 501.45 
159 0.0 0.0 0.0 0.0 503.35 503.2 499.2 507.0 505.35 510.8 498.45 495.85 501.8 500.4 503.5 502.4 501.2 507.2 501.6 498.2 491.9 
160 0.0 0.0 0.0 0.0 503.2 507.9 501.35 502.5 493.95 498.85 498.5 505.2 495.1 499.75 509.95 498.65 497.75 504.3 494.7 502.25 501.15 
161 0.0 0.0 0.0 0.0 507.3 502.95 499.65 502.25 499.0 492.2 491.9 497.7 511.25 502.6 491.3 495.15 502.8 493.8 514.15 497.75 502.9 
162 0.0 0.0 0.0 0.0 500.25 493.95 505.25 500.75 502.4 506.15 502.6 499.9 498.0 498.9 500.8 507.8 496.05 501.25 501.85 497.3 503.7 
163 0.0 0.0 0.0 0.0 493.35 501.0 496.25 507.4 494.25 502.65 505.05 499.55 493.0 509.05 504.45 504.05 497.95 496.9 499.75 499.65 494.6 
164 0.0 0.0 0.0 0.0 506.4 499.35 501.1 496.55 501.1 498.7 497.4 505.4 505.5 493.55 498.45 495.2 501.4 502.95 503.85 509.4 505.65 
165 0.0 0.0 0.0 0.0 501.55 500.1 504.95 493.85 507.0 493.6 502.9 502.25 500.25 488.7 503.7 504.9 494.15 504.85 496.1 505.05 504.1 
166 0.0 0.0 0.0 0.0 496.95 501.6 499.6 496.45 495.6 503.1 502.35 506.9 505.1 508.6 495.0 502.75 507.55 508.15 496.45 497.4 503.0 
167 0.0 0.0 0.0 0.0 494.0 496.8 500.75 501.65 492.05 505.6 505.45 509.9 499.9 502.1 503.45 493.8 507.05 497.5 495.1 497.55 502.55 
168 0.0 0.0 0.0 0.0 498.7 497.7 498.25 500.8 496.4 497.3 501.35 502.0 495.95 501.25 496.9 496.95 498.5 501.15 502.0 504.1 500.3 
169 0.0 0.0 0.0 0.0 496.9 503.0 507.0 503.9 506.6 496.05 503.55 500.0 501.85 505.8 509.5 509.1 505.05 504.7 498.0 501.35 492.45 
170 0.0 0.0 0.0 0.0 504.75 502.05 497.95 496.55 507.05 511.5 497.8 498.05 509.75 505.75 502.9 505.2 493.25 492.55 505.0 492.95 503.6 
171 0.0 0.0 0.0 0.0 498.7 508.4 496.6 508.2 497.4 500.1 500.5 499.45 499.1 498.9 497.55 492.2 498.55 498.9 505.2 505.75 507.9 
172 0.0 0.0 0.0 0.0 500.2 496.2 494.5 506.0 498.1 506.2 500.85 495.95 494.2 505.0 489.95 494.35 505.45 503.45 491.45 508.15 502.25 
173 0.0 0.0 0.0 0.0 506.15 496.5 500.85 506.0 509.55 499.15 499.7 502.5 501.8 505.65 498.85 497.3 500.9 494.4 501.15 502.0 501.65 
174 0.0 0.0 0.0 0.0 498.35 490.35 493.05 491.45 489.25 490.1 499.25 495.75 510.6 493.6 502.9 498.7 496.1 492.95 509.0 499.1 498.5 
175 0.0 0.0 0.0 0.0 504.5 504.05 498.7 494.15 503.45 493.6 503.65 503.45 494.6 497.3 505.65 500.7 500.15 502.9 500.35 500.95 495.5 
176 0.0 0.0 0.0 0.0 497.75 507.15 497.0 504.25 507.05 502.6 503.45 498.25 495.4 492.4 504.55 503.15 500.8 499.75 495.65 498.75 505.85 
177 0.0 0.0 0.0 0.0 494.9 496.35 501.65 498.85 501.7 502.65 496.35 503.25 501.65 499.8 495.15 501.0 497.9 501.7 500.1 498.15 499.9 
178 0.0 0.0 0.0 0.0 493.2 498.95 511.5 501.3 501.6 510.55 504.0 497.05 501.15 495.95 496.9 504.45 497.4 500.25 497.65 503.1 492.1 
179 0.0 0.0 0.0 0.0 506.1 494.65 500.25 495.25 506.4 515.95 505.45 507.5 497.95 500.0 499.55 501.0 494.0 495.15 504.55 501.25 504.95 
180 0.0 0.0 0.0 0.0 492.2 491.8 495.65 506.5 494.45 498.75 502.2 498.75 508.2 498.35 499.05 499.3 497.45 496.8 498.6 495.85 506.45 
181 0.0 0.0 0.0 0.0 491.6 501.75 503.1 498.1 497.0 492.5 500.5 499.9 492.3 494.85 493.8 494.7 511.45 509.25 504.95 495.05 499.95 
182 0.0 0.0 0.0 0.0 501.0 496.9 502.1 497.35 506.55 500.0 498.7 496.05 493.5 502.05 493.75 499.5 504.3 499.25 495.9 501.1 497.7 
183 0.0 0.0 0.0 0.0 498.35 503.2 496.3 500.4 496.65 495.2 495.15 505.15 509.9 501.75 495.15 493.9 491.4 497.6 503.15 495.15 501.0 
184 0.0 0.0 0.0 0.0 496.5 494.6 499.5 490.85 496.8 498.9 501.85 500.85 495.0 493.3 503.8 499.85 493.5 497.6 500.85 505.65 496.15 
185 0.0 0.0 0.0 0.0 499.4 498.25 495.1 496.65 486.0 494.95 490.75 490.4 500.4 503.55 498.55 499.65 501.8 504.2 497.85 499.0 490.15 
186 0.0 0.0 0.0 0.0 506.25 496.7 495.3 497.8 493.0 495.75 493.3 495.5 498.5 501.0 502.15 495.25 503.25 489.25 491.2 497.0 506.1 
187 0.0 0.0 0.0 0.0 497.3 498.45 504.1 497.6 506.1 492.65 490.05 491.5 494.75 505.5 504.1 499.3 500.6 502.55 498.65 494.7 505.6 
188 0.0 0.0 0.0 0.0 494.1 497.45 494.75 493.2 496.2 496.7 490.0 493.1 495.35 491.15 501.15 501.25 491.0 495.55 496.45 500.3 490.15 
189 0.0 0.0 0.0 0.0 496.05 507.35 496.35 496.65 502.6 496.05 496.75 497.1 498.95 494.85 495.7 495.95 491.6 498.65 497.85 492.0 498.4 
190 0.0 0.0 0.0 0.0 499.75 497.3 491.2 500.35 497.0 496.8 494.15 494.05 502.9 503.45 492.15 494.4 497.4 492.65 502.3 500.5 498.0 
191 0.0 0.0 0.0 0.0 504.2 499.15 501.2 497.95 491.35 484.7 503.3 498.45 497.75 496.15 489.7 501.25 499.1 504.65 492.05 489.95 489.9 
192 0.0 0.0 0.0 0.0 484.9 494.05 496.1 499.75 492.05 500.6 497.35 497.7 491.85 494.25 500.85 505.5 493.75 494.9 494.1 497.8 497.4 
193 0.0 0.0 0.0 0.0 477.8 495.5 494.6 495.55 500.3 504.45 502.85 498.4 489.05 496.75 502.25 500.45 498.6 498.7 499.2 492.9 497.45 
194 0.0 0.0 0.0 0.0 468.25 498.4 505.55 498.05 500.65 497.55 499.2 491.3 489.7 487.85 497.1 490.8 502.6 500.05 491.3 504.6 495.2 
195 0.0 0.0 0.0 0.0 417.95 496.05 507.05 493.65 502.5 491.7 496.1 500.95 494.25 499.45 492.3 501.6 496.8 501.65 497.7 505.75 495.1 
196 0.0 0.0 0.0 0.0 382.9 499.75 498.95 496.8 494.45 499.6 496.6 496.85 498.3 501.15 498.15 489.25 497.45 499.6 497.0 494.95 491.65 
197 0.0 0.0 0.0 0.0 345.15 504.2 499.7 496.95 497.6 502.25 496.3 494.35 498.4 492.0 494.25 502.55 499.4 490.5 508.05 491.0 499.8 
198 0.0 0.0 0.0 0.0 294.4 497.8 500.3 493.85 494.05 491.8 498.0 499.9 503.5 501.55 498.15 490.05 493.55 496.9 502.7 500.15 498.5 
199 0.0 0.0 0.0 0.0 171.65 499.15 493.6 504.6 513.8 499.75 498.45 509.0 496.0 496.95 492.8 488.1 501.75 506.85 498.2 498.95 504.4 
200 0.0 0.0 0.0 0.0 117.65 502.5 500.2 506.6 502.65 500.0 504.05 501.1 495.35 501.45 498.4 501.25 498.3 489.95 501.15 498.45 503.4 
201 0.0 0.0 0.0 0.0 67.0 492.9 494.2 501.8 494.8 505.75 490.1 498.65 498.5 500.35 492.05 503.2 491.95 494.2 502.25 494.0 507.1 
202 0.0 0.0 0.0 0.0 31.0 498.05 498.0 504.9 495.45 498.1 504.0 501.55 503.6 497.4 504.9 494.85 502.45 505.75 498.9 501.85 487.75 
203 0.0 0.0 0.0 0.0 2.95 504.4 497.75 497.3 494.7 498.6 495.05 499.05 500.6 500.8 502.3 494.6 490.4 497.25 497.05 502.8 494.2 
204 0.0 0.0 0.0 0.0 0.25 492.55 499.25 501.15 500.15 502.4 506.9 488.15 504.75 506.4 498.75 497.5 500.8 499.85 500.45 501.85 508.1 
205 0.0 0.0 0.0 0.0 0.0 496.5 500.25 493.2 492.3 492.05 497.1 498.0 500.35 496.5 504.5 507.7 502.8 499.25 493.15 499.2 490.4 
206 0.0 0.0 0.0 0.0 0.0 496.65 496.0 501.75 495.25 503.2 503.95 495.45 502.55 493.45 503.4 499.3 504.65 495.95 498.2 494.05 498.45 
207 0.0 0.0 0.0 0.0 0.0 496.6 491.45 501.05 499.9 491.55 496.45 503.4 497.3 493.6 496.2 500.4 503.25 501.75 498.05 503.3 495.8 
208 0.0 0.0 0.0 0.0 0.0 494.7 495.25 490.45 493.7 495.9 487.9 495.55 482.45 494.2 493.2 500.2 502.15 498.45 489.55 489.7 496.4 
209 0.0 0.0 0.0 0.0 0.0 496.55 501.25 493.7 491.9 493.45 496.95 499.3 490.65 504.3 491.0 498.3 500.15 492.55 489.05 499.9 493.55 
210 0.0 0.0 0.0 0.0 0.0 499.85 495.1 500.65 495.85 494.35 492.35 493.7 503.0 498.4 498.05 494.6 491.85 487.9 499.45 498.65 497.35 
211 0.0 0.0 0.0 0.0 0.0 494.35 494.1 495.0 493.75 499.4 497.85 493.3 498.3 498.9 507.3 505.1 498.35 499.2 495.9 484.75 496.4 
212 0.0 0.0 0.0 0.0 0.0 495.45 505.8 498.7 508.5 492.2 497.55 497.35 501.3 493.75 504.05 501.9 490.6 498.05 499.95 504.75 496.65 
213 0.0 0.0 0.0 0.0 0.0 499.55 494.55 494.4 495.6 499.8 496.65 492.55 501.45 504.3 491.85 503.65 487.9 495.7 500.7 499.4 495.1 
214 0.0 0.0 0.0 0.0 0.0 499.45 498.25 498.65 491.25 494.75 498.6 504.65 495.95 493.2 498.15 494.4 496.9 498.7 492.35 495.8 504.1 
215 0.0 0.0 0.0 0.0 0.0 498.0 487.8 487.55 505.0 503.75 502.7 491.5 491.45 495.65 499.55 493.45 495.45 496.7 499.9 498.65 506.15 
216 0.0 0.0 0.0 0.0 0.0 494.65 500.65 498.05 498.3 497.95 492.15 500.5 494.3 498.75 491.25 490.5 500.35 498.6 496.65 490.55 501.75 
217 0.0 0.0 0.0 0.0 0.0 498.6 493.9 493.8 491.65 498.55 502.0 509.1 506.85 503.15 499.0 496.55 501.65 506.7 503.45 500.0 496.55 
218 0.0 0.0 0.0 0.0 0.0 489.6 503.4 488.95 498.95 492.5 500.1 500.5 496.65 494.35 494.1 490.45 494.5 492.25 498.05 501.85 498.2 
219 0.0 0.0 0.0 0.0 0.0 502.4 499.7 501.05 490.95 495.3 497.2 498.3 506.7 494.9 491.15 502.85 506.35 498.3 505.85 496.65 491.65 
220 0.0 0.0 0.0 0.0 0.0 502.15 485.3 494.1 492.6 499.6 499.75 498.25 503.75 496.5 501.95 502.35 500.0 503.4 495.15 497.95 500.15 
221 0.0 0.0 0.0 0.0 0.0 501.2 498.2 500.8 494.65 500.45 499.9 500.4 499.55 499.95 503.45 496.1 499.35 502.35 498.1 505.0 499.0 
222 0.0 0.0 0.0 0.0 0.0 492.85 496.35 505.55 497.9 500.0 495.95 493.1 493.9 494.05 504.35 503.95 508.2 496.05 500.5 496.7 491.25 
223 0.0 0.0 0.0 0.0 0.0 492.55 501.6 490.6 498.95 488.3 499.25 496.1 500.85 503.35 493.85 490.95 496.45 502.95 502.4 499.05 505.4 
224 0.0 0.0 0.0 0.0 0.0 498.7 494.15 492.8 501.7 507.35 490.2 495.15 490.3 490.95 503.85 495.3 494.35 505.05 498.2 493.85 490.9 
225 0.0 0.0 0.0 0.0 0.0 500.35 500.1 503.75 508.2 499.75 497.6 496.45 498.15 495.2 495.75 495.9 490.8 490.45 491.05 494.1 490.9 
226 0.0 0.0 0.0 0.0 0.0 493.95 496.65 496.15 495.65 494.95 493.35 499.05 495.2 510.6 490.9 491.25 497.9 497.45 492.8 497.75 503.75 
227 0.0 0.0 0.0 0.0 0.0 497.4 502.45 507.45 496.05 495.7 502.35 496.6 500.65 494.75 497.05 508.85 495.15 498.75 499.35 495.0 498.8 
228 0.0 0.0 0.0 0.0 0.0 495.1 496.95 492.25 497.15 492.55 497.3 498.9 497.75 497.9 491.3 495.45 497.9 495.9 489.0 499.4 498.25 
229 0.0 0.0 0.0 0.0 0.0 502.0 496.1 495.95 500.6 499.0 495.55 494.8 489.5 495.55 502.05 499.7 492.25 493.15 500.95 499.8 498.05 
230 0.0 0.0 0.0 0.0 0.0 497.4 497.85 498.65 505.3 493.35 496.9 488.25 490.8 494.0 499.0 496.0 491.1 489.8 497.75 497.35 498.1 
231 0.0 0.0 0.0 0.0 0.0 494.45 492.55 495.9 489.5 503.85 496.35 504.15 504.65 493.85 503.15 494.95 503.35 498.85 498.25 497.2 491.6 
232 0.0 0.0 0.0 0.0 0.0 505.1 497.8 497.1 489.8 497.4 487.95 489.15 492.0 496.05 491.9 497.75 489.1 497.45 497.25 498.7 496.9 
233 0.0 0.0 0.0 0.0 0.0 498.7 498.6 497.8 499.85 505.35 501.6 494.25 503.75 493.35 499.6 498.6 493.2 501.6 504.15 494.05 494.1 
234 0.0 0.0 0.0 0.0 0.0 493.05 491.9 504.35 498.6 495.4 498.0 505.55 486.25 499.3 492.25 494.25 503.05 490.35 495.45 499.65 505.2 
235 0.0 0.0 0.0 0.0 0.0 492.2 499.9 488.8 504.6 489.65 497.55 489.1 486.65 490.3 498.75 492.4 502.85 500.35 492.85 494.6 496.1 
236 0.0 0.0 0.0 0.0 0.0 489.85 493.9 495.1 500.05 491.9 500.25 505.9 494.9 490.0 488.25 503.3 500.95 501.65 499.25 501.25 499.8 
237 0.0 0.0 0.0 0.0 0.0 497.3 496.5 494.95 489.1 496.1 491.85 492.85 493.65 504.25 509.15 492.95 498.55 500.15 496.05 508.75 489.1 
238 0.0 0.0 0.0 0.0 0.0 495.75 488.95 500.1 489.6 493.75 498.5 497.2 502.3 497.5 490.7 499.8 491.1 488.1 493.05 490.3 491.45 
239 0.0 0.0 0.0 0.0 0.0 493.5 497.4 499.05 500.5 506.3 496.85 494.55 501.75 497.35 498.25 484.75 499.7 491.5 498.2 485.7 491.95 
240 0.0 0.0 0.0 0.0 0.0 474.0 504.85 488.15 498.3 494.65 505.5 494.85 493.55 495.15 500.7 502.7 499.55 500.1 488.7 488.35 486.7 
241 0.0 0.0 0.0 0.0 0.0 471.2 493.7 488.45 494.65 496.25 492.55 498.25 502.3 498.8 495.95 493.55 494.0 494.6 492.0 488.6 501.45 
242 0.0 0.0 0.0 0.0 0.0 473.6 496.3 497.85 487.5 495.4 496.0 497.35 496.85 493.1 492.0 492.8 488.95 488.2 502.1 499.5 492.3 
243 0.0 0.0 0.0 0.0 0.0 451.55 490.2 498.7 502.4 494.15 486.95 497.2 490.65 495.65 490.15 498.45 497.3 492.15 490.55 493.9 493.95 
244 0.0 0.0 0.0 0.0 0.0 420.7 495.15 492.3 495.25 492.0 497.95 492.25 497.5 495.65 499.25 491.0 496.9 496.7 483.5 483.25 497.05 
245 0.0 0.0 0.0 0.0 0.0 357.25 494.0 502.9 502.4 495.05 492.35 493.35 499.15 494.45 487.6 499.7 497.6 487.85 494.05 498.35 497.75 
246 0.0 0.0 0.0 0.0 0.0 292.3 491.05 496.0 496.9 504.05 492.35 496.15 488.0 488.8 488.25 485.45 488.0 498.25 492.5 494.8 493.3 
247 0.0 0.0 0.0 0.0 0.0 224.2 502.4 497.95 493.05 492.4 499.05 487.65 495.8 499.1 491.25 496.5 489.25 491.05 483.15 491.7 496.55 
248 0.0 0.0 0.0 0.0 0.0 168.75 493.75 493.3 499.1 490.0 496.6 503.5 493.4 498.35 493.0 498.25 493.5 491.4 491.4 499.35 495.2 
249 0.0 0.0 0.0 0.0 0.0 91.65 495.0 501.1 499.05 494.9 501.5 485.4 496.75 491.5 494.65 490.55 492.05 493.2 496.05 491.2 491.65 
250 0.0 0.0 0.0 0.0 0.0 51.05 501.6 496.0 494.15 502.95 489.1 500.65 498.55 489.15 494.45 495.0 495.3 493.3 499.45 484.35 489.65 
251 0.0 0.0 0.0 0.0 0.0 24.85 499.95 497.65 483.85 498.5 491.45 494.7 490.95 496.95 493.75 493.5 499.4 497.7 498.6 500.45 501.05 
252 0.0 0.0 0.0 0.0 0.0 3.0 496.55 500.15 493.45 498.7 490.0 498.95 500.95 494.2 494.95 484.9 495.05 488.45 495.4 497.3 495.0 
253 0.0 0.0 0.0 0.0 0.0 0.3 491.95 490.75 484.15 488.5 494.55 497.95 490.5 493.55 506.65 495.15 489.4 498.2 497.85 506.1 500.0 
254 0.0 0.0 0.0 0.0 0.0 0.0 490.1 491.7 496.4 484.0 495.75 491.75 495.5 493.4 493.45 500.45 485.6 498.05 492.15 485.65 488.6 
255 0.0 0.0 0.0 0.0 0.0 0.0 497.75 488.25 499.15 489.4 485.25 493.9 490.95 491.5 488.3 489.1 493.55 497.35 504.05 493.65 484.7 
256 0.0 0.0 0.0 0.0 0.0 0.0 489.75 486.9 490.3 494.05 492.3 495.55 492.35 495.35 491.05 492.65 496.8 499.35 492.85 500.45 493.65 
257 0.0 0.0 0.0 0.0 0.0 0.0 488.05 492.55 487.9 486.35 492.15 495.95 494.2 486.9 488.0 493.95 485.9 490.35 491.65 491.1 492.25 
258 0.0 0.0 0.0 0.0 0.0 0.0 490.65 496.4 490.05 494.45 491.15 492.9 490.4 496.45 487.5 484.9 491.15 481.95 494.05 499.65 505.0 
259 0.0 0.0 0.0 0.0 0.0 0.0 494.2 491.3 487.5 486.85 490.65 482.1 501.65 487.85 485.05 499.35 497.6 496.2 496.1 490.6 491.8 
260 0.0 0.0 0.0 0.0 0.0 0.0 487.75 490.9 494.4 483.7 500.05 488.25 486.35 490.45 495.45 489.65 488.9 484.95 500.3 486.8 496.45 
261 0.0 0.0 0.0 0.0 0.0 0.0 496.25 495.55 488.1 492.65 485.05 488.15 488.55 497.75 493.55 490.35 494.1 492.45 488.85 490.45 483.2 
262 0.0 0.0 0.0 0.0 0.0 0.0 500.1 486.7 500.9 492.3 482.05 493.45 482.5 492.55 486.2 494.9 497.2 496.8 492.75 498.95 488.8 
263 0.0 0.0 0.0 0.0 0.0 0.0 494.05 489.95 494.8 487.4 498.6 484.95 485.1 489.0 508.15 496.65 486.9 494.85 490.95 496.1 498.9 
264 0.0 0.0 0.0 0.0 0.0 0.0 491.75 499.05 498.65 493.45 494.55 495.35 502.15 490.45 494.55 494.3 493.15 492.25 478.75 487.7 488.45 
265 0.0 0.0 0.0 0.0 0.0 0.0 494.4 489.0 487.45 497.9 491.6 488.5 493.9 492.25 494.35 480.4 492.75 498.8 494.85 491.0 487.2 
266 0.0 0.0 0.0 0.0 0.0 0.0 490.85 495.65 492.35 495.25 499.35 504.1 499.8 496.0 490.85 496.55 501.3 490.55 496.5 494.95 500.4 
267 0.0 0.0 0.0 0.0 0.0 0.0 495.0 498.95 496.7 496.6 504.4 489.45 489.3 491.1 492.95 494.95 490.9 499.35 495.95 495.3 493.9 
268 0.0 0.0 0.0 0.0 0.0 0.0 494.65 500.5 493.6 509.65 487.85 489.6 501.15 500.55 497.7 503.0 489.25 491.4 493.1 500.8 491.5 
269 0.0 0.0 0.0 0.0 0.0 0.0 497.95 486.85 499.5 495.55 493.05 488.55 487.2 492.45 492.8 496.05 486.25 482.8 501.25 482.7 490.55 
270 0.0 0.0 0.0 0.0 0.0 0.0 487.8 493.2 499.7 497.0 497.25 498.65 493.95 493.45 493.85 493.4 491.5 497.45 488.2 496.15 490.4 
271 0.0 0.0 0.0 0.0 0.0 0.0 496.1 497.6 485.45 487.6 487.8 495.75 490.6 486.85 498.45 494.0 494.35 494.1 491.7 495.15 497.4 
272 0.0 0.0 0.0 0.0 0.0 0.0 494.05 489.35 491.0 486.4 489.75 496.45 499.35 488.25 490.6 487.9 497.75 489.85 489.85 488.5 492.7 
273 0.0 0.0 0.0 0.0 0.0 0.0 497.45 497.75 497.9 499.2 493.05 494.0 494.8 502.55 490.1 492.5 493.95 491.8 483.85 484.8 491.4 
274 0.0 0.0 0.0 0.0 0.0 0.0 489.25 500.05 491.7 489.95 492.75 490.25 488.55 496.05 488.75 494.65 495.3 487.25 495.0 495.05 497.55 
275 0.0 0.0 0.0 0.0 0.0 0.0 492.8 491.9 492.6 496.0 498.25 495.1 495.75 494.9 498.05 501.9 494.4 487.3 484.25 497.25 488.0 
276 0.0 0.0 0.0 0.0 0.0 0.0 500.45 489.2 488.2 486.4 495.5 497.9 481.95 485.4 488.25 483.8 494.15 495.1 484.65 495.8 489.95 
277 0.0 0.0 0.0 0.0 0.0 0.0 485.8 485.65 496.45 496.7 502.35 490.2 500.65 484.85 491.1 489.15 496.25 496.05 490.55 487.5 489.05 
278 0.0 0.0 0.0 0.0 0.0 0.0 491.5 498.05 485.45 484.45 486.25 491.5 491.25 490.15 490.4 493.6 489.95 488.8 497.25 493.1 490.95 
279 0.0 0.0 0.0 0.0 0.0 0.0 492.95 487.95 494.45 490.7 494.2 490.55 493.95 502.45 491.25 495.05 496.35 489.0 498.65 499.75 494.8 
280 0.0 0.0 0.0 0.0 0.0 0.0 486.0 501.45 491.45 488.65 488.85 490.55 492.75 492.35 490.15 483.95 490.45 494.5 492.45 485.6 496.75 
281 0.0 0.0 0.0 0.0 0.0 0.0 492.65 482.65 489.25 500.75 490.25 491.9 493.55 496.55 493.1 489.3 501.5 499.35 491.9 485.95 495.55 
282 0.0 0.0 0.0 0.0 0.0 0.0 487.3 487.3 495.65 491.0 492.75 488.25 494.05 488.25 482.05 496.3 495.7 495.45 499.45 495.0 488.15 
283 0.0 0.0 0.0 0.0 0.0 0.0 492.4 494.4 496.25 487.3 491.75 497.35 497.4 505.05 501.5 497.9 490.65 500.6 492.05 492.4 495.0 
284 0.0 0.0 0.0 0.0 0.0 0.0 493.3 495.95 499.15 493.1 487.5 492.9 482.35 490.2 495.6 502.25 490.35 492.45 493.3 498.1 495.95 
285 0.0 0.0 0.0 0.0 0.0 0.0 496.9 486.25 491.45 499.85 494.95 493.9 488.8 498.9 498.75 492.4 497.15 498.2 503.55 490.85 495.3 
286 0.0 0.0 0.0 0.0 0.0 0.0 493.85 505.55 494.9 496.1 492.2 481.7 500.75 495.6 495.05 493.0 496.05 495.35 496.4 493.2 490.95 
287 0.0 0.0 0.0 0.0 0.0 0.0 478.4 483.45 483.85 496.55 489.15 500.2 501.9 491.35 492.9 494.0 489.25 492.0 496.45 491.5 497.65 
288 0.0 0.0 0.0 0.0 0.0 0.0 465.9 491.85 488.2 492.4 490.45 491.55 483.95 486.2 494.35 492.85 491.55 496.4 497.4 503.1 487.4 
289 0.0 0.0 0.0 0.0 0.0 0.0 462.95 487.2 494.0 495.3 498.15 494.35 493.8 489.6 493.3 494.0 488.25 493.0 494.6 486.05 491.1 
290 0.0 0.0 0.0 0.0 0.0 0.0 440.0 485.95 489.05 487.45 491.1 487.65 489.95 485.75 489.6 484.1 491.85 487.8 493.65 493.95 487.7 
291 0.0 0.0 0.0 0.0 0.0 0.0 404.9 487.0 491.8 491.65 495.95 498.9 492.15 496.35 490.5 494.55 492.95 485.35 486.0 487.7 489.2 
292 0.0 0.0 0.0 0.0 0.0 0.0 379.25 488.5 489.45 490.25 491.1 493.05 494.3 496.0 491.25 489.0 491.05 489.95 490.0 488.4 494.9 
293 0.0 0.0 0.0 0.0 0.0 0.0 312.3 491.8 479.7 489.6 497.5 492.35 493.75 492.0 491.5 484.1 493.8 497.3 497.5 493.9 491.3 
294 0.0 0.0 0.0 0.0 0.0 0.0 258.5 489.55 485.65 487.8 483.75 490.85 482.0 487.0 484.9 498.6 493.25 488.95 483.4 484.45 492.8 
295 0.0 0.0 0.0 0.0 0.0 0.0 222.45 485.65 495.85 492.6 493.1 482.9 493.15 490.0 492.0 493.3 488.9 492.25 482.25 501.85 488.75 
296 0.0 0.0 0.0 0.0 0.0 0.0 171.95 502.9 488.7 484.45 485.35 494.15 480.4 488.85 492.5 489.2 477.1 493.8 490.45 488.1 494.45 
297 0.0 0.0 0.0 0.0 0.0 0.0 104.3 488.75 490.25 484.3 479.55 488.15 498.45 494.9 489.05 483.15 486.75 482.5 487.8 493.75 490.85 
298 0.0 0.0 0.0 0.0 0.0 0.0 71.9 491.15 487.4 487.15 489.1 492.3 492.3 488.4 491.3 484.25 491.25 487.95 477.95 486.8 489.8 
299 0.0 0.0 0.0 0.0 0.0 0.0 53.4 489.55 490.35 483.95 494.2 486.45 486.8 487.75 490.85 498.25 491.55 490.9 492.55 484.55 495.95 
300 0.0 0.0 0.0 0.0 0.0 0.0 13.15 489.9 489.8 490.25 497.9 486.45 488.7 486.9 485.45 483.45 479.35 488.6 481.55 484.1 487.3 
301 0.0 0.0 0.0 0.0 0.0 0.0 0.7 492.6 488.15 494.95 486.65 486.1 487.7 481.7 488.65 481.7 498.05 487.2 490.25 496.8 485.5 
302 0.0 0.0 0.0 0.0 0.0 0.0 0.0 491.0 491.5 486.8 487.1 494.35 486.4 489.15 499.15 489.7 488.4 481.6 490.45 482.35 487.95 
303 0.0 0.0 0.0 0.0 0.0 0.0 0.0 486.5 492.2 495.45 480.9 492.25 488.25 496.3 485.1 492.95 492.6 485.9 489.7 489.95 488.25 
304 0.0 0.0 0.0 0.0 0.0 0.0 0.0 484.75 496.95 493.95 486.65 495.45 497.95 486.0 491.25 491.85 490.25 493.55 495.65 484.85 492.25 
305 0.0 0.0 0.0 0.0 0.0 0.0 0.0 485.0 481.45 478.5 489.25 484.3 488.35 491.9 488.6 493.35 480.8 500.8 495.35 490.2 492.5 
306 0.0 0.0 0.0 0.0 0.0 0.0 0.0 489.55 489.55 493.15 484.3 489.75 486.7 489.85 488.2 488.4 497.65 482.45 483.75 486.95 491.25 
307 0.0 0.0 0.0 0.0 0.0 0.0 0.0 492.05 494.2 487.7 503.75 485.5 493.55 492.9 496.3 489.35 487.0 493.0 492.05 492.9 485.45 
308 0.0 0.0 0.0 0.0 0.0 0.0 0.0 486.75 483.15 481.6 493.65 495.95 484.45 483.2 486.85 493.7 486.95 481.3 488.25 498.25 484.35 
309 0.0 0.0 0.0 0.0 0.0 0.0 0.0 497.25 490.35 491.05 494.5 488.65 489.5 488.9 487.4 486.2 491.85 489.0 493.3 486.5 485.85 
310 0.0 0.0 0.0 0.0 0.0 0.0 0.0 486.9 491.55 496.0 493.8 491.5 485.0 482.5 480.1 492.8 487.4 488.6 483.35 482.8 482.1 
311 0.0 0.0 0.0 0.0 0.0 0.0 0.0 484.9 488.55 492.35 482.9 494.85 485.05 485.85 483.95 484.65 491.15 490.6 499.05 492.45 488.1 
312 0.0 0.0 0.0 0.0 0.0 0.0 0.0 487.7 490.05 491.0 485.05 480.05 482.35 485.35 488.45 484.45 484.65 488.2 490.45 490.15 496.0 
313 0.0 0.0 0.0 0.0 0.0 0.0 0.0 497.05 488.6 485.7 486.6 480.55 486.7 484.1 486.1 486.35 483.8 492.3 484.55 485.5 489.4 
314 0.0 0.0 0.0 0.0 0.0 0.0 0.0 489.4 485.6 491.4 482.05 478.1 483.6 486.3 492.55 488.85 486.55 487.2 487.95 491.9 484.1 
315 0.0 0.0 0.0 0.0 0.0 0.0 0.0 485.75 500.4 484.95 491.25 485.5 495.25 492.5 480.1 486.65 479.45 481.45 485.8 491.1 480.4 
316 0.0 0.0 0.0 0.0 0.0 0.0 0.0 480.85 485.8 488.85 479.2 485.2 484.4 491.4 487.75 481.85 491.95 489.4 479.3 484.5 488.65 
317 0.0 0.0 0.0 0.0 0.0 0.0 0.0 491.15 489.6 497.5 498.65 490.15 489.65 494.0 494.95 497.55 493.55 485.65 492.9 488.9 494.25 
318 0.0 0.0 0.0 0.0 0.0 0.0 0.0 491.65 483.5 491.9 486.55 496.7 495.85 497.4 495.05 494.25 494.55 497.2 485.7 489.8 483.7 
319 0.0 0.0 0.0 0.0 0.0 0.0 0.0 480.05 485.7 479.1 489.1 490.4 489.55 490.5 489.95 493.5 494.4 484.1 488.35 492.05 495.0 
320 0.0 0.0 0.0 0.0 0.0 0.0 0.0 483.55 481.9 480.2 486.8 489.05 485.45 481.65 491.5 488.55 480.1 489.75 494.05 489.0 490.6 
321 0.0 0.0 0.0 0.0 0.0 0.0 0.0 488.3 490.9 485.65 478.9 477.75 488.9 488.6 489.15 484.75 494.55 492.9 487.4 484.6 494.0 
322 0.0 0.0 0.0 0.0 0.0 0.0 0.0 492.9 482.2 486.0 487.15 487.2 488.85 490.9 490.6 491.45 490.55 485.65 485.35 490.55 486.1 
323 0.0 0.0 0.0 0.0 0.0 0.0 0.0 490.1 493.8 485.1 486.7 485.7 488.65 491.35 488.55 485.6 482.45 488.85 491.85 486.05 498.85 
324 0.0 0.0 0.0 0.0 0.0 0.0 0.0 491.45 486.6 481.35 481.5 482.6 482.05 487.95 483.8 493.3 492.25 485.05 486.3 488.7 486.0 
325 0.0 0.0 0.0 0.0 0.0 0.0 0.0 487.75 478.95 493.15 486.05 486.85 481.8 488.7 482.7 484.5 483.8 491.9 485.3 481.5 482.65 
326 0.0 0.0 0.0 0.0 0.0 0.0 0.0 482.0 489.3 485.65 492.3 490.75 486.75 483.95 486.2 489.05 489.3 488.2 483.4 488.35 478.85 
327 0.0 0.0 0.0 0.0 0.0 0.0 0.0 478.6 487.75 482.15 484.45 490.45 485.1 475.55 486.35 479.95 487.8 487.1 489.6 485.9 475.95 
328 0.0 0.0 0.0 0.0 0.0 0.0 0.0 485.8 491.5 489.5 495.2 488.35 486.3 481.05 480.5 485.6 482.0 485.5 485.55 481.1 482.4 
329 0.0 0.0 0.0 0.0 0.0 0.0 0.0 489.65 490.2 491.35 476.25 483.15 487.75 495.55 487.85 483.45 478.8 485.45 484.65 479.95 488.85 
330 0.0 0.0 0.0 0.0 0.0 0.0 0.0 480.5 476.7 486.4 489.75 486.3 484.4 484.35 479.2 476.9 482.9 478.25 482.65 476.6 484.85 
331 0.0 0.0 0.0 0.0 0.0 0.0 0.0 493.45 481.1 484.05 487.3 483.1 488.15 485.25 486.2 491.75 481.45 484.9 470.0 481.7 487.0 
332 0.0 0.0 0.0 0.0 0.0 0.0 0.0 474.1 488.05 480.15 486.2 492.15 479.0 483.4 486.5 484.0 484.25 472.5 482.0 479.35 481.5 
333 0.0 0.0 0.0 0.0 0.0 0.0 0.0 470.8 483.3 488.65 489.4 485.55 487.35 482.7 485.8 483.45 491.4 479.0 478.9 481.05 478.5 
334 0.0 0.0 0.0 0.0 0.0 0.0 0.0 457.3 481.95 488.4 481.85 476.0 483.1 477.4 488.1 476.3 491.1 482.95 489.7 486.85 486.05 
335 0.0 0.0 0.0 0.0 0.0 0.0 0.0 462.65 482.3 470.15 477.95 480.0 476.5 477.85 476.9 485.0 475.35 491.4 489.45 487.75 482.1 
336 0.0 0.0 0.0 0.0 0.0 0.0 0.0 441.85 477.65 490.2 475.7 481.25 480.7 481.65 479.85 481.9 483.15 483.85 489.45 480.8 471.65 
337 0.0 0.0 0.0 0.0 0.0 0.0 0.0 405.4 489.75 483.75 486.45 488.3 482.45 488.05 485.1 480.15 485.7 479.4 482.75 483.9 488.8 
338 0.0 0.0 0.0 0.0 0.0 0.0 0.0 364.75 485.2 475.75 485.85 483.9 497.65 479.85 486.6 488.0 476.25 480.75 484.05 486.05 484.3 
339 0.0 0.0 0.0 0.0 0.0 0.0 0.0 362.3 494.1 483.45 486.5 487.05 488.0 484.55 477.6 480.9 483.65 485.25 475.85 486.45 489.25 
340 0.0 0.0 0.0 0.0 0.0 0.0 0.0 360.1 482.75 487.5 479.65 483.75 483.5 491.1 477.55 470.75 485.85 479.5 474.9 477.9 475.3 
341 0.0 0.0 0.0 0.0 0.0 0.0 0.0 287.3 470.75 477.45 486.45 483.8 482.9 477.35 482.8 483.6 477.65 485.1 482.3 481.05 488.75 
342 0.0 0.0 0.0 0.0 0.0 0.0 0.0 204.45 485.55 487.0 475.35 481.85 481.65 486.45 487.8 488.15 479.3 486.55 482.95 489.5 484.75 
343 0.0 0.0 0.0 0.0 0.0 0.0 0.0 129.75 483.15 486.95 485.3 478.85 479.5 479.8 477.15 487.75 480.8 478.8 480.05 478.95 482.2 
344 0.0 0.0 0.0 0.0 0.0 0.0 0.0 66.4 483.3 486.85 484.6 481.25 471.6 480.4 481.0 482.5 477.4 481.95 478.25 480.65 480.45 
345 0.0 0.0 0.0 0.0 0.0 0.0 0.0 51.3 482.05 479.55 487.7 489.15 487.55 474.1 478.5 487.5 482.05 484.25 488.35 485.1 484.45 
346 0.0 0.0 0.0 0.0 0.0 0.0 0.0 30.25 485.05 487.1 483.0 491.8 489.25 479.2 484.5 472.45 489.55 485.65 486.25 489.5 478.7 
347 0.0 0.0 0.0 0.0 0.0 0.0 0.0 5.55 490.35 482.9 482.75 477.85 481.7 484.15 478.4 482.45 482.45 482.45 489.15 478.8 483.35 
348 0.0 0.0 0.0 0.0 0.0 0.0 0.0 0.4 480.8 486.4 480.0 480.5 484.2 489.25 482.3 481.95 487.75 481.25 493.2 485.3 482.0 
349 0.0 0.0 0.0 0.0 0.0 0.0 0.0 0.0 475.45 483.75 472.05 479.2 482.2 483.1 485.3 477.75 474.35 475.35 476.65 483.55 477.9 
350 0.0 0.0 0.0 0.0 0.0 0.0 0.0 0.0 478.1 484.0 483.2 477.4 475.95 485.95 479.7 481.25 483.0 488.1 486.25 474.4 482.15 
351 0.0 0.0 0.0 0.0 0.0 0.0 0.0 0.0 483.9 474.2 482.2 476.55 484.8 481.15 480.5 483.8 484.05 485.05 480.25 483.8 487.05 
352 0.0 0.0 0.0 0.0 0.0 0.0 0.0 0.0 479.25 481.6 486.55 479.65 471.1 482.7 489.55 486.6 479.45 489.6 481.8 484.75 488.35 
353 0.0 0.0 0.0 0.0 0.0 0.0 0.0 0.0 486.2 481.1 489.9 480.15 483.15 482.8 479.85 482.0 475.55 468.25 480.8 481.15 473.15 
354 0.0 0.0 0.0 0.0 0.0 0.0 0.0 0.0 478.55 474.2 484.45 483.6 482.5 474.65 484.05 479.05 485.95 480.95 481.2 482.9 488.25 
355 0.0 0.0 0.0 0.0 0.0 0.0 0.0 0.0 473.5 491.05 480.3 491.35 487.4 480.25 480.9 479.15 482.05 477.35 478.75 489.3 476.45 
356 0.0 0.0 0.0 0.0 0.0 0.0 0.0 0.0 483.1 472.75 476.0 492.85 479.8 481.2 479.8 484.35 479.55 482.8 477.15 482.2 486.9 
357 0.0 0.0 0.0 0.0 0.0 0.0 0.0 0.0 486.0 479.95 481.7 473.4 477.15 478.3 471.3 478.3 473.75 480.05 477.85 478.55 488.05 
358 0.0 0.0 0.0 0.0 0.0 0.0 0.0 0.0 478.35 471.65 477.75 471.85 475.3 474.7 480.3 479.2 484.5 475.35 476.1 478.5 478.75 
359 0.0 0.0 0.0 0.0 0.0 0.0 0.0 0.0 473.9 474.75 484.35 484.6 482.3 482.05 478.95 477.35 480.15 481.1 480.5 483.0 471.3 
360 0.0 0.0 0.0 0.0 0.0 0.0 0.0 0.0 475.0 486.1 475.6 468.0 478.4 484.75 484.4 474.6 480.9 480.85 480.0 473.9 483.5 
361 0.0 0.0 0.0 0.0 0.0 0.0 0.0 0.0 483.0 473.95 473.3 480.75 480.05 479.15 475.0 469.7 474.65 475.5 477.7 478.25 473.35 
362 0.0 0.0 0.0 0.0 0.0 0.0 0.0 0.0 480.3 479.85 472.75 478.95 476.55 480.0 474.65 478.0 476.85 480.5 481.55 474.95 480.7 
363 0.0 0.0 0.0 0.0 0.0 0.0 0.0 0.0 480.05 472.3 478.0 480.5 490.3 469.75 486.75 482.4 480.9 473.85 476.65 474.3 477.3 
364 0.0 0.0 0.0 0.0 0.0 0.0 0.0 0.0 481.15 482.0 482.1 477.2 472.5 479.8 477.1 481.15 480.7 479.65 476.6 477.9 470.85 
365 0.0 0.0 0.0 0.0 0.0 0.0 0.0 0.0 477.6 475.95 474.45 476.0 470.95 483.75 481.2 483.55 481.75 477.95 478.65 470.25 482.35 
366 0.0 0.0 0.0 0.0 0.0 0.0 0.0 0.0 473.6 484.65 479.9 475.7 477.0 478.1 477.15 473.55 472.55 475.55 477.1 478.15 473.4 
367 0.0 0.0 0.0 0.0 0.0 0.0 0.0 0.0 471.35 481.45 477.65 480.2 480.0 477.7 470.5 480.65 470.05 483.6 473.55 474.95 471.35 
368 0.0 0.0 0.0 0.0 0.0 0.0 0.0 0.0 485.05 475.15 473.35 471.15 478.75 469.05 477.35 472.95 477.7 479.7 477.25 483.2 476.35 
369 0.0 0.0 0.0 0.0 0.0 0.0 0.0 0.0 475.85 477.5 482.05 489.1 477.7 477.3 478.15 476.5 474.1 471.85 479.85 473.85 474.2 
370 0.0 0.0 0.0 0.0 0.0 0.0 0.0 0.0 473.6 484.8 475.4 468.9 465.4 477.55 478.05 472.4 476.25 474.25 468.05 472.3 473.6 
371 0.0 0.0 0.0 0.0 0.0 0.0 0.0 0.0 472.0 472.25 473.05 479.4 481.05 482.45 473.2 472.95 469.4 474.85 471.45 474.1 477.7 
372 0.0 0.0 0.0 0.0 0.0 0.0 0.0 0.0 468.05 468.85 481.85 479.2 475.55 469.6 475.15 478.0 477.9 471.85 467.7 470.15 473.75 
373 0.0 0.0 0.0 0.0 0.0 0.0 0.0 0.0 479.75 472.85 474.65 477.5 474.0 476.6 467.6 475.35 478.65 466.8 469.4 469.9 477.35 
374 0.0 0.0 0.0 0.0 0.0 0.0 0.0 0.0 479.2 481.65 479.85 473.85 476.0 476.15 477.1 472.5 469.65 468.35 474.1 467.7 477.75 
375 0.0 0.0 0.0 0.0 0.0 0.0 0.0 0.0 473.6 471.2 466.85 471.15 474.4 470.5 473.25 470.35 471.95 471.1 473.65 473.55 465.7 
376 0.0 0.0 0.0 0.0 0.0 0.0 0.0 0.0 476.2 477.15 473.8 471.5 474.8 472.05 468.7 470.15 471.45 473.05 469.35 475.15 465.0 
377 0.0 0.0 0.0 0.0 0.0 0.0 0.0 0.0 450.05 467.65 467.95 470.75 476.5 479.1 478.1 485.9 475.1 474.2 468.85 475.45 476.95 
378 0.0 0.0 0.0 0.0 0.0 0.0 0.0 0.0 457.25 474.8 475.05 473.2 471.35 481.65 480.7 464.2 474.2 470.05 470.75 477.55 465.65 
379 0.0 0.0 0.0 0.0 0.0 0.0 0.0 0.0 446.95 467.75 463.9 472.5 484.35 468.65 464.7 469.05 469.0 474.7 480.9 468.55 477.25 
380 0.0 0.0 0.0 0.0 0.0 0.0 0.0 0.0 451.85 464.7 470.65 474.9 475.85 470.95 478.7 480.2 477.85 478.15 476.25 468.4 470.85 
381 0.0 0.0 0.0 0.0 0.0 0.0 0.0 0.0 442.55 469.3 473.4 466.3 465.15 475.2 472.15 476.75 471.65 475.2 485.05 477.55 479.45 
382 0.0 0.0 0.0 0.0 0.0 0.0 0.0 0.0 407.85 475.65 474.25 466.2 462.5 474.45 469.7 470.7 472.9 478.85 478.5 474.2 475.7 
383 0.0 0.0 0.0 0.0 0.0 0.0 0.0 0.0 367.45 473.95 475.1 467.9 463.55 464.0 472.6 471.6 474.9 472.0 471.85 467.75 467.9 
384 0.0 0.0 0.0 0.0 0.0 0.0 0.0 0.0 359.95 473.25 468.8 479.6 466.65 465.5 463.45 478.3 471.2 465.3 473.4 464.75 471.75 
385 0.0 0.0 0.0 0.0 0.0 0.0 0.0 0.0 340.0 472.95 475.85 470.15 475.2 470.25 474.8 462.3 469.65 480.65 466.15 474.65 466.0 
386 0.0 0.0 0.0 0.0 0.0 0.0 0.0 0.0 302.6 471.6 471.7 466.15 471.35 476.05 472.25 464.45 469.65 471.85 466.15 471.35 469.85 
387 0.0 0.0 0.0 0.0 0.0 0.0 0.0 0.0 238.5 472.6 467.9 466.7 468.5 469.5 472.6 459.55 470.4 469.7 469.15 475.95 475.25 
388 0.0 0.0 0.0 0.0 0.0 0.0 0.0 0.0 218.1 464.65 475.95 475.35 462.95 463.65 458.15 475.8 466.95 464.55 475.65 473.35 465.15 
389 0.0 0.0 0.0 0.0 0.0 0.0 0.0 0.0 147.7 478.8 471.45 459.3 472.3 462.65 464.8 466.75 467.05 466.15 462.65 472.1 467.7 
390 0.0 0.0 0.0 0.0 0.0 0.0 0.0 0.0 70.25 469.05 462.45 477.85 472.05 475.25 458.65 467.7 468.55 469.55 472.95 481.0 475.85 
391 0.0 0.0 0.0 0.0 0.0 0.0 0.0 0.0 37.3 459.7 468.75 467.0 468.7 467.9 477.15 468.9 476.85 470.0 467.8 465.55 471.6 
392 0.0 0.0 0.0 0.0 0.0 0.0 0.0 0.0 16.65 475.65 470.6 464.2 469.0 459.5 475.1 469.55 475.25 459.45 477.95 463.75 470.05 
393 0.0 0.0 0.0 0.0 0.0 0.0 0.0 0.0 3.25 460.95 461.45 466.35 460.6 473.35 468.65 470.5 462.45 471.05 468.65 460.25 462.75 
394 0.0 0.0 0.0 0.0 0.0 0.0 0.0 0.0 0.0 463.05 461.2 460.05 465.1 464.75 465.55 469.7 462.3 477.6 471.4 475.25 469.3 
395 0.0 0.0 0.0 0.0 0.0 0.0 0.0 0.0 0.0 462.8 462.5 465.5 472.05 467.6 466.8 471.85 463.2 461.6 460.1 468.45 468.35 
396 0.0 0.0 0.0 0.0 0.0 0.0 0.0 0.0 0.0 467.85 459.35 467.0 462.35 470.8 476.2 462.85 468.05 471.2 466.3 465.0 465.25 
397 0.0 0.0 0.0 0.0 0.0 0.0 0.0 0.0 0.0 461.5 466.55 470.4 466.45 466.35 467.45 465.9 464.35 465.1 458.4 470.2 467.9 
398 0.0 0.0 0.0 0.0 0.0 0.0 0.0 0.0 0.0 470.25 478.5 464.6 465.2 458.65 470.05 458.8 465.5 469.0 465.65 462.3 464.3 
399 0.0 0.0 0.0 0.0 0.0 0.0 0.0 0.0 0.0 468.05 468.9 472.95 462.9 467.7 453.4 469.1 467.45 460.35 458.3 464.05 465.15 
400 0.0 0.0 0.0 0.0 0.0 0.0 0.0 0.0 0.0 465.05 464.2 460.2 473.9 460.25 458.35 469.1 460.1 463.6 471.45 461.75 473.5 
401 0.0 0.0 0.0 0.0 0.0 0.0 0.0 0.0 0.0 463.45 465.7 468.0 470.0 466.7 457.4 461.0 462.5 456.3 460.3 463.0 466.45 
402 0.0 0.0 0.0 0.0 0.0 0.0 0.0 0.0 0.0 468.9 466.2 467.95 466.45 467.4 471.75 454.15 461.55 460.35 466.1 461.55 455.05 
403 0.0 0.0 0.0 0.0 0.0 0.0 0.0 0.0 0.0 455.95 462.55 465.05 459.9 463.3 463.9 474.45 466.25 467.3 453.5 464.4 457.3 
404 0.0 0.0 0.0 0.0 0.0 0.0 0.0 0.0 0.0 459.7 468.25 456.75 452.6 465.55 463.4 464.85 471.65 470.05 455.8 471.35 470.95 
405 0.0 0.0 0.0 0.0 0.0 0.0 0.0 0.0 0.0 460.55 454.15 464.05 459.6 458.15 459.1 460.65 460.75 460.7 465.6 470.25 468.25 
406 0.0 0.0 0.0 0.0 0.0 0.0 0.0 0.0 0.0 458.85 451.5 455.65 452.75 458.95 455.05 458.8 463.65 459.05 462.15 455.3 460.95 
407 0.0 0.0 0.0 0.0 0.0 0.0 0.0 0.0 0.0 462.45 460.7 457.25 466.0 454.8 461.4 460.15 461.25 449.05 461.6 454.1 453.45 
408 0.0 0.0 0.0 0.0 0.0 0.0 0.0 0.0 0.0 460.1 458.7 462.3 465.65 458.9 464.35 464.2 463.0 463.0 463.05 461.25 450.3 
409 0.0 0.0 0.0 0.0 0.0 0.0 0.0 0.0 0.0 455.0 457.3 453.15 449.95 458.9 458.8 468.5 458.5 460.15 457.2 448.7 452.65 
410 0.0 0.0 0.0 0.0 0.0 0.0 0.0 0.0 0.0 461.1 457.7 457.05 462.9 458.3 459.35 446.65 453.05 456.2 457.05 458.25 459.9 
411 0.0 0.0 0.0 0.0 0.0 0.0 0.0 0.0 0.0 450.05 462.45 460.1 462.15 457.55 458.25 454.9 445.4 459.9 457.8 451.9 448.05 
412 0.0 0.0 0.0 0.0 0.0 0.0 0.0 0.0 0.0 455.05 454.35 460.05 448.8 453.95 449.0 450.05 458.3 457.05 453.55 450.45 449.1 
413 0.0 0.0 0.0 0.0 0.0 0.0 0.0 0.0 0.0 456.65 452.45 454.75 458.5 454.3 461.95 447.65 451.75 441.25 451.1 452.65 466.9 
414 0.0 0.0 0.0 0.0 0.0 0.0 0.0 0.0 0.0 459.85 458.05 461.85 447.35 453.75 458.1 452.4 448.6 466.0 441.75 451.7 448.5 
415 0.0 0.0 0.0 0.0 0.0 0.0 0.0 0.0 0.0 455.1 456.6 447.65 461.55 452.65 458.35 452.05 453.4 451.2 458.3 453.25 450.0 
416 0.0 0.0 0.0 0.0 0.0 0.0 0.0 0.0 0.0 456.95 449.45 453.15 456.3 455.95 457.7 454.8 455.45 443.45 454.6 451.35 453.95 
417 0.0 0.0 0.0 0.0 0.0 0.0 0.0 0.0 0.0 455.5 452.3 452.75 447.45 455.7 445.05 456.7 450.0 451.3 468.15 448.8 446.6 
418 0.0 0.0 0.0 0.0 0.0 0.0 0.0 0.0 0.0 450.75 451.15 441.2 451.75 455.8 453.15 453.5 453.35 450.75 450.4 444.3 452.85 
419 0.0 0.0 0.0 0.0 0.0 0.0 0.0 0.0 0.0 439.3 445.5 457.2 444.8 453.55 449.25 462.75 454.3 464.25 440.3 452.7 454.1 
420 0.0 0.0 0.0 0.0 0.0 0.0 0.0 0.0 0.0 419.3 448.45 451.2 459.2 451.2 453.6 461.5 457.15 453.2 444.7 452.9 452.8 
421 0.0 0.0 0.0 0.0 0.0 0.0 0.0 0.0 0.0 432.5 455.05 452.0 455.6 454.05 451.65 449.85 448.35 447.25 449.3 439.25 440.9 
422 0.0 0.0 0.0 0.0 0.0 0.0 0.0 0.0 0.0 423.55 453.3 447.9 448.45 443.55 446.7 438.75 451.7 448.0 445.7 451.15 445.4 
423 0.0 0.0 0.0 0.0 0.0 0.0 0.0 0.0 0.0 426.2 444.65 446.15 447.8 442.25 440.65 446.6 437.45 442.75 448.7 450.1 449.5 
424 0.0 0.0 0.0 0.0 0.0 0.0 0.0 0.0 0.0 429.05 445.0 441.9 445.5 446.25 446.9 444.8 449.2 444.55 448.65 449.25 444.0 
425 0.0 0.0 0.0 0.0 0.0 0.0 0.0 0.0 0.0 404.3 444.7 450.4 443.3 446.45 440.0 443.45 446.75 442.95 441.9 436.85 442.35 
426 0.0 0.0 0.0 0.0 0.0 0.0 0.0 0.0 0.0 393.25 452.05 447.25 444.85 443.2 443.25 444.45 445.3 439.05 440.45 447.85 447.85 
427 0.0 0.0 0.0 0.0 0.0 0.0 0.0 0.0 0.0 359.35 440.0 445.5 440.2 444.3 445.0 439.6 437.9 439.5 441.0 447.5 437.9 
428 0.0 0.0 0.0 0.0 0.0 0.0 0.0 0.0 0.0 312.45 432.75 436.95 448.3 444.3 442.55 441.85 439.15 442.85 440.85 439.7 437.0 
429 0.0 0.0 0.0 0.0 0.0 0.0 0.0 0.0 0.0 271.9 443.95 443.75 443.25 442.95 438.1 444.3 437.1 437.25 442.7 440.55 443.85 
430 0.0 0.0 0.0 0.0 0.0 0.0 0.0 0.0 0.0 227.0 438.8 439.45 439.25 436.55 445.6 433.75 445.0 439.15 445.5 441.65 441.95 
431 0.0 0.0 0.0 0.0 0.0 0.0 0.0 0.0 0.0 210.15 449.2 437.55 437.25 433.25 446.95 435.15 436.75 438.75 440.75 440.5 436.3 
432 0.0 0.0 0.0 0.0 0.0 0.0 0.0 0.0 0.0 150.45 435.0 436.9 431.05 443.0 437.4 438.4 442.9 445.0 443.1 435.4 440.75 
433 0.0 0.0 0.0 0.0 0.0 0.0 0.0 0.0 0.0 72.7 441.7 446.65 434.7 443.3 436.45 442.3 435.85 437.45 437.85 438.95 443.25 
434 0.0 0.0 0.0 0.0 0.0 0.0 0.0 0.0 0.0 45.1 436.15 431.6 438.35 431.25 442.5 437.4 438.05 437.9 431.8 437.5 433.1 
435 0.0 0.0 0.0 0.0 0.0 0.0 0.0 0.0 0.0 26.0 440.35 439.5 439.7 434.8 431.65 432.0 429.15 429.8 432.1 432.75 443.8 
436 0.0 0.0 0.0 0.0 0.0 0.0 0.0 0.0 0.0 10.55 431.15 431.15 434.55 441.05 431.9 431.1 433.35 433.35 430.65 433.7 435.05 
437 0.0 0.0 0.0 0.0 0.0 0.0 0.0 0.0 0.0 0.7 430.8 435.75 433.4 424.25 430.45 430.0 430.65 425.4 435.6 430.4 429.45 
438 0.0 0.0 0.0 0.0 0.0 0.0 0.0 0.0 0.0 0.0 439.65 434.8 434.95 428.4 435.25 440.0 433.75 437.55 433.35 433.75 427.4 
439 0.0 0.0 0.0 0.0 0.0 0.0 0.0 0.0 0.0 0.0 427.9 425.85 428.15 431.1 420.45 429.9 432.2 431.05 429.4 432.7 423.4 
440 0.0 0.0 0.0 0.0 0.0 0.0 0.0 0.0 0.0 0.0 438.35 432.7 429.6 431.1 428.4 428.2 427.2 434.25 431.65 422.6 433.45 
441 0.0 0.0 0.0 0.0 0.0 0.0 0.0 0.0 0.0 0.0 424.85 437.25 433.6 423.4 430.9 428.85 425.85 428.55 420.85 426.55 423.6 
442 0.0 0.0 0.0 0.0 0.0 0.0 0.0 0.0 0.0 0.0 419.4 424.35 423.55 427.5 422.25 427.3 431.55 428.25 419.95 432.05 416.0 
443 0.0 0.0 0.0 0.0 0.0 0.0 0.0 0.0 0.0 0.0 424.9 421.8 419.55 427.55 420.7 419.2 421.25 412.5 420.85 418.2 428.6 
444 0.0 0.0 0.0 0.0 0.0 0.0 0.0 0.0 0.0 0.0 426.6 423.55 418.7 420.65 421.4 419.5 419.95 419.35 424.95 413.6 420.95 
445 0.0 0.0 0.0 0.0 0.0 0.0 0.0 0.0 0.0 0.0 417.5 419.6 422.7 419.4 415.55 416.4 415.05 422.2 424.0 423.25 413.9 
446 0.0 0.0 0.0 0.0 0.0 0.0 0.0 0.0 0.0 0.0 418.5 412.4 420.8 423.2 418.2 417.1 420.35 417.4 408.9 412.0 412.95 
447 0.0 0.0 0.0 0.0 0.0 0.0 0.0 0.0 0.0 0.0 418.65 414.1 416.95 417.5 419.1 414.95 416.55 417.55 415.0 413.15 410.5 
448 0.0 0.0 0.0 0.0 0.0 0.0 0.0 0.0 0.0 0.0 413.4 415.65 412.55 415.3 412.15 413.4 416.75 417.45 409.85 414.55 411.65 
449 0.0 0.0 0.0 0.0 0.0 0.0 0.0 0.0 0.0 0.0 414.8 419.35 413.7 404.65 410.0 408.2 406.25 411.5 402.4 410.1 417.25 
450 0.0 0.0 0.0 0.0 0.0 0.0 0.0 0.0 0.0 0.0 415.75 408.1 415.5 411.05 411.0 409.15 409.05 404.55 414.9 404.4 398.6 
451 0.0 0.0 0.0 0.0 0.0 0.0 0.0 0.0 0.0 0.0 410.6 401.05 412.2 408.1 409.2 403.05 408.4 407.7 399.75 407.7 403.9 
452 0.0 0.0 0.0 0.0 0.0 0.0 0.0 0.0 0.0 0.0 405.15 414.85 387.25 401.6 408.6 403.0 406.95 399.45 405.1 399.65 401.9 
453 0.0 0.0 0.0 0.0 0.0 0.0 0.0 0.0 0.0 0.0 398.8 400.8 402.5 398.7 400.85 404.15 392.7 403.85 397.75 396.7 405.75 
454 0.0 0.0 0.0 0.0 0.0 0.0 0.0 0.0 0.0 0.0 402.0 403.2 404.8 395.95 395.15 406.7 395.3 398.7 402.6 393.9 398.85 
455 0.0 0.0 0.0 0.0 0.0 0.0 0.0 0.0 0.0 0.0 398.05 398.1 398.6 405.7 395.2 389.15 394.6 387.7 390.05 390.55 386.2 
456 0.0 0.0 0.0 0.0 0.0 0.0 0.0 0.0 0.0 0.0 395.4 396.25 398.45 397.6 392.9 394.3 396.95 388.15 395.55 394.2 389.2 
457 0.0 0.0 0.0 0.0 0.0 0.0 0.0 0.0 0.0 0.0 400.75 396.55 399.3 390.8 391.05 387.85 384.9 390.3 387.3 386.85 393.2 
458 0.0 0.0 0.0 0.0 0.0 0.0 0.0 0.0 0.0 0.0 390.05 388.5 387.8 386.1 388.85 383.25 387.4 387.05 383.75 380.05 379.35 
459 0.0 0.0 0.0 0.0 0.0 0.0 0.0 0.0 0.0 0.0 385.7 384.55 383.65 382.7 387.45 381.2 377.75 379.55 387.55 383.35 371.85 
460 0.0 0.0 0.0 0.0 0.0 0.0 0.0 0.0 0.0 0.0 385.25 388.35 386.9 381.85 377.3 384.25 377.9 379.8 375.4 378.7 374.25 
461 0.0 0.0 0.0 0.0 0.0 0.0 0.0 0.0 0.0 0.0 369.35 382.75 378.9 377.45 376.75 372.95 377.8 372.75 371.75 371.8 371.1 
462 0.0 0.0 0.0 0.0 0.0 0.0 0.0 0.0 0.0 0.0 361.2 381.55 371.55 376.75 370.2 380.8 367.7 367.8 368.5 364.8 366.6 
463 0.0 0.0 0.0 0.0 0.0 0.0 0.0 0.0 0.0 0.0 356.45 370.1 376.3 372.85 371.75 369.85 371.65 367.95 369.0 365.15 364.4 
464 0.0 0.0 0.0 0.0 0.0 0.0 0.0 0.0 0.0 0.0 353.4 361.4 368.25 372.1 366.75 362.9 375.15 362.1 359.55 361.25 358.45 
465 0.0 0.0 0.0 0.0 0.0 0.0 0.0 0.0 0.0 0.0 337.4 361.95 360.3 359.6 373.55 368.7 351.85 355.9 363.55 356.75 350.7 
466 0.0 0.0 0.0 0.0 0.0 0.0 0.0 0.0 0.0 0.0 330.8 358.7 356.15 366.6 352.4 359.15 363.55 358.9 350.05 351.95 346.8 
467 0.0 0.0 0.0 0.0 0.0 0.0 0.0 0.0 0.0 0.0 292.85 359.0 357.45 352.65 355.9 351.55 345.95 346.1 342.15 345.9 341.5 
468 0.0 0.0 0.0 0.0 0.0 0.0 0.0 0.0 0.0 0.0 260.9 359.7 353.0 344.85 346.15 346.5 338.55 340.85 341.2 335.25 338.3 
469 0.0 0.0 0.0 0.0 0.0 0.0 0.0 0.0 0.0 0.0 224.5 347.05 354.65 341.8 340.3 333.5 338.95 341.05 332.65 333.7 329.8 
470 0.0 0.0 0.0 0.0 0.0 0.0 0.0 0.0 0.0 0.0 183.65 347.65 335.9 348.0 340.95 326.35 333.9 325.45 319.75 321.0 323.35 
471 0.0 0.0 0.0 0.0 0.0 0.0 0.0 0.0 0.0 0.0 159.85 333.8 336.5 333.35 324.75 327.75 328.9 324.2 319.8 319.1 319.65 
472 0.0 0.0 0.0 0.0 0.0 0.0 0.0 0.0 0.0 0.0 108.2 328.8 327.9 320.95 324.0 324.45 310.45 312.75 311.6 314.3 306.9 
473 0.0 0.0 0.0 0.0 0.0 0.0 0.0 0.0 0.0 0.0 76.0 325.75 318.5 314.85 312.95 318.6 314.3 309.1 305.0 298.95 301.5 
474 0.0 0.0 0.0 0.0 0.0 0.0 0.0 0.0 0.0 0.0 46.6 327.25 313.5 305.05 303.85 304.2 299.1 296.45 296.8 292.15 290.35 
475 0.0 0.0 0.0 0.0 0.0 0.0 0.0 0.0 0.0 0.0 34.7 304.0 309.9 309.85 296.1 290.0 296.8 286.3 284.3 283.3 276.6 
476 0.0 0.0 0.0 0.0 0.0 0.0 0.0 0.0 0.0 0.0 10.75 297.95 296.85 292.05 291.15 284.05 279.75 279.95 277.35 271.85 270.35 
477 0.0 0.0 0.0 0.0 0.0 0.0 0.0 0.0 0.0 0.0 1.2 291.1 289.05 284.55 282.25 282.8 268.1 267.65 265.95 262.45 265.05 
478 0.0 0.0 0.0 0.0 0.0 0.0 0.0 0.0 0.0 0.0 0.0 276.0 273.1 272.4 273.65 265.45 255.95 254.2 256.85 249.65 243.3 
479 0.0 0.0 0.0 0.0 0.0 0.0 0.0 0.0 0.0 0.0 0.0 274.4 262.1 264.2 258.25 255.0 254.45 246.9 242.85 244.45 240.6 
480 0.0 0.0 0.0 0.0 0.0 0.0 0.0 0.0 0.0 0.0 0.0 260.2 259.75 251.9 246.45 237.3 237.6 236.65 230.45 225.6 226.95 
481 0.0 0.0 0.0 0.0 0.0 0.0 0.0 0.0 0.0 0.0 0.0 242.4 237.85 235.45 232.55 233.95 221.9 224.1 217.5 218.35 216.35 
482 0.0 0.0 0.0 0.0 0.0 0.0 0.0 0.0 0.0 0.0 0.0 234.95 226.2 221.55 217.1 208.7 211.9 203.0 207.15 206.8 202.3 
483 0.0 0.0 0.0 0.0 0.0 0.0 0.0 0.0 0.0 0.0 0.0 216.15 215.45 202.55 199.4 192.75 191.5 197.3 189.15 187.05 190.6 
484 0.0 0.0 0.0 0.0 0.0 0.0 0.0 0.0 0.0 0.0 0.0 204.85 192.3 181.2 182.35 183.9 183.25 177.25 181.9 179.05 182.85 
485 0.0 0.0 0.0 0.0 0.0 0.0 0.0 0.0 0.0 0.0 0.0 184.7 176.2 173.35 166.05 163.35 166.5 169.95 165.75 169.1 165.1 
486 0.0 0.0 0.0 0.0 0.0 0.0 0.0 0.0 0.0 0.0 0.0 165.85 153.6 156.1 154.45 152.9 153.05 149.2 155.85 156.0 158.75 
487 0.0 0.0 0.0 0.0 0.0 0.0 0.0 0.0 0.0 0.0 0.0 137.2 131.3 132.3 131.8 136.4 136.0 140.75 138.6 142.75 144.85 
488 0.0 0.0 0.0 0.0 0.0 0.0 0.0 0.0 0.0 0.0 0.0 111.65 112.45 111.7 116.8 121.45 124.45 127.6 124.95 130.05 128.15 
489 0.0 0.0 0.0 0.0 0.0 0.0 0.0 0.0 0.0 0.0 0.0 82.75 93.0 92.85 99.0 101.55 108.75 109.9 118.95 117.0 120.3 
490 0.0 0.0 0.0 0.0 0.0 0.0 0.0 0.0 0.0 0.0 0.0 57.3 66.2 80.65 84.9 89.25 95.1 97.4 103.6 104.55 110.3 
491 0.0 0.0 0.0 0.0 0.0 0.0 0.0 0.0 0.0 0.0 0.0 34.8 54.1 65.35 71.45 78.35 82.75 89.5 92.5 98.1 101.35 
492 0.0 0.0 0.0 0.0 0.0 0.0 0.0 0.0 0.0 0.0 0.0 19.5 40.5 52.7 59.7 66.15 72.1 78.05 82.1 86.35 91.85 
493 0.0 0.0 0.0 0.0 0.0 0.0 0.0 0.0 0.0 0.0 0.0 7.7 27.15 38.65 48.3 56.6 61.9 68.8 73.0 83.8 82.1 
494 0.0 0.0 0.0 0.0 0.0 0.0 0.0 0.0 0.0 0.0 0.0 3.45 18.7 30.0 38.05 43.4 53.65 58.7 66.65 67.95 76.5 
495 0.0 0.0 0.0 0.0 0.0 0.0 0.0 0.0 0.0 0.0 0.0 0.7 11.25 20.1 32.85 42.8 45.5 52.45 57.4 65.2 70.0 
496 0.0 0.0 0.0 0.0 0.0 0.0 0.0 0.0 0.0 0.0 0.0 0.5 6.6 15.0 24.55 31.6 38.4 45.5 54.95 58.75 65.8 
497 0.0 0.0 0.0 0.0 0.0 0.0 0.0 0.0 0.0 0.0 0.0 0.15 4.05 11.7 18.5 25.85 34.55 42.7 48.5 56.05 65.25 
498 0.0 0.0 0.0 0.0 0.0 0.0 0.0 0.0 0.0 0.0 0.0 0.0 2.5 8.25 15.15 23.5 30.6 40.75 46.9 55.7 59.7 
499 0.0 0.0 0.0 0.0 0.0 0.0 0.0 0.0 0.0 0.0 0.0 0.0 1.55 7.35 14.3 21.9 30.8 37.5 44.7 49.9 58.95 
