0 0.93798738168122 0.0 0.0 0.0 0.0 0.0 0.0 0.0 0.0 0.0 0.0 0.0 0.0 0.0 0.0 0.0 0.0 0.0 0.0 0.0 0.0 
1 0.9376271813227802 0.0 0.0 0.0 0.0 0.0 0.0 0.0 0.0 0.0 0.0 0.0 0.0 0.0 0.0 0.0 0.0 0.0 0.0 0.0 0.0 
2 0.9371662630414189 0.0 0.0 0.0 0.0 0.0 0.0 0.0 0.0 0.0 0.0 0.0 0.0 0.0 0.0 0.0 0.0 0.0 0.0 0.0 0.0 
3 0.9367035440718826 0.0 0.0 0.0 0.0 0.0 0.0 0.0 0.0 0.0 0.0 0.0 0.0 0.0 0.0 0.0 0.0 0.0 0.0 0.0 0.0 
4 0.9362390193939806 0.0 0.0 0.0 0.0 0.0 0.0 0.0 0.0 0.0 0.0 0.0 0.0 0.0 0.0 0.0 0.0 0.0 0.0 0.0 0.0 
5 0.9357726839915126 0.0 0.0 0.0 0.0 0.0 0.0 0.0 0.0 0.0 0.0 0.0 0.0 0.0 0.0 0.0 0.0 0.0 0.0 0.0 0.0 
6 0.9353045328524698 0.0 0.0 0.0 0.0 0.0 0.0 0.0 0.0 0.0 0.0 0.0 0.0 0.0 0.0 0.0 0.0 0.0 0.0 0.0 0.0 
7 0.9348345609692311 0.0 0.0 0.0 0.0 0.0 0.0 0.0 0.0 0.0 0.0 0.0 0.0 0.0 0.0 0.0 0.0 0.0 0.0 0.0 0.0 
8 0.9343627633387598 0.0 0.0 0.0 0.0 0.0 0.0 0.0 0.0 0.0 0.0 0.0 0.0 0.0 0.0 0.0 0.0 0.0 0.0 0.0 0.0 
9 0.933889134962803 0.0 0.0 0.0 0.0 0.0 0.0 0.0 0.0 0.0 0.0 0.0 0.0 0.0 0.0 0.0 0.0 0.0 0.0 0.0 0.0 
10 0.9334136708480957 0.0 0.0 0.0 0.0 0.0 0.0 0.0 0.0 0.0 0.0 0.0 0.0 0.0 0.0 0.0 0.0 0.0 0.0 0.0 0.0 
11 0.9329363660065617 0.0 0.0 0.0 0.0 0.0 0.0 0.0 0.0 0.0 0.0 0.0 0.0 0.0 0.0 0.0 0.0 0.0 0.0 0.0 0.0 
12 0.9324572154555174 0.0 0.0 0.0 0.0 0.0 0.0 0.0 0.0 0.0 0.0 0.0 0.0 0.0 0.0 0.0 0.0 0.0 0.0 0.0 0.0 
13 0.9319762142178781 0.0 0.0 0.0 0.0 0.0 0.0 0.0 0.0 0.0 0.0 0.0 0.0 0.0 0.0 0.0 0.0 0.0 0.0 0.0 0.0 
14 0.9314933573223682 0.0 0.0 0.0 0.0 0.0 0.0 0.0 0.0 0.0 0.0 0.0 0.0 0.0 0.0 0.0 0.0 0.0 0.0 0.0 0.0 
15 0.9310086398037252 0.0 0.0 0.0 0.0 0.0 0.0 0.0 0.0 0.0 0.0 0.0 0.0 0.0 0.0 0.0 0.0 0.0 0.0 0.0 0.0 
16 0.9305220567029148 0.0 0.0 0.0 0.0 0.0 0.0 0.0 0.0 0.0 0.0 0.0 0.0 0.0 0.0 0.0 0.0 0.0 0.0 0.0 0.0 
17 0.9300336030673402 0.0 0.0 0.0 0.0 0.0 0.0 0.0 0.0 0.0 0.0 0.0 0.0 0.0 0.0 0.0 0.0 0.0 0.0 0.0 0.0 
18 0.9295432739510568 0.0 0.0 0.0 0.0 0.0 0.0 0.0 0.0 0.0 0.0 0.0 0.0 0.0 0.0 0.0 0.0 0.0 0.0 0.0 0.0 
19 0.929051064414988 0.0 0.0 0.0 0.0 0.0 0.0 0.0 0.0 0.0 0.0 0.0 0.0 0.0 0.0 0.0 0.0 0.0 0.0 0.0 0.0 
20 0.9285569695271377 0.0 0.0 0.0 0.0 0.0 0.0 0.0 0.0 0.0 0.0 0.0 0.0 0.0 0.0 0.0 0.0 0.0 0.0 0.0 0.0 
21 0.9280609843628168 0.0 0.0 0.0 0.0 0.0 0.0 0.0 0.0 0.0 0.0 0.0 0.0 0.0 0.0 0.0 0.0 0.0 0.0 0.0 0.0 
22 0.9275631040048535 0.0 0.0 0.0 0.0 0.0 0.0 0.0 0.0 0.0 0.0 0.0 0.0 0.0 0.0 0.0 0.0 0.0 0.0 0.0 0.0 
23 0.9270633235438211 0.0 0.0 0.0 0.0 0.0 0.0 0.0 0.0 0.0 0.0 0.0 0.0 0.0 0.0 0.0 0.0 0.0 0.0 0.0 0.0 
24 0.9265616380782594 0.0 0.0 0.0 0.0 0.0 0.0 0.0 0.0 0.0 0.0 0.0 0.0 0.0 0.0 0.0 0.0 0.0 0.0 0.0 0.0 
25 0.9260580427148962 0.0 0.0 0.0 0.0 0.0 0.0 0.0 0.0 0.0 0.0 0.0 0.0 0.0 0.0 0.0 0.0 0.0 0.0 0.0 0.0 
26 0.925552532568879 0.0 0.0 0.0 0.0 0.0 0.0 0.0 0.0 0.0 0.0 0.0 0.0 0.0 0.0 0.0 0.0 0.0 0.0 0.0 0.0 
27 0.9250451027639937 0.0 0.0 0.0 0.0 0.0 0.0 0.0 0.0 0.0 0.0 0.0 0.0 0.0 0.0 0.0 0.0 0.0 0.0 0.0 0.0 
28 0.9245357484329034 0.0 0.0 0.0 0.0 0.0 0.0 0.0 0.0 0.0 0.0 0.0 0.0 0.0 0.0 0.0 0.0 0.0 0.0 0.0 0.0 
29 0.924024464717373 0.0 0.0 0.0 0.0 0.0 0.0 0.0 0.0 0.0 0.0 0.0 0.0 0.0 0.0 0.0 0.0 0.0 0.0 0.0 0.0 
30 0.9235112467685017 0.0 0.0 0.0 0.0 0.0 0.0 0.0 0.0 0.0 0.0 0.0 0.0 0.0 0.0 0.0 0.0 0.0 0.0 0.0 0.0 
31 0.9229960897469572 0.0 0.0 0.0 0.0 0.0 0.0 0.0 0.0 0.0 0.0 0.0 0.0 0.0 0.0 0.0 0.0 0.0 0.0 0.0 0.0 
32 0.9224789888232129 0.0 0.0 0.0 0.0 0.0 0.0 0.0 0.0 0.0 0.0 0.0 0.0 0.0 0.0 0.0 0.0 0.0 0.0 0.0 0.0 
33 0.9219599391777807 0.0 0.0 0.0 0.0 0.0 0.0 0.0 0.0 0.0 0.0 0.0 0.0 0.0 0.0 0.0 0.0 0.0 0.0 0.0 0.0 
34 0.9214389360014531 0.0 0.0 0.0 0.0 0.0 0.0 0.0 0.0 0.0 0.0 0.0 0.0 0.0 0.0 0.0 0.0 0.0 0.0 0.0 0.0 
35 0.9209159744955396 0.0 0.0 0.0 0.0 0.0 0.0 0.0 0.0 0.0 0.0 0.0 0.0 0.0 0.0 0.0 0.0 0.0 0.0 0.0 0.0 
36 0.9203910498721104 0.0 0.0 0.0 0.0 0.0 0.0 0.0 0.0 0.0 0.0 0.0 0.0 0.0 0.0 0.0 0.0 0.0 0.0 0.0 0.0 
37 0.919864157354237 0.0 0.0 0.0 0.0 0.0 0.0 0.0 0.0 0.0 0.0 0.0 0.0 0.0 0.0 0.0 0.0 0.0 0.0 0.0 0.0 
38 0.9193352921762387 0.0 0.0 0.0 0.0 0.0 0.0 0.0 0.0 0.0 0.0 0.0 0.0 0.0 0.0 0.0 0.0 0.0 0.0 0.0 0.0 
39 0.9188044495839257 0.0 0.0 0.0 0.0 0.0 0.0 0.0 0.0 0.0 0.0 0.0 0.0 0.0 0.0 0.0 0.0 0.0 0.0 0.0 0.0 
40 0.918271624834851 0.0 0.0 0.0 0.0 0.0 0.0 0.0 0.0 0.0 0.0 0.0 0.0 0.0 0.0 0.0 0.0 0.0 0.0 0.0 0.0 
41 0.9177368131985538 0.0 0.0 0.0 0.0 0.0 0.0 0.0 0.0 0.0 0.0 0.0 0.0 0.0 0.0 0.0 0.0 0.0 0.0 0.0 0.0 
42 0.9172000099568131 0.0 0.0 0.0 0.0 0.0 0.0 0.0 0.0 0.0 0.0 0.0 0.0 0.0 0.0 0.0 0.0 0.0 0.0 0.0 0.0 
43 0.9166612104038986 0.0 0.0 0.0 0.0 0.0 0.0 0.0 0.0 0.0 0.0 0.0 0.0 0.0 0.0 0.0 0.0 0.0 0.0 0.0 0.0 
44 0.9161204098468259 0.0 0.0 0.0 0.0 0.0 0.0 0.0 0.0 0.0 0.0 0.0 0.0 0.0 0.0 0.0 0.0 0.0 0.0 0.0 0.0 
45 0.9155776036056068 0.0 0.0 0.0 0.0 0.0 0.0 0.0 0.0 0.0 0.0 0.0 0.0 0.0 0.0 0.0 0.0 0.0 0.0 0.0 0.0 
46 0.9150327870135108 0.0 0.0 0.0 0.0 0.0 0.0 0.0 0.0 0.0 0.0 0.0 0.0 0.0 0.0 0.0 0.0 0.0 0.0 0.0 0.0 
47 0.9144859554173198 0.005905317550749346 0.0 0.0 0.0 0.0 0.0 0.0 0.0 0.0 0.0 0.0 0.0 0.0 0.0 0.0 0.0 0.0 0.0 0.0 0.0 
48 0.9139371041775913 0.14303301820680306 0.0 0.0 0.0 0.0 0.0 0.0 0.0 0.0 0.0 0.0 0.0 0.0 0.0 0.0 0.0 0.0 0.0 0.0 0.0 
49 0.9133862286689102 0.5757458353603097 0.0 0.0 0.0 0.0 0.0 0.0 0.0 0.0 0.0 0.0 0.0 0.0 0.0 0.0 0.0 0.0 0.0 0.0 0.0 
50 0.9128333242801633 0.6940597878942512 0.0 0.0 0.0 0.0 0.0 0.0 0.0 0.0 0.0 0.0 0.0 0.0 0.0 0.0 0.0 0.0 0.0 0.0 0.0 
51 0.9122783864147943 0.7566428787466731 0.0 0.0 0.0 0.0 0.0 0.0 0.0 0.0 0.0 0.0 0.0 0.0 0.0 0.0 0.0 0.0 0.0 0.0 0.0 
52 0.9117214104910722 0.9068434846829774 0.0 0.0 0.0 0.0 0.0 0.0 0.0 0.0 0.0 0.0 0.0 0.0 0.0 0.0 0.0 0.0 0.0 0.0 0.0 
53 0.9111623919423584 0.9107186349855307 0.0 0.0 0.0 0.0 0.0 0.0 0.0 0.0 0.0 0.0 0.0 0.0 0.0 0.0 0.0 0.0 0.0 0.0 0.0 
54 0.9106013262173723 0.9105780709626478 0.0 0.0 0.0 0.0 0.0 0.0 0.0 0.0 0.0 0.0 0.0 0.0 0.0 0.0 0.0 0.0 0.0 0.0 0.0 
55 0.9100382087804645 0.9100382087804645 0.0 0.0 0.0 0.0 0.0 0.0 0.0 0.0 0.0 0.0 0.0 0.0 0.0 0.0 0.0 0.0 0.0 0.0 0.0 
56 0.9094730351118857 0.9094730351118857 0.0 0.0 0.0 0.0 0.0 0.0 0.0 0.0 0.0 0.0 0.0 0.0 0.0 0.0 0.0 0.0 0.0 0.0 0.0 
57 0.90890580070806 0.90890580070806 0.0 0.0 0.0 0.0 0.0 0.0 0.0 0.0 0.0 0.0 0.0 0.0 0.0 0.0 0.0 0.0 0.0 0.0 0.0 
58 0.9083365010818577 0.9083365010818577 0.0 0.0 0.0 0.0 0.0 0.0 0.0 0.0 0.0 0.0 0.0 0.0 0.0 0.0 0.0 0.0 0.0 0.0 0.0 
59 0.9077651317628723 0.9077651317628723 0.0 0.0 0.0 0.0 0.0 0.0 0.0 0.0 0.0 0.0 0.0 0.0 0.0 0.0 0.0 0.0 0.0 0.0 0.0 
60 0.9071916882976969 0.9071916882976969 0.0 0.0 0.0 0.0 0.0 0.0 0.0 0.0 0.0 0.0 0.0 0.0 0.0 0.0 0.0 0.0 0.0 0.0 0.0 
61 0.9066161662502022 0.9066161662502022 0.0 0.0 0.0 0.0 0.0 0.0 0.0 0.0 0.0 0.0 0.0 0.0 0.0 0.0 0.0 0.0 0.0 0.0 0.0 
62 0.9060385612018143 0.9060385612018143 0.0 0.0 0.0 0.0 0.0 0.0 0.0 0.0 0.0 0.0 0.0 0.0 0.0 0.0 0.0 0.0 0.0 0.0 0.0 
63 0.9054588687518004 0.9054588687518004 0.0 0.0 0.0 0.0 0.0 0.0 0.0 0.0 0.0 0.0 0.0 0.0 0.0 0.0 0.0 0.0 0.0 0.0 0.0 
64 0.9048770845175463 0.9048770845175463 0.0 0.0 0.0 0.0 0.0 0.0 0.0 0.0 0.0 0.0 0.0 0.0 0.0 0.0 0.0 0.0 0.0 0.0 0.0 
65 0.9042932041348438 0.9042932041348438 0.0 0.0 0.0 0.0 0.0 0.0 0.0 0.0 0.0 0.0 0.0 0.0 0.0 0.0 0.0 0.0 0.0 0.0 0.0 
66 0.9037072232581739 0.9037072232581739 0.0 0.0 0.0 0.0 0.0 0.0 0.0 0.0 0.0 0.0 0.0 0.0 0.0 0.0 0.0 0.0 0.0 0.0 0.0 
67 0.9031191375609954 0.9031191375609954 0.0 0.0 0.0 0.0 0.0 0.0 0.0 0.0 0.0 0.0 0.0 0.0 0.0 0.0 0.0 0.0 0.0 0.0 0.0 
68 0.9025289427360278 0.9025289427360278 0.0 0.0 0.0 0.0 0.0 0.0 0.0 0.0 0.0 0.0 0.0 0.0 0.0 0.0 0.0 0.0 0.0 0.0 0.0 
69 0.9019366344955488 0.9019366344955488 0.0 0.0 0.0 0.0 0.0 0.0 0.0 0.0 0.0 0.0 0.0 0.0 0.0 0.0 0.0 0.0 0.0 0.0 0.0 
70 0.901342208571679 0.901342208571679 0.0 0.0 0.0 0.0 0.0 0.0 0.0 0.0 0.0 0.0 0.0 0.0 0.0 0.0 0.0 0.0 0.0 0.0 0.0 
71 0.9007456607166745 0.9007456607166745 0.0 0.0 0.0 0.0 0.0 0.0 0.0 0.0 0.0 0.0 0.0 0.0 0.0 0.0 0.0 0.0 0.0 0.0 0.0 
72 0.900146986703222 0.900146986703222 0.0 0.0 0.0 0.0 0.0 0.0 0.0 0.0 0.0 0.0 0.0 0.0 0.0 0.0 0.0 0.0 0.0 0.0 0.0 
73 0.8995461823247327 0.8995461823247327 0.0 0.0 0.0 0.0 0.0 0.0 0.0 0.0 0.0 0.0 0.0 0.0 0.0 0.0 0.0 0.0 0.0 0.0 0.0 
74 0.8989432433956386 0.8989432433956386 0.0 0.0 0.0 0.0 0.0 0.0 0.0 0.0 0.0 0.0 0.0 0.0 0.0 0.0 0.0 0.0 0.0 0.0 0.0 
75 0.8983381657516885 0.8983381657516885 0.0 0.0 0.0 0.0 0.0 0.0 0.0 0.0 0.0 0.0 0.0 0.0 0.0 0.0 0.0 0.0 0.0 0.0 0.0 
76 0.8977309452502477 0.8977309452502477 0.0 0.0 0.0 0.0 0.0 0.0 0.0 0.0 0.0 0.0 0.0 0.0 0.0 0.0 0.0 0.0 0.0 0.0 0.0 
77 0.8971215777705982 0.8971215777705982 0.0 0.0 0.0 0.0 0.0 0.0 0.0 0.0 0.0 0.0 0.0 0.0 0.0 0.0 0.0 0.0 0.0 0.0 0.0 
78 0.8965100592142402 0.8965100592142402 0.0 0.0 0.0 0.0 0.0 0.0 0.0 0.0 0.0 0.0 0.0 0.0 0.0 0.0 0.0 0.0 0.0 0.0 0.0 
79 0.8958963855051915 0.8958963855051915 0.0 0.0 0.0 0.0 0.0 0.0 0.0 0.0 0.0 0.0 0.0 0.0 0.0 0.0 0.0 0.0 0.0 0.0 0.0 
80 0.8952805525902935 0.8952805525902935 0.0 0.0 0.0 0.0 0.0 0.0 0.0 0.0 0.0 0.0 0.0 0.0 0.0 0.0 0.0 0.0 0.0 0.0 0.0 
81 0.8946625564395173 0.8946625564395173 0.0 0.0 0.0 0.0 0.0 0.0 0.0 0.0 0.0 0.0 0.0 0.0 0.0 0.0 0.0 0.0 0.0 0.0 0.0 
82 0.8940423930462668 0.8940423930462668 0.0 0.0 0.0 0.0 0.0 0.0 0.0 0.0 0.0 0.0 0.0 0.0 0.0 0.0 0.0 0.0 0.0 0.0 0.0 
83 0.8934200584276887 0.8934200584276887 0.0 0.0 0.0 0.0 0.0 0.0 0.0 0.0 0.0 0.0 0.0 0.0 0.0 0.0 0.0 0.0 0.0 0.0 0.0 
84 0.8927955486249777 0.8927955486249777 0.0 0.0 0.0 0.0 0.0 0.0 0.0 0.0 0.0 0.0 0.0 0.0 0.0 0.0 0.0 0.0 0.0 0.0 0.0 
85 0.8921688597036898 0.8921688597036898 0.0 0.0 0.0 0.0 0.0 0.0 0.0 0.0 0.0 0.0 0.0 0.0 0.0 0.0 0.0 0.0 0.0 0.0 0.0 
86 0.8915399877540511 0.8915399877540511 0.0 0.0 0.0 0.0 0.0 0.0 0.0 0.0 0.0 0.0 0.0 0.0 0.0 0.0 0.0 0.0 0.0 0.0 0.0 
87 0.8909089288912707 0.8909089288912707 0.0 0.0 0.0 0.0 0.0 0.0 0.0 0.0 0.0 0.0 0.0 0.0 0.0 0.0 0.0 0.0 0.0 0.0 0.0 
88 0.8902756792558527 0.8902756792558527 0.0 0.0 0.0 0.0 0.0 0.0 0.0 0.0 0.0 0.0 0.0 0.0 0.0 0.0 0.0 0.0 0.0 0.0 0.0 
89 0.8896402350139118 0.8896402350139118 0.0 0.0 0.0 0.0 0.0 0.0 0.0 0.0 0.0 0.0 0.0 0.0 0.0 0.0 0.0 0.0 0.0 0.0 0.0 
90 0.8890025923574875 0.8890025923574875 0.0 0.0 0.0 0.0 0.0 0.0 0.0 0.0 0.0 0.0 0.0 0.0 0.0 0.0 0.0 0.0 0.0 0.0 0.0 
91 0.8883627475048629 0.8883627475048629 0.0 0.0 0.0 0.0 0.0 0.0 0.0 0.0 0.0 0.0 0.0 0.0 0.0 0.0 0.0 0.0 0.0 0.0 0.0 
92 0.8877206967008794 0.8877206967008794 0.0 0.0 0.0 0.0 0.0 0.0 0.0 0.0 0.0 0.0 0.0 0.0 0.0 0.0 0.0 0.0 0.0 0.0 0.0 
93 0.8870764362172567 0.8870764362172567 0.0 0.0 0.0 0.0 0.0 0.0 0.0 0.0 0.0 0.0 0.0 0.0 0.0 0.0 0.0 0.0 0.0 0.0 0.0 
94 0.8864299623529137 0.8864299623529137 0.0 0.0 0.0 0.0 0.0 0.0 0.0 0.0 0.0 0.0 0.0 0.0 0.0 0.0 0.0 0.0 0.0 0.0 0.0 
95 0.8857812714342879 0.8857812714342879 0.00206829350501564 0.0 0.0 0.0 0.0 0.0 0.0 0.0 0.0 0.0 0.0 0.0 0.0 0.0 0.0 0.0 0.0 0.0 0.0 
96 0.8851303598156566 0.8851303598156566 0.09632557548467174 0.0 0.0 0.0 0.0 0.0 0.0 0.0 0.0 0.0 0.0 0.0 0.0 0.0 0.0 0.0 0.0 0.0 0.0 
97 0.8844772238794617 0.8844772238794617 0.25374263926186547 0.0 0.0 0.0 0.0 0.0 0.0 0.0 0.0 0.0 0.0 0.0 0.0 0.0 0.0 0.0 0.0 0.0 0.0 
98 0.8838218600366344 0.8838218600366344 0.4201825775336401 0.0 0.0 0.0 0.0 0.0 0.0 0.0 0.0 0.0 0.0 0.0 0.0 0.0 0.0 0.0 0.0 0.0 0.0 
99 0.8831642647269149 0.8831642647269149 0.6784784659710693 0.0 0.0 0.0 0.0 0.0 0.0 0.0 0.0 0.0 0.0 0.0 0.0 0.0 0.0 0.0 0.0 0.0 0.0 
100 0.8825044344191844 0.8825044344191844 0.8668535838845486 0.0 0.0 0.0 0.0 0.0 0.0 0.0 0.0 0.0 0.0 0.0 0.0 0.0 0.0 0.0 0.0 0.0 0.0 
101 0.8818423656117884 0.8818423656117884 0.8812440067773277 0.0 0.0 0.0 0.0 0.0 0.0 0.0 0.0 0.0 0.0 0.0 0.0 0.0 0.0 0.0 0.0 0.0 0.0 
102 0.8811780548328654 0.8811780548328654 0.8811722904555624 0.0 0.0 0.0 0.0 0.0 0.0 0.0 0.0 0.0 0.0 0.0 0.0 0.0 0.0 0.0 0.0 0.0 0.0 
103 0.8805114986406751 0.8805114986406751 0.8805114986406751 0.0 0.0 0.0 0.0 0.0 0.0 0.0 0.0 0.0 0.0 0.0 0.0 0.0 0.0 0.0 0.0 0.0 0.0 
104 0.8798426936239283 0.8798426936239283 0.8798426936239283 0.0 0.0 0.0 0.0 0.0 0.0 0.0 0.0 0.0 0.0 0.0 0.0 0.0 0.0 0.0 0.0 0.0 0.0 
105 0.8791716364021183 0.8791716364021183 0.8791716364021183 0.0 0.0 0.0 0.0 0.0 0.0 0.0 0.0 0.0 0.0 0.0 0.0 0.0 0.0 0.0 0.0 0.0 0.0 
106 0.8784983236258503 0.8784983236258503 0.8784983236258503 0.0 0.0 0.0 0.0 0.0 0.0 0.0 0.0 0.0 0.0 0.0 0.0 0.0 0.0 0.0 0.0 0.0 0.0 
107 0.8778227519771745 0.8778227519771745 0.8778227519771745 0.0 0.0 0.0 0.0 0.0 0.0 0.0 0.0 0.0 0.0 0.0 0.0 0.0 0.0 0.0 0.0 0.0 0.0 
108 0.8771449181699202 0.8771449181699202 0.8771449181699202 0.0 0.0 0.0 0.0 0.0 0.0 0.0 0.0 0.0 0.0 0.0 0.0 0.0 0.0 0.0 0.0 0.0 0.0 
109 0.8764648189500266 0.8764648189500266 0.8764648189500266 0.0 0.0 0.0 0.0 0.0 0.0 0.0 0.0 0.0 0.0 0.0 0.0 0.0 0.0 0.0 0.0 0.0 0.0 
110 0.875782451095881 0.875782451095881 0.875782451095881 0.0 0.0 0.0 0.0 0.0 0.0 0.0 0.0 0.0 0.0 0.0 0.0 0.0 0.0 0.0 0.0 0.0 0.0 
111 0.8750978114186514 0.8750978114186514 0.8750978114186514 0.0 0.0 0.0 0.0 0.0 0.0 0.0 0.0 0.0 0.0 0.0 0.0 0.0 0.0 0.0 0.0 0.0 0.0 
112 0.8744108967626245 0.8744108967626245 0.8744108967626245 0.0 0.0 0.0 0.0 0.0 0.0 0.0 0.0 0.0 0.0 0.0 0.0 0.0 0.0 0.0 0.0 0.0 0.0 
113 0.8737217040055414 0.8737217040055414 0.8737217040055414 0.0 0.0 0.0 0.0 0.0 0.0 0.0 0.0 0.0 0.0 0.0 0.0 0.0 0.0 0.0 0.0 0.0 0.0 
114 0.8730302300589357 0.8730302300589357 0.8730302300589357 0.0 0.0 0.0 0.0 0.0 0.0 0.0 0.0 0.0 0.0 0.0 0.0 0.0 0.0 0.0 0.0 0.0 0.0 
115 0.8723364718684705 0.8723364718684705 0.8723364718684705 0.0 0.0 0.0 0.0 0.0 0.0 0.0 0.0 0.0 0.0 0.0 0.0 0.0 0.0 0.0 0.0 0.0 0.0 
116 0.8716404264142804 0.8716404264142804 0.8716404264142804 0.0 0.0 0.0 0.0 0.0 0.0 0.0 0.0 0.0 0.0 0.0 0.0 0.0 0.0 0.0 0.0 0.0 0.0 
117 0.8709420907113066 0.8709420907113066 0.8709420907113066 0.0 0.0 0.0 0.0 0.0 0.0 0.0 0.0 0.0 0.0 0.0 0.0 0.0 0.0 0.0 0.0 0.0 0.0 
118 0.8702414618096415 0.8702414618096415 0.8702414618096415 0.0 0.0 0.0 0.0 0.0 0.0 0.0 0.0 0.0 0.0 0.0 0.0 0.0 0.0 0.0 0.0 0.0 0.0 
119 0.8695385367948669 0.8695385367948669 0.8695385367948669 0.0 0.0 0.0 0.0 0.0 0.0 0.0 0.0 0.0 0.0 0.0 0.0 0.0 0.0 0.0 0.0 0.0 0.0 
120 0.8688333127883963 0.8688333127883963 0.8688333127883963 0.0 0.0 0.0 0.0 0.0 0.0 0.0 0.0 0.0 0.0 0.0 0.0 0.0 0.0 0.0 0.0 0.0 0.0 
121 0.8681257869478165 0.8681257869478165 0.8681257869478165 0.0 0.0 0.0 0.0 0.0 0.0 0.0 0.0 0.0 0.0 0.0 0.0 0.0 0.0 0.0 0.0 0.0 0.0 
122 0.8674159564672299 0.8674159564672299 0.8674159564672299 0.0 0.0 0.0 0.0 0.0 0.0 0.0 0.0 0.0 0.0 0.0 0.0 0.0 0.0 0.0 0.0 0.0 0.0 
123 0.8667038185775985 0.8667038185775985 0.8667038185775985 0.0 0.0 0.0 0.0 0.0 0.0 0.0 0.0 0.0 0.0 0.0 0.0 0.0 0.0 0.0 0.0 0.0 0.0 
124 0.8659893705470871 0.8659893705470871 0.8659893705470871 0.0 0.0 0.0 0.0 0.0 0.0 0.0 0.0 0.0 0.0 0.0 0.0 0.0 0.0 0.0 0.0 0.0 0.0 
125 0.8652726096814053 0.8652726096814053 0.8652726096814053 0.0 0.0 0.0 0.0 0.0 0.0 0.0 0.0 0.0 0.0 0.0 0.0 0.0 0.0 0.0 0.0 0.0 0.0 
126 0.8645535333241556 0.8645535333241556 0.8645535333241556 0.0 0.0 0.0 0.0 0.0 0.0 0.0 0.0 0.0 0.0 0.0 0.0 0.0 0.0 0.0 0.0 0.0 0.0 
127 0.8638321388571752 0.8638321388571752 0.8638321388571752 0.0 0.0 0.0 0.0 0.0 0.0 0.0 0.0 0.0 0.0 0.0 0.0 0.0 0.0 0.0 0.0 0.0 0.0 
128 0.8631084237008825 0.8631084237008825 0.8631084237008825 0.0 0.0 0.0 0.0 0.0 0.0 0.0 0.0 0.0 0.0 0.0 0.0 0.0 0.0 0.0 0.0 0.0 0.0 
129 0.8623823853146216 0.8623823853146216 0.8623823853146216 0.0 0.0 0.0 0.0 0.0 0.0 0.0 0.0 0.0 0.0 0.0 0.0 0.0 0.0 0.0 0.0 0.0 0.0 
130 0.8616540211970121 0.8616540211970121 0.8616540211970121 0.0 0.0 0.0 0.0 0.0 0.0 0.0 0.0 0.0 0.0 0.0 0.0 0.0 0.0 0.0 0.0 0.0 0.0 
131 0.8609233288862898 0.8609233288862898 0.8609233288862898 0.0 0.0 0.0 0.0 0.0 0.0 0.0 0.0 0.0 0.0 0.0 0.0 0.0 0.0 0.0 0.0 0.0 0.0 
132 0.8601903059606558 0.8601903059606558 0.8601903059606558 0.0 0.0 0.0 0.0 0.0 0.0 0.0 0.0 0.0 0.0 0.0 0.0 0.0 0.0 0.0 0.0 0.0 0.0 
133 0.8594549500386266 0.8594549500386266 0.8594549500386266 0.0 0.0 0.0 0.0 0.0 0.0 0.0 0.0 0.0 0.0 0.0 0.0 0.0 0.0 0.0 0.0 0.0 0.0 
134 0.858717258779375 0.858717258779375 0.858717258779375 0.0 0.0 0.0 0.0 0.0 0.0 0.0 0.0 0.0 0.0 0.0 0.0 0.0 0.0 0.0 0.0 0.0 0.0 
135 0.857977229883082 0.857977229883082 0.857977229883082 0.0 0.0 0.0 0.0 0.0 0.0 0.0 0.0 0.0 0.0 0.0 0.0 0.0 0.0 0.0 0.0 0.0 0.0 
136 0.8572348610912839 0.8572348610912839 0.8572348610912839 0.0 0.0 0.0 0.0 0.0 0.0 0.0 0.0 0.0 0.0 0.0 0.0 0.0 0.0 0.0 0.0 0.0 0.0 
137 0.8564901501872176 0.8564901501872176 0.8564901501872176 0.0 0.0 0.0 0.0 0.0 0.0 0.0 0.0 0.0 0.0 0.0 0.0 0.0 0.0 0.0 0.0 0.0 0.0 
138 0.8557430949961711 0.8557430949961711 0.8557430949961711 0.0 0.0 0.0 0.0 0.0 0.0 0.0 0.0 0.0 0.0 0.0 0.0 0.0 0.0 0.0 0.0 0.0 0.0 
139 0.8549936933858289 0.8549936933858289 0.8549936933858289 0.0 0.0 0.0 0.0 0.0 0.0 0.0 0.0 0.0 0.0 0.0 0.0 0.0 0.0 0.0 0.0 0.0 0.0 
140 0.8542419432666225 0.8542419432666225 0.8542419432666225 0.0 0.0 0.0 0.0 0.0 0.0 0.0 0.0 0.0 0.0 0.0 0.0 0.0 0.0 0.0 0.0 0.0 0.0 
141 0.8534878425920789 0.8534878425920789 0.8534878425920789 0.03700404382296331 0.0 0.0 0.0 0.0 0.0 0.0 0.0 0.0 0.0 0.0 0.0 0.0 0.0 0.0 0.0 0.0 0.0 
142 0.8527313893591641 0.8527313893591641 0.8527313893591641 0.04234217318572868 0.0 0.0 0.0 0.0 0.0 0.0 0.0 0.0 0.0 0.0 0.0 0.0 0.0 0.0 0.0 0.0 0.0 
143 0.8519725816086362 0.8519725816086362 0.8519725816086362 0.10080827832756589 0.0 0.0 0.0 0.0 0.0 0.0 0.0 0.0 0.0 0.0 0.0 0.0 0.0 0.0 0.0 0.0 0.0 
144 0.8512114174253915 0.8512114174253915 0.8512114174253915 0.15226178422074443 0.0 0.0 0.0 0.0 0.0 0.0 0.0 0.0 0.0 0.0 0.0 0.0 0.0 0.0 0.0 0.0 0.0 
145 0.8504478949388135 0.8504478949388135 0.8504478949388135 0.29267292238311166 0.0 0.0 0.0 0.0 0.0 0.0 0.0 0.0 0.0 0.0 0.0 0.0 0.0 0.0 0.0 0.0 0.0 
146 0.8496820123231184 0.8496820123231184 0.8496820123231184 0.4121765443946789 0.0 0.0 0.0 0.0 0.0 0.0 0.0 0.0 0.0 0.0 0.0 0.0 0.0 0.0 0.0 0.0 0.0 
147 0.8489137677977061 0.8489137677977061 0.8489137677977061 0.545921487025973 0.0 0.0 0.0 0.0 0.0 0.0 0.0 0.0 0.0 0.0 0.0 0.0 0.0 0.0 0.0 0.0 0.0 
148 0.848143159627506 0.848143159627506 0.848143159627506 0.6711381804679201 0.0 0.0 0.0 0.0 0.0 0.0 0.0 0.0 0.0 0.0 0.0 0.0 0.0 0.0 0.0 0.0 0.0 
149 0.8473701861233245 0.8473701861233245 0.8473701861233245 0.7578063826272083 0.0 0.0 0.0 0.0 0.0 0.0 0.0 0.0 0.0 0.0 0.0 0.0 0.0 0.0 0.0 0.0 0.0 
150 0.8465948456421929 0.8465948456421929 0.8465948456421929 0.841944761098121 0.0 0.0 0.0 0.0 0.0 0.0 0.0 0.0 0.0 0.0 0.0 0.0 0.0 0.0 0.0 0.0 0.0 
151 0.8458171365877154 0.8458171365877154 0.8458171365877154 0.8455249834112749 0.0 0.0 0.0 0.0 0.0 0.0 0.0 0.0 0.0 0.0 0.0 0.0 0.0 0.0 0.0 0.0 0.0 
152 0.8450370574104126 0.8450370574104126 0.8450370574104126 0.8450370574104126 0.0 0.0 0.0 0.0 0.0 0.0 0.0 0.0 0.0 0.0 0.0 0.0 0.0 0.0 0.0 0.0 0.0 
153 0.8442546066080728 0.8442546066080728 0.8442546066080728 0.8442546066080728 0.0 0.0 0.0 0.0 0.0 0.0 0.0 0.0 0.0 0.0 0.0 0.0 0.0 0.0 0.0 0.0 0.0 
154 0.8434697827260929 0.8434697827260929 0.8434697827260929 0.8434697827260929 0.0 0.0 0.0 0.0 0.0 0.0 0.0 0.0 0.0 0.0 0.0 0.0 0.0 0.0 0.0 0.0 0.0 
155 0.8426825843578296 0.8426825843578296 0.8426825843578296 0.8426825843578296 0.0 0.0 0.0 0.0 0.0 0.0 0.0 0.0 0.0 0.0 0.0 0.0 0.0 0.0 0.0 0.0 0.0 
156 0.8418930101449394 0.8418930101449394 0.8418930101449394 0.8418930101449394 0.0 0.0 0.0 0.0 0.0 0.0 0.0 0.0 0.0 0.0 0.0 0.0 0.0 0.0 0.0 0.0 0.0 
157 0.8411010587777279 0.8411010587777279 0.8411010587777279 0.8411010587777279 0.0 0.0 0.0 0.0 0.0 0.0 0.0 0.0 0.0 0.0 0.0 0.0 0.0 0.0 0.0 0.0 0.0 
158 0.8403067289954917 0.8403067289954917 0.8403067289954917 0.8403067289954917 0.0 0.0 0.0 0.0 0.0 0.0 0.0 0.0 0.0 0.0 0.0 0.0 0.0 0.0 0.0 0.0 0.0 
159 0.8395100195868647 0.8395100195868647 0.8395100195868647 0.8395100195868647 0.0 0.0 0.0 0.0 0.0 0.0 0.0 0.0 0.0 0.0 0.0 0.0 0.0 0.0 0.0 0.0 0.0 
160 0.8387109293901587 0.8387109293901587 0.8387109293901587 0.8387109293901587 0.0 0.0 0.0 0.0 0.0 0.0 0.0 0.0 0.0 0.0 0.0 0.0 0.0 0.0 0.0 0.0 0.0 
161 0.8379094572937088 0.8379094572937088 0.8379094572937088 0.8379094572937088 0.0 0.0 0.0 0.0 0.0 0.0 0.0 0.0 0.0 0.0 0.0 0.0 0.0 0.0 0.0 0.0 0.0 
162 0.8371056022362154 0.8371056022362154 0.8371056022362154 0.8371056022362154 0.0 0.0 0.0 0.0 0.0 0.0 0.0 0.0 0.0 0.0 0.0 0.0 0.0 0.0 0.0 0.0 0.0 
163 0.8362993632070828 0.8362993632070828 0.8362993632070828 0.8362993632070828 0.0 0.0 0.0 0.0 0.0 0.0 0.0 0.0 0.0 0.0 0.0 0.0 0.0 0.0 0.0 0.0 0.0 
164 0.8354907392467654 0.8354907392467654 0.8354907392467654 0.8354907392467654 0.0 0.0 0.0 0.0 0.0 0.0 0.0 0.0 0.0 0.0 0.0 0.0 0.0 0.0 0.0 0.0 0.0 
165 0.8346797294471034 0.8346797294471034 0.8346797294471034 0.8346797294471034 0.0 0.0 0.0 0.0 0.0 0.0 0.0 0.0 0.0 0.0 0.0 0.0 0.0 0.0 0.0 0.0 0.0 
166 0.833866332951667 0.833866332951667 0.833866332951667 0.833866332951667 0.0 0.0 0.0 0.0 0.0 0.0 0.0 0.0 0.0 0.0 0.0 0.0 0.0 0.0 0.0 0.0 0.0 
167 0.833050548956091 0.833050548956091 0.833050548956091 0.833050548956091 0.0 0.0 0.0 0.0 0.0 0.0 0.0 0.0 0.0 0.0 0.0 0.0 0.0 0.0 0.0 0.0 0.0 
168 0.8322323767084129 0.8322323767084129 0.8322323767084129 0.8322323767084129 0.0 0.0 0.0 0.0 0.0 0.0 0.0 0.0 0.0 0.0 0.0 0.0 0.0 0.0 0.0 0.0 0.0 
169 0.8314118155094141 0.8314118155094141 0.8314118155094141 0.8314118155094141 0.0 0.0 0.0 0.0 0.0 0.0 0.0 0.0 0.0 0.0 0.0 0.0 0.0 0.0 0.0 0.0 0.0 
170 0.830588864712954 0.830588864712954 0.830588864712954 0.830588864712954 0.0 0.0 0.0 0.0 0.0 0.0 0.0 0.0 0.0 0.0 0.0 0.0 0.0 0.0 0.0 0.0 0.0 
171 0.8297635237263045 0.8297635237263045 0.8297635237263045 0.8297635237263045 0.0 0.0 0.0 0.0 0.0 0.0 0.0 0.0 0.0 0.0 0.0 0.0 0.0 0.0 0.0 0.0 0.0 
172 0.8289357920104836 0.8289357920104836 0.8289357920104836 0.8289357920104836 0.0 0.0 0.0 0.0 0.0 0.0 0.0 0.0 0.0 0.0 0.0 0.0 0.0 0.0 0.0 0.0 0.0 
173 0.828105669080594 0.828105669080594 0.828105669080594 0.828105669080594 0.0 0.0 0.0 0.0 0.0 0.0 0.0 0.0 0.0 0.0 0.0 0.0 0.0 0.0 0.0 0.0 0.0 
174 0.8272731545061486 0.8272731545061486 0.8272731545061486 0.8272731545061486 0.0 0.0 0.0 0.0 0.0 0.0 0.0 0.0 0.0 0.0 0.0 0.0 0.0 0.0 0.0 0.0 0.0 
175 0.8264382479114097 0.8264382479114097 0.8264382479114097 0.8264382479114097 0.0 0.0 0.0 0.0 0.0 0.0 0.0 0.0 0.0 0.0 0.0 0.0 0.0 0.0 0.0 0.0 0.0 
176 0.8256009489757099 0.8256009489757099 0.8256009489757099 0.8256009489757099 0.0 0.0 0.0 0.0 0.0 0.0 0.0 0.0 0.0 0.0 0.0 0.0 0.0 0.0 0.0 0.0 0.0 
177 0.8247612574337918 0.8247612574337918 0.8247612574337918 0.8247612574337918 0.0 0.0 0.0 0.0 0.0 0.0 0.0 0.0 0.0 0.0 0.0 0.0 0.0 0.0 0.0 0.0 0.0 
178 0.8239191730761263 0.8239191730761263 0.8239191730761263 0.8239191730761263 0.0 0.0 0.0 0.0 0.0 0.0 0.0 0.0 0.0 0.0 0.0 0.0 0.0 0.0 0.0 0.0 0.0 
179 0.823074695749248 0.823074695749248 0.823074695749248 0.823074695749248 0.0 0.0 0.0 0.0 0.0 0.0 0.0 0.0 0.0 0.0 0.0 0.0 0.0 0.0 0.0 0.0 0.0 
180 0.8222278253560729 0.8222278253560729 0.8222278253560729 0.8222278253560729 0.0 0.0 0.0 0.0 0.0 0.0 0.0 0.0 0.0 0.0 0.0 0.0 0.0 0.0 0.0 0.0 0.0 
181 0.8213785618562299 0.8213785618562299 0.8213785618562299 0.8213785618562299 0.0 0.0 0.0 0.0 0.0 0.0 0.0 0.0 0.0 0.0 0.0 0.0 0.0 0.0 0.0 0.0 0.0 
182 0.8205269052663782 0.8205269052663782 0.8205269052663782 0.8205269052663782 0.0 0.0 0.0 0.0 0.0 0.0 0.0 0.0 0.0 0.0 0.0 0.0 0.0 0.0 0.0 0.0 0.0 
183 0.819672855660533 0.819672855660533 0.819672855660533 0.819672855660533 0.0 0.0 0.0 0.0 0.0 0.0 0.0 0.0 0.0 0.0 0.0 0.0 0.0 0.0 0.0 0.0 0.0 
184 0.818816413170382 0.818816413170382 0.818816413170382 0.818816413170382 0.0 0.0 0.0 0.0 0.0 0.0 0.0 0.0 0.0 0.0 0.0 0.0 0.0 0.0 0.0 0.0 0.0 
185 0.8179575779856092 0.8179575779856092 0.8179575779856092 0.8179575779856092 0.0 0.0 0.0 0.0 0.0 0.0 0.0 0.0 0.0 0.0 0.0 0.0 0.0 0.0 0.0 0.0 0.0 
186 0.8170963503542057 0.8170963503542057 0.8170963503542057 0.8170963503542057 0.0 0.0 0.0 0.0 0.0 0.0 0.0 0.0 0.0 0.0 0.0 0.0 0.0 0.0 0.0 0.0 0.0 
187 0.8162327305827922 0.8162327305827922 0.8162327305827922 0.8162327305827922 0.0 0.0 0.0 0.0 0.0 0.0 0.0 0.0 0.0 0.0 0.0 0.0 0.0 0.0 0.0 0.0 0.0 
188 0.8153667190369301 0.8153667190369301 0.8153667190369301 0.8153667190369301 0.03911737014071747 0.0 0.0 0.0 0.0 0.0 0.0 0.0 0.0 0.0 0.0 0.0 0.0 0.0 0.0 0.0 0.0 
189 0.8144983161414314 0.8144983161414314 0.8144983161414314 0.8144983161414314 0.08540431460700178 0.0 0.0 0.0 0.0 0.0 0.0 0.0 0.0 0.0 0.0 0.0 0.0 0.0 0.0 0.0 0.0 
190 0.8136275223806761 0.8136275223806761 0.8136275223806761 0.8136275223806761 0.2001648366880615 0.0 0.0 0.0 0.0 0.0 0.0 0.0 0.0 0.0 0.0 0.0 0.0 0.0 0.0 0.0 0.0 
191 0.8127543382989175 0.8127543382989175 0.8127543382989175 0.8127543382989175 0.2961911900569712 0.0 0.0 0.0 0.0 0.0 0.0 0.0 0.0 0.0 0.0 0.0 0.0 0.0 0.0 0.0 0.0 
192 0.8118787645005895 0.8118787645005895 0.8118787645005895 0.8118787645005895 0.39260009670242035 0.0 0.0 0.0 0.0 0.0 0.0 0.0 0.0 0.0 0.0 0.0 0.0 0.0 0.0 0.0 0.0 
193 0.8110008016506157 0.8110008016506157 0.8110008016506157 0.8110008016506157 0.44166550889954675 0.0 0.0 0.0 0.0 0.0 0.0 0.0 0.0 0.0 0.0 0.0 0.0 0.0 0.0 0.0 0.0 
194 0.8101204504747098 0.8101204504747098 0.8101204504747098 0.8101204504747098 0.5553265854166778 0.0 0.0 0.0 0.0 0.0 0.0 0.0 0.0 0.0 0.0 0.0 0.0 0.0 0.0 0.0 0.0 
195 0.8092377117596818 0.8092377117596818 0.8092377117596818 0.8092377117596818 0.6041750092246836 0.0 0.0 0.0 0.0 0.0 0.0 0.0 0.0 0.0 0.0 0.0 0.0 0.0 0.0 0.0 0.0 
196 0.8083525863537349 0.8083525863537349 0.8083525863537349 0.8083525863537349 0.7590504418394037 0.0 0.0 0.0 0.0 0.0 0.0 0.0 0.0 0.0 0.0 0.0 0.0 0.0 0.0 0.0 0.0 
197 0.8074650751667672 0.8074650751667672 0.8074650751667672 0.8074650751667672 0.8022520376384655 0.0 0.0 0.0 0.0 0.0 0.0 0.0 0.0 0.0 0.0 0.0 0.0 0.0 0.0 0.0 0.0 
198 0.8065751791706648 0.8065751791706648 0.8065751791706648 0.8065751791706648 0.8060958516271899 0.0 0.0 0.0 0.0 0.0 0.0 0.0 0.0 0.0 0.0 0.0 0.0 0.0 0.0 0.0 0.0 
199 0.8056828993996008 0.8056828993996008 0.8056828993996008 0.8056828993996008 0.805637239786939 0.0 0.0 0.0 0.0 0.0 0.0 0.0 0.0 0.0 0.0 0.0 0.0 0.0 0.0 0.0 0.0 
200 0.8047882369503243 0.8047882369503243 0.8047882369503243 0.8047882369503243 0.8047655874019692 0.0 0.0 0.0 0.0 0.0 0.0 0.0 0.0 0.0 0.0 0.0 0.0 0.0 0.0 0.0 0.0 
201 0.8038911929824529 0.8038911929824529 0.8038911929824529 0.8038911929824529 0.8038911929824529 0.0 0.0 0.0 0.0 0.0 0.0 0.0 0.0 0.0 0.0 0.0 0.0 0.0 0.0 0.0 0.0 
202 0.8029917687187588 0.8029917687187588 0.8029917687187588 0.8029917687187588 0.8029917687187588 0.0 0.0 0.0 0.0 0.0 0.0 0.0 0.0 0.0 0.0 0.0 0.0 0.0 0.0 0.0 0.0 
203 0.8020899654454607 0.8020899654454607 0.8020899654454607 0.8020899654454607 0.8020899654454607 0.0 0.0 0.0 0.0 0.0 0.0 0.0 0.0 0.0 0.0 0.0 0.0 0.0 0.0 0.0 0.0 
204 0.8011857845124993 0.8011857845124993 0.8011857845124993 0.8011857845124993 0.8011857845124993 0.0 0.0 0.0 0.0 0.0 0.0 0.0 0.0 0.0 0.0 0.0 0.0 0.0 0.0 0.0 0.0 
205 0.8002792273338264 0.8002792273338264 0.8002792273338264 0.8002792273338264 0.8002792273338264 0.0 0.0 0.0 0.0 0.0 0.0 0.0 0.0 0.0 0.0 0.0 0.0 0.0 0.0 0.0 0.0 
206 0.7993702953876818 0.7993702953876818 0.7993702953876818 0.7993702953876818 0.7993702953876818 0.0 0.0 0.0 0.0 0.0 0.0 0.0 0.0 0.0 0.0 0.0 0.0 0.0 0.0 0.0 0.0 
207 0.79845899021687 0.79845899021687 0.79845899021687 0.79845899021687 0.79845899021687 0.0 0.0 0.0 0.0 0.0 0.0 0.0 0.0 0.0 0.0 0.0 0.0 0.0 0.0 0.0 0.0 
208 0.7975453134290351 0.7975453134290351 0.7975453134290351 0.7975453134290351 0.7975453134290351 0.0 0.0 0.0 0.0 0.0 0.0 0.0 0.0 0.0 0.0 0.0 0.0 0.0 0.0 0.0 0.0 
209 0.7966292666969358 0.7966292666969358 0.7966292666969358 0.7966292666969358 0.7966292666969358 0.0 0.0 0.0 0.0 0.0 0.0 0.0 0.0 0.0 0.0 0.0 0.0 0.0 0.0 0.0 0.0 
210 0.7957108517587115 0.7957108517587115 0.7957108517587115 0.7957108517587115 0.7957108517587115 0.0 0.0 0.0 0.0 0.0 0.0 0.0 0.0 0.0 0.0 0.0 0.0 0.0 0.0 0.0 0.0 
211 0.7947900704181537 0.7947900704181537 0.7947900704181537 0.7947900704181537 0.7947900704181537 0.0 0.0 0.0 0.0 0.0 0.0 0.0 0.0 0.0 0.0 0.0 0.0 0.0 0.0 0.0 0.0 
212 0.7938669245449677 0.7938669245449677 0.7938669245449677 0.7938669245449677 0.7938669245449677 0.0 0.0 0.0 0.0 0.0 0.0 0.0 0.0 0.0 0.0 0.0 0.0 0.0 0.0 0.0 0.0 
213 0.7929414160750367 0.7929414160750367 0.7929414160750367 0.7929414160750367 0.7929414160750367 0.0 0.0 0.0 0.0 0.0 0.0 0.0 0.0 0.0 0.0 0.0 0.0 0.0 0.0 0.0 0.0 
214 0.7920135470106827 0.7920135470106827 0.7920135470106827 0.7920135470106827 0.7920135470106827 0.0 0.0 0.0 0.0 0.0 0.0 0.0 0.0 0.0 0.0 0.0 0.0 0.0 0.0 0.0 0.0 
215 0.7910833194209218 0.7910833194209218 0.7910833194209218 0.7910833194209218 0.7910833194209218 0.0 0.0 0.0 0.0 0.0 0.0 0.0 0.0 0.0 0.0 0.0 0.0 0.0 0.0 0.0 0.0 
216 0.7901507354417187 0.7901507354417187 0.7901507354417187 0.7901507354417187 0.7901507354417187 0.0 0.0 0.0 0.0 0.0 0.0 0.0 0.0 0.0 0.0 0.0 0.0 0.0 0.0 0.0 0.0 
217 0.7892157972762402 0.7892157972762402 0.7892157972762402 0.7892157972762402 0.7892157972762402 0.0 0.0 0.0 0.0 0.0 0.0 0.0 0.0 0.0 0.0 0.0 0.0 0.0 0.0 0.0 0.0 
218 0.7882785071951035 0.7882785071951035 0.7882785071951035 0.7882785071951035 0.7882785071951035 0.0 0.0 0.0 0.0 0.0 0.0 0.0 0.0 0.0 0.0 0.0 0.0 0.0 0.0 0.0 0.0 
219 0.7873388675366203 0.7873388675366203 0.7873388675366203 0.7873388675366203 0.7873388675366203 0.0 0.0 0.0 0.0 0.0 0.0 0.0 0.0 0.0 0.0 0.0 0.0 0.0 0.0 0.0 0.0 
220 0.7863968807070433 0.7863968807070433 0.7863968807070433 0.7863968807070433 0.7863968807070433 0.0 0.0 0.0 0.0 0.0 0.0 0.0 0.0 0.0 0.0 0.0 0.0 0.0 0.0 0.0 0.0 
221 0.785452549180805 0.785452549180805 0.785452549180805 0.785452549180805 0.785452549180805 0.0 0.0 0.0 0.0 0.0 0.0 0.0 0.0 0.0 0.0 0.0 0.0 0.0 0.0 0.0 0.0 
222 0.7845058755007542 0.7845058755007542 0.7845058755007542 0.7845058755007542 0.7845058755007542 0.0 0.0 0.0 0.0 0.0 0.0 0.0 0.0 0.0 0.0 0.0 0.0 0.0 0.0 0.0 0.0 
223 0.7835568622783933 0.7835568622783933 0.7835568622783933 0.7835568622783933 0.7835568622783933 0.0 0.0 0.0 0.0 0.0 0.0 0.0 0.0 0.0 0.0 0.0 0.0 0.0 0.0 0.0 0.0 
224 0.7826055121941059 0.7826055121941059 0.7826055121941059 0.7826055121941059 0.7826055121941059 0.0 0.0 0.0 0.0 0.0 0.0 0.0 0.0 0.0 0.0 0.0 0.0 0.0 0.0 0.0 0.0 
225 0.7816518279973883 0.7816518279973883 0.7816518279973883 0.7816518279973883 0.7816518279973883 0.0 0.0 0.0 0.0 0.0 0.0 0.0 0.0 0.0 0.0 0.0 0.0 0.0 0.0 0.0 0.0 
226 0.7806958125070746 0.7806958125070746 0.7806958125070746 0.7806958125070746 0.7806958125070746 0.0 0.0 0.0 0.0 0.0 0.0 0.0 0.0 0.0 0.0 0.0 0.0 0.0 0.0 0.0 0.0 
227 0.7797374686115558 0.7797374686115558 0.7797374686115558 0.7797374686115558 0.7797374686115558 0.0 0.0 0.0 0.0 0.0 0.0 0.0 0.0 0.0 0.0 0.0 0.0 0.0 0.0 0.0 0.0 
228 0.778776799269002 0.778776799269002 0.778776799269002 0.778776799269002 0.778776799269002 0.0 0.0 0.0 0.0 0.0 0.0 0.0 0.0 0.0 0.0 0.0 0.0 0.0 0.0 0.0 0.0 
229 0.7778138075075772 0.7778138075075772 0.7778138075075772 0.7778138075075772 0.7778138075075772 0.0 0.0 0.0 0.0 0.0 0.0 0.0 0.0 0.0 0.0 0.0 0.0 0.0 0.0 0.0 0.0 
230 0.7768484964256496 0.7768484964256496 0.7768484964256496 0.7768484964256496 0.7768484964256496 0.0 0.0 0.0 0.0 0.0 0.0 0.0 0.0 0.0 0.0 0.0 0.0 0.0 0.0 0.0 0.0 
231 0.7758808691920028 0.7758808691920028 0.7758808691920028 0.7758808691920028 0.7758808691920028 0.0 0.0 0.0 0.0 0.0 0.0 0.0 0.0 0.0 0.0 0.0 0.0 0.0 0.0 0.0 0.0 
232 0.7749109290460425 0.7749109290460425 0.7749109290460425 0.7749109290460425 0.7749109290460425 0.006343266335362118 0.0 0.0 0.0 0.0 0.0 0.0 0.0 0.0 0.0 0.0 0.0 0.0 0.0 0.0 0.0 
233 0.7739386792979964 0.7739386792979964 0.7739386792979964 0.7739386792979964 0.7739386792979964 0.051628639748416805 0.0 0.0 0.0 0.0 0.0 0.0 0.0 0.0 0.0 0.0 0.0 0.0 0.0 0.0 0.0 
234 0.7729641233291124 0.7729641233291124 0.7729641233291124 0.7729641233291124 0.7729641233291124 0.11464513552598225 0.0 0.0 0.0 0.0 0.0 0.0 0.0 0.0 0.0 0.0 0.0 0.0 0.0 0.0 0.0 
235 0.7719872645918572 0.7719872645918572 0.7719872645918572 0.7719872645918572 0.7719872645918572 0.1260479158451956 0.0 0.0 0.0 0.0 0.0 0.0 0.0 0.0 0.0 0.0 0.0 0.0 0.0 0.0 0.0 
236 0.7710081066101059 0.7710081066101059 0.7710081066101059 0.7710081066101059 0.7710081066101059 0.23691641787479295 0.0 0.0 0.0 0.0 0.0 0.0 0.0 0.0 0.0 0.0 0.0 0.0 0.0 0.0 0.0 
237 0.7700266529793306 0.7700266529793306 0.7700266529793306 0.7700266529793306 0.7700266529793306 0.3059318584587748 0.0 0.0 0.0 0.0 0.0 0.0 0.0 0.0 0.0 0.0 0.0 0.0 0.0 0.0 0.0 
238 0.7690429073667847 0.7690429073667847 0.7690429073667847 0.7690429073667847 0.7690429073667847 0.3443835694729398 0.0 0.0 0.0 0.0 0.0 0.0 0.0 0.0 0.0 0.0 0.0 0.0 0.0 0.0 0.0 
239 0.7680568735116841 0.7680568735116841 0.7680568735116841 0.7680568735116841 0.7680568735116841 0.4542109747089696 0.0 0.0 0.0 0.0 0.0 0.0 0.0 0.0 0.0 0.0 0.0 0.0 0.0 0.0 0.0 
240 0.767068555225386 0.767068555225386 0.767068555225386 0.767068555225386 0.767068555225386 0.49607905847826955 0.0 0.0 0.0 0.0 0.0 0.0 0.0 0.0 0.0 0.0 0.0 0.0 0.0 0.0 0.0 
241 0.7660779563915606 0.7660779563915606 0.7660779563915606 0.7660779563915606 0.7660779563915606 0.6574300050524294 0.0 0.0 0.0 0.0 0.0 0.0 0.0 0.0 0.0 0.0 0.0 0.0 0.0 0.0 0.0 
242 0.76508508096636 0.76508508096636 0.76508508096636 0.76508508096636 0.76508508096636 0.6864462314686894 0.0 0.0 0.0 0.0 0.0 0.0 0.0 0.0 0.0 0.0 0.0 0.0 0.0 0.0 0.0 
243 0.7640899329785874 0.7640899329785874 0.7640899329785874 0.7640899329785874 0.7640899329785874 0.7392113889603695 0.0 0.0 0.0 0.0 0.0 0.0 0.0 0.0 0.0 0.0 0.0 0.0 0.0 0.0 0.0 
244 0.7630925165298573 0.7630925165298573 0.7630925165298573 0.7630925165298573 0.7630925165298573 0.7613308774950498 0.0 0.0 0.0 0.0 0.0 0.0 0.0 0.0 0.0 0.0 0.0 0.0 0.0 0.0 0.0 
245 0.7620928357947517 0.7620928357947517 0.7620928357947517 0.7620928357947517 0.7620928357947517 0.7620594744523246 0.0 0.0 0.0 0.0 0.0 0.0 0.0 0.0 0.0 0.0 0.0 0.0 0.0 0.0 0.0 
246 0.7610908950209798 0.7610908950209798 0.7610908950209798 0.7610908950209798 0.7610908950209798 0.7610853723161944 0.0 0.0 0.0 0.0 0.0 0.0 0.0 0.0 0.0 0.0 0.0 0.0 0.0 0.0 0.0 
247 0.7600866985295232 0.7600866985295232 0.7600866985295232 0.7600866985295232 0.7600866985295232 0.7600866985295232 0.0 0.0 0.0 0.0 0.0 0.0 0.0 0.0 0.0 0.0 0.0 0.0 0.0 0.0 0.0 
248 0.7590802507147831 0.7590802507147831 0.7590802507147831 0.7590802507147831 0.7590802507147831 0.7590802507147831 0.0 0.0 0.0 0.0 0.0 0.0 0.0 0.0 0.0 0.0 0.0 0.0 0.0 0.0 0.0 
249 0.7580715560447261 0.7580715560447261 0.7580715560447261 0.7580715560447261 0.7580715560447261 0.7580715560447261 0.0 0.0 0.0 0.0 0.0 0.0 0.0 0.0 0.0 0.0 0.0 0.0 0.0 0.0 0.0 
250 0.7570606190610184 0.7570606190610184 0.7570606190610184 0.7570606190610184 0.7570606190610184 0.7570606190610184 0.0 0.0 0.0 0.0 0.0 0.0 0.0 0.0 0.0 0.0 0.0 0.0 0.0 0.0 0.0 
251 0.7560474443791613 0.7560474443791613 0.7560474443791613 0.7560474443791613 0.7560474443791613 0.7560474443791613 0.0 0.0 0.0 0.0 0.0 0.0 0.0 0.0 0.0 0.0 0.0 0.0 0.0 0.0 0.0 
252 0.7550320366886213 0.7550320366886213 0.7550320366886213 0.7550320366886213 0.7550320366886213 0.7550320366886213 0.0 0.0 0.0 0.0 0.0 0.0 0.0 0.0 0.0 0.0 0.0 0.0 0.0 0.0 0.0 
253 0.7540144007529558 0.7540144007529558 0.7540144007529558 0.7540144007529558 0.7540144007529558 0.7540144007529558 0.0 0.0 0.0 0.0 0.0 0.0 0.0 0.0 0.0 0.0 0.0 0.0 0.0 0.0 0.0 
254 0.7529945414099344 0.7529945414099344 0.7529945414099344 0.7529945414099344 0.7529945414099344 0.7529945414099344 0.0 0.0 0.0 0.0 0.0 0.0 0.0 0.0 0.0 0.0 0.0 0.0 0.0 0.0 0.0 
255 0.7519724635716556 0.7519724635716556 0.7519724635716556 0.7519724635716556 0.7519724635716556 0.7519724635716556 0.0 0.0 0.0 0.0 0.0 0.0 0.0 0.0 0.0 0.0 0.0 0.0 0.0 0.0 0.0 
256 0.7509481722246606 0.7509481722246606 0.7509481722246606 0.7509481722246606 0.7509481722246606 0.7509481722246606 0.0 0.0 0.0 0.0 0.0 0.0 0.0 0.0 0.0 0.0 0.0 0.0 0.0 0.0 0.0 
257 0.7499216724300415 0.7499216724300415 0.7499216724300415 0.7499216724300415 0.7499216724300415 0.7499216724300415 0.0 0.0 0.0 0.0 0.0 0.0 0.0 0.0 0.0 0.0 0.0 0.0 0.0 0.0 0.0 
258 0.7488929693235454 0.7488929693235454 0.7488929693235454 0.7488929693235454 0.7488929693235454 0.7488929693235454 0.0 0.0 0.0 0.0 0.0 0.0 0.0 0.0 0.0 0.0 0.0 0.0 0.0 0.0 0.0 
259 0.7478620681156728 0.7478620681156728 0.7478620681156728 0.7478620681156728 0.7478620681156728 0.7478620681156728 0.0 0.0 0.0 0.0 0.0 0.0 0.0 0.0 0.0 0.0 0.0 0.0 0.0 0.0 0.0 
260 0.7468289740917752 0.7468289740917752 0.7468289740917752 0.7468289740917752 0.7468289740917752 0.7468289740917752 0.0 0.0 0.0 0.0 0.0 0.0 0.0 0.0 0.0 0.0 0.0 0.0 0.0 0.0 0.0 
261 0.7457936926121446 0.7457936926121446 0.7457936926121446 0.7457936926121446 0.7457936926121446 0.7457936926121446 0.0 0.0 0.0 0.0 0.0 0.0 0.0 0.0 0.0 0.0 0.0 0.0 0.0 0.0 0.0 
262 0.7447562291120989 0.7447562291120989 0.7447562291120989 0.7447562291120989 0.7447562291120989 0.7447562291120989 0.0 0.0 0.0 0.0 0.0 0.0 0.0 0.0 0.0 0.0 0.0 0.0 0.0 0.0 0.0 
263 0.7437165891020661 0.7437165891020661 0.7437165891020661 0.7437165891020661 0.7437165891020661 0.7437165891020661 0.0 0.0 0.0 0.0 0.0 0.0 0.0 0.0 0.0 0.0 0.0 0.0 0.0 0.0 0.0 
264 0.7426747781676588 0.7426747781676588 0.7426747781676588 0.7426747781676588 0.7426747781676588 0.7426747781676588 0.0 0.0 0.0 0.0 0.0 0.0 0.0 0.0 0.0 0.0 0.0 0.0 0.0 0.0 0.0 
265 0.7416308019697463 0.7416308019697463 0.7416308019697463 0.7416308019697463 0.7416308019697463 0.7416308019697463 0.0 0.0 0.0 0.0 0.0 0.0 0.0 0.0 0.0 0.0 0.0 0.0 0.0 0.0 0.0 
266 0.7405846662445262 0.7405846662445262 0.7405846662445262 0.7405846662445262 0.7405846662445262 0.7405846662445262 0.0 0.0 0.0 0.0 0.0 0.0 0.0 0.0 0.0 0.0 0.0 0.0 0.0 0.0 0.0 
267 0.7395363768035829 0.7395363768035829 0.7395363768035829 0.7395363768035829 0.7395363768035829 0.7395363768035829 0.0 0.0 0.0 0.0 0.0 0.0 0.0 0.0 0.0 0.0 0.0 0.0 0.0 0.0 0.0 
268 0.7384859395339485 0.7384859395339485 0.7384859395339485 0.7384859395339485 0.7384859395339485 0.7384859395339485 0.0 0.0 0.0 0.0 0.0 0.0 0.0 0.0 0.0 0.0 0.0 0.0 0.0 0.0 0.0 
269 0.7374333603981568 0.7374333603981568 0.7374333603981568 0.7374333603981568 0.7374333603981568 0.7374333603981568 0.0 0.0 0.0 0.0 0.0 0.0 0.0 0.0 0.0 0.0 0.0 0.0 0.0 0.0 0.0 
270 0.7363786454342889 0.7363786454342889 0.7363786454342889 0.7363786454342889 0.7363786454342889 0.7363786454342889 0.0 0.0 0.0 0.0 0.0 0.0 0.0 0.0 0.0 0.0 0.0 0.0 0.0 0.0 0.0 
271 0.7353218007560206 0.7353218007560206 0.7353218007560206 0.7353218007560206 0.7353218007560206 0.7353218007560206 0.0 0.0 0.0 0.0 0.0 0.0 0.0 0.0 0.0 0.0 0.0 0.0 0.0 0.0 0.0 
272 0.7342628325526596 0.7342628325526596 0.7342628325526596 0.7342628325526596 0.7342628325526596 0.7342628325526596 0.0 0.0 0.0 0.0 0.0 0.0 0.0 0.0 0.0 0.0 0.0 0.0 0.0 0.0 0.0 
273 0.7332017470891811 0.7332017470891811 0.7332017470891811 0.7332017470891811 0.7332017470891811 0.7332017470891811 0.0 0.0 0.0 0.0 0.0 0.0 0.0 0.0 0.0 0.0 0.0 0.0 0.0 0.0 0.0 
274 0.7321385507062547 0.7321385507062547 0.7321385507062547 0.7321385507062547 0.7321385507062547 0.7321385507062547 0.0 0.0 0.0 0.0 0.0 0.0 0.0 0.0 0.0 0.0 0.0 0.0 0.0 0.0 0.0 
275 0.7310732498202698 0.7310732498202698 0.7310732498202698 0.7310732498202698 0.7310732498202698 0.7310732498202698 0.0 0.0 0.0 0.0 0.0 0.0 0.0 0.0 0.0 0.0 0.0 0.0 0.0 0.0 0.0 
276 0.7300058509233571 0.7300058509233571 0.7300058509233571 0.7300058509233571 0.7300058509233571 0.7300058509233571 0.035306116495427003 0.0 0.0 0.0 0.0 0.0 0.0 0.0 0.0 0.0 0.0 0.0 0.0 0.0 0.0 
277 0.728936360583399 0.728936360583399 0.728936360583399 0.728936360583399 0.728936360583399 0.728936360583399 0.036408383978843016 0.0 0.0 0.0 0.0 0.0 0.0 0.0 0.0 0.0 0.0 0.0 0.0 0.0 0.0 
278 0.7278647854440412 0.7278647854440412 0.7278647854440412 0.7278647854440412 0.7278647854440412 0.7278647854440412 0.10435378068645548 0.0 0.0 0.0 0.0 0.0 0.0 0.0 0.0 0.0 0.0 0.0 0.0 0.0 0.0 
279 0.7267911322246969 0.7267911322246969 0.7267911322246969 0.7267911322246969 0.7267911322246969 0.7267911322246969 0.20925215061809244 0.0 0.0 0.0 0.0 0.0 0.0 0.0 0.0 0.0 0.0 0.0 0.0 0.0 0.0 
280 0.7257154077205441 0.7257154077205441 0.7257154077205441 0.7257154077205441 0.7257154077205441 0.7257154077205441 0.28358096415536327 0.0 0.0 0.0 0.0 0.0 0.0 0.0 0.0 0.0 0.0 0.0 0.0 0.0 0.0 
281 0.7246376188025214 0.7246376188025214 0.7246376188025214 0.7246376188025214 0.7246376188025214 0.7246376188025214 0.3220046938359523 0.0 0.0 0.0 0.0 0.0 0.0 0.0 0.0 0.0 0.0 0.0 0.0 0.0 0.0 
282 0.7235577724173159 0.7235577724173159 0.7235577724173159 0.7235577724173159 0.7235577724173159 0.7235577724173159 0.32578120477993694 0.0 0.0 0.0 0.0 0.0 0.0 0.0 0.0 0.0 0.0 0.0 0.0 0.0 0.0 
283 0.7224758755873478 0.7224758755873478 0.7224758755873478 0.7224758755873478 0.7224758755873478 0.7224758755873478 0.3879544152730155 0.0 0.0 0.0 0.0 0.0 0.0 0.0 0.0 0.0 0.0 0.0 0.0 0.0 0.0 
284 0.7213919354107463 0.7213919354107463 0.7213919354107463 0.7213919354107463 0.7213919354107463 0.7213919354107463 0.5151900210667227 0.0 0.0 0.0 0.0 0.0 0.0 0.0 0.0 0.0 0.0 0.0 0.0 0.0 0.0 
285 0.7203059590613248 0.7203059590613248 0.7203059590613248 0.7203059590613248 0.7203059590613248 0.7203059590613248 0.5735470463771918 0.0 0.0 0.0 0.0 0.0 0.0 0.0 0.0 0.0 0.0 0.0 0.0 0.0 0.0 
286 0.7192179537885489 0.7192179537885489 0.7192179537885489 0.7192179537885489 0.7192179537885489 0.7192179537885489 0.641798144461527 0.0 0.0 0.0 0.0 0.0 0.0 0.0 0.0 0.0 0.0 0.0 0.0 0.0 0.0 
287 0.7181279269174969 0.7181279269174969 0.7181279269174969 0.7181279269174969 0.7181279269174969 0.7181279269174969 0.7030204498204398 0.0 0.0 0.0 0.0 0.0 0.0 0.0 0.0 0.0 0.0 0.0 0.0 0.0 0.0 
288 0.7170358858488206 0.7170358858488206 0.7170358858488206 0.7170358858488206 0.7170358858488206 0.7170358858488206 0.7165193861313386 0.0 0.0 0.0 0.0 0.0 0.0 0.0 0.0 0.0 0.0 0.0 0.0 0.0 0.0 
289 0.7159418380586922 0.7159418380586922 0.7159418380586922 0.7159418380586922 0.7159418380586922 0.7159418380586922 0.7159364506145307 0.0 0.0 0.0 0.0 0.0 0.0 0.0 0.0 0.0 0.0 0.0 0.0 0.0 0.0 
290 0.7148457910987566 0.7148457910987566 0.7148457910987566 0.7148457910987566 0.7148457910987566 0.7148457910987566 0.7148457910987566 0.0 0.0 0.0 0.0 0.0 0.0 0.0 0.0 0.0 0.0 0.0 0.0 0.0 0.0 
291 0.7137477525960669 0.7137477525960669 0.7137477525960669 0.7137477525960669 0.7137477525960669 0.7137477525960669 0.7137477525960669 0.0 0.0 0.0 0.0 0.0 0.0 0.0 0.0 0.0 0.0 0.0 0.0 0.0 0.0 
292 0.712647730253025 0.712647730253025 0.712647730253025 0.712647730253025 0.712647730253025 0.712647730253025 0.712647730253025 0.0 0.0 0.0 0.0 0.0 0.0 0.0 0.0 0.0 0.0 0.0 0.0 0.0 0.0 
293 0.7115457318473092 0.7115457318473092 0.7115457318473092 0.7115457318473092 0.7115457318473092 0.7115457318473092 0.7115457318473092 0.0 0.0 0.0 0.0 0.0 0.0 0.0 0.0 0.0 0.0 0.0 0.0 0.0 0.0 
294 0.7104417652317996 0.7104417652317996 0.7104417652317996 0.7104417652317996 0.7104417652317996 0.7104417652317996 0.7104417652317996 0.0 0.0 0.0 0.0 0.0 0.0 0.0 0.0 0.0 0.0 0.0 0.0 0.0 0.0 
295 0.709335838334498 0.709335838334498 0.709335838334498 0.709335838334498 0.709335838334498 0.709335838334498 0.709335838334498 0.0 0.0 0.0 0.0 0.0 0.0 0.0 0.0 0.0 0.0 0.0 0.0 0.0 0.0 
296 0.7082279591584407 0.7082279591584407 0.7082279591584407 0.7082279591584407 0.7082279591584407 0.7082279591584407 0.7082279591584407 0.0 0.0 0.0 0.0 0.0 0.0 0.0 0.0 0.0 0.0 0.0 0.0 0.0 0.0 
297 0.7071181357816095 0.7071181357816095 0.7071181357816095 0.7071181357816095 0.7071181357816095 0.7071181357816095 0.7071181357816095 0.0 0.0 0.0 0.0 0.0 0.0 0.0 0.0 0.0 0.0 0.0 0.0 0.0 0.0 
298 0.706006376356831 0.706006376356831 0.706006376356831 0.706006376356831 0.706006376356831 0.706006376356831 0.706006376356831 0.0 0.0 0.0 0.0 0.0 0.0 0.0 0.0 0.0 0.0 0.0 0.0 0.0 0.0 
299 0.7048926891116774 0.7048926891116774 0.7048926891116774 0.7048926891116774 0.7048926891116774 0.7048926891116774 0.7048926891116774 0.0 0.0 0.0 0.0 0.0 0.0 0.0 0.0 0.0 0.0 0.0 0.0 0.0 0.0 
300 0.7037770823483561 0.7037770823483561 0.7037770823483561 0.7037770823483561 0.7037770823483561 0.7037770823483561 0.7037770823483561 0.0 0.0 0.0 0.0 0.0 0.0 0.0 0.0 0.0 0.0 0.0 0.0 0.0 0.0 
301 0.702659564443596 0.702659564443596 0.702659564443596 0.702659564443596 0.702659564443596 0.702659564443596 0.702659564443596 0.0 0.0 0.0 0.0 0.0 0.0 0.0 0.0 0.0 0.0 0.0 0.0 0.0 0.0 
302 0.7015401438485291 0.7015401438485291 0.7015401438485291 0.7015401438485291 0.7015401438485291 0.7015401438485291 0.7015401438485291 0.0 0.0 0.0 0.0 0.0 0.0 0.0 0.0 0.0 0.0 0.0 0.0 0.0 0.0 
303 0.7004188290885662 0.7004188290885662 0.7004188290885662 0.7004188290885662 0.7004188290885662 0.7004188290885662 0.7004188290885662 0.0 0.0 0.0 0.0 0.0 0.0 0.0 0.0 0.0 0.0 0.0 0.0 0.0 0.0 
304 0.6992956287632647 0.6992956287632647 0.6992956287632647 0.6992956287632647 0.6992956287632647 0.6992956287632647 0.6992956287632647 0.0 0.0 0.0 0.0 0.0 0.0 0.0 0.0 0.0 0.0 0.0 0.0 0.0 0.0 
305 0.6981705515461912 0.6981705515461912 0.6981705515461912 0.6981705515461912 0.6981705515461912 0.6981705515461912 0.6981705515461912 0.0 0.0 0.0 0.0 0.0 0.0 0.0 0.0 0.0 0.0 0.0 0.0 0.0 0.0 
306 0.6970436061847844 0.6970436061847844 0.6970436061847844 0.6970436061847844 0.6970436061847844 0.6970436061847844 0.6970436061847844 0.0 0.0 0.0 0.0 0.0 0.0 0.0 0.0 0.0 0.0 0.0 0.0 0.0 0.0 
307 0.6959148015002016 0.6959148015002016 0.6959148015002016 0.6959148015002016 0.6959148015002016 0.6959148015002016 0.6959148015002016 0.0 0.0 0.0 0.0 0.0 0.0 0.0 0.0 0.0 0.0 0.0 0.0 0.0 0.0 
308 0.6947841463871707 0.6947841463871707 0.6947841463871707 0.6947841463871707 0.6947841463871707 0.6947841463871707 0.6947841463871707 0.0 0.0 0.0 0.0 0.0 0.0 0.0 0.0 0.0 0.0 0.0 0.0 0.0 0.0 
309 0.6936516498138269 0.6936516498138269 0.6936516498138269 0.6936516498138269 0.6936516498138269 0.6936516498138269 0.6936516498138269 0.0 0.0 0.0 0.0 0.0 0.0 0.0 0.0 0.0 0.0 0.0 0.0 0.0 0.0 
310 0.6925173208215514 0.6925173208215514 0.6925173208215514 0.6925173208215514 0.6925173208215514 0.6925173208215514 0.6925173208215514 0.0 0.0 0.0 0.0 0.0 0.0 0.0 0.0 0.0 0.0 0.0 0.0 0.0 0.0 
311 0.6913811685247997 0.6913811685247997 0.6913811685247997 0.6913811685247997 0.6913811685247997 0.6913811685247997 0.6913811685247997 0.0 0.0 0.0 0.0 0.0 0.0 0.0 0.0 0.0 0.0 0.0 0.0 0.0 0.0 
312 0.6902432021109255 0.6902432021109255 0.6902432021109255 0.6902432021109255 0.6902432021109255 0.6902432021109255 0.6902432021109255 0.0 0.0 0.0 0.0 0.0 0.0 0.0 0.0 0.0 0.0 0.0 0.0 0.0 0.0 
313 0.6891034308399976 0.6891034308399976 0.6891034308399976 0.6891034308399976 0.6891034308399976 0.6891034308399976 0.6891034308399976 0.0 0.0 0.0 0.0 0.0 0.0 0.0 0.0 0.0 0.0 0.0 0.0 0.0 0.0 
314 0.6879618640446163 0.6879618640446163 0.6879618640446163 0.6879618640446163 0.6879618640446163 0.6879618640446163 0.6879618640446163 0.0 0.0 0.0 0.0 0.0 0.0 0.0 0.0 0.0 0.0 0.0 0.0 0.0 0.0 
315 0.6868185111297156 0.6868185111297156 0.6868185111297156 0.6868185111297156 0.6868185111297156 0.6868185111297156 0.6868185111297156 0.0 0.0 0.0 0.0 0.0 0.0 0.0 0.0 0.0 0.0 0.0 0.0 0.0 0.0 
316 0.685673381572368 0.685673381572368 0.685673381572368 0.685673381572368 0.685673381572368 0.685673381572368 0.685673381572368 0.0 0.0 0.0 0.0 0.0 0.0 0.0 0.0 0.0 0.0 0.0 0.0 0.0 0.0 
317 0.6845264849215764 0.6845264849215764 0.6845264849215764 0.6845264849215764 0.6845264849215764 0.6845264849215764 0.6845264849215764 0.0 0.0 0.0 0.0 0.0 0.0 0.0 0.0 0.0 0.0 0.0 0.0 0.0 0.0 
318 0.6833778307980652 0.6833778307980652 0.6833778307980652 0.6833778307980652 0.6833778307980652 0.6833778307980652 0.6833778307980652 3.764049799266418E-4 0.0 0.0 0.0 0.0 0.0 0.0 0.0 0.0 0.0 0.0 0.0 0.0 0.0 
319 0.6822274288940656 0.6822274288940656 0.6822274288940656 0.6822274288940656 0.6822274288940656 0.6822274288940656 0.6822274288940656 0.03582717555068592 0.0 0.0 0.0 0.0 0.0 0.0 0.0 0.0 0.0 0.0 0.0 0.0 0.0 
320 0.681075288973089 0.681075288973089 0.681075288973089 0.681075288973089 0.681075288973089 0.681075288973089 0.681075288973089 0.09954411028518158 0.0 0.0 0.0 0.0 0.0 0.0 0.0 0.0 0.0 0.0 0.0 0.0 0.0 
321 0.6799214208697051 0.6799214208697051 0.6799214208697051 0.6799214208697051 0.6799214208697051 0.6799214208697051 0.6799214208697051 0.2115261561861459 0.0 0.0 0.0 0.0 0.0 0.0 0.0 0.0 0.0 0.0 0.0 0.0 0.0 
322 0.6787658344893027 0.6787658344893027 0.6787658344893027 0.6787658344893027 0.6787658344893027 0.6787658344893027 0.6787658344893027 0.23802500049698433 0.0 0.0 0.0 0.0 0.0 0.0 0.0 0.0 0.0 0.0 0.0 0.0 0.0 
323 0.6776085398078542 0.6776085398078542 0.6776085398078542 0.6776085398078542 0.6776085398078542 0.6776085398078542 0.6776085398078542 0.2710575309469574 0.0 0.0 0.0 0.0 0.0 0.0 0.0 0.0 0.0 0.0 0.0 0.0 0.0 
324 0.6764495468716677 0.6764495468716677 0.6764495468716677 0.6764495468716677 0.6764495468716677 0.6764495468716677 0.6764495468716677 0.35644610469417487 0.0 0.0 0.0 0.0 0.0 0.0 0.0 0.0 0.0 0.0 0.0 0.0 0.0 
325 0.6752888657971385 0.6752888657971385 0.6752888657971385 0.6752888657971385 0.6752888657971385 0.6752888657971385 0.6752888657971385 0.37077156716734894 0.0 0.0 0.0 0.0 0.0 0.0 0.0 0.0 0.0 0.0 0.0 0.0 0.0 
326 0.6741265067704897 0.6741265067704897 0.6741265067704897 0.6741265067704897 0.6741265067704897 0.6741265067704897 0.6741265067704897 0.4899545815930596 0.0 0.0 0.0 0.0 0.0 0.0 0.0 0.0 0.0 0.0 0.0 0.0 0.0 
327 0.6729624800475127 0.6729624800475127 0.6729624800475127 0.6729624800475127 0.6729624800475127 0.6729624800475127 0.6729624800475127 0.586505670517439 0.0 0.0 0.0 0.0 0.0 0.0 0.0 0.0 0.0 0.0 0.0 0.0 0.0 
328 0.6717967959532954 0.6717967959532954 0.6717967959532954 0.6717967959532954 0.6717967959532954 0.6717967959532954 0.6717967959532954 0.6033126417078222 0.0 0.0 0.0 0.0 0.0 0.0 0.0 0.0 0.0 0.0 0.0 0.0 0.0 
329 0.670629464881952 0.670629464881952 0.670629464881952 0.670629464881952 0.670629464881952 0.670629464881952 0.670629464881952 0.6351861942526507 0.0 0.0 0.0 0.0 0.0 0.0 0.0 0.0 0.0 0.0 0.0 0.0 0.0 
330 0.6694604972963399 0.6694604972963399 0.6694604972963399 0.6694604972963399 0.6694604972963399 0.6694604972963399 0.6694604972963399 0.6616837637796383 0.0 0.0 0.0 0.0 0.0 0.0 0.0 0.0 0.0 0.0 0.0 0.0 0.0 
331 0.6682899037277745 0.6682899037277745 0.6682899037277745 0.6682899037277745 0.6682899037277745 0.6682899037277745 0.6682899037277745 0.6675016335445779 0.0 0.0 0.0 0.0 0.0 0.0 0.0 0.0 0.0 0.0 0.0 0.0 0.0 
332 0.6671176947757398 0.6671176947757398 0.6671176947757398 0.6671176947757398 0.6671176947757398 0.6671176947757398 0.6671176947757398 0.666975484285688 0.0 0.0 0.0 0.0 0.0 0.0 0.0 0.0 0.0 0.0 0.0 0.0 0.0 
333 0.6659438811075895 0.6659438811075895 0.6659438811075895 0.6659438811075895 0.6659438811075895 0.6659438811075895 0.6659438811075895 0.6659386717618891 0.0 0.0 0.0 0.0 0.0 0.0 0.0 0.0 0.0 0.0 0.0 0.0 0.0 
334 0.6647684734582454 0.6647684734582454 0.6647684734582454 0.6647684734582454 0.6647684734582454 0.6647684734582454 0.6647684734582454 0.6647684734582454 0.0 0.0 0.0 0.0 0.0 0.0 0.0 0.0 0.0 0.0 0.0 0.0 0.0 
335 0.6635914826298867 0.6635914826298867 0.6635914826298867 0.6635914826298867 0.6635914826298867 0.6635914826298867 0.6635914826298867 0.6635914826298867 0.0 0.0 0.0 0.0 0.0 0.0 0.0 0.0 0.0 0.0 0.0 0.0 0.0 
336 0.662412919491638 0.662412919491638 0.662412919491638 0.662412919491638 0.662412919491638 0.662412919491638 0.662412919491638 0.662412919491638 0.0 0.0 0.0 0.0 0.0 0.0 0.0 0.0 0.0 0.0 0.0 0.0 0.0 
337 0.661232794979247 0.661232794979247 0.661232794979247 0.661232794979247 0.661232794979247 0.661232794979247 0.661232794979247 0.661232794979247 0.0 0.0 0.0 0.0 0.0 0.0 0.0 0.0 0.0 0.0 0.0 0.0 0.0 
338 0.6600511200947619 0.6600511200947619 0.6600511200947619 0.6600511200947619 0.6600511200947619 0.6600511200947619 0.6600511200947619 0.6600511200947619 0.0 0.0 0.0 0.0 0.0 0.0 0.0 0.0 0.0 0.0 0.0 0.0 0.0 
339 0.6588679059061954 0.6588679059061954 0.6588679059061954 0.6588679059061954 0.6588679059061954 0.6588679059061954 0.6588679059061954 0.6588679059061954 0.0 0.0 0.0 0.0 0.0 0.0 0.0 0.0 0.0 0.0 0.0 0.0 0.0 
340 0.6576831635471907 0.6576831635471907 0.6576831635471907 0.6576831635471907 0.6576831635471907 0.6576831635471907 0.6576831635471907 0.6576831635471907 0.0 0.0 0.0 0.0 0.0 0.0 0.0 0.0 0.0 0.0 0.0 0.0 0.0 
341 0.6564969042166792 0.6564969042166792 0.6564969042166792 0.6564969042166792 0.6564969042166792 0.6564969042166792 0.6564969042166792 0.6564969042166792 0.0 0.0 0.0 0.0 0.0 0.0 0.0 0.0 0.0 0.0 0.0 0.0 0.0 
342 0.6553091391785286 0.6553091391785286 0.6553091391785286 0.6553091391785286 0.6553091391785286 0.6553091391785286 0.6553091391785286 0.6553091391785286 0.0 0.0 0.0 0.0 0.0 0.0 0.0 0.0 0.0 0.0 0.0 0.0 0.0 
343 0.6541198797611916 0.6541198797611916 0.6541198797611916 0.6541198797611916 0.6541198797611916 0.6541198797611916 0.6541198797611916 0.6541198797611916 0.0 0.0 0.0 0.0 0.0 0.0 0.0 0.0 0.0 0.0 0.0 0.0 0.0 
344 0.6529291373573451 0.6529291373573451 0.6529291373573451 0.6529291373573451 0.6529291373573451 0.6529291373573451 0.6529291373573451 0.6529291373573451 0.0 0.0 0.0 0.0 0.0 0.0 0.0 0.0 0.0 0.0 0.0 0.0 0.0 
345 0.6517369234235241 0.6517369234235241 0.6517369234235241 0.6517369234235241 0.6517369234235241 0.6517369234235241 0.6517369234235241 0.6517369234235241 0.0 0.0 0.0 0.0 0.0 0.0 0.0 0.0 0.0 0.0 0.0 0.0 0.0 
346 0.650543249479752 0.650543249479752 0.650543249479752 0.650543249479752 0.650543249479752 0.650543249479752 0.650543249479752 0.650543249479752 0.0 0.0 0.0 0.0 0.0 0.0 0.0 0.0 0.0 0.0 0.0 0.0 0.0 
347 0.6493481271091635 0.6493481271091635 0.6493481271091635 0.6493481271091635 0.6493481271091635 0.6493481271091635 0.6493481271091635 0.6493481271091635 0.0 0.0 0.0 0.0 0.0 0.0 0.0 0.0 0.0 0.0 0.0 0.0 0.0 
348 0.6481515679576203 0.6481515679576203 0.6481515679576203 0.6481515679576203 0.6481515679576203 0.6481515679576203 0.6481515679576203 0.6481515679576203 0.0 0.0 0.0 0.0 0.0 0.0 0.0 0.0 0.0 0.0 0.0 0.0 0.0 
349 0.6469535837333263 0.6469535837333263 0.6469535837333263 0.6469535837333263 0.6469535837333263 0.6469535837333263 0.6469535837333263 0.6469535837333263 0.0 0.0 0.0 0.0 0.0 0.0 0.0 0.0 0.0 0.0 0.0 0.0 0.0 
350 0.6457541862064333 0.6457541862064333 0.6457541862064333 0.6457541862064333 0.6457541862064333 0.6457541862064333 0.6457541862064333 0.6457541862064333 0.0 0.0 0.0 0.0 0.0 0.0 0.0 0.0 0.0 0.0 0.0 0.0 0.0 
351 0.6445533872086405 0.6445533872086405 0.6445533872086405 0.6445533872086405 0.6445533872086405 0.6445533872086405 0.6445533872086405 0.6445533872086405 0.0 0.0 0.0 0.0 0.0 0.0 0.0 0.0 0.0 0.0 0.0 0.0 0.0 
352 0.643351198632793 0.643351198632793 0.643351198632793 0.643351198632793 0.643351198632793 0.643351198632793 0.643351198632793 0.643351198632793 0.0 0.0 0.0 0.0 0.0 0.0 0.0 0.0 0.0 0.0 0.0 0.0 0.0 
353 0.6421476324324692 0.6421476324324692 0.6421476324324692 0.6421476324324692 0.6421476324324692 0.6421476324324692 0.6421476324324692 0.6421476324324692 0.0 0.0 0.0 0.0 0.0 0.0 0.0 0.0 0.0 0.0 0.0 0.0 0.0 
354 0.6409427006215681 0.6409427006215681 0.6409427006215681 0.6409427006215681 0.6409427006215681 0.6409427006215681 0.6409427006215681 0.6409427006215681 0.0 0.0 0.0 0.0 0.0 0.0 0.0 0.0 0.0 0.0 0.0 0.0 0.0 
355 0.6397364152738851 0.6397364152738851 0.6397364152738851 0.6397364152738851 0.6397364152738851 0.6397364152738851 0.6397364152738851 0.6397364152738851 0.0 0.0 0.0 0.0 0.0 0.0 0.0 0.0 0.0 0.0 0.0 0.0 0.0 
356 0.6385287885226903 0.6385287885226903 0.6385287885226903 0.6385287885226903 0.6385287885226903 0.6385287885226903 0.6385287885226903 0.6385287885226903 0.0 0.0 0.0 0.0 0.0 0.0 0.0 0.0 0.0 0.0 0.0 0.0 0.0 
357 0.6373198325602943 0.6373198325602943 0.6373198325602943 0.6373198325602943 0.6373198325602943 0.6373198325602943 0.6373198325602943 0.6373198325602943 0.0 0.0 0.0 0.0 0.0 0.0 0.0 0.0 0.0 0.0 0.0 0.0 0.0 
358 0.6361095596376108 0.6361095596376108 0.6361095596376108 0.6361095596376108 0.6361095596376108 0.6361095596376108 0.6361095596376108 0.6361095596376108 0.0026367866312174597 0.0 0.0 0.0 0.0 0.0 0.0 0.0 0.0 0.0 0.0 0.0 0.0 
359 0.6348979820637177 0.6348979820637177 0.6348979820637177 0.6348979820637177 0.6348979820637177 0.6348979820637177 0.6348979820637177 0.6348979820637177 0.031232319477718273 0.0 0.0 0.0 0.0 0.0 0.0 0.0 0.0 0.0 0.0 0.0 0.0 
360 0.6336851122054045 0.6336851122054045 0.6336851122054045 0.6336851122054045 0.6336851122054045 0.6336851122054045 0.6336851122054045 0.6336851122054045 0.06506154488331523 0.0 0.0 0.0 0.0 0.0 0.0 0.0 0.0 0.0 0.0 0.0 0.0 
361 0.6324709624867252 0.6324709624867252 0.6324709624867252 0.6324709624867252 0.6324709624867252 0.6324709624867252 0.6324709624867252 0.6324709624867252 0.11072179279445202 0.0 0.0 0.0 0.0 0.0 0.0 0.0 0.0 0.0 0.0 0.0 0.0 
362 0.6312555453885371 0.6312555453885371 0.6312555453885371 0.6312555453885371 0.6312555453885371 0.6312555453885371 0.6312555453885371 0.6312555453885371 0.19296196691767417 0.0 0.0 0.0 0.0 0.0 0.0 0.0 0.0 0.0 0.0 0.0 0.0 
363 0.6300388734480369 0.6300388734480369 0.6300388734480369 0.6300388734480369 0.6300388734480369 0.6300388734480369 0.6300388734480369 0.6300388734480369 0.27154119990001757 0.0 0.0 0.0 0.0 0.0 0.0 0.0 0.0 0.0 0.0 0.0 0.0 
364 0.6288209592582956 0.6288209592582956 0.6288209592582956 0.6288209592582956 0.6288209592582956 0.6288209592582956 0.6288209592582956 0.6288209592582956 0.3145165692969164 0.0 0.0 0.0 0.0 0.0 0.0 0.0 0.0 0.0 0.0 0.0 0.0 
365 0.6276018154677824 0.6276018154677824 0.6276018154677824 0.6276018154677824 0.6276018154677824 0.6276018154677824 0.6276018154677824 0.6276018154677824 0.36239946633134895 0.0 0.0 0.0 0.0 0.0 0.0 0.0 0.0 0.0 0.0 0.0 0.0 
366 0.6263814547798864 0.6263814547798864 0.6263814547798864 0.6263814547798864 0.6263814547798864 0.6263814547798864 0.6263814547798864 0.6263814547798864 0.4324088174545821 0.0 0.0 0.0 0.0 0.0 0.0 0.0 0.0 0.0 0.0 0.0 0.0 
367 0.6251598899524334 0.6251598899524334 0.6251598899524334 0.6251598899524334 0.6251598899524334 0.6251598899524334 0.6251598899524334 0.6251598899524334 0.4988134410762499 0.0 0.0 0.0 0.0 0.0 0.0 0.0 0.0 0.0 0.0 0.0 0.0 
368 0.6239371337971983 0.6239371337971983 0.6239371337971983 0.6239371337971983 0.6239371337971983 0.6239371337971983 0.6239371337971983 0.6239371337971983 0.5703971116059972 0.0 0.0 0.0 0.0 0.0 0.0 0.0 0.0 0.0 0.0 0.0 0.0 
369 0.6227131991794083 0.6227131991794083 0.6227131991794083 0.6227131991794083 0.6227131991794083 0.6227131991794083 0.6227131991794083 0.6227131991794083 0.5893750445640493 0.0 0.0 0.0 0.0 0.0 0.0 0.0 0.0 0.0 0.0 0.0 0.0 
370 0.6214880990172473 0.6214880990172473 0.6214880990172473 0.6214880990172473 0.6214880990172473 0.6214880990172473 0.6214880990172473 0.6214880990172473 0.5902702196201475 0.0 0.0 0.0 0.0 0.0 0.0 0.0 0.0 0.0 0.0 0.0 0.0 
371 0.6202618462813514 0.6202618462813514 0.6202618462813514 0.6202618462813514 0.6202618462813514 0.6202618462813514 0.6202618462813514 0.6202618462813514 0.5892234619456278 0.0 0.0 0.0 0.0 0.0 0.0 0.0 0.0 0.0 0.0 0.0 0.0 
372 0.6190344539942976 0.6190344539942976 0.6190344539942976 0.6190344539942976 0.6190344539942976 0.6190344539942976 0.6190344539942976 0.6190344539942976 0.6181084121124999 0.0 0.0 0.0 0.0 0.0 0.0 0.0 0.0 0.0 0.0 0.0 0.0 
373 0.6178059352300961 0.6178059352300961 0.6178059352300961 0.6178059352300961 0.6178059352300961 0.6178059352300961 0.6178059352300961 0.6178059352300961 0.617790849599073 0.0 0.0 0.0 0.0 0.0 0.0 0.0 0.0 0.0 0.0 0.0 0.0 
374 0.6165763031136644 0.6165763031136644 0.6165763031136644 0.6165763031136644 0.6165763031136644 0.6165763031136644 0.6165763031136644 0.6165763031136644 0.6165763031136644 0.0 0.0 0.0 0.0 0.0 0.0 0.0 0.0 0.0 0.0 0.0 0.0 
375 0.615345570820312 0.615345570820312 0.615345570820312 0.615345570820312 0.615345570820312 0.615345570820312 0.615345570820312 0.615345570820312 0.615345570820312 0.0 0.0 0.0 0.0 0.0 0.0 0.0 0.0 0.0 0.0 0.0 0.0 
376 0.6141137515752072 0.6141137515752072 0.6141137515752072 0.6141137515752072 0.6141137515752072 0.6141137515752072 0.6141137515752072 0.6141137515752072 0.6141137515752072 0.0 0.0 0.0 0.0 0.0 0.0 0.0 0.0 0.0 0.0 0.0 0.0 
377 0.6128808586528466 0.6128808586528466 0.6128808586528466 0.6128808586528466 0.6128808586528466 0.6128808586528466 0.6128808586528466 0.6128808586528466 0.6128808586528466 0.0 0.0 0.0 0.0 0.0 0.0 0.0 0.0 0.0 0.0 0.0 0.0 
378 0.6116469053765172 0.6116469053765172 0.6116469053765172 0.6116469053765172 0.6116469053765172 0.6116469053765172 0.6116469053765172 0.6116469053765172 0.6116469053765172 0.0 0.0 0.0 0.0 0.0 0.0 0.0 0.0 0.0 0.0 0.0 0.0 
379 0.6104119051177561 0.6104119051177561 0.6104119051177561 0.6104119051177561 0.6104119051177561 0.6104119051177561 0.6104119051177561 0.6104119051177561 0.6104119051177561 0.0 0.0 0.0 0.0 0.0 0.0 0.0 0.0 0.0 0.0 0.0 0.0 
380 0.6091758712958023 0.6091758712958023 0.6091758712958023 0.6091758712958023 0.6091758712958023 0.6091758712958023 0.6091758712958023 0.6091758712958023 0.6091758712958023 0.0 0.0 0.0 0.0 0.0 0.0 0.0 0.0 0.0 0.0 0.0 0.0 
381 0.6079388173770466 0.6079388173770466 0.6079388173770466 0.6079388173770466 0.6079388173770466 0.6079388173770466 0.6079388173770466 0.6079388173770466 0.6079388173770466 0.0 0.0 0.0 0.0 0.0 0.0 0.0 0.0 0.0 0.0 0.0 0.0 
382 0.6067007568744758 0.6067007568744758 0.6067007568744758 0.6067007568744758 0.6067007568744758 0.6067007568744758 0.6067007568744758 0.6067007568744758 0.6067007568744758 0.0 0.0 0.0 0.0 0.0 0.0 0.0 0.0 0.0 0.0 0.0 0.0 
383 0.6054617033471134 0.6054617033471134 0.6054617033471134 0.6054617033471134 0.6054617033471134 0.6054617033471134 0.6054617033471134 0.6054617033471134 0.6054617033471134 0.0 0.0 0.0 0.0 0.0 0.0 0.0 0.0 0.0 0.0 0.0 0.0 
384 0.6042216703994543 0.6042216703994543 0.6042216703994543 0.6042216703994543 0.6042216703994543 0.6042216703994543 0.6042216703994543 0.6042216703994543 0.6042216703994543 0.0 0.0 0.0 0.0 0.0 0.0 0.0 0.0 0.0 0.0 0.0 0.0 
385 0.6029806716808983 0.6029806716808983 0.6029806716808983 0.6029806716808983 0.6029806716808983 0.6029806716808983 0.6029806716808983 0.6029806716808983 0.6029806716808983 0.0 0.0 0.0 0.0 0.0 0.0 0.0 0.0 0.0 0.0 0.0 0.0 
386 0.6017387208851742 0.6017387208851742 0.6017387208851742 0.6017387208851742 0.6017387208851742 0.6017387208851742 0.6017387208851742 0.6017387208851742 0.6017387208851742 0.0 0.0 0.0 0.0 0.0 0.0 0.0 0.0 0.0 0.0 0.0 0.0 
387 0.6004958317497641 0.6004958317497641 0.6004958317497641 0.6004958317497641 0.6004958317497641 0.6004958317497641 0.6004958317497641 0.6004958317497641 0.6004958317497641 0.0 0.0 0.0 0.0 0.0 0.0 0.0 0.0 0.0 0.0 0.0 0.0 
388 0.5992520180553224 0.5992520180553224 0.5992520180553224 0.5992520180553224 0.5992520180553224 0.5992520180553224 0.5992520180553224 0.5992520180553224 0.5992520180553224 0.0 0.0 0.0 0.0 0.0 0.0 0.0 0.0 0.0 0.0 0.0 0.0 
389 0.5980072936250896 0.5980072936250896 0.5980072936250896 0.5980072936250896 0.5980072936250896 0.5980072936250896 0.5980072936250896 0.5980072936250896 0.5980072936250896 0.0 0.0 0.0 0.0 0.0 0.0 0.0 0.0 0.0 0.0 0.0 0.0 
390 0.5967616723243024 0.5967616723243024 0.5967616723243024 0.5967616723243024 0.5967616723243024 0.5967616723243024 0.5967616723243024 0.5967616723243024 0.5967616723243024 0.0 0.0 0.0 0.0 0.0 0.0 0.0 0.0 0.0 0.0 0.0 0.0 
391 0.5955151680596008 0.5955151680596008 0.5955151680596008 0.5955151680596008 0.5955151680596008 0.5955151680596008 0.5955151680596008 0.5955151680596008 0.5955151680596008 0.0 0.0 0.0 0.0 0.0 0.0 0.0 0.0 0.0 0.0 0.0 0.0 
392 0.5942677947784288 0.5942677947784288 0.5942677947784288 0.5942677947784288 0.5942677947784288 0.5942677947784288 0.5942677947784288 0.5942677947784288 0.5942677947784288 0.0 0.0 0.0 0.0 0.0 0.0 0.0 0.0 0.0 0.0 0.0 0.0 
393 0.5930195664684343 0.5930195664684343 0.5930195664684343 0.5930195664684343 0.5930195664684343 0.5930195664684343 0.5930195664684343 0.5930195664684343 0.5930195664684343 0.0 0.0 0.0 0.0 0.0 0.0 0.0 0.0 0.0 0.0 0.0 0.0 
394 0.5917704971568619 0.5917704971568619 0.5917704971568619 0.5917704971568619 0.5917704971568619 0.5917704971568619 0.5917704971568619 0.5917704971568619 0.5917704971568619 0.0 0.0 0.0 0.0 0.0 0.0 0.0 0.0 0.0 0.0 0.0 0.0 
395 0.590520600909945 0.590520600909945 0.590520600909945 0.590520600909945 0.590520600909945 0.590520600909945 0.590520600909945 0.590520600909945 0.590520600909945 0.011284099184292833 0.0 0.0 0.0 0.0 0.0 0.0 0.0 0.0 0.0 0.0 0.0 
396 0.5892698918322912 0.5892698918322912 0.5892698918322912 0.5892698918322912 0.5892698918322912 0.5892698918322912 0.5892698918322912 0.5892698918322912 0.5892698918322912 0.028857739256127907 0.0 0.0 0.0 0.0 0.0 0.0 0.0 0.0 0.0 0.0 0.0 
397 0.588018384066265 0.588018384066265 0.588018384066265 0.588018384066265 0.588018384066265 0.588018384066265 0.588018384066265 0.588018384066265 0.588018384066265 0.02965175270845813 0.0 0.0 0.0 0.0 0.0 0.0 0.0 0.0 0.0 0.0 0.0 
398 0.5867660917913698 0.5867660917913698 0.5867660917913698 0.5867660917913698 0.5867660917913698 0.5867660917913698 0.5867660917913698 0.5867660917913698 0.5867660917913698 0.05847002991070719 0.0 0.0 0.0 0.0 0.0 0.0 0.0 0.0 0.0 0.0 0.0 
399 0.5855130292236196 0.5855130292236196 0.5855130292236196 0.5855130292236196 0.5855130292236196 0.5855130292236196 0.5855130292236196 0.5855130292236196 0.5855130292236196 0.16873936037212806 0.0 0.0 0.0 0.0 0.0 0.0 0.0 0.0 0.0 0.0 0.0 
400 0.5842592106149133 0.5842592106149133 0.5842592106149133 0.5842592106149133 0.5842592106149133 0.5842592106149133 0.5842592106149133 0.5842592106149133 0.5842592106149133 0.2038473075950679 0.0 0.0 0.0 0.0 0.0 0.0 0.0 0.0 0.0 0.0 0.0 
401 0.5830046502524026 0.5830046502524026 0.5830046502524026 0.5830046502524026 0.5830046502524026 0.5830046502524026 0.5830046502524026 0.5830046502524026 0.5830046502524026 0.23790527837186987 0.0 0.0 0.0 0.0 0.0 0.0 0.0 0.0 0.0 0.0 0.0 
402 0.5817493624578584 0.5817493624578584 0.5817493624578584 0.5817493624578584 0.5817493624578584 0.5817493624578584 0.5817493624578584 0.5817493624578584 0.5817493624578584 0.31008837928289945 0.0 0.0 0.0 0.0 0.0 0.0 0.0 0.0 0.0 0.0 0.0 
403 0.5804933615870299 0.5804933615870299 0.5804933615870299 0.5804933615870299 0.5804933615870299 0.5804933615870299 0.5804933615870299 0.5804933615870299 0.5804933615870299 0.31889913802700753 0.0 0.0 0.0 0.0 0.0 0.0 0.0 0.0 0.0 0.0 0.0 
404 0.5792366620290056 0.5792366620290056 0.5792366620290056 0.5792366620290056 0.5792366620290056 0.5792366620290056 0.5792366620290056 0.5792366620290056 0.5792366620290056 0.33165109717587626 0.0 0.0 0.0 0.0 0.0 0.0 0.0 0.0 0.0 0.0 0.0 
405 0.5779792782055657 0.5779792782055657 0.5779792782055657 0.5779792782055657 0.5779792782055657 0.5779792782055657 0.5779792782055657 0.5779792782055657 0.5779792782055657 0.38352977756834894 0.0 0.0 0.0 0.0 0.0 0.0 0.0 0.0 0.0 0.0 0.0 
406 0.5767212245705358 0.5767212245705358 0.5767212245705358 0.5767212245705358 0.5767212245705358 0.5767212245705358 0.5767212245705358 0.5767212245705358 0.5767212245705358 0.48754392573060884 0.0 0.0 0.0 0.0 0.0 0.0 0.0 0.0 0.0 0.0 0.0 
407 0.5754625156091355 0.5754625156091355 0.5754625156091355 0.5754625156091355 0.5754625156091355 0.5754625156091355 0.5754625156091355 0.5754625156091355 0.5754625156091355 0.5300778263445123 0.0 0.0 0.0 0.0 0.0 0.0 0.0 0.0 0.0 0.0 0.0 
408 0.5742031658373217 0.5742031658373217 0.5742031658373217 0.5742031658373217 0.5742031658373217 0.5742031658373217 0.5742031658373217 0.5742031658373217 0.5742031658373217 0.5450893116207254 0.0 0.0 0.0 0.0 0.0 0.0 0.0 0.0 0.0 0.0 0.0 
409 0.572943189801135 0.572943189801135 0.572943189801135 0.572943189801135 0.572943189801135 0.572943189801135 0.572943189801135 0.572943189801135 0.572943189801135 0.5442521857907359 0.0 0.0 0.0 0.0 0.0 0.0 0.0 0.0 0.0 0.0 0.0 
410 0.5716826020760346 0.5716826020760346 0.5716826020760346 0.5716826020760346 0.5716826020760346 0.5716826020760346 0.5716826020760346 0.5716826020760346 0.5716826020760346 0.5430984719722328 0.0 0.0 0.0 0.0 0.0 0.0 0.0 0.0 0.0 0.0 0.0 
411 0.570421417266239 0.570421417266239 0.570421417266239 0.570421417266239 0.570421417266239 0.570421417266239 0.570421417266239 0.570421417266239 0.570421417266239 0.5421443466089013 0.0 0.0 0.0 0.0 0.0 0.0 0.0 0.0 0.0 0.0 0.0 
412 0.5691596500040561 0.5691596500040561 0.5691596500040561 0.5691596500040561 0.5691596500040561 0.5691596500040561 0.5691596500040561 0.5691596500040561 0.5691596500040561 0.5492490009024688 0.0 0.0 0.0 0.0 0.0 0.0 0.0 0.0 0.0 0.0 0.0 
413 0.567897314949217 0.567897314949217 0.567897314949217 0.567897314949217 0.567897314949217 0.567897314949217 0.567897314949217 0.567897314949217 0.567897314949217 0.5675263549144807 0.0 0.0 0.0 0.0 0.0 0.0 0.0 0.0 0.0 0.0 0.0 
414 0.5666344267882029 0.5666344267882029 0.5666344267882029 0.5666344267882029 0.5666344267882029 0.5666344267882029 0.5666344267882029 0.5666344267882029 0.5666344267882029 0.5666104108867047 0.0 0.0 0.0 0.0 0.0 0.0 0.0 0.0 0.0 0.0 0.0 
415 0.5653710002335702 0.5653710002335702 0.5653710002335702 0.5653710002335702 0.5653710002335702 0.5653710002335702 0.5653710002335702 0.5653710002335702 0.5653710002335702 0.5653710002335702 0.0 0.0 0.0 0.0 0.0 0.0 0.0 0.0 0.0 0.0 0.0 
416 0.5641070500232745 0.5641070500232745 0.5641070500232745 0.5641070500232745 0.5641070500232745 0.5641070500232745 0.5641070500232745 0.5641070500232745 0.5641070500232745 0.5641070500232745 0.0 0.0 0.0 0.0 0.0 0.0 0.0 0.0 0.0 0.0 0.0 
417 0.5628425909199902 0.5628425909199902 0.5628425909199902 0.5628425909199902 0.5628425909199902 0.5628425909199902 0.5628425909199902 0.5628425909199902 0.5628425909199902 0.5628425909199902 0.0 0.0 0.0 0.0 0.0 0.0 0.0 0.0 0.0 0.0 0.0 
418 0.5615776377104289 0.5615776377104289 0.5615776377104289 0.5615776377104289 0.5615776377104289 0.5615776377104289 0.5615776377104289 0.5615776377104289 0.5615776377104289 0.5615776377104289 0.0 0.0 0.0 0.0 0.0 0.0 0.0 0.0 0.0 0.0 0.0 
419 0.5603122052046536 0.5603122052046536 0.5603122052046536 0.5603122052046536 0.5603122052046536 0.5603122052046536 0.5603122052046536 0.5603122052046536 0.5603122052046536 0.5603122052046536 0.0 0.0 0.0 0.0 0.0 0.0 0.0 0.0 0.0 0.0 0.0 
420 0.5590463082353947 0.5590463082353947 0.5590463082353947 0.5590463082353947 0.5590463082353947 0.5590463082353947 0.5590463082353947 0.5590463082353947 0.5590463082353947 0.5590463082353947 0.0 0.0 0.0 0.0 0.0 0.0 0.0 0.0 0.0 0.0 0.0 
421 0.5577799616573567 0.5577799616573567 0.5577799616573567 0.5577799616573567 0.5577799616573567 0.5577799616573567 0.5577799616573567 0.5577799616573567 0.5577799616573567 0.5577799616573567 0.0 0.0 0.0 0.0 0.0 0.0 0.0 0.0 0.0 0.0 0.0 
422 0.556513180346532 0.556513180346532 0.556513180346532 0.556513180346532 0.556513180346532 0.556513180346532 0.556513180346532 0.556513180346532 0.556513180346532 0.556513180346532 0.0 0.0 0.0 0.0 0.0 0.0 0.0 0.0 0.0 0.0 0.0 
423 0.5552459791995024 0.5552459791995024 0.5552459791995024 0.5552459791995024 0.5552459791995024 0.5552459791995024 0.5552459791995024 0.5552459791995024 0.5552459791995024 0.5552459791995024 0.0 0.0 0.0 0.0 0.0 0.0 0.0 0.0 0.0 0.0 0.0 
424 0.553978373132747 0.553978373132747 0.553978373132747 0.553978373132747 0.553978373132747 0.553978373132747 0.553978373132747 0.553978373132747 0.553978373132747 0.553978373132747 0.0 0.0 0.0 0.0 0.0 0.0 0.0 0.0 0.0 0.0 0.0 
425 0.5527103770819439 0.5527103770819439 0.5527103770819439 0.5527103770819439 0.5527103770819439 0.5527103770819439 0.5527103770819439 0.5527103770819439 0.5527103770819439 0.5527103770819439 0.0 0.0 0.0 0.0 0.0 0.0 0.0 0.0 0.0 0.0 0.0 
426 0.5514420060012702 0.5514420060012702 0.5514420060012702 0.5514420060012702 0.5514420060012702 0.5514420060012702 0.5514420060012702 0.5514420060012702 0.5514420060012702 0.5514420060012702 0.0 0.0 0.0 0.0 0.0 0.0 0.0 0.0 0.0 0.0 0.0 
427 0.5501732748627004 0.5501732748627004 0.5501732748627004 0.5501732748627004 0.5501732748627004 0.5501732748627004 0.5501732748627004 0.5501732748627004 0.5501732748627004 0.5501732748627004 0.0 0.0 0.0 0.0 0.0 0.0 0.0 0.0 0.0 0.0 0.0 
428 0.5489041986553042 0.5489041986553042 0.5489041986553042 0.5489041986553042 0.5489041986553042 0.5489041986553042 0.5489041986553042 0.5489041986553042 0.5489041986553042 0.5489041986553042 0.0 0.0 0.0 0.0 0.0 0.0 0.0 0.0 0.0 0.0 0.0 
429 0.5476347923845423 0.5476347923845423 0.5476347923845423 0.5476347923845423 0.5476347923845423 0.5476347923845423 0.5476347923845423 0.5476347923845423 0.5476347923845423 0.5476347923845423 0.0 0.0 0.0 0.0 0.0 0.0 0.0 0.0 0.0 0.0 0.0 
430 0.5463650710715575 0.5463650710715575 0.5463650710715575 0.5463650710715575 0.5463650710715575 0.5463650710715575 0.5463650710715575 0.5463650710715575 0.5463650710715575 0.5463650710715575 0.0 0.0 0.0 0.0 0.0 0.0 0.0 0.0 0.0 0.0 0.0 
431 0.5450950497524698 0.5450950497524698 0.5450950497524698 0.5450950497524698 0.5450950497524698 0.5450950497524698 0.5450950497524698 0.5450950497524698 0.5450950497524698 0.5450950497524698 0.0 0.0 0.0 0.0 0.0 0.0 0.0 0.0 0.0 0.0 0.0 
432 0.5438247434776636 0.5438247434776636 0.5438247434776636 0.5438247434776636 0.5438247434776636 0.5438247434776636 0.5438247434776636 0.5438247434776636 0.5438247434776636 0.5438247434776636 0.002768236652743988 0.0 0.0 0.0 0.0 0.0 0.0 0.0 0.0 0.0 0.0 
433 0.5425541673110795 0.5425541673110795 0.5425541673110795 0.5425541673110795 0.5425541673110795 0.5425541673110795 0.5425541673110795 0.5425541673110795 0.5425541673110795 0.5425541673110795 0.050046902001836736 0.0 0.0 0.0 0.0 0.0 0.0 0.0 0.0 0.0 0.0 
434 0.5412833363294999 0.5412833363294999 0.5412833363294999 0.5412833363294999 0.5412833363294999 0.5412833363294999 0.5412833363294999 0.5412833363294999 0.5412833363294999 0.5412833363294999 0.07938718994009417 0.0 0.0 0.0 0.0 0.0 0.0 0.0 0.0 0.0 0.0 
435 0.540012265621837 0.540012265621837 0.540012265621837 0.540012265621837 0.540012265621837 0.540012265621837 0.540012265621837 0.540012265621837 0.540012265621837 0.540012265621837 0.08080248545058785 0.0 0.0 0.0 0.0 0.0 0.0 0.0 0.0 0.0 0.0 
436 0.5387409702884167 0.5387409702884167 0.5387409702884167 0.5387409702884167 0.5387409702884167 0.5387409702884167 0.5387409702884167 0.5387409702884167 0.5387409702884167 0.5387409702884167 0.13304299951364745 0.0 0.0 0.0 0.0 0.0 0.0 0.0 0.0 0.0 0.0 
437 0.5374694654402628 0.5374694654402628 0.5374694654402628 0.5374694654402628 0.5374694654402628 0.5374694654402628 0.5374694654402628 0.5374694654402628 0.5374694654402628 0.5374694654402628 0.20128370658470668 0.0 0.0 0.0 0.0 0.0 0.0 0.0 0.0 0.0 0.0 
438 0.5361977661983806 0.5361977661983806 0.5361977661983806 0.5361977661983806 0.5361977661983806 0.5361977661983806 0.5361977661983806 0.5361977661983806 0.5361977661983806 0.5361977661983806 0.23931778463294426 0.0 0.0 0.0 0.0 0.0 0.0 0.0 0.0 0.0 0.0 
439 0.5349258876930373 0.5349258876930373 0.5349258876930373 0.5349258876930373 0.5349258876930373 0.5349258876930373 0.5349258876930373 0.5349258876930373 0.5349258876930373 0.5349258876930373 0.31305396481122616 0.0 0.0 0.0 0.0 0.0 0.0 0.0 0.0 0.0 0.0 
440 0.5336538450630448 0.5336538450630448 0.5336538450630448 0.5336538450630448 0.5336538450630448 0.5336538450630448 0.5336538450630448 0.5336538450630448 0.5336538450630448 0.5336538450630448 0.341656370054464 0.0 0.0 0.0 0.0 0.0 0.0 0.0 0.0 0.0 0.0 
441 0.5323816534550384 0.5323816534550384 0.5323816534550384 0.5323816534550384 0.5323816534550384 0.5323816534550384 0.5323816534550384 0.5323816534550384 0.5323816534550384 0.5323816534550384 0.3715770430196442 0.0 0.0 0.0 0.0 0.0 0.0 0.0 0.0 0.0 0.0 
442 0.5311093280227565 0.5311093280227565 0.5311093280227565 0.5311093280227565 0.5311093280227565 0.5311093280227565 0.5311093280227565 0.5311093280227565 0.5311093280227565 0.5311093280227565 0.43796609800331315 0.0 0.0 0.0 0.0 0.0 0.0 0.0 0.0 0.0 0.0 
443 0.529836883926319 0.529836883926319 0.529836883926319 0.529836883926319 0.529836883926319 0.529836883926319 0.529836883926319 0.529836883926319 0.529836883926319 0.529836883926319 0.47576512605073695 0.0 0.0 0.0 0.0 0.0 0.0 0.0 0.0 0.0 0.0 
444 0.5285643363315055 0.5285643363315055 0.5285643363315055 0.5285643363315055 0.5285643363315055 0.5285643363315055 0.5285643363315055 0.5285643363315055 0.5285643363315055 0.5285643363315055 0.47561075766934924 0.0 0.0 0.0 0.0 0.0 0.0 0.0 0.0 0.0 0.0 
445 0.5272917004090323 0.5272917004090323 0.5272917004090323 0.5272917004090323 0.5272917004090323 0.5272917004090323 0.5272917004090323 0.5272917004090323 0.5272917004090323 0.5272917004090323 0.49927205685910503 0.0 0.0 0.0 0.0 0.0 0.0 0.0 0.0 0.0 0.0 
446 0.5260189913338299 0.5260189913338299 0.5260189913338299 0.5260189913338299 0.5260189913338299 0.5260189913338299 0.5260189913338299 0.5260189913338299 0.5260189913338299 0.5260189913338299 0.49931586335631434 0.0 0.0 0.0 0.0 0.0 0.0 0.0 0.0 0.0 0.0 
447 0.5247462242843183 0.5247462242843183 0.5247462242843183 0.5247462242843183 0.5247462242843183 0.5247462242843183 0.5247462242843183 0.5247462242843183 0.5247462242843183 0.5247462242843183 0.49849522491587966 0.0 0.0 0.0 0.0 0.0 0.0 0.0 0.0 0.0 0.0 
448 0.5234734144416839 0.5234734144416839 0.5234734144416839 0.5234734144416839 0.5234734144416839 0.5234734144416839 0.5234734144416839 0.5234734144416839 0.5234734144416839 0.5234734144416839 0.49729974371959973 0.0 0.0 0.0 0.0 0.0 0.0 0.0 0.0 0.0 0.0 
449 0.5222005769891551 0.5222005769891551 0.5222005769891551 0.5222005769891551 0.5222005769891551 0.5222005769891551 0.5222005769891551 0.5222005769891551 0.5222005769891551 0.5222005769891551 0.49609054813969733 0.0 0.0 0.0 0.0 0.0 0.0 0.0 0.0 0.0 0.0 
450 0.5209277271112777 0.5209277271112777 0.5209277271112777 0.5209277271112777 0.5209277271112777 0.5209277271112777 0.5209277271112777 0.5209277271112777 0.5209277271112777 0.5209277271112777 0.5182531471402319 0.0 0.0 0.0 0.0 0.0 0.0 0.0 0.0 0.0 0.0 
451 0.5196548799931906 0.5196548799931906 0.5196548799931906 0.5196548799931906 0.5196548799931906 0.5196548799931906 0.5196548799931906 0.5196548799931906 0.5196548799931906 0.5196548799931906 0.5195166715837958 0.0 0.0 0.0 0.0 0.0 0.0 0.0 0.0 0.0 0.0 
452 0.5183820508199009 0.5183820508199009 0.5183820508199009 0.5183820508199009 0.5183820508199009 0.5183820508199009 0.5183820508199009 0.5183820508199009 0.5183820508199009 0.5183820508199009 0.5183730135444302 0.0 0.0 0.0 0.0 0.0 0.0 0.0 0.0 0.0 0.0 
453 0.5171092547755591 0.5171092547755591 0.5171092547755591 0.5171092547755591 0.5171092547755591 0.5171092547755591 0.5171092547755591 0.5171092547755591 0.5171092547755591 0.5171092547755591 0.5171092547755591 0.0 0.0 0.0 0.0 0.0 0.0 0.0 0.0 0.0 0.0 
454 0.5158365070427358 0.5158365070427358 0.5158365070427358 0.5158365070427358 0.5158365070427358 0.5158365070427358 0.5158365070427358 0.5158365070427358 0.5158365070427358 0.5158365070427358 0.5158365070427358 0.0 0.0 0.0 0.0 0.0 0.0 0.0 0.0 0.0 0.0 
455 0.5145638228016949 0.5145638228016949 0.5145638228016949 0.5145638228016949 0.5145638228016949 0.5145638228016949 0.5145638228016949 0.5145638228016949 0.5145638228016949 0.5145638228016949 0.5145638228016949 0.0 0.0 0.0 0.0 0.0 0.0 0.0 0.0 0.0 0.0 
456 0.5132912172296724 0.5132912172296724 0.5132912172296724 0.5132912172296724 0.5132912172296724 0.5132912172296724 0.5132912172296724 0.5132912172296724 0.5132912172296724 0.5132912172296724 0.5132912172296724 0.0 0.0 0.0 0.0 0.0 0.0 0.0 0.0 0.0 0.0 
457 0.5120187055001502 0.5120187055001502 0.5120187055001502 0.5120187055001502 0.5120187055001502 0.5120187055001502 0.5120187055001502 0.5120187055001502 0.5120187055001502 0.5120187055001502 0.5120187055001502 0.0 0.0 0.0 0.0 0.0 0.0 0.0 0.0 0.0 0.0 
458 0.510746302782134 0.510746302782134 0.510746302782134 0.510746302782134 0.510746302782134 0.510746302782134 0.510746302782134 0.510746302782134 0.510746302782134 0.510746302782134 0.510746302782134 0.0 0.0 0.0 0.0 0.0 0.0 0.0 0.0 0.0 0.0 
459 0.5094740242394297 0.5094740242394297 0.5094740242394297 0.5094740242394297 0.5094740242394297 0.5094740242394297 0.5094740242394297 0.5094740242394297 0.5094740242394297 0.5094740242394297 0.5094740242394297 0.0 0.0 0.0 0.0 0.0 0.0 0.0 0.0 0.0 0.0 
460 0.5082018850299211 0.5082018850299211 0.5082018850299211 0.5082018850299211 0.5082018850299211 0.5082018850299211 0.5082018850299211 0.5082018850299211 0.5082018850299211 0.5082018850299211 0.5082018850299211 0.0 0.0 0.0 0.0 0.0 0.0 0.0 0.0 0.0 0.0 
461 0.5069299003048486 0.5069299003048486 0.5069299003048486 0.5069299003048486 0.5069299003048486 0.5069299003048486 0.5069299003048486 0.5069299003048486 0.5069299003048486 0.5069299003048486 0.5069299003048486 0.0 0.0 0.0 0.0 0.0 0.0 0.0 0.0 0.0 0.0 
462 0.5056580852080864 0.5056580852080864 0.5056580852080864 0.5056580852080864 0.5056580852080864 0.5056580852080864 0.5056580852080864 0.5056580852080864 0.5056580852080864 0.5056580852080864 0.5056580852080864 0.0 0.0 0.0 0.0 0.0 0.0 0.0 0.0 0.0 0.0 
463 0.5043864548754244 0.5043864548754244 0.5043864548754244 0.5043864548754244 0.5043864548754244 0.5043864548754244 0.5043864548754244 0.5043864548754244 0.5043864548754244 0.5043864548754244 0.5043864548754244 0.0 0.0 0.0 0.0 0.0 0.0 0.0 0.0 0.0 0.0 
464 0.5031150244338461 0.5031150244338461 0.5031150244338461 0.5031150244338461 0.5031150244338461 0.5031150244338461 0.5031150244338461 0.5031150244338461 0.5031150244338461 0.5031150244338461 0.5031150244338461 0.0 0.0 0.0 0.0 0.0 0.0 0.0 0.0 0.0 0.0 
465 0.5018438090008116 0.5018438090008116 0.5018438090008116 0.5018438090008116 0.5018438090008116 0.5018438090008116 0.5018438090008116 0.5018438090008116 0.5018438090008116 0.5018438090008116 0.5018438090008116 0.0 0.0 0.0 0.0 0.0 0.0 0.0 0.0 0.0 0.0 
466 0.5005728236835392 0.5005728236835392 0.5005728236835392 0.5005728236835392 0.5005728236835392 0.5005728236835392 0.5005728236835392 0.5005728236835392 0.5005728236835392 0.5005728236835392 0.5005728236835392 1.881333271394631E-4 0.0 0.0 0.0 0.0 0.0 0.0 0.0 0.0 0.0 
467 0.4993020835782892 0.4993020835782892 0.4993020835782892 0.4993020835782892 0.4993020835782892 0.4993020835782892 0.4993020835782892 0.4993020835782892 0.4993020835782892 0.4993020835782892 0.4993020835782892 0.024150065087056326 0.0 0.0 0.0 0.0 0.0 0.0 0.0 0.0 0.0 
468 0.4980316037696467 0.4980316037696467 0.4980316037696467 0.4980316037696467 0.4980316037696467 0.4980316037696467 0.4980316037696467 0.4980316037696467 0.4980316037696467 0.4980316037696467 0.4980316037696467 0.04764071903268324 0.0 0.0 0.0 0.0 0.0 0.0 0.0 0.0 0.0 
469 0.49676139932980956 0.49676139932980956 0.49676139932980956 0.49676139932980956 0.49676139932980956 0.49676139932980956 0.49676139932980956 0.49676139932980956 0.49676139932980956 0.49676139932980956 0.49676139932980956 0.07067135194835564 0.0 0.0 0.0 0.0 0.0 0.0 0.0 0.0 0.0 
470 0.495491485317873 0.495491485317873 0.495491485317873 0.495491485317873 0.495491485317873 0.495491485317873 0.495491485317873 0.495491485317873 0.495491485317873 0.495491485317873 0.495491485317873 0.10390784008229537 0.0 0.0 0.0 0.0 0.0 0.0 0.0 0.0 0.0 
471 0.4942218767791188 0.4942218767791188 0.4942218767791188 0.4942218767791188 0.4942218767791188 0.4942218767791188 0.4942218767791188 0.4942218767791188 0.4942218767791188 0.4942218767791188 0.4942218767791188 0.13399741011989857 0.0 0.0 0.0 0.0 0.0 0.0 0.0 0.0 0.0 
472 0.49295258874430453 0.49295258874430453 0.49295258874430453 0.49295258874430453 0.49295258874430453 0.49295258874430453 0.49295258874430453 0.49295258874430453 0.49295258874430453 0.49295258874430453 0.49295258874430453 0.17137858650065435 0.0 0.0 0.0 0.0 0.0 0.0 0.0 0.0 0.0 
473 0.4916836362289553 0.4916836362289553 0.4916836362289553 0.4916836362289553 0.4916836362289553 0.4916836362289553 0.4916836362289553 0.4916836362289553 0.4916836362289553 0.4916836362289553 0.4916836362289553 0.2043575517292633 0.0 0.0 0.0 0.0 0.0 0.0 0.0 0.0 0.0 
474 0.4904150342326547 0.4904150342326547 0.4904150342326547 0.4904150342326547 0.4904150342326547 0.4904150342326547 0.4904150342326547 0.4904150342326547 0.4904150342326547 0.4904150342326547 0.4904150342326547 0.2891843985616377 0.0 0.0 0.0 0.0 0.0 0.0 0.0 0.0 0.0 
475 0.4891467977383409 0.4891467977383409 0.4891467977383409 0.4891467977383409 0.4891467977383409 0.4891467977383409 0.4891467977383409 0.4891467977383409 0.4891467977383409 0.4891467977383409 0.4891467977383409 0.3407773837658657 0.0 0.0 0.0 0.0 0.0 0.0 0.0 0.0 0.0 
476 0.48787894171160034 0.48787894171160034 0.48787894171160034 0.48787894171160034 0.48787894171160034 0.48787894171160034 0.48787894171160034 0.48787894171160034 0.48787894171160034 0.48787894171160034 0.48787894171160034 0.40015554479128507 0.0 0.0 0.0 0.0 0.0 0.0 0.0 0.0 0.0 
477 0.48661148109996677 0.48661148109996677 0.48661148109996677 0.48661148109996677 0.48661148109996677 0.48661148109996677 0.48661148109996677 0.48661148109996677 0.48661148109996677 0.48661148109996677 0.48661148109996677 0.41282631400328834 0.0 0.0 0.0 0.0 0.0 0.0 0.0 0.0 0.0 
478 0.48534443083222084 0.48534443083222084 0.48534443083222084 0.48534443083222084 0.48534443083222084 0.48534443083222084 0.48534443083222084 0.48534443083222084 0.48534443083222084 0.48534443083222084 0.48534443083222084 0.45475664454831105 0.0 0.0 0.0 0.0 0.0 0.0 0.0 0.0 0.0 
479 0.4840778058176893 0.4840778058176893 0.4840778058176893 0.4840778058176893 0.4840778058176893 0.4840778058176893 0.4840778058176893 0.4840778058176893 0.4840778058176893 0.4840778058176893 0.4840778058176893 0.45930716689452356 0.0 0.0 0.0 0.0 0.0 0.0 0.0 0.0 0.0 
480 0.4828116209455516 0.4828116209455516 0.4828116209455516 0.4828116209455516 0.4828116209455516 0.4828116209455516 0.4828116209455516 0.4828116209455516 0.4828116209455516 0.4828116209455516 0.4828116209455516 0.4585220931281409 0.0 0.0 0.0 0.0 0.0 0.0 0.0 0.0 0.0 
481 0.4815458910841414 0.4815458910841414 0.4815458910841414 0.4815458910841414 0.4815458910841414 0.4815458910841414 0.4815458910841414 0.4815458910841414 0.4815458910841414 0.4815458910841414 0.4815458910841414 0.457464301249569 0.0 0.0 0.0 0.0 0.0 0.0 0.0 0.0 0.0 
482 0.48028063108025626 0.48028063108025626 0.48028063108025626 0.48028063108025626 0.48028063108025626 0.48028063108025626 0.48028063108025626 0.48028063108025626 0.48028063108025626 0.48028063108025626 0.48028063108025626 0.456428047384675 0.0 0.0 0.0 0.0 0.0 0.0 0.0 0.0 0.0 
483 0.4790158557584661 0.4790158557584661 0.4790158557584661 0.4790158557584661 0.4790158557584661 0.4790158557584661 0.4790158557584661 0.4790158557584661 0.4790158557584661 0.4790158557584661 0.4790158557584661 0.475297210560724 0.0 0.0 0.0 0.0 0.0 0.0 0.0 0.0 0.0 
484 0.477751579920427 0.477751579920427 0.477751579920427 0.477751579920427 0.477751579920427 0.477751579920427 0.477751579920427 0.477751579920427 0.477751579920427 0.477751579920427 0.477751579920427 0.47728469795817147 0.0 0.0 0.0 0.0 0.0 0.0 0.0 0.0 0.0 
485 0.4764878183441913 0.4764878183441913 0.4764878183441913 0.4764878183441913 0.4764878183441913 0.4764878183441913 0.4764878183441913 0.4764878183441913 0.4764878183441913 0.4764878183441913 0.4764878183441913 0.4764878183441913 0.0 0.0 0.0 0.0 0.0 0.0 0.0 0.0 0.0 
486 0.47522458578352744 0.47522458578352744 0.47522458578352744 0.47522458578352744 0.47522458578352744 0.47522458578352744 0.47522458578352744 0.47522458578352744 0.47522458578352744 0.47522458578352744 0.47522458578352744 0.47522458578352744 0.0 0.0 0.0 0.0 0.0 0.0 0.0 0.0 0.0 
487 0.47396189696723756 0.47396189696723756 0.47396189696723756 0.47396189696723756 0.47396189696723756 0.47396189696723756 0.47396189696723756 0.47396189696723756 0.47396189696723756 0.47396189696723756 0.47396189696723756 0.47396189696723756 0.0 0.0 0.0 0.0 0.0 0.0 0.0 0.0 0.0 
488 0.47269976659847773 0.47269976659847773 0.47269976659847773 0.47269976659847773 0.47269976659847773 0.47269976659847773 0.47269976659847773 0.47269976659847773 0.47269976659847773 0.47269976659847773 0.47269976659847773 0.47269976659847773 0.0 0.0 0.0 0.0 0.0 0.0 0.0 0.0 0.0 
489 0.47143820935408504 0.47143820935408504 0.47143820935408504 0.47143820935408504 0.47143820935408504 0.47143820935408504 0.47143820935408504 0.47143820935408504 0.47143820935408504 0.47143820935408504 0.47143820935408504 0.47143820935408504 0.0 0.0 0.0 0.0 0.0 0.0 0.0 0.0 0.0 
490 0.47017723988389887 0.47017723988389887 0.47017723988389887 0.47017723988389887 0.47017723988389887 0.47017723988389887 0.47017723988389887 0.47017723988389887 0.47017723988389887 0.47017723988389887 0.47017723988389887 0.47017723988389887 0.0 0.0 0.0 0.0 0.0 0.0 0.0 0.0 0.0 
491 0.4689168728100947 0.4689168728100947 0.4689168728100947 0.4689168728100947 0.4689168728100947 0.4689168728100947 0.4689168728100947 0.4689168728100947 0.4689168728100947 0.4689168728100947 0.4689168728100947 0.4689168728100947 0.0 0.0 0.0 0.0 0.0 0.0 0.0 0.0 0.0 
492 0.46765712272651533 0.46765712272651533 0.46765712272651533 0.46765712272651533 0.46765712272651533 0.46765712272651533 0.46765712272651533 0.46765712272651533 0.46765712272651533 0.46765712272651533 0.46765712272651533 0.46765712272651533 0.0 0.0 0.0 0.0 0.0 0.0 0.0 0.0 0.0 
493 0.4663980041980024 0.4663980041980024 0.4663980041980024 0.4663980041980024 0.4663980041980024 0.4663980041980024 0.4663980041980024 0.4663980041980024 0.4663980041980024 0.4663980041980024 0.4663980041980024 0.4663980041980024 0.0 0.0 0.0 0.0 0.0 0.0 0.0 0.0 0.0 
494 0.46513953175973793 0.46513953175973793 0.46513953175973793 0.46513953175973793 0.46513953175973793 0.46513953175973793 0.46513953175973793 0.46513953175973793 0.46513953175973793 0.46513953175973793 0.46513953175973793 0.46513953175973793 0.0 0.0 0.0 0.0 0.0 0.0 0.0 0.0 0.0 
495 0.4638817199165823 0.4638817199165823 0.4638817199165823 0.4638817199165823 0.4638817199165823 0.4638817199165823 0.4638817199165823 0.4638817199165823 0.4638817199165823 0.4638817199165823 0.4638817199165823 0.4638817199165823 0.0 0.0 0.0 0.0 0.0 0.0 0.0 0.0 0.0 
496 0.4626245831424197 0.4626245831424197 0.4626245831424197 0.4626245831424197 0.4626245831424197 0.4626245831424197 0.4626245831424197 0.4626245831424197 0.4626245831424197 0.4626245831424197 0.4626245831424197 0.4626245831424197 0.0 0.0 0.0 0.0 0.0 0.0 0.0 0.0 0.0 
497 0.4613681358795027 0.4613681358795027 0.4613681358795027 0.4613681358795027 0.4613681358795027 0.4613681358795027 0.4613681358795027 0.4613681358795027 0.4613681358795027 0.4613681358795027 0.4613681358795027 0.4613681358795027 0.0 0.0 0.0 0.0 0.0 0.0 0.0 0.0 0.0 
498 0.4601123925378035 0.4601123925378035 0.4601123925378035 0.4601123925378035 0.4601123925378035 0.4601123925378035 0.4601123925378035 0.4601123925378035 0.4601123925378035 0.4601123925378035 0.4601123925378035 0.4601123925378035 0.0 0.0 0.0 0.0 0.0 0.0 0.0 0.0 0.0 
499 0.4588573674943664 0.4588573674943664 0.4588573674943664 0.4588573674943664 0.4588573674943664 0.4588573674943664 0.4588573674943664 0.4588573674943664 0.4588573674943664 0.4588573674943664 0.4588573674943664 0.4588573674943664 0.0 0.0 0.0 0.0 0.0 0.0 0.0 0.0 0.0 
