0 100.75 513.4 514.05 509.15 506.05 507.65 501.4 502.4 499.0 502.55 508.2 509.3 499.8 504.1 497.15 505.0 504.4 491.35 499.6 496.4 497.1 
1 0.1 515.0 507.45 503.4 503.55 512.75 501.2 508.65 514.4 503.15 497.85 501.55 509.75 504.5 498.85 496.2 497.25 509.8 509.05 495.2 500.75 
2 0.0 518.5 509.5 508.8 507.35 499.2 501.25 498.85 503.65 499.2 509.7 508.65 509.35 499.6 498.15 502.2 506.75 503.05 496.5 501.95 511.15 
3 0.0 511.9 506.65 505.45 507.85 495.45 510.75 507.9 493.6 498.9 502.3 498.85 493.35 499.65 506.6 501.75 499.0 503.4 492.65 504.7 501.2 
4 0.0 497.7 498.45 504.75 501.4 498.55 502.7 500.65 501.45 507.4 505.65 509.15 504.2 508.2 503.75 494.3 502.35 501.0 498.85 502.4 494.6 
5 0.0 489.2 507.6 497.25 498.65 491.75 510.7 500.9 506.85 507.2 503.85 506.9 509.5 505.2 512.8 503.0 491.4 489.65 497.35 502.5 504.15 
6 0.0 496.8 497.95 500.25 495.65 505.4 504.3 501.05 506.7 507.2 499.2 499.25 506.85 503.1 510.1 507.55 492.5 497.5 508.25 500.55 495.4 
7 0.0 507.2 499.3 503.85 502.25 499.2 497.2 514.05 507.0 509.1 500.0 504.55 503.95 505.2 506.4 500.45 510.0 511.05 506.55 502.05 502.95 
8 0.0 493.25 499.7 497.1 495.75 507.55 498.65 508.15 505.55 503.05 504.55 501.0 504.05 505.3 504.15 509.05 504.1 500.9 501.8 505.55 504.15 
9 0.0 504.3 494.75 503.1 500.85 505.7 496.1 496.55 495.4 499.1 509.4 503.8 500.6 499.0 503.1 499.9 513.85 505.8 507.25 503.9 503.15 
10 0.0 495.85 498.15 503.0 498.5 503.3 509.9 503.05 498.55 502.25 499.1 505.4 505.45 499.8 496.4 500.2 507.5 509.15 500.2 502.15 494.9 
11 0.0 503.85 510.65 501.25 507.0 498.75 494.9 493.5 496.85 499.5 501.55 494.45 500.05 510.3 501.6 515.3 507.55 498.55 504.25 503.35 500.8 
12 0.0 496.9 495.0 495.8 505.45 500.45 493.15 500.25 502.6 501.0 501.55 502.2 493.35 505.65 497.7 507.15 500.75 513.75 507.55 501.6 507.55 
13 0.0 500.85 500.0 500.45 499.8 506.95 504.3 499.55 505.1 501.15 500.85 498.75 505.25 496.55 504.2 507.6 500.6 505.9 508.1 506.0 508.55 
14 0.0 504.9 501.0 500.75 503.35 500.6 507.8 497.25 498.85 501.95 503.0 501.05 508.2 502.0 504.05 497.25 502.3 507.45 502.2 501.5 506.25 
15 0.0 500.2 504.5 506.25 503.0 501.0 503.65 503.75 506.6 502.5 492.1 497.4 499.0 502.15 498.2 501.45 504.8 494.35 497.55 508.85 508.15 
16 0.0 501.8 494.3 510.5 510.05 500.05 502.85 506.6 493.65 501.45 504.3 495.2 498.2 493.35 496.45 493.7 491.6 496.0 500.05 492.2 499.15 
17 0.0 494.95 501.3 501.45 505.9 509.45 500.25 500.85 502.9 504.5 505.85 501.35 493.7 507.15 501.5 500.2 503.0 500.35 504.95 502.4 497.65 
18 0.0 504.1 504.6 510.25 501.5 497.5 501.3 496.65 501.7 494.7 500.45 499.05 500.1 494.5 500.85 500.3 495.15 499.6 497.4 504.9 502.65 
19 0.0 495.05 501.75 493.1 495.6 504.8 501.95 508.2 496.95 497.05 492.3 508.2 502.9 498.1 500.0 495.95 507.35 504.45 503.05 498.35 499.6 
20 0.0 503.85 506.7 501.65 500.95 504.9 495.15 495.15 504.0 497.85 493.55 498.65 500.05 497.35 503.05 497.4 505.45 495.7 490.55 492.8 497.15 
21 0.0 500.25 492.75 496.5 502.3 505.4 504.55 501.1 504.5 510.85 503.75 494.25 500.75 504.15 510.0 506.2 502.9 497.35 497.0 500.95 501.05 
22 0.0 506.1 499.35 496.5 496.1 496.9 505.1 495.7 506.85 501.3 505.3 494.3 496.2 489.1 499.7 493.8 496.4 504.75 502.2 499.4 491.95 
23 0.0 498.0 498.15 504.0 491.5 500.75 498.05 508.75 505.2 499.2 491.95 501.25 504.75 507.45 495.4 507.2 499.55 490.35 501.05 502.65 502.75 
24 0.0 496.3 514.1 493.45 497.35 503.35 498.0 499.2 498.15 496.65 507.75 503.8 500.0 500.5 497.4 500.25 499.05 500.45 508.25 505.45 506.4 
25 0.0 500.5 494.6 499.85 511.65 494.0 501.75 495.05 494.15 503.35 501.4 497.65 498.25 497.15 497.8 500.55 499.1 495.4 505.9 498.2 490.1 
26 0.0 496.15 496.5 489.4 504.7 496.0 505.35 500.1 498.75 496.75 501.3 504.3 497.2 502.3 497.0 494.2 492.8 502.35 496.7 500.7 499.1 
27 0.0 497.45 504.65 500.75 498.05 501.9 498.8 491.25 487.4 495.95 494.1 502.0 505.3 504.95 508.55 506.1 501.25 508.4 499.2 500.9 501.1 
28 0.0 498.9 503.75 501.3 497.0 500.0 490.8 503.1 494.15 498.95 495.75 502.9 493.55 493.85 498.65 497.4 493.75 498.05 498.45 502.85 503.85 
29 0.0 509.4 492.0 497.1 497.2 496.2 493.65 499.8 494.1 491.05 494.2 496.3 496.5 506.7 501.9 494.35 499.75 503.8 502.5 496.85 494.7 
30 0.0 505.95 498.55 496.45 502.9 502.7 502.35 495.8 507.9 490.05 490.75 491.4 498.35 487.0 499.85 497.5 499.4 495.85 508.4 507.25 502.75 
31 0.0 496.2 494.0 507.15 492.0 492.3 494.85 509.15 491.95 495.45 504.85 495.75 497.1 497.65 492.0 500.25 499.9 497.3 493.65 494.1 505.3 
32 0.0 497.55 501.6 501.95 502.85 498.15 499.4 497.9 499.15 507.35 499.05 498.05 496.3 493.45 492.55 498.75 506.15 498.05 493.5 502.6 491.0 
33 0.0 494.55 499.35 504.45 491.35 490.25 502.35 485.45 500.05 499.5 495.75 495.2 489.25 500.05 492.7 497.75 502.4 499.65 498.1 493.1 506.0 
34 0.0 503.15 499.4 494.8 498.25 499.55 499.9 497.8 496.2 492.05 497.1 495.55 495.95 493.8 495.75 507.95 501.25 497.25 496.55 506.35 500.2 
35 0.0 499.25 503.35 496.0 495.4 504.1 492.7 505.45 499.75 501.6 502.5 503.85 495.6 494.9 495.35 500.7 498.1 504.3 496.9 497.75 502.0 
36 0.0 493.1 506.1 498.6 499.75 495.85 498.0 493.3 504.55 497.1 488.4 505.4 500.3 497.3 493.8 495.75 499.45 500.05 501.55 496.7 494.6 
37 0.0 495.85 499.35 503.7 500.3 494.4 496.6 500.0 492.5 496.0 504.85 495.05 502.8 507.75 506.55 498.9 490.45 502.75 506.35 501.35 499.0 
38 0.0 497.7 487.5 498.05 494.6 500.5 504.55 498.1 501.5 498.9 501.85 489.45 491.45 494.85 515.35 502.5 504.45 500.55 504.65 498.7 498.45 
39 0.0 511.5 500.9 501.55 502.1 501.7 494.4 498.5 498.55 496.05 503.4 499.6 501.5 509.75 499.25 494.0 506.5 502.3 494.45 503.5 507.35 
40 0.0 497.85 498.15 500.0 509.45 502.35 502.45 507.35 498.1 502.35 504.95 503.05 498.9 507.55 503.4 504.35 494.3 502.4 494.5 508.2 506.0 
41 0.0 509.55 501.65 501.7 497.45 498.4 493.9 495.9 502.5 513.4 502.95 506.4 507.05 493.0 495.45 506.75 503.35 496.15 503.2 493.2 502.5 
42 0.0 495.5 500.15 496.4 497.15 493.3 499.95 499.9 498.35 504.55 503.6 501.35 504.75 499.75 497.95 497.8 506.95 501.25 500.85 497.35 509.35 
43 0.0 496.05 505.2 505.65 505.35 503.25 504.35 494.45 506.65 505.5 494.95 503.6 504.35 505.75 503.1 507.75 502.05 498.4 506.3 501.4 497.75 
44 0.0 501.25 500.2 498.6 495.1 498.3 498.4 501.8 506.1 509.05 504.05 502.45 495.95 497.5 500.5 497.65 498.4 504.5 507.4 496.85 489.2 
45 0.0 502.3 514.55 493.25 508.65 503.7 506.1 515.45 508.8 498.9 503.8 506.65 503.65 503.65 497.55 498.9 492.65 497.75 490.7 510.55 496.75 
46 0.0 499.1 499.95 508.1 498.9 492.25 506.65 496.4 504.55 506.0 504.1 507.35 503.55 505.2 508.15 502.95 495.45 497.3 501.45 492.9 499.95 
47 0.0 503.25 487.15 499.35 494.55 506.5 511.7 519.65 501.05 489.25 496.4 494.45 503.7 503.25 502.5 505.5 501.7 498.6 498.95 505.3 504.05 
48 0.0 474.9 502.1 504.9 505.75 512.05 495.85 495.3 495.7 496.6 500.7 501.55 503.45 501.3 489.65 498.2 502.0 503.95 499.2 500.7 500.8 
49 0.0 273.65 508.4 497.8 507.7 504.35 503.8 496.9 504.35 508.8 493.1 501.9 504.8 503.35 496.95 499.8 506.2 509.35 503.65 496.5 508.45 
50 0.0 173.7 494.05 503.75 503.25 499.4 493.2 503.5 499.8 501.3 494.5 498.5 490.9 493.0 502.9 499.4 501.95 506.4 500.35 500.4 499.55 
51 0.0 109.5 503.2 503.85 509.75 507.55 509.15 500.25 503.6 492.3 506.65 499.05 503.1 498.95 501.45 497.95 500.2 496.6 499.05 500.8 492.15 
52 0.0 33.7 506.45 494.7 502.35 505.95 500.45 499.2 501.7 510.0 505.75 501.95 502.8 497.1 501.05 510.6 499.4 504.75 500.6 497.6 498.7 
53 0.0 5.3 496.45 504.2 495.95 497.4 495.5 496.7 494.45 500.6 505.6 498.6 508.3 506.05 505.1 490.1 496.05 501.65 498.4 500.0 499.15 
54 0.0 0.35 502.05 499.85 497.85 493.0 501.25 497.45 501.2 505.8 504.75 503.85 501.1 502.25 500.65 501.0 505.3 494.35 504.8 507.2 502.85 
55 0.0 0.0 501.6 500.85 490.85 499.9 500.85 500.95 500.75 485.85 496.3 500.45 497.3 503.05 501.35 498.15 501.7 498.9 494.85 494.85 498.25 
56 0.0 0.0 488.2 502.85 505.2 494.3 492.85 503.0 502.05 500.35 500.0 505.3 498.6 500.6 500.5 503.2 501.9 506.35 509.5 493.35 511.4 
57 0.0 0.0 503.7 508.7 490.4 503.55 494.4 496.3 503.2 505.45 509.95 508.3 502.5 502.55 503.6 499.05 497.15 500.8 502.7 505.7 504.0 
58 0.0 0.0 502.8 494.95 504.25 500.45 502.3 503.05 493.75 498.95 506.1 498.4 506.4 496.6 503.6 497.7 506.1 505.05 492.9 494.95 493.15 
59 0.0 0.0 501.7 496.35 501.95 504.65 504.05 500.9 499.55 495.25 500.0 500.45 502.6 505.55 496.95 490.9 499.1 497.5 499.5 502.7 503.2 
60 0.0 0.0 497.0 488.3 502.1 496.45 495.85 499.25 505.45 508.0 507.2 504.95 503.8 495.5 496.15 505.6 492.35 491.2 500.3 506.75 488.2 
61 0.0 0.0 494.3 495.3 504.55 495.95 501.0 509.05 501.9 504.85 496.0 498.6 499.65 502.0 502.0 499.55 495.35 502.85 506.15 500.75 492.75 
62 0.0 0.0 495.75 496.7 495.95 504.2 504.7 497.3 500.75 497.45 495.3 495.1 496.0 506.4 504.35 496.8 508.7 499.75 498.0 497.95 500.75 
63 0.0 0.0 503.75 496.25 487.9 502.85 504.4 505.75 500.6 504.5 501.4 499.1 497.4 506.9 494.5 496.2 497.35 495.2 490.75 499.8 510.75 
64 0.0 0.0 498.65 511.85 499.85 502.85 514.45 502.25 503.85 500.15 494.55 499.25 497.15 496.55 501.4 504.05 503.25 496.35 497.2 501.1 497.5 
65 0.0 0.0 504.85 493.0 503.85 497.5 498.55 496.6 497.7 495.65 503.1 502.3 508.4 502.85 500.2 502.15 496.65 488.9 499.7 496.85 496.9 
66 0.0 0.0 502.85 501.95 505.4 500.45 496.25 506.7 493.25 500.15 499.5 494.55 498.65 496.75 496.7 505.35 502.5 503.5 495.0 493.2 505.5 
67 0.0 0.0 499.45 496.3 496.7 500.5 495.8 492.9 496.7 501.35 501.6 500.65 509.65 496.0 499.7 502.1 491.3 505.7 492.35 500.9 499.45 
68 0.0 0.0 498.7 501.55 501.85 502.15 500.55 499.1 496.15 499.1 492.75 495.7 499.65 502.4 499.8 486.5 499.85 502.05 501.25 497.85 496.45 
69 0.0 0.0 495.75 507.65 500.7 502.25 493.65 494.6 502.35 504.6 500.35 503.85 491.7 505.35 504.3 494.8 500.35 498.0 501.65 495.05 490.1 
70 0.0 0.0 502.4 503.45 512.25 498.05 498.7 491.25 503.0 501.25 498.75 503.35 496.55 495.3 504.8 503.5 507.25 503.7 498.3 502.25 497.1 
71 0.0 0.0 501.1 504.05 498.1 494.2 502.3 499.65 506.65 494.7 507.7 500.0 498.8 497.45 507.3 505.95 503.9 494.3 504.2 503.7 499.75 
72 0.0 0.0 503.15 504.85 501.7 499.3 501.2 501.75 492.9 500.8 495.45 494.9 501.05 497.4 490.3 498.55 488.6 495.3 506.75 499.45 499.8 
73 0.0 0.0 494.7 501.1 489.5 500.6 489.2 506.5 503.75 504.95 502.15 501.8 497.5 492.9 504.7 509.25 496.4 494.4 498.0 497.1 502.65 
74 0.0 0.0 496.0 502.65 497.85 496.5 498.55 494.1 495.75 498.3 502.4 499.8 496.85 507.55 495.2 500.9 494.1 499.55 497.7 491.75 491.05 
75 0.0 0.0 498.45 492.2 488.9 501.05 501.15 495.55 488.65 503.85 495.25 501.25 501.0 503.3 494.75 492.25 499.2 496.2 493.8 503.3 499.5 
76 0.0 0.0 506.1 501.9 503.95 497.95 506.85 508.05 507.5 492.05 496.1 501.15 504.7 499.65 496.15 499.85 498.05 502.15 500.4 496.55 504.5 
77 0.0 0.0 503.5 489.5 501.9 494.1 496.75 493.25 495.45 496.5 504.2 505.5 497.55 488.2 494.45 496.9 500.55 498.5 502.45 501.45 493.5 
78 0.0 0.0 501.35 497.15 500.6 491.7 508.55 495.65 498.9 498.9 486.3 487.9 495.7 493.45 496.6 493.55 501.25 500.75 492.6 502.1 500.75 
79 0.0 0.0 500.05 496.8 502.7 504.6 494.2 506.85 500.7 496.2 497.0 492.9 493.2 491.55 495.8 503.6 498.8 495.3 499.55 499.8 506.7 
80 0.0 0.0 496.1 496.4 499.55 508.1 496.0 501.4 506.1 494.6 491.75 498.15 494.05 509.15 499.65 501.05 501.6 509.55 503.5 500.85 503.2 
81 0.0 0.0 502.55 500.2 502.65 499.35 499.25 495.9 500.35 502.05 503.6 503.1 503.35 502.15 503.4 502.75 503.0 491.3 505.3 510.15 507.55 
82 0.0 0.0 500.65 503.85 490.65 498.6 497.5 493.8 501.9 498.25 502.75 491.5 499.6 495.3 497.8 497.45 510.3 503.85 503.2 507.35 494.9 
83 0.0 0.0 498.45 505.75 496.5 503.0 504.65 499.5 502.05 506.5 504.6 501.15 500.25 509.7 509.9 495.4 495.85 506.6 496.5 503.25 496.15 
84 0.0 0.0 500.4 503.05 503.5 502.6 502.25 506.1 496.05 501.55 502.4 500.6 495.25 495.25 493.4 505.55 501.75 502.2 503.8 498.95 507.85 
85 0.0 0.0 500.25 499.85 503.95 505.55 502.65 501.55 496.35 495.05 496.05 505.5 499.6 496.05 502.35 497.1 498.0 493.55 505.0 496.1 506.05 
86 0.0 0.0 494.55 499.7 496.55 500.8 504.4 509.45 501.25 492.15 493.2 492.0 498.85 494.9 502.35 494.85 494.65 495.7 499.85 505.05 495.25 
87 0.0 0.0 498.7 503.4 505.5 494.9 496.6 502.45 506.35 492.95 499.15 497.55 497.35 505.7 504.85 501.35 496.0 499.6 502.0 496.95 499.05 
88 0.0 0.0 501.2 493.2 501.85 500.0 497.15 502.75 495.65 511.6 493.75 505.8 505.8 504.7 492.85 497.15 499.3 506.7 502.05 495.85 499.25 
89 0.0 0.0 498.15 502.4 502.3 501.0 497.85 497.0 504.25 497.55 508.1 492.55 495.6 498.15 499.8 503.95 504.4 498.95 489.55 491.8 489.85 
90 0.0 0.0 506.25 502.3 494.85 501.75 502.0 494.7 496.65 502.0 504.45 498.9 495.7 500.0 497.75 494.35 499.25 498.55 503.2 503.55 494.2 
91 0.0 0.0 498.35 496.6 492.15 500.05 499.05 489.25 507.4 504.0 508.15 512.8 504.55 497.25 502.45 502.1 493.45 495.4 493.3 491.7 496.85 
92 0.0 0.0 497.55 504.15 509.65 495.1 494.4 506.0 497.15 502.15 502.1 508.85 503.45 496.7 506.0 506.2 508.3 499.1 492.7 497.35 497.05 
93 0.0 0.0 500.0 502.15 503.8 494.2 504.6 499.25 503.8 500.85 503.65 500.45 493.4 489.5 496.05 497.05 500.6 507.75 503.7 498.55 499.3 
94 0.0 0.0 497.2 501.25 495.5 500.7 498.9 497.5 501.6 500.85 496.2 496.05 503.35 501.0 501.4 496.6 493.1 495.5 488.9 501.15 504.4 
95 0.0 0.0 508.05 490.0 502.8 504.7 491.7 506.75 495.0 498.3 502.2 505.25 497.0 492.7 496.6 507.5 497.25 495.65 497.6 496.6 502.95 
96 0.0 0.0 473.65 494.25 496.4 497.35 500.3 502.0 498.2 503.8 502.75 490.0 504.65 501.7 492.7 499.0 494.35 496.9 499.05 493.1 495.85 
97 0.0 0.0 396.1 505.0 499.4 505.85 503.05 499.6 498.9 497.3 499.05 503.0 508.85 511.5 498.2 499.7 495.95 489.6 501.9 494.5 496.05 
98 0.0 0.0 304.85 496.6 496.3 495.5 500.6 500.15 502.45 497.85 503.4 499.25 500.8 496.4 504.8 502.25 503.55 506.85 500.7 504.9 497.45 
99 0.0 0.0 213.5 501.55 505.15 489.25 503.25 507.55 495.3 505.3 502.7 504.85 495.9 505.5 497.85 496.8 501.8 500.75 502.05 495.9 494.1 
100 0.0 0.0 74.05 507.95 503.2 504.1 498.55 492.7 508.95 503.85 502.85 503.05 498.9 498.9 495.15 491.65 491.0 505.3 505.2 497.65 502.0 
101 0.0 0.0 7.6 508.15 493.95 500.45 503.45 499.75 494.1 498.7 497.5 495.9 506.65 500.4 500.1 498.4 503.25 501.1 491.05 497.5 502.1 
102 0.0 0.0 0.3 504.75 506.8 495.25 498.55 500.45 507.65 504.45 501.3 496.65 502.6 505.8 503.15 498.5 506.45 488.8 495.3 501.85 496.05 
103 0.0 0.0 0.0 489.7 489.55 511.9 500.95 496.1 496.95 499.4 502.5 507.1 500.95 492.3 504.4 496.05 502.65 506.05 503.3 493.7 498.9 
104 0.0 0.0 0.0 494.8 504.9 516.75 500.9 492.95 496.75 501.35 504.65 505.1 499.3 512.6 497.05 497.2 507.1 506.3 497.25 495.05 507.15 
105 0.0 0.0 0.0 502.45 504.95 495.55 499.65 501.45 502.0 508.05 497.65 494.65 494.3 494.35 496.8 504.1 500.6 497.05 498.1 505.9 501.05 
106 0.0 0.0 0.0 500.1 500.7 499.35 517.2 502.35 503.45 495.55 501.55 499.75 508.65 497.85 497.35 493.9 502.35 502.5 498.55 498.8 496.7 
107 0.0 0.0 0.0 501.65 507.9 498.35 493.45 502.2 494.15 493.75 496.8 495.5 496.35 508.1 512.2 506.35 497.0 504.1 504.5 498.85 495.75 
108 0.0 0.0 0.0 500.7 498.8 504.25 500.3 491.25 504.25 495.25 495.3 503.75 491.35 495.35 497.05 500.15 499.05 498.5 503.95 500.0 496.4 
109 0.0 0.0 0.0 499.2 500.5 492.4 499.85 510.0 495.7 499.3 494.75 494.4 501.55 498.0 504.6 503.0 501.1 512.25 515.75 508.1 504.35 
110 0.0 0.0 0.0 497.2 502.95 499.65 495.5 506.4 502.95 501.2 498.75 506.25 511.1 506.05 507.95 506.2 501.4 495.15 503.45 512.7 505.9 
111 0.0 0.0 0.0 502.85 495.2 501.1 505.05 500.85 503.8 496.0 494.15 493.95 501.25 500.4 498.8 504.15 503.85 496.25 499.95 504.85 508.6 
112 0.0 0.0 0.0 497.7 497.2 498.95 503.35 504.15 497.5 496.15 495.35 502.15 498.55 498.8 498.35 504.35 509.2 502.85 508.85 506.3 493.25 
113 0.0 0.0 0.0 496.6 504.5 501.95 500.75 498.65 490.0 498.65 503.8 504.45 500.85 498.8 504.35 506.45 498.4 502.05 498.95 496.8 507.55 
114 0.0 0.0 0.0 496.3 498.4 493.15 494.05 484.0 507.95 500.9 498.0 498.45 500.35 500.95 496.1 502.3 498.25 498.35 494.35 505.8 504.55 
115 0.0 0.0 0.0 506.55 494.0 500.55 503.6 500.85 494.4 493.9 504.45 495.65 497.35 503.8 499.1 496.65 496.85 503.05 509.2 494.6 505.85 
116 0.0 0.0 0.0 498.0 498.9 496.35 493.8 501.75 496.2 503.9 498.1 490.2 494.45 496.85 494.3 498.15 507.4 500.05 496.85 498.4 503.15 
117 0.0 0.0 0.0 500.95 494.15 500.2 496.1 497.6 498.6 498.7 496.6 501.15 496.25 502.9 500.45 496.7 503.15 508.4 500.15 511.75 497.5 
118 0.0 0.0 0.0 509.3 499.85 495.75 496.0 494.1 498.3 493.15 504.05 496.75 504.05 499.2 502.4 491.15 497.15 500.55 500.6 502.75 500.5 
119 0.0 0.0 0.0 499.3 504.95 500.55 496.0 501.2 495.75 503.1 488.45 499.05 493.4 495.85 498.5 497.3 502.7 507.65 505.3 500.05 503.35 
120 0.0 0.0 0.0 501.3 503.15 501.0 497.05 499.8 498.1 500.2 497.1 497.85 508.05 495.95 498.25 504.3 485.65 501.1 504.1 499.35 502.05 
121 0.0 0.0 0.0 500.9 498.4 504.95 497.8 501.05 500.25 494.15 493.9 496.5 496.1 502.35 507.6 501.85 499.0 485.9 488.05 495.8 496.6 
122 0.0 0.0 0.0 502.35 496.45 494.95 503.15 503.9 503.35 495.75 495.65 500.4 496.55 497.35 488.0 498.4 494.2 504.9 502.5 507.0 501.9 
123 0.0 0.0 0.0 497.9 505.85 505.8 496.15 498.5 502.55 503.05 498.35 496.0 501.5 506.95 506.85 501.45 502.4 496.35 508.75 503.1 501.95 
124 0.0 0.0 0.0 493.9 498.0 508.8 506.85 502.3 496.0 492.8 500.1 507.15 499.7 490.45 498.3 500.25 500.35 496.8 494.65 494.05 501.55 
125 0.0 0.0 0.0 501.2 497.1 498.7 498.6 501.15 503.55 501.75 506.0 498.7 489.6 489.1 498.0 498.4 505.3 503.2 504.05 495.35 499.7 
126 0.0 0.0 0.0 492.0 494.7 499.55 511.3 506.25 497.85 500.85 499.7 502.05 511.6 506.9 499.75 501.3 501.15 503.1 497.9 497.45 500.2 
127 0.0 0.0 0.0 503.4 500.65 500.75 493.5 506.15 504.25 502.5 499.35 503.55 500.0 502.3 500.65 500.3 495.8 492.35 503.2 510.45 498.65 
128 0.0 0.0 0.0 500.25 505.85 500.7 504.75 501.75 502.75 504.8 513.15 501.15 504.5 506.75 499.1 508.0 500.25 504.9 500.85 502.6 504.05 
129 0.0 0.0 0.0 496.5 498.0 495.0 501.25 493.4 503.5 515.95 512.5 510.25 498.2 507.0 504.65 499.25 498.45 504.1 503.9 501.05 506.9 
130 0.0 0.0 0.0 499.35 504.45 508.15 501.1 499.85 498.8 496.0 498.1 503.4 501.45 510.7 492.6 499.75 507.9 501.6 495.75 489.5 503.8 
131 0.0 0.0 0.0 503.3 494.85 500.2 503.2 513.3 505.85 507.7 503.15 510.0 498.85 494.9 511.75 508.0 496.7 495.5 498.85 502.5 493.65 
132 0.0 0.0 0.0 506.5 502.35 493.0 502.45 496.3 505.4 504.0 505.1 500.85 503.0 499.7 510.7 497.65 501.7 495.45 485.6 496.45 492.1 
133 0.0 0.0 0.0 497.4 504.05 505.45 501.05 497.95 502.35 500.5 498.1 503.1 506.5 497.15 506.75 503.95 505.15 502.55 502.25 508.3 499.45 
134 0.0 0.0 0.0 503.4 499.95 493.7 498.3 505.45 506.85 505.7 501.35 502.75 499.7 506.2 494.7 491.9 503.75 498.45 499.9 498.4 508.4 
135 0.0 0.0 0.0 497.55 501.85 512.05 499.7 496.15 500.45 501.4 503.65 497.95 509.85 503.25 496.45 500.5 492.65 505.7 502.4 496.4 508.75 
136 0.0 0.0 0.0 499.05 510.6 501.65 504.45 496.5 502.85 501.5 501.35 495.05 497.7 500.85 496.85 501.35 503.85 501.4 499.9 504.15 505.6 
137 0.0 0.0 0.0 501.65 504.1 508.85 499.7 498.35 494.05 501.8 500.45 493.4 492.3 494.85 504.6 500.2 496.55 496.4 498.95 500.35 493.1 
138 0.0 0.0 0.0 498.0 497.55 501.3 501.15 505.3 491.35 497.9 490.85 497.45 498.75 496.7 501.75 502.0 501.0 499.45 496.05 501.1 502.95 
139 0.0 0.0 0.0 498.1 497.65 488.85 497.5 491.85 498.7 494.3 501.7 506.8 495.3 493.45 493.15 499.65 500.25 494.45 501.2 499.3 502.3 
140 0.0 0.0 0.0 494.7 500.3 495.75 494.2 500.2 502.7 503.55 501.3 493.8 495.55 500.75 493.0 498.2 498.95 501.35 498.65 494.75 490.0 
141 0.0 0.0 0.0 497.75 493.95 506.35 498.4 495.85 495.5 496.85 495.1 496.3 498.9 488.7 501.15 498.05 502.3 503.6 496.3 494.7 490.9 
142 0.0 0.0 0.0 481.85 500.15 491.3 502.9 496.0 500.75 500.55 500.95 497.0 493.05 491.7 497.8 500.85 505.55 501.35 504.7 509.05 500.1 
143 0.0 0.0 0.0 459.9 493.7 498.4 499.55 506.4 498.05 494.55 500.8 499.4 503.0 506.75 493.45 497.0 499.9 494.45 495.05 489.05 506.65 
144 0.0 0.0 0.0 430.45 498.25 496.3 501.25 502.95 509.5 495.25 505.8 497.25 512.9 502.25 509.65 505.95 501.25 503.95 499.85 506.1 507.5 
145 0.0 0.0 0.0 360.15 489.35 494.0 491.75 506.45 500.2 506.2 502.05 509.45 498.35 505.1 504.35 497.05 495.45 501.15 511.6 502.6 496.75 
146 0.0 0.0 0.0 293.0 500.7 496.6 497.45 499.25 499.2 506.6 498.9 506.9 504.55 506.0 497.5 497.95 489.6 489.9 498.25 502.35 498.9 
147 0.0 0.0 0.0 213.1 499.9 499.35 497.55 499.75 497.75 494.05 492.4 500.25 495.85 508.3 505.35 503.75 505.55 504.1 505.0 497.1 493.65 
148 0.0 0.0 0.0 144.35 506.55 505.05 497.1 500.3 499.5 498.45 496.2 495.9 508.95 508.25 501.4 501.2 497.05 499.4 506.3 505.1 502.35 
149 0.0 0.0 0.0 79.1 500.6 499.3 504.25 500.85 496.5 496.6 503.2 495.8 495.0 498.45 496.6 498.65 511.7 504.75 496.3 497.45 505.0 
150 0.0 0.0 0.0 28.05 501.05 506.15 505.35 500.55 503.4 497.3 500.9 505.4 499.95 498.05 496.45 510.6 504.6 508.65 498.65 503.95 508.85 
151 0.0 0.0 0.0 3.8 503.5 500.9 499.4 506.3 493.05 496.05 495.05 499.8 497.9 497.3 503.45 504.75 497.85 507.45 503.05 508.2 497.55 
152 0.0 0.0 0.0 0.0 504.85 495.95 502.4 492.3 500.7 507.55 501.6 499.1 500.7 502.55 504.25 490.2 499.9 489.25 498.85 496.0 494.8 
153 0.0 0.0 0.0 0.0 499.8 495.35 500.5 492.9 492.2 495.8 499.6 500.15 499.1 501.65 509.8 500.5 501.95 502.0 503.8 494.9 501.15 
154 0.0 0.0 0.0 0.0 498.55 506.6 504.7 495.85 499.0 496.4 500.95 497.4 496.6 497.9 495.0 508.85 499.9 505.55 492.1 497.45 493.9 
155 0.0 0.0 0.0 0.0 500.9 491.25 497.35 499.8 494.25 505.2 494.75 496.2 503.35 500.95 499.35 503.5 494.3 494.5 498.85 502.55 502.9 
156 0.0 0.0 0.0 0.0 495.65 512.7 505.7 500.4 501.85 496.45 499.75 499.95 503.0 497.55 494.75 499.15 492.4 494.35 497.65 501.9 496.1 
157 0.0 0.0 0.0 0.0 496.75 500.5 493.45 507.4 498.9 503.0 505.3 491.1 493.0 495.7 500.05 486.2 497.55 500.5 498.7 498.95 490.15 
158 0.0 0.0 0.0 0.0 499.95 496.7 496.8 491.85 506.7 497.3 495.6 502.9 495.1 503.65 494.25 494.55 503.45 496.4 498.15 501.0 508.7 
159 0.0 0.0 0.0 0.0 494.6 493.0 502.5 505.95 498.0 507.25 496.15 496.35 498.35 498.55 498.5 498.25 501.75 496.9 502.4 503.35 498.95 
160 0.0 0.0 0.0 0.0 498.2 503.05 502.3 500.6 506.65 490.75 505.45 496.9 500.9 496.35 500.5 504.75 500.65 501.05 506.15 494.0 498.5 
161 0.0 0.0 0.0 0.0 511.4 507.15 493.05 497.65 506.4 499.8 495.05 508.3 501.9 498.05 500.4 495.9 508.75 500.9 503.55 495.6 503.45 
162 0.0 0.0 0.0 0.0 497.05 485.55 501.6 498.05 497.85 504.95 501.5 502.4 498.75 494.15 489.25 496.3 497.65 497.7 493.9 494.15 496.15 
163 0.0 0.0 0.0 0.0 498.5 508.0 492.45 505.9 504.9 503.3 505.05 502.4 501.05 495.35 497.45 498.55 497.75 495.1 491.85 504.2 501.6 
164 0.0 0.0 0.0 0.0 498.8 498.7 501.9 500.05 503.05 500.35 493.4 495.95 503.1 501.05 499.45 504.0 501.85 504.95 499.15 500.2 499.4 
165 0.0 0.0 0.0 0.0 501.8 505.7 503.85 496.55 489.3 493.65 500.05 508.05 493.2 498.75 509.5 496.0 498.35 498.05 498.35 506.25 491.65 
166 0.0 0.0 0.0 0.0 502.15 499.5 508.5 504.75 496.05 494.9 507.9 499.35 507.55 498.6 500.05 501.6 497.75 496.35 496.4 492.25 509.75 
167 0.0 0.0 0.0 0.0 504.45 503.8 497.6 497.05 500.45 506.4 495.9 496.75 493.2 497.0 500.6 494.95 497.65 510.4 501.15 495.75 488.35 
168 0.0 0.0 0.0 0.0 496.1 503.35 494.4 500.4 515.75 493.6 497.25 494.95 506.2 510.5 503.45 506.2 495.5 492.2 501.8 500.45 493.5 
169 0.0 0.0 0.0 0.0 494.95 503.6 504.6 499.75 502.85 499.05 504.2 492.75 495.85 489.85 497.85 497.75 501.15 502.15 505.8 500.5 498.5 
170 0.0 0.0 0.0 0.0 504.7 494.35 493.0 492.9 491.0 508.1 490.15 497.25 497.2 495.45 491.3 495.85 500.75 502.9 503.15 500.7 508.55 
171 0.0 0.0 0.0 0.0 504.1 503.2 500.5 506.3 502.65 497.9 501.75 499.0 496.15 493.45 498.0 499.75 500.9 507.45 501.05 502.2 505.4 
172 0.0 0.0 0.0 0.0 498.2 495.25 500.7 497.4 495.35 504.6 498.05 496.95 497.45 507.15 500.55 506.3 501.35 505.3 506.2 501.65 499.9 
173 0.0 0.0 0.0 0.0 491.1 496.75 502.25 500.9 505.7 506.5 497.65 499.2 499.25 502.65 501.55 503.1 500.45 501.3 500.2 508.45 504.1 
174 0.0 0.0 0.0 0.0 500.45 496.05 505.7 504.35 493.1 499.75 502.45 502.7 502.7 501.9 511.6 507.4 513.65 507.15 511.75 498.1 511.45 
175 0.0 0.0 0.0 0.0 499.4 500.35 506.15 499.45 498.5 493.35 499.4 500.85 505.9 500.1 494.4 498.35 507.35 496.5 502.3 502.4 505.15 
176 0.0 0.0 0.0 0.0 501.8 497.9 497.9 492.4 498.6 490.85 501.55 497.15 506.7 493.6 496.6 501.95 505.0 497.65 492.55 496.9 506.35 
177 0.0 0.0 0.0 0.0 498.4 494.15 494.5 499.85 500.05 494.5 494.5 509.65 498.55 506.4 506.25 496.65 490.55 501.75 507.1 507.15 492.8 
178 0.0 0.0 0.0 0.0 497.1 497.9 487.05 506.05 493.35 507.05 501.7 495.85 501.05 505.25 500.45 500.45 497.6 495.75 499.95 510.75 497.95 
179 0.0 0.0 0.0 0.0 496.75 502.85 495.75 497.65 494.45 498.3 502.85 511.0 497.05 499.05 495.4 504.85 503.65 495.15 493.45 501.0 503.4 
180 0.0 0.0 0.0 0.0 501.8 500.4 499.95 500.05 496.35 500.65 497.85 501.95 499.85 492.9 509.05 500.15 486.45 501.5 495.9 501.0 492.0 
181 0.0 0.0 0.0 0.0 504.6 505.8 499.5 492.25 502.6 496.75 498.3 495.75 502.95 504.05 503.65 500.25 500.0 504.15 512.15 501.2 503.4 
182 0.0 0.0 0.0 0.0 501.85 500.85 513.6 501.4 507.9 499.1 503.1 495.85 497.15 507.0 498.95 495.0 503.0 496.9 500.35 497.7 511.5 
183 0.0 0.0 0.0 0.0 503.5 506.75 500.5 502.2 499.0 499.35 497.35 503.4 506.25 501.35 502.85 510.6 503.15 503.0 498.55 498.2 502.15 
184 0.0 0.0 0.0 0.0 500.55 499.65 499.45 499.9 500.2 506.3 512.7 511.8 500.85 506.65 504.85 496.2 498.8 502.25 497.55 491.0 496.65 
185 0.0 0.0 0.0 0.0 499.3 496.05 498.15 504.0 492.0 493.6 504.75 490.35 499.0 498.55 495.45 502.9 496.45 499.0 489.4 496.95 499.3 
186 0.0 0.0 0.0 0.0 502.75 495.3 496.45 493.7 502.0 504.35 498.7 497.3 501.6 510.95 501.85 491.95 497.4 504.6 487.35 492.45 497.0 
187 0.0 0.0 0.0 0.0 497.2 498.15 501.6 498.65 506.9 503.35 499.1 503.35 506.05 494.95 493.95 508.45 503.3 492.95 495.25 495.95 494.55 
188 0.0 0.0 0.0 0.0 483.15 504.6 498.15 496.7 496.35 498.95 505.3 503.1 497.65 497.85 492.1 496.85 501.0 491.3 501.55 499.85 491.35 
189 0.0 0.0 0.0 0.0 478.8 496.6 493.85 495.25 498.5 503.3 499.55 516.5 497.9 489.55 506.45 495.95 490.7 498.2 508.25 504.6 498.8 
190 0.0 0.0 0.0 0.0 410.3 494.1 500.9 494.4 502.75 500.1 495.8 497.65 498.1 502.25 498.2 504.9 497.1 498.4 505.3 505.45 509.6 
191 0.0 0.0 0.0 0.0 353.95 499.6 500.9 504.75 505.6 503.55 505.0 500.45 499.8 504.6 499.05 499.15 496.9 503.65 496.65 503.95 501.5 
192 0.0 0.0 0.0 0.0 299.75 504.05 496.35 502.05 497.55 505.65 499.4 500.5 500.5 497.85 504.3 502.35 497.45 502.7 506.1 501.6 495.7 
193 0.0 0.0 0.0 0.0 254.15 497.85 502.5 499.75 499.85 494.65 494.95 500.3 502.9 500.45 493.05 495.2 508.0 495.1 498.9 503.15 509.7 
194 0.0 0.0 0.0 0.0 198.4 499.5 496.05 497.3 501.35 491.4 500.8 491.95 494.2 498.25 492.35 498.7 502.85 497.15 504.0 503.95 496.4 
195 0.0 0.0 0.0 0.0 147.2 500.3 503.9 499.35 494.1 498.55 491.05 500.2 494.9 507.1 503.3 501.95 507.6 505.45 505.9 494.45 500.3 
196 0.0 0.0 0.0 0.0 79.75 501.5 500.55 507.05 486.85 494.05 494.3 498.4 502.95 499.6 514.25 497.65 505.6 507.05 496.85 500.8 498.35 
197 0.0 0.0 0.0 0.0 25.25 495.05 502.5 497.4 493.95 492.15 506.45 498.5 501.15 498.15 504.05 507.35 500.35 499.05 499.3 498.0 502.4 
198 0.0 0.0 0.0 0.0 4.5 505.1 505.8 496.95 504.1 505.45 494.6 495.25 503.0 502.45 499.75 502.2 498.6 505.85 496.3 494.35 492.55 
199 0.0 0.0 0.0 0.0 0.5 506.0 509.8 506.4 510.15 500.45 506.6 499.25 503.05 496.6 501.25 499.65 510.1 499.5 499.3 495.7 500.75 
200 0.0 0.0 0.0 0.0 0.3 497.25 492.85 503.45 503.55 499.7 505.05 503.05 502.95 504.4 494.7 495.85 495.9 500.85 493.3 502.2 492.15 
201 0.0 0.0 0.0 0.0 0.0 502.05 507.55 498.25 511.25 506.95 497.7 503.9 490.3 496.25 502.95 502.65 492.75 510.5 509.1 499.95 498.35 
202 0.0 0.0 0.0 0.0 0.0 500.5 494.1 499.5 502.65 495.4 495.7 491.75 500.8 490.95 491.75 493.85 500.95 494.95 495.45 502.85 505.4 
203 0.0 0.0 0.0 0.0 0.0 499.2 506.4 508.65 498.35 517.65 494.65 496.05 501.3 505.8 507.95 497.2 499.25 501.25 500.9 508.4 507.85 
204 0.0 0.0 0.0 0.0 0.0 502.6 500.5 501.95 502.2 503.9 499.3 492.35 499.35 501.4 490.05 493.05 504.4 482.3 500.05 499.1 504.1 
205 0.0 0.0 0.0 0.0 0.0 501.7 496.1 502.35 505.6 504.3 506.95 506.75 498.2 497.35 495.8 505.35 498.15 506.25 503.85 505.95 497.65 
206 0.0 0.0 0.0 0.0 0.0 497.6 502.85 502.05 497.4 493.5 503.8 505.1 499.15 499.3 501.35 502.65 499.4 506.0 500.8 500.8 499.6 
207 0.0 0.0 0.0 0.0 0.0 500.55 504.75 502.15 499.45 504.55 499.7 503.3 503.3 507.45 503.55 503.05 499.2 504.25 503.6 498.2 503.9 
208 0.0 0.0 0.0 0.0 0.0 492.8 492.2 499.45 496.95 495.25 493.5 497.9 504.1 497.2 501.0 496.2 494.25 503.85 499.2 496.65 502.35 
209 0.0 0.0 0.0 0.0 0.0 502.3 494.2 502.75 506.75 496.4 502.45 497.05 496.0 500.5 502.65 498.8 493.15 490.0 501.1 502.75 501.05 
210 0.0 0.0 0.0 0.0 0.0 507.2 505.45 500.55 499.05 504.7 506.25 500.55 498.8 501.2 500.0 496.65 503.4 496.3 501.75 504.0 503.45 
211 0.0 0.0 0.0 0.0 0.0 502.65 504.55 495.45 508.1 500.95 496.85 503.7 500.05 496.7 497.7 498.05 497.9 502.05 501.45 495.95 494.5 
212 0.0 0.0 0.0 0.0 0.0 496.9 505.0 506.85 496.35 495.95 501.3 502.0 504.6 504.75 508.15 501.6 506.15 502.75 500.9 505.5 496.15 
213 0.0 0.0 0.0 0.0 0.0 500.6 501.45 503.9 498.15 500.95 504.25 509.35 498.7 496.6 506.3 502.3 502.55 500.15 497.55 492.55 500.25 
214 0.0 0.0 0.0 0.0 0.0 504.15 500.25 502.35 502.9 494.5 493.95 496.7 500.2 501.65 494.15 505.4 505.15 501.85 500.25 501.45 483.55 
215 0.0 0.0 0.0 0.0 0.0 498.55 498.7 497.1 493.4 510.05 498.3 499.9 501.3 500.45 499.65 499.3 497.4 496.1 496.1 502.55 511.9 
216 0.0 0.0 0.0 0.0 0.0 498.1 499.1 493.4 502.75 492.05 503.3 506.6 500.25 503.2 495.05 494.45 497.7 501.75 504.85 496.65 496.25 
217 0.0 0.0 0.0 0.0 0.0 499.65 504.0 502.3 496.55 499.15 507.45 505.15 497.35 494.1 505.0 505.35 506.3 506.2 496.2 501.0 504.6 
218 0.0 0.0 0.0 0.0 0.0 501.45 499.55 499.6 499.9 497.0 505.1 490.15 501.1 497.95 500.25 500.1 502.0 495.65 513.05 494.65 499.15 
219 0.0 0.0 0.0 0.0 0.0 493.25 492.65 496.35 498.2 498.75 505.75 496.75 506.05 504.95 504.4 500.4 494.75 503.9 494.25 506.55 495.4 
220 0.0 0.0 0.0 0.0 0.0 495.85 498.4 495.1 512.0 515.0 495.25 501.8 509.75 505.9 505.9 499.2 507.4 506.3 501.8 494.25 503.5 
221 0.0 0.0 0.0 0.0 0.0 509.2 501.2 494.45 497.35 504.4 503.65 507.7 489.5 494.6 496.35 505.15 503.95 497.1 497.85 497.8 481.05 
222 0.0 0.0 0.0 0.0 0.0 499.35 493.9 501.9 490.1 495.85 496.8 494.45 496.9 502.35 500.95 509.05 508.25 497.7 496.2 492.85 496.4 
223 0.0 0.0 0.0 0.0 0.0 499.9 504.1 504.9 496.2 498.85 500.2 502.25 506.75 502.2 501.0 503.2 501.75 496.55 497.9 498.8 500.35 
224 0.0 0.0 0.0 0.0 0.0 507.8 498.9 492.75 506.1 503.65 500.0 508.25 505.55 499.1 500.6 491.3 487.5 501.4 495.35 495.6 507.9 
225 0.0 0.0 0.0 0.0 0.0 485.65 493.95 492.55 497.7 495.05 501.35 502.35 500.1 504.15 498.7 494.8 494.65 502.05 489.3 501.95 501.9 
226 0.0 0.0 0.0 0.0 0.0 501.25 493.55 500.5 491.2 496.6 508.35 498.2 499.9 505.95 500.05 501.05 493.85 496.45 507.6 494.2 496.35 
227 0.0 0.0 0.0 0.0 0.0 499.6 495.4 508.65 502.2 503.75 501.1 501.65 504.15 502.5 496.65 506.75 505.4 496.15 493.7 499.85 496.3 
228 0.0 0.0 0.0 0.0 0.0 498.45 503.05 504.9 499.0 497.5 495.4 494.7 503.0 496.2 502.7 495.75 501.2 493.8 499.8 498.15 505.1 
229 0.0 0.0 0.0 0.0 0.0 494.55 499.2 499.45 505.35 498.35 496.35 502.6 495.75 495.15 489.35 499.15 497.8 496.1 496.55 501.35 498.4 
230 0.0 0.0 0.0 0.0 0.0 499.6 494.7 495.95 494.45 495.6 494.55 500.55 498.3 497.6 492.25 499.95 491.35 495.8 500.45 496.95 505.75 
231 0.0 0.0 0.0 0.0 0.0 505.15 498.75 501.7 504.6 496.95 503.0 489.35 504.05 499.75 502.9 502.3 501.65 493.6 498.95 503.95 495.7 
232 0.0 0.0 0.0 0.0 0.0 494.95 509.0 497.4 500.5 498.85 487.25 497.45 493.05 491.2 503.25 496.35 495.0 492.35 497.45 490.25 490.25 
233 0.0 0.0 0.0 0.0 0.0 495.6 498.95 494.85 496.55 506.55 500.55 493.2 487.15 502.75 505.4 499.95 490.2 503.65 495.95 496.75 501.7 
234 0.0 0.0 0.0 0.0 0.0 438.05 511.45 503.75 495.7 497.05 491.6 495.35 492.05 501.25 493.65 496.05 511.3 501.2 502.85 497.4 507.6 
235 0.0 0.0 0.0 0.0 0.0 430.3 503.25 498.9 502.8 499.8 505.75 500.7 496.7 494.5 498.3 494.95 499.95 498.2 492.1 503.7 501.4 
236 0.0 0.0 0.0 0.0 0.0 377.6 500.1 502.25 500.5 495.5 501.9 500.15 491.6 501.1 496.6 489.4 487.95 503.45 497.6 501.55 503.15 
237 0.0 0.0 0.0 0.0 0.0 314.7 500.25 503.65 498.2 502.95 493.1 500.05 498.85 494.5 495.0 501.8 494.8 493.85 505.75 508.2 507.55 
238 0.0 0.0 0.0 0.0 0.0 285.4 500.45 503.65 506.85 495.8 498.55 497.15 498.35 492.9 499.2 499.95 498.55 501.4 507.1 505.25 504.25 
239 0.0 0.0 0.0 0.0 0.0 239.5 498.55 494.5 501.2 501.95 499.25 496.8 503.2 498.8 505.2 496.15 499.85 499.75 499.95 507.4 500.1 
240 0.0 0.0 0.0 0.0 0.0 199.4 499.5 510.15 498.25 501.8 500.95 500.1 505.8 506.0 498.35 500.9 491.4 500.2 497.25 499.7 497.5 
241 0.0 0.0 0.0 0.0 0.0 140.7 496.2 497.65 497.8 497.2 497.6 500.85 498.1 496.05 497.3 498.2 502.35 489.95 496.65 493.55 493.6 
242 0.0 0.0 0.0 0.0 0.0 65.15 496.15 498.65 502.15 503.95 498.7 505.55 497.1 498.35 498.6 497.5 494.6 501.85 488.35 498.45 494.6 
243 0.0 0.0 0.0 0.0 0.0 45.4 504.05 495.95 498.7 501.65 505.15 502.75 506.45 500.2 489.3 498.55 494.6 499.8 500.9 500.15 501.8 
244 0.0 0.0 0.0 0.0 0.0 13.05 503.15 497.5 500.95 495.9 507.8 490.5 500.0 492.35 496.75 495.2 505.7 490.8 497.65 503.85 490.25 
245 0.0 0.0 0.0 0.0 0.0 1.0 506.8 500.55 506.8 500.55 495.8 506.1 499.15 497.6 503.5 500.35 499.5 496.2 501.2 493.55 503.6 
246 0.0 0.0 0.0 0.0 0.0 0.05 501.75 498.05 502.55 499.95 506.6 499.4 494.3 502.45 501.2 497.5 496.3 499.7 503.3 500.8 499.65 
247 0.0 0.0 0.0 0.0 0.0 0.0 492.1 506.55 494.45 502.8 492.9 505.55 501.55 489.05 492.7 500.2 499.75 506.9 499.95 507.2 507.65 
248 0.0 0.0 0.0 0.0 0.0 0.0 501.3 505.8 502.0 491.85 496.95 500.2 501.95 511.85 504.8 497.55 502.9 504.4 495.95 494.35 500.75 
249 0.0 0.0 0.0 0.0 0.0 0.0 496.75 500.45 497.65 498.8 508.2 490.4 503.95 512.2 505.75 504.1 495.65 508.6 504.7 498.25 492.5 
250 0.0 0.0 0.0 0.0 0.0 0.0 491.3 509.25 491.35 501.15 504.1 506.4 500.3 500.8 492.65 506.9 505.6 495.85 506.55 498.15 501.6 
251 0.0 0.0 0.0 0.0 0.0 0.0 503.45 489.45 497.6 501.5 499.25 498.7 495.95 505.15 509.2 504.45 504.7 501.85 505.35 497.95 499.55 
252 0.0 0.0 0.0 0.0 0.0 0.0 509.0 499.3 497.6 502.8 505.0 506.4 505.05 509.05 507.65 501.2 508.85 507.55 499.2 500.3 502.65 
253 0.0 0.0 0.0 0.0 0.0 0.0 498.8 498.75 506.85 504.7 499.3 499.85 507.9 501.05 500.25 503.15 508.8 501.85 498.05 494.6 505.95 
254 0.0 0.0 0.0 0.0 0.0 0.0 501.4 501.0 499.8 494.7 505.65 505.65 504.2 503.65 507.4 506.4 505.8 503.15 501.3 505.65 499.15 
255 0.0 0.0 0.0 0.0 0.0 0.0 510.05 495.15 508.2 504.1 501.45 502.2 498.45 504.9 502.15 513.7 506.5 499.3 498.9 508.95 500.0 
256 0.0 0.0 0.0 0.0 0.0 0.0 489.75 500.4 488.15 496.2 500.85 501.65 501.7 496.55 502.4 502.5 497.7 498.6 505.05 492.7 501.25 
257 0.0 0.0 0.0 0.0 0.0 0.0 503.95 495.45 502.9 509.1 502.15 499.45 504.6 498.15 509.65 504.35 506.3 509.55 499.95 496.85 500.9 
258 0.0 0.0 0.0 0.0 0.0 0.0 492.25 500.35 505.1 503.8 496.75 494.0 495.55 502.05 497.65 495.75 497.4 499.35 500.55 505.9 489.65 
259 0.0 0.0 0.0 0.0 0.0 0.0 504.6 503.0 497.45 498.35 500.65 505.8 496.5 499.05 493.65 498.9 500.0 507.0 499.55 498.4 506.1 
260 0.0 0.0 0.0 0.0 0.0 0.0 491.6 488.9 499.0 497.25 497.5 501.05 505.75 492.4 499.2 496.3 497.85 503.0 501.6 506.7 497.05 
261 0.0 0.0 0.0 0.0 0.0 0.0 503.85 504.25 498.55 494.1 496.3 507.7 500.8 493.3 495.45 499.2 500.95 501.7 504.95 489.7 502.75 
262 0.0 0.0 0.0 0.0 0.0 0.0 496.9 508.9 499.2 495.15 496.75 495.4 494.2 502.05 502.6 499.75 494.25 499.3 501.4 502.5 506.3 
263 0.0 0.0 0.0 0.0 0.0 0.0 507.4 496.25 500.35 510.05 496.15 490.05 497.4 502.25 503.85 494.75 503.2 498.95 505.65 505.65 493.85 
264 0.0 0.0 0.0 0.0 0.0 0.0 495.15 501.2 507.4 495.1 498.85 493.3 507.3 505.05 505.0 501.25 503.7 506.85 499.25 501.55 501.05 
265 0.0 0.0 0.0 0.0 0.0 0.0 501.25 502.75 493.85 497.05 498.4 502.8 496.05 498.45 502.85 499.45 491.75 498.35 502.3 502.4 493.45 
266 0.0 0.0 0.0 0.0 0.0 0.0 501.05 494.45 501.5 503.0 501.4 499.2 508.25 497.0 497.75 502.45 506.75 498.5 498.45 509.85 500.75 
267 0.0 0.0 0.0 0.0 0.0 0.0 497.8 499.65 499.9 503.6 500.8 503.15 504.05 501.7 492.95 499.4 498.8 492.75 502.35 495.85 502.45 
268 0.0 0.0 0.0 0.0 0.0 0.0 500.55 498.35 489.5 501.8 500.7 501.7 502.75 509.15 500.85 496.25 499.0 498.05 495.2 493.0 497.65 
269 0.0 0.0 0.0 0.0 0.0 0.0 496.35 501.6 495.4 496.3 498.45 497.55 495.15 501.1 488.6 505.75 495.05 498.9 500.85 500.7 500.65 
270 0.0 0.0 0.0 0.0 0.0 0.0 506.15 499.55 505.05 496.9 504.8 497.35 498.15 500.85 507.85 500.4 504.65 504.25 505.05 506.95 500.65 
271 0.0 0.0 0.0 0.0 0.0 0.0 504.25 493.3 501.65 502.95 491.1 509.4 500.55 497.2 500.0 494.6 496.25 508.45 507.15 501.5 504.15 
272 0.0 0.0 0.0 0.0 0.0 0.0 499.3 500.65 498.75 500.65 509.45 501.2 503.6 495.8 493.05 494.8 506.95 492.35 499.35 502.3 497.05 
273 0.0 0.0 0.0 0.0 0.0 0.0 496.95 497.3 502.95 498.6 510.65 498.8 497.15 494.95 501.65 501.9 500.9 503.3 493.0 494.5 503.0 
274 0.0 0.0 0.0 0.0 0.0 0.0 494.75 506.25 502.0 497.4 494.95 494.05 494.0 499.5 506.5 500.4 494.9 504.9 506.6 503.9 507.0 
275 0.0 0.0 0.0 0.0 0.0 0.0 502.2 504.9 506.4 499.2 505.45 495.15 493.3 494.75 493.95 502.45 499.65 488.15 504.45 511.15 506.2 
276 0.0 0.0 0.0 0.0 0.0 0.0 475.75 491.0 495.75 509.9 492.45 502.8 497.55 501.7 499.55 499.95 500.1 499.35 488.9 496.75 498.3 
277 0.0 0.0 0.0 0.0 0.0 0.0 481.55 495.95 506.45 497.5 496.4 509.9 505.6 492.65 496.8 497.55 501.7 500.45 496.3 490.5 500.4 
278 0.0 0.0 0.0 0.0 0.0 0.0 449.65 495.35 500.8 496.3 493.9 499.25 498.65 508.85 504.2 497.3 500.8 503.95 504.95 500.85 499.7 
279 0.0 0.0 0.0 0.0 0.0 0.0 398.7 502.3 504.65 503.7 495.15 495.8 492.25 497.1 496.6 506.75 496.1 502.25 501.6 506.15 507.3 
280 0.0 0.0 0.0 0.0 0.0 0.0 343.7 507.5 498.65 497.25 497.35 498.65 507.35 504.25 500.7 501.1 500.5 498.0 493.4 503.9 501.45 
281 0.0 0.0 0.0 0.0 0.0 0.0 296.3 504.75 502.35 505.7 505.5 499.35 502.9 504.4 509.1 501.75 496.95 502.8 492.5 489.4 498.25 
282 0.0 0.0 0.0 0.0 0.0 0.0 282.1 500.15 491.75 498.65 502.55 491.45 502.3 501.85 508.85 501.25 507.35 500.5 495.05 487.65 497.75 
283 0.0 0.0 0.0 0.0 0.0 0.0 256.2 501.25 500.6 506.1 497.5 513.1 502.7 501.8 497.8 508.0 504.55 497.1 500.75 501.8 496.65 
284 0.0 0.0 0.0 0.0 0.0 0.0 202.95 499.45 499.75 501.55 505.4 498.2 504.5 501.75 496.3 490.25 492.7 495.35 498.5 498.25 498.8 
285 0.0 0.0 0.0 0.0 0.0 0.0 124.4 502.85 500.5 491.6 503.5 504.8 499.95 505.1 492.9 503.55 504.3 491.1 507.65 504.95 500.65 
286 0.0 0.0 0.0 0.0 0.0 0.0 77.55 499.55 493.95 504.0 501.3 498.65 499.5 506.25 507.2 497.75 504.1 497.8 502.35 508.8 494.05 
287 0.0 0.0 0.0 0.0 0.0 0.0 44.2 494.4 504.05 500.2 500.55 503.15 506.2 496.45 509.7 500.6 497.25 504.45 503.25 493.9 496.7 
288 0.0 0.0 0.0 0.0 0.0 0.0 7.0 501.45 501.05 506.45 498.6 495.85 498.6 500.8 495.2 497.7 503.0 503.8 497.9 511.05 491.25 
289 0.0 0.0 0.0 0.0 0.0 0.0 0.25 505.15 506.35 504.6 512.8 499.55 504.55 497.1 497.3 505.8 496.85 502.25 500.3 493.55 502.5 
290 0.0 0.0 0.0 0.0 0.0 0.0 0.0 504.9 494.85 495.45 497.9 502.5 500.7 499.9 496.25 504.95 502.15 500.4 492.15 503.4 504.85 
291 0.0 0.0 0.0 0.0 0.0 0.0 0.0 497.55 503.6 501.3 497.4 500.95 506.25 499.9 502.6 499.95 495.35 499.9 494.45 501.35 506.6 
292 0.0 0.0 0.0 0.0 0.0 0.0 0.0 497.95 502.7 494.4 496.05 496.55 492.75 492.55 498.35 488.4 493.7 502.75 505.65 495.0 499.3 
293 0.0 0.0 0.0 0.0 0.0 0.0 0.0 496.55 498.9 500.55 499.55 502.05 494.8 497.25 498.3 493.35 500.85 500.4 499.6 496.7 498.85 
294 0.0 0.0 0.0 0.0 0.0 0.0 0.0 500.35 490.65 494.1 493.0 493.0 496.7 486.9 493.05 506.35 496.3 493.3 496.9 487.2 487.45 
295 0.0 0.0 0.0 0.0 0.0 0.0 0.0 496.05 507.95 493.4 496.7 489.9 494.9 496.3 498.0 501.75 495.4 507.25 499.25 495.25 506.05 
296 0.0 0.0 0.0 0.0 0.0 0.0 0.0 500.35 500.05 503.2 497.1 505.6 497.95 497.7 500.6 497.6 504.05 497.0 499.5 508.35 502.35 
297 0.0 0.0 0.0 0.0 0.0 0.0 0.0 495.15 488.85 498.8 498.15 500.8 493.6 499.5 503.15 498.55 504.45 496.05 497.25 497.65 497.25 
298 0.0 0.0 0.0 0.0 0.0 0.0 0.0 506.75 511.65 491.65 495.55 494.1 497.65 501.1 498.8 497.8 498.95 504.4 504.35 502.85 502.5 
299 0.0 0.0 0.0 0.0 0.0 0.0 0.0 496.6 495.9 493.7 498.05 500.25 490.75 503.6 501.9 497.0 502.65 498.55 492.85 506.1 498.6 
300 0.0 0.0 0.0 0.0 0.0 0.0 0.0 507.3 492.8 507.95 508.35 492.2 502.0 503.3 497.1 498.85 497.2 502.75 506.95 507.1 503.25 
301 0.0 0.0 0.0 0.0 0.0 0.0 0.0 492.25 502.0 496.3 499.6 505.6 502.5 501.1 499.1 500.5 495.7 495.4 504.65 503.75 502.15 
302 0.0 0.0 0.0 0.0 0.0 0.0 0.0 497.8 501.95 502.9 503.65 505.35 502.1 498.7 500.2 505.5 507.45 504.35 503.35 507.5 507.5 
303 0.0 0.0 0.0 0.0 0.0 0.0 0.0 495.65 499.05 499.0 496.15 496.8 499.7 499.9 501.5 499.25 511.35 507.3 502.7 497.1 506.0 
304 0.0 0.0 0.0 0.0 0.0 0.0 0.0 496.25 504.05 506.85 515.7 507.8 501.15 491.75 499.0 505.15 507.95 498.25 509.35 493.15 501.0 
305 0.0 0.0 0.0 0.0 0.0 0.0 0.0 505.75 495.15 500.2 496.9 500.25 497.05 494.85 496.55 508.8 489.65 505.35 501.3 508.8 501.35 
306 0.0 0.0 0.0 0.0 0.0 0.0 0.0 505.75 498.7 497.7 489.2 503.45 503.95 505.65 498.65 497.3 495.05 498.85 495.25 492.65 503.8 
307 0.0 0.0 0.0 0.0 0.0 0.0 0.0 506.15 500.55 494.35 498.3 501.9 506.0 503.35 498.0 498.6 503.25 496.2 500.3 507.6 508.55 
308 0.0 0.0 0.0 0.0 0.0 0.0 0.0 502.35 505.5 500.65 504.75 498.4 498.4 498.85 497.3 505.6 505.2 498.35 500.8 498.5 491.05 
309 0.0 0.0 0.0 0.0 0.0 0.0 0.0 493.05 503.15 503.0 502.55 503.1 493.4 500.55 502.35 497.65 509.05 505.3 503.85 497.9 502.85 
310 0.0 0.0 0.0 0.0 0.0 0.0 0.0 504.35 495.9 505.3 503.35 494.9 508.3 502.7 501.1 492.8 499.25 503.55 493.95 496.55 498.4 
311 0.0 0.0 0.0 0.0 0.0 0.0 0.0 499.85 500.35 503.1 499.95 502.5 492.65 509.6 509.6 495.85 499.65 495.35 502.8 505.7 493.35 
312 0.0 0.0 0.0 0.0 0.0 0.0 0.0 499.2 493.8 501.55 487.75 501.4 501.45 502.7 500.4 490.65 486.95 495.85 504.2 495.9 495.2 
313 0.0 0.0 0.0 0.0 0.0 0.0 0.0 500.6 498.15 501.05 498.85 496.9 502.95 495.0 501.75 502.1 496.85 494.15 507.2 492.2 506.9 
314 0.0 0.0 0.0 0.0 0.0 0.0 0.0 494.15 500.2 495.0 508.3 493.6 507.0 508.45 497.55 498.75 497.55 511.25 498.8 499.45 497.55 
315 0.0 0.0 0.0 0.0 0.0 0.0 0.0 501.05 505.45 496.1 491.55 504.6 497.25 499.8 505.55 504.5 498.6 498.8 495.2 503.65 494.65 
316 0.0 0.0 0.0 0.0 0.0 0.0 0.0 499.5 501.05 492.5 494.45 495.9 510.35 498.7 497.45 503.05 499.95 510.9 501.15 490.95 504.4 
317 0.0 0.0 0.0 0.0 0.0 0.0 0.0 502.2 494.55 508.7 501.9 499.0 494.45 504.65 509.6 504.4 497.35 497.3 498.3 514.0 494.2 
318 0.0 0.0 0.0 0.0 0.0 0.0 0.0 500.8 500.2 499.15 502.6 504.4 500.25 495.55 502.35 498.35 511.9 491.4 503.15 505.1 493.6 
319 0.0 0.0 0.0 0.0 0.0 0.0 0.0 483.0 497.6 504.7 505.05 498.75 500.5 499.2 493.65 503.7 504.25 500.35 505.9 496.65 511.0 
320 0.0 0.0 0.0 0.0 0.0 0.0 0.0 443.95 502.45 503.1 498.05 497.7 497.65 500.8 499.0 494.1 499.4 499.75 498.35 503.5 507.9 
321 0.0 0.0 0.0 0.0 0.0 0.0 0.0 394.35 502.75 504.45 498.5 497.65 499.6 507.1 492.4 506.7 500.05 501.75 495.4 493.15 493.7 
322 0.0 0.0 0.0 0.0 0.0 0.0 0.0 338.95 497.1 499.9 497.8 502.8 496.6 502.1 507.25 495.15 490.55 499.35 502.75 502.85 500.5 
323 0.0 0.0 0.0 0.0 0.0 0.0 0.0 305.85 504.8 493.5 502.2 504.65 503.8 492.55 499.3 503.7 496.8 494.5 494.4 504.2 493.9 
324 0.0 0.0 0.0 0.0 0.0 0.0 0.0 278.9 494.9 496.4 505.6 500.75 491.35 502.25 497.85 504.1 488.6 491.2 499.45 499.05 500.5 
325 0.0 0.0 0.0 0.0 0.0 0.0 0.0 235.4 495.25 493.85 497.15 499.75 503.55 493.65 498.55 500.45 508.7 502.9 489.3 490.0 490.05 
326 0.0 0.0 0.0 0.0 0.0 0.0 0.0 177.7 504.85 494.35 496.25 494.85 501.25 494.55 498.05 493.1 502.65 495.05 498.65 492.2 500.7 
327 0.0 0.0 0.0 0.0 0.0 0.0 0.0 103.55 502.65 502.6 494.85 502.3 496.4 496.65 501.25 498.15 502.35 496.6 492.1 508.2 498.65 
328 0.0 0.0 0.0 0.0 0.0 0.0 0.0 60.3 502.35 501.35 499.1 499.2 499.85 501.15 495.9 500.9 497.1 509.25 499.3 497.1 497.45 
329 0.0 0.0 0.0 0.0 0.0 0.0 0.0 39.35 495.7 505.9 498.3 498.5 501.3 497.75 503.3 500.0 499.55 502.35 504.05 488.15 488.65 
330 0.0 0.0 0.0 0.0 0.0 0.0 0.0 23.2 491.95 497.0 505.0 498.25 497.05 496.0 501.65 499.45 497.85 503.9 490.3 488.0 500.45 
331 0.0 0.0 0.0 0.0 0.0 0.0 0.0 7.1 489.7 501.1 503.5 503.05 506.9 497.1 500.3 497.15 503.35 498.55 499.45 502.3 492.85 
332 0.0 0.0 0.0 0.0 0.0 0.0 0.0 1.75 502.9 497.9 512.85 504.45 496.05 505.25 494.75 507.3 496.9 494.8 505.5 509.25 503.2 
333 0.0 0.0 0.0 0.0 0.0 0.0 0.0 0.2 504.55 505.75 500.25 500.35 499.8 500.2 499.8 490.25 491.25 500.6 503.15 498.8 499.65 
334 0.0 0.0 0.0 0.0 0.0 0.0 0.0 0.0 508.05 500.5 495.55 495.35 495.85 503.85 501.3 501.15 499.55 498.95 504.35 504.65 505.3 
335 0.0 0.0 0.0 0.0 0.0 0.0 0.0 0.0 512.45 500.8 497.95 496.8 499.75 499.35 498.15 496.3 495.5 503.25 501.45 501.65 504.1 
336 0.0 0.0 0.0 0.0 0.0 0.0 0.0 0.0 495.2 501.7 501.6 489.25 501.3 497.75 499.75 502.85 500.3 497.65 507.05 503.6 504.55 
337 0.0 0.0 0.0 0.0 0.0 0.0 0.0 0.0 504.45 492.9 492.55 498.7 499.35 498.1 500.2 493.8 503.7 507.05 503.7 497.6 508.15 
338 0.0 0.0 0.0 0.0 0.0 0.0 0.0 0.0 498.25 498.65 499.3 504.95 488.75 500.65 493.45 504.75 508.95 501.15 502.15 508.45 493.65 
339 0.0 0.0 0.0 0.0 0.0 0.0 0.0 0.0 495.5 512.1 500.35 502.75 501.05 500.2 500.65 493.8 509.3 496.55 498.4 499.45 502.25 
340 0.0 0.0 0.0 0.0 0.0 0.0 0.0 0.0 493.3 497.2 497.55 496.65 497.5 500.9 494.2 504.7 504.85 496.8 499.0 506.25 504.3 
341 0.0 0.0 0.0 0.0 0.0 0.0 0.0 0.0 500.25 493.2 498.7 502.15 500.8 508.6 500.35 500.2 498.0 498.1 496.95 498.55 503.1 
342 0.0 0.0 0.0 0.0 0.0 0.0 0.0 0.0 496.9 495.95 501.7 492.45 495.7 497.55 502.5 502.2 498.05 502.1 490.95 498.05 500.0 
343 0.0 0.0 0.0 0.0 0.0 0.0 0.0 0.0 501.85 491.85 495.2 500.1 496.3 490.1 502.8 504.45 495.75 497.85 498.95 500.45 498.3 
344 0.0 0.0 0.0 0.0 0.0 0.0 0.0 0.0 495.3 502.0 505.1 493.65 508.3 503.55 503.45 502.45 498.15 496.8 496.55 504.25 506.3 
345 0.0 0.0 0.0 0.0 0.0 0.0 0.0 0.0 495.55 503.25 489.9 503.05 506.55 490.35 498.85 490.05 497.85 499.2 497.8 491.65 489.6 
346 0.0 0.0 0.0 0.0 0.0 0.0 0.0 0.0 499.05 503.2 500.75 504.35 495.75 507.75 496.3 494.95 500.35 498.6 503.2 494.3 499.75 
347 0.0 0.0 0.0 0.0 0.0 0.0 0.0 0.0 509.25 510.25 506.7 502.1 502.3 501.3 494.05 490.6 503.65 502.9 496.6 489.5 500.1 
348 0.0 0.0 0.0 0.0 0.0 0.0 0.0 0.0 500.55 506.05 504.35 501.95 498.75 499.3 494.35 495.15 504.3 502.25 496.45 504.6 498.35 
349 0.0 0.0 0.0 0.0 0.0 0.0 0.0 0.0 502.45 494.65 503.05 498.4 498.1 489.8 502.0 504.15 485.3 494.55 510.4 500.85 497.45 
350 0.0 0.0 0.0 0.0 0.0 0.0 0.0 0.0 503.25 496.0 494.1 502.95 498.55 498.25 494.1 499.15 495.85 499.05 505.05 500.6 495.85 
351 0.0 0.0 0.0 0.0 0.0 0.0 0.0 0.0 498.3 501.05 502.25 493.7 498.85 499.8 503.2 498.75 492.05 503.55 496.35 496.15 500.55 
352 0.0 0.0 0.0 0.0 0.0 0.0 0.0 0.0 499.5 490.05 501.8 496.6 498.85 503.1 501.3 500.0 512.45 500.5 508.45 502.95 503.95 
353 0.0 0.0 0.0 0.0 0.0 0.0 0.0 0.0 495.45 501.2 494.2 500.35 496.05 499.65 504.4 515.1 500.4 497.3 491.9 506.15 498.65 
354 0.0 0.0 0.0 0.0 0.0 0.0 0.0 0.0 502.7 502.1 500.7 504.1 512.35 501.2 497.1 494.4 497.25 499.6 498.65 492.15 502.2 
355 0.0 0.0 0.0 0.0 0.0 0.0 0.0 0.0 498.2 497.95 506.1 507.55 504.15 501.35 504.7 494.05 494.15 500.1 488.65 497.15 496.45 
356 0.0 0.0 0.0 0.0 0.0 0.0 0.0 0.0 499.95 501.2 495.1 492.45 500.05 505.75 500.3 498.35 499.0 489.2 493.35 500.4 488.05 
357 0.0 0.0 0.0 0.0 0.0 0.0 0.0 0.0 497.4 497.85 501.05 508.8 498.4 495.95 500.15 506.6 490.45 494.25 491.4 495.65 499.8 
358 0.0 0.0 0.0 0.0 0.0 0.0 0.0 0.0 500.15 499.0 503.75 503.5 500.7 500.25 496.35 506.85 505.8 496.9 500.0 496.45 499.25 
359 0.0 0.0 0.0 0.0 0.0 0.0 0.0 0.0 487.5 508.7 505.55 500.35 498.6 503.2 503.35 502.0 500.45 498.05 500.95 496.35 494.0 
360 0.0 0.0 0.0 0.0 0.0 0.0 0.0 0.0 457.05 497.9 498.95 501.45 507.45 497.8 500.95 502.4 494.5 496.4 504.4 504.55 508.4 
361 0.0 0.0 0.0 0.0 0.0 0.0 0.0 0.0 438.65 501.0 503.2 501.1 505.5 506.55 498.4 499.4 505.35 507.95 503.35 501.6 501.05 
362 0.0 0.0 0.0 0.0 0.0 0.0 0.0 0.0 381.75 502.05 500.85 497.6 491.6 492.5 505.65 485.65 501.8 500.75 492.95 500.55 494.55 
363 0.0 0.0 0.0 0.0 0.0 0.0 0.0 0.0 322.9 497.55 495.9 500.7 495.85 497.95 502.0 497.95 497.9 498.8 497.7 500.7 492.6 
364 0.0 0.0 0.0 0.0 0.0 0.0 0.0 0.0 271.1 501.45 491.95 507.75 504.65 501.65 497.55 506.45 496.45 509.05 496.8 503.7 507.75 
365 0.0 0.0 0.0 0.0 0.0 0.0 0.0 0.0 239.0 500.7 496.05 493.5 497.8 496.6 503.2 499.6 512.4 500.85 500.95 493.8 500.95 
366 0.0 0.0 0.0 0.0 0.0 0.0 0.0 0.0 186.65 501.0 502.75 501.1 498.75 507.4 495.05 502.25 499.0 503.55 514.0 505.3 499.4 
367 0.0 0.0 0.0 0.0 0.0 0.0 0.0 0.0 118.8 498.0 498.75 500.5 511.75 500.8 497.0 496.85 509.65 500.75 507.8 499.65 497.1 
368 0.0 0.0 0.0 0.0 0.0 0.0 0.0 0.0 84.55 491.45 499.55 498.1 494.95 504.6 493.6 500.35 497.45 507.4 505.5 493.0 503.05 
369 0.0 0.0 0.0 0.0 0.0 0.0 0.0 0.0 43.1 503.65 502.2 495.7 502.8 500.2 501.35 498.85 504.2 496.55 491.9 506.55 490.0 
370 0.0 0.0 0.0 0.0 0.0 0.0 0.0 0.0 25.45 494.45 498.95 499.75 496.1 500.85 498.95 498.4 499.6 506.25 505.2 500.7 504.1 
371 0.0 0.0 0.0 0.0 0.0 0.0 0.0 0.0 26.75 501.0 504.95 501.65 498.65 494.6 501.85 495.05 494.8 505.95 502.3 496.0 500.25 
372 0.0 0.0 0.0 0.0 0.0 0.0 0.0 0.0 9.65 498.7 496.5 500.65 497.8 496.35 499.35 500.95 498.45 496.0 503.5 489.65 505.45 
373 0.0 0.0 0.0 0.0 0.0 0.0 0.0 0.0 0.6 500.7 501.7 502.15 498.6 497.25 511.7 503.1 500.4 495.6 492.25 497.55 504.25 
374 0.0 0.0 0.0 0.0 0.0 0.0 0.0 0.0 0.0 501.0 505.35 497.95 502.45 499.0 497.25 502.35 502.85 487.25 504.05 506.65 499.2 
375 0.0 0.0 0.0 0.0 0.0 0.0 0.0 0.0 0.0 501.05 502.75 493.45 492.1 496.4 508.8 508.35 494.45 497.95 490.4 500.05 502.35 
376 0.0 0.0 0.0 0.0 0.0 0.0 0.0 0.0 0.0 501.05 498.15 498.3 498.75 511.1 502.6 501.95 494.3 501.65 495.35 506.25 499.05 
377 0.0 0.0 0.0 0.0 0.0 0.0 0.0 0.0 0.0 495.35 501.8 500.55 499.9 503.65 491.6 500.9 499.3 493.3 498.95 509.15 500.6 
378 0.0 0.0 0.0 0.0 0.0 0.0 0.0 0.0 0.0 502.55 495.1 494.15 500.15 498.8 495.5 490.9 499.0 499.35 497.1 490.75 496.65 
379 0.0 0.0 0.0 0.0 0.0 0.0 0.0 0.0 0.0 497.55 494.7 504.65 499.7 502.7 491.2 494.1 496.95 498.6 497.8 492.9 507.5 
380 0.0 0.0 0.0 0.0 0.0 0.0 0.0 0.0 0.0 498.1 498.7 499.55 506.9 494.95 502.55 504.85 502.2 495.4 497.05 494.2 496.55 
381 0.0 0.0 0.0 0.0 0.0 0.0 0.0 0.0 0.0 499.05 501.4 500.6 502.45 497.7 508.15 500.7 502.85 501.25 499.0 504.45 493.0 
382 0.0 0.0 0.0 0.0 0.0 0.0 0.0 0.0 0.0 508.8 493.6 504.9 505.15 504.15 500.3 494.6 502.85 504.1 508.35 511.45 489.55 
383 0.0 0.0 0.0 0.0 0.0 0.0 0.0 0.0 0.0 501.85 501.95 502.8 500.45 503.4 497.9 499.8 508.1 504.55 500.4 507.05 510.45 
384 0.0 0.0 0.0 0.0 0.0 0.0 0.0 0.0 0.0 487.95 506.75 502.15 497.2 499.1 498.05 498.4 494.8 503.0 503.65 501.65 500.75 
385 0.0 0.0 0.0 0.0 0.0 0.0 0.0 0.0 0.0 506.35 505.95 496.6 503.35 495.35 495.75 505.3 495.75 502.3 499.8 499.3 499.65 
386 0.0 0.0 0.0 0.0 0.0 0.0 0.0 0.0 0.0 503.25 499.9 499.6 500.2 506.45 508.8 497.1 501.1 498.15 498.3 494.8 496.2 
387 0.0 0.0 0.0 0.0 0.0 0.0 0.0 0.0 0.0 506.95 500.05 497.1 493.95 503.65 498.5 510.15 505.05 505.95 498.85 498.65 499.85 
388 0.0 0.0 0.0 0.0 0.0 0.0 0.0 0.0 0.0 495.7 494.05 494.95 491.85 489.65 503.05 501.25 505.3 494.3 508.05 493.9 497.4 
389 0.0 0.0 0.0 0.0 0.0 0.0 0.0 0.0 0.0 500.25 502.0 505.5 500.75 505.4 510.4 498.65 496.65 494.7 495.25 495.8 505.05 
390 0.0 0.0 0.0 0.0 0.0 0.0 0.0 0.0 0.0 501.9 495.1 496.5 504.35 502.85 499.0 495.2 492.2 494.75 492.95 498.85 501.2 
391 0.0 0.0 0.0 0.0 0.0 0.0 0.0 0.0 0.0 499.3 495.05 497.9 495.15 497.4 497.2 503.3 493.7 494.2 495.45 493.4 498.25 
392 0.0 0.0 0.0 0.0 0.0 0.0 0.0 0.0 0.0 493.8 496.9 497.1 504.0 501.55 497.15 498.45 496.7 499.7 500.8 498.35 493.4 
393 0.0 0.0 0.0 0.0 0.0 0.0 0.0 0.0 0.0 497.0 497.45 495.85 489.1 495.8 500.2 497.95 502.3 507.5 503.8 495.2 511.1 
394 0.0 0.0 0.0 0.0 0.0 0.0 0.0 0.0 0.0 498.8 489.1 503.6 505.9 502.5 502.7 499.8 504.4 501.3 501.9 506.6 497.15 
395 0.0 0.0 0.0 0.0 0.0 0.0 0.0 0.0 0.0 497.35 504.35 497.2 497.8 483.6 492.05 506.3 498.95 495.75 498.1 502.5 494.75 
396 0.0 0.0 0.0 0.0 0.0 0.0 0.0 0.0 0.0 489.35 498.85 498.05 510.95 495.8 490.35 495.5 503.45 506.15 501.8 503.15 500.6 
397 0.0 0.0 0.0 0.0 0.0 0.0 0.0 0.0 0.0 472.25 504.1 501.0 494.75 500.75 492.1 494.2 504.1 495.05 502.6 501.2 502.45 
398 0.0 0.0 0.0 0.0 0.0 0.0 0.0 0.0 0.0 464.25 502.2 498.9 493.9 496.45 498.8 501.95 495.8 501.45 508.75 503.65 502.5 
399 0.0 0.0 0.0 0.0 0.0 0.0 0.0 0.0 0.0 402.7 504.4 501.25 491.8 495.05 503.5 502.15 498.7 495.9 494.8 496.05 500.45 
400 0.0 0.0 0.0 0.0 0.0 0.0 0.0 0.0 0.0 340.55 500.2 499.85 497.55 509.4 504.1 499.0 508.2 508.55 494.3 503.35 503.5 
401 0.0 0.0 0.0 0.0 0.0 0.0 0.0 0.0 0.0 307.95 496.6 496.45 506.0 499.8 508.7 497.0 492.45 503.2 496.6 497.55 505.7 
402 0.0 0.0 0.0 0.0 0.0 0.0 0.0 0.0 0.0 272.7 501.75 501.65 501.45 498.8 497.7 507.35 506.55 504.55 505.9 501.55 496.3 
403 0.0 0.0 0.0 0.0 0.0 0.0 0.0 0.0 0.0 235.5 500.1 501.8 499.15 498.85 497.05 492.25 493.1 497.65 493.9 506.5 501.55 
404 0.0 0.0 0.0 0.0 0.0 0.0 0.0 0.0 0.0 226.65 508.3 502.55 497.25 510.6 510.55 502.15 498.55 498.1 499.55 504.15 496.85 
405 0.0 0.0 0.0 0.0 0.0 0.0 0.0 0.0 0.0 202.2 501.4 498.55 502.6 500.95 499.45 494.1 499.9 510.7 502.95 493.5 501.1 
406 0.0 0.0 0.0 0.0 0.0 0.0 0.0 0.0 0.0 108.85 504.1 506.85 498.1 500.55 495.95 497.8 498.95 495.8 497.95 504.85 498.3 
407 0.0 0.0 0.0 0.0 0.0 0.0 0.0 0.0 0.0 65.55 503.05 501.25 502.85 499.15 504.15 504.6 504.15 488.0 503.1 499.65 499.55 
408 0.0 0.0 0.0 0.0 0.0 0.0 0.0 0.0 0.0 31.7 497.45 501.05 503.25 502.7 504.85 507.6 502.7 504.75 502.15 494.3 500.5 
409 0.0 0.0 0.0 0.0 0.0 0.0 0.0 0.0 0.0 27.55 496.5 499.65 499.8 498.2 493.0 502.25 502.35 499.05 499.15 499.8 500.3 
410 0.0 0.0 0.0 0.0 0.0 0.0 0.0 0.0 0.0 23.95 497.75 503.05 500.5 496.05 495.8 499.3 494.25 494.9 503.75 498.15 500.8 
411 0.0 0.0 0.0 0.0 0.0 0.0 0.0 0.0 0.0 25.65 509.35 500.2 516.9 497.55 499.6 497.25 502.8 506.35 501.7 497.15 491.65 
412 0.0 0.0 0.0 0.0 0.0 0.0 0.0 0.0 0.0 23.1 503.45 498.3 495.35 498.4 501.65 500.35 496.15 502.25 501.35 506.85 493.4 
413 0.0 0.0 0.0 0.0 0.0 0.0 0.0 0.0 0.0 5.45 494.4 499.0 496.55 502.85 503.8 499.7 488.9 502.5 497.2 492.75 507.5 
414 0.0 0.0 0.0 0.0 0.0 0.0 0.0 0.0 0.0 0.35 497.2 501.55 501.35 504.0 501.7 498.15 503.55 498.25 499.15 505.05 504.7 
415 0.0 0.0 0.0 0.0 0.0 0.0 0.0 0.0 0.0 0.0 495.6 508.55 493.8 499.9 496.6 499.2 505.35 499.15 500.25 500.75 501.1 
416 0.0 0.0 0.0 0.0 0.0 0.0 0.0 0.0 0.0 0.0 504.7 490.65 486.55 496.4 507.75 499.95 499.2 501.75 503.05 504.3 506.05 
417 0.0 0.0 0.0 0.0 0.0 0.0 0.0 0.0 0.0 0.0 494.45 487.85 497.05 498.5 501.95 500.95 499.45 494.75 502.65 501.45 494.05 
418 0.0 0.0 0.0 0.0 0.0 0.0 0.0 0.0 0.0 0.0 493.5 504.8 504.5 506.95 489.9 491.2 493.95 501.85 503.55 501.4 500.4 
419 0.0 0.0 0.0 0.0 0.0 0.0 0.0 0.0 0.0 0.0 499.0 488.9 501.1 500.15 492.75 500.6 503.65 502.75 502.35 502.4 495.55 
420 0.0 0.0 0.0 0.0 0.0 0.0 0.0 0.0 0.0 0.0 501.7 505.8 506.65 504.75 497.25 500.45 499.25 502.8 491.4 491.1 510.0 
421 0.0 0.0 0.0 0.0 0.0 0.0 0.0 0.0 0.0 0.0 495.7 498.15 500.7 494.9 497.7 502.7 494.65 495.95 492.55 497.3 503.3 
422 0.0 0.0 0.0 0.0 0.0 0.0 0.0 0.0 0.0 0.0 497.9 494.65 497.0 503.15 491.05 502.3 498.45 506.05 497.25 504.95 492.05 
423 0.0 0.0 0.0 0.0 0.0 0.0 0.0 0.0 0.0 0.0 504.75 509.4 501.45 491.55 506.4 494.3 508.85 495.9 496.05 503.15 500.3 
424 0.0 0.0 0.0 0.0 0.0 0.0 0.0 0.0 0.0 0.0 500.95 500.6 501.6 491.7 502.05 497.85 493.45 491.75 504.25 500.65 494.9 
425 0.0 0.0 0.0 0.0 0.0 0.0 0.0 0.0 0.0 0.0 508.8 496.8 505.3 498.0 496.2 498.35 498.2 494.5 498.25 489.55 497.8 
426 0.0 0.0 0.0 0.0 0.0 0.0 0.0 0.0 0.0 0.0 499.0 506.3 495.6 503.05 508.55 506.7 504.05 491.95 493.1 502.25 496.4 
427 0.0 0.0 0.0 0.0 0.0 0.0 0.0 0.0 0.0 0.0 493.4 497.05 502.55 500.6 494.85 503.95 493.4 494.85 498.75 493.25 493.8 
428 0.0 0.0 0.0 0.0 0.0 0.0 0.0 0.0 0.0 0.0 502.55 493.25 495.55 503.95 503.4 496.1 496.95 500.65 494.1 496.8 500.3 
429 0.0 0.0 0.0 0.0 0.0 0.0 0.0 0.0 0.0 0.0 503.2 495.55 501.35 501.4 498.7 504.8 499.35 498.25 503.65 497.35 498.0 
430 0.0 0.0 0.0 0.0 0.0 0.0 0.0 0.0 0.0 0.0 492.25 499.7 501.35 502.85 506.9 496.8 500.5 506.25 494.65 500.1 493.7 
431 0.0 0.0 0.0 0.0 0.0 0.0 0.0 0.0 0.0 0.0 497.0 503.95 501.7 507.1 492.45 496.95 497.0 496.2 495.15 493.7 496.35 
432 0.0 0.0 0.0 0.0 0.0 0.0 0.0 0.0 0.0 0.0 503.3 509.0 499.0 501.4 500.7 492.2 500.75 503.45 504.9 505.2 500.55 
433 0.0 0.0 0.0 0.0 0.0 0.0 0.0 0.0 0.0 0.0 483.6 502.05 503.75 499.0 494.9 497.95 508.75 502.95 500.6 497.05 499.4 
434 0.0 0.0 0.0 0.0 0.0 0.0 0.0 0.0 0.0 0.0 441.55 510.3 492.65 493.95 506.95 503.35 500.35 492.15 499.0 509.45 503.75 
435 0.0 0.0 0.0 0.0 0.0 0.0 0.0 0.0 0.0 0.0 427.85 499.7 501.25 501.8 508.2 505.0 502.05 507.55 510.05 494.8 507.2 
436 0.0 0.0 0.0 0.0 0.0 0.0 0.0 0.0 0.0 0.0 401.75 499.9 503.6 509.15 501.9 499.7 506.45 505.25 501.05 506.6 505.15 
437 0.0 0.0 0.0 0.0 0.0 0.0 0.0 0.0 0.0 0.0 355.6 494.95 494.85 485.0 511.25 499.2 503.15 512.4 508.0 505.0 505.2 
438 0.0 0.0 0.0 0.0 0.0 0.0 0.0 0.0 0.0 0.0 301.7 494.45 494.85 507.55 495.2 503.95 499.7 503.8 506.35 496.85 498.75 
439 0.0 0.0 0.0 0.0 0.0 0.0 0.0 0.0 0.0 0.0 246.15 505.65 505.55 496.3 505.0 505.15 501.0 499.35 499.1 510.95 500.6 
440 0.0 0.0 0.0 0.0 0.0 0.0 0.0 0.0 0.0 0.0 199.3 497.8 502.1 506.85 492.95 504.35 506.35 508.85 508.4 503.35 502.2 
441 0.0 0.0 0.0 0.0 0.0 0.0 0.0 0.0 0.0 0.0 175.25 495.35 500.1 496.8 499.6 495.55 504.8 501.0 499.9 501.75 515.55 
442 0.0 0.0 0.0 0.0 0.0 0.0 0.0 0.0 0.0 0.0 137.55 496.9 502.25 502.35 495.35 496.95 502.2 498.9 501.25 500.4 499.3 
443 0.0 0.0 0.0 0.0 0.0 0.0 0.0 0.0 0.0 0.0 67.95 500.75 497.9 496.55 495.7 504.15 499.25 496.7 499.3 503.0 504.5 
444 0.0 0.0 0.0 0.0 0.0 0.0 0.0 0.0 0.0 0.0 53.85 487.25 493.6 499.55 510.6 503.75 491.9 494.8 495.8 497.15 503.25 
445 0.0 0.0 0.0 0.0 0.0 0.0 0.0 0.0 0.0 0.0 38.25 508.7 500.05 493.75 495.3 498.85 493.75 491.65 504.9 497.55 501.4 
446 0.0 0.0 0.0 0.0 0.0 0.0 0.0 0.0 0.0 0.0 27.75 508.0 508.15 513.3 502.05 495.05 491.15 497.35 498.45 497.05 496.35 
447 0.0 0.0 0.0 0.0 0.0 0.0 0.0 0.0 0.0 0.0 26.1 498.75 506.7 504.1 491.0 498.45 498.0 501.05 503.6 497.15 498.25 
448 0.0 0.0 0.0 0.0 0.0 0.0 0.0 0.0 0.0 0.0 25.4 512.4 497.5 500.5 489.2 499.3 507.5 499.15 496.05 503.15 499.15 
449 0.0 0.0 0.0 0.0 0.0 0.0 0.0 0.0 0.0 0.0 25.0 498.05 497.3 491.9 504.35 496.95 498.4 504.65 495.55 506.35 492.3 
450 0.0 0.0 0.0 0.0 0.0 0.0 0.0 0.0 0.0 0.0 16.1 501.8 500.05 490.7 501.35 501.95 502.35 501.3 495.05 501.45 497.75 
451 0.0 0.0 0.0 0.0 0.0 0.0 0.0 0.0 0.0 0.0 2.6 492.8 495.4 497.7 503.1 504.2 505.55 505.9 497.7 494.55 495.75 
452 0.0 0.0 0.0 0.0 0.0 0.0 0.0 0.0 0.0 0.0 0.2 499.15 487.35 492.45 497.1 499.1 507.15 499.05 501.7 501.25 495.5 
453 0.0 0.0 0.0 0.0 0.0 0.0 0.0 0.0 0.0 0.0 0.0 494.75 503.75 495.0 499.15 499.1 496.05 502.65 497.2 494.3 495.0 
454 0.0 0.0 0.0 0.0 0.0 0.0 0.0 0.0 0.0 0.0 0.0 494.95 503.7 509.75 501.4 496.25 492.6 495.45 502.75 504.2 503.7 
455 0.0 0.0 0.0 0.0 0.0 0.0 0.0 0.0 0.0 0.0 0.0 501.15 501.05 500.55 502.4 501.6 501.7 495.75 490.9 495.75 502.9 
456 0.0 0.0 0.0 0.0 0.0 0.0 0.0 0.0 0.0 0.0 0.0 497.85 485.0 497.8 499.95 500.9 507.15 495.75 500.6 496.55 498.95 
457 0.0 0.0 0.0 0.0 0.0 0.0 0.0 0.0 0.0 0.0 0.0 496.7 501.3 503.15 504.65 512.0 495.85 498.75 503.25 498.7 501.3 
458 0.0 0.0 0.0 0.0 0.0 0.0 0.0 0.0 0.0 0.0 0.0 502.3 504.5 499.1 506.85 497.95 502.5 501.5 503.35 498.85 502.25 
459 0.0 0.0 0.0 0.0 0.0 0.0 0.0 0.0 0.0 0.0 0.0 505.65 502.6 512.0 500.65 494.8 490.15 505.85 500.9 496.6 500.1 
460 0.0 0.0 0.0 0.0 0.0 0.0 0.0 0.0 0.0 0.0 0.0 495.6 505.1 494.65 497.7 504.85 506.5 496.0 499.35 488.7 496.3 
461 0.0 0.0 0.0 0.0 0.0 0.0 0.0 0.0 0.0 0.0 0.0 504.7 504.25 501.25 493.85 493.7 494.35 493.1 500.35 499.9 505.0 
462 0.0 0.0 0.0 0.0 0.0 0.0 0.0 0.0 0.0 0.0 0.0 502.9 499.7 495.05 494.75 498.45 501.85 496.75 501.3 506.9 495.6 
463 0.0 0.0 0.0 0.0 0.0 0.0 0.0 0.0 0.0 0.0 0.0 493.5 492.1 496.15 496.35 498.2 492.5 506.6 500.15 504.55 502.55 
464 0.0 0.0 0.0 0.0 0.0 0.0 0.0 0.0 0.0 0.0 0.0 507.05 503.05 502.0 488.9 489.85 496.15 491.1 497.7 506.0 496.55 
465 0.0 0.0 0.0 0.0 0.0 0.0 0.0 0.0 0.0 0.0 0.0 498.1 493.45 493.35 492.15 499.3 497.6 504.7 501.65 503.4 494.8 
466 0.0 0.0 0.0 0.0 0.0 0.0 0.0 0.0 0.0 0.0 0.0 501.1 504.0 501.6 507.6 497.1 506.55 493.05 501.3 500.7 504.65 
467 0.0 0.0 0.0 0.0 0.0 0.0 0.0 0.0 0.0 0.0 0.0 474.65 497.45 493.05 503.85 503.75 501.15 508.3 508.55 495.25 493.85 
468 0.0 0.0 0.0 0.0 0.0 0.0 0.0 0.0 0.0 0.0 0.0 470.2 495.3 503.1 498.7 497.25 501.4 506.1 498.85 501.9 506.45 
469 0.0 0.0 0.0 0.0 0.0 0.0 0.0 0.0 0.0 0.0 0.0 447.8 498.7 502.2 506.35 507.95 503.15 502.65 502.7 499.85 499.85 
470 0.0 0.0 0.0 0.0 0.0 0.0 0.0 0.0 0.0 0.0 0.0 424.55 501.25 493.75 491.65 505.6 498.6 500.4 494.65 495.05 499.65 
471 0.0 0.0 0.0 0.0 0.0 0.0 0.0 0.0 0.0 0.0 0.0 386.45 503.05 503.25 507.1 492.65 492.95 500.2 493.55 501.7 500.1 
472 0.0 0.0 0.0 0.0 0.0 0.0 0.0 0.0 0.0 0.0 0.0 347.05 504.1 503.35 499.6 501.95 501.9 504.25 494.2 497.35 494.45 
473 0.0 0.0 0.0 0.0 0.0 0.0 0.0 0.0 0.0 0.0 0.0 321.15 501.6 506.85 501.45 498.9 504.7 491.0 496.55 496.95 501.65 
474 0.0 0.0 0.0 0.0 0.0 0.0 0.0 0.0 0.0 0.0 0.0 250.0 502.2 507.55 502.8 508.05 499.85 499.75 502.15 496.05 499.15 
475 0.0 0.0 0.0 0.0 0.0 0.0 0.0 0.0 0.0 0.0 0.0 174.5 502.65 501.15 496.95 501.65 506.4 496.55 496.4 506.75 495.4 
476 0.0 0.0 0.0 0.0 0.0 0.0 0.0 0.0 0.0 0.0 0.0 127.95 497.5 492.7 507.2 492.9 498.5 499.15 494.7 495.55 502.6 
477 0.0 0.0 0.0 0.0 0.0 0.0 0.0 0.0 0.0 0.0 0.0 87.85 505.35 507.45 502.15 502.4 501.0 497.3 500.25 505.35 499.55 
478 0.0 0.0 0.0 0.0 0.0 0.0 0.0 0.0 0.0 0.0 0.0 61.15 503.95 497.75 495.65 492.7 487.15 506.5 504.45 490.3 502.65 
479 0.0 0.0 0.0 0.0 0.0 0.0 0.0 0.0 0.0 0.0 0.0 35.75 496.5 495.45 494.2 500.9 494.9 493.5 500.6 499.65 502.25 
480 0.0 0.0 0.0 0.0 0.0 0.0 0.0 0.0 0.0 0.0 0.0 27.2 500.3 494.75 501.45 497.8 498.2 499.3 501.65 498.7 507.35 
481 0.0 0.0 0.0 0.0 0.0 0.0 0.0 0.0 0.0 0.0 0.0 23.75 495.45 501.5 496.9 495.3 503.25 501.5 505.0 502.15 500.0 
482 0.0 0.0 0.0 0.0 0.0 0.0 0.0 0.0 0.0 0.0 0.0 23.95 507.2 500.35 504.65 504.15 504.0 500.65 498.2 500.85 497.1 
483 0.0 0.0 0.0 0.0 0.0 0.0 0.0 0.0 0.0 0.0 0.0 20.0 498.35 497.3 500.15 503.05 493.35 497.3 501.85 503.85 500.75 
484 0.0 0.0 0.0 0.0 0.0 0.0 0.0 0.0 0.0 0.0 0.0 5.85 496.9 501.45 500.55 488.7 500.45 507.05 502.6 509.85 497.3 
485 0.0 0.0 0.0 0.0 0.0 0.0 0.0 0.0 0.0 0.0 0.0 0.35 497.2 494.85 496.4 500.7 508.15 499.5 502.5 496.1 508.7 
486 0.0 0.0 0.0 0.0 0.0 0.0 0.0 0.0 0.0 0.0 0.0 0.0 498.05 504.55 500.7 510.75 507.05 501.85 501.2 503.45 498.15 
487 0.0 0.0 0.0 0.0 0.0 0.0 0.0 0.0 0.0 0.0 0.0 0.0 498.6 500.4 500.2 496.5 506.85 505.2 501.9 504.15 506.5 
488 0.0 0.0 0.0 0.0 0.0 0.0 0.0 0.0 0.0 0.0 0.0 0.0 506.65 507.25 501.8 504.3 499.6 503.9 499.45 516.05 500.45 
489 0.0 0.0 0.0 0.0 0.0 0.0 0.0 0.0 0.0 0.0 0.0 0.0 496.3 494.6 506.15 499.3 492.6 490.6 499.05 498.95 508.2 
490 0.0 0.0 0.0 0.0 0.0 0.0 0.0 0.0 0.0 0.0 0.0 0.0 497.3 499.65 504.15 511.45 504.75 509.4 509.75 499.2 506.25 
491 0.0 0.0 0.0 0.0 0.0 0.0 0.0 0.0 0.0 0.0 0.0 0.0 500.0 507.2 504.95 508.15 508.15 508.2 505.65 510.45 503.8 
492 0.0 0.0 0.0 0.0 0.0 0.0 0.0 0.0 0.0 0.0 0.0 0.0 501.6 502.8 503.85 502.25 505.55 508.95 502.55 499.6 498.7 
493 0.0 0.0 0.0 0.0 0.0 0.0 0.0 0.0 0.0 0.0 0.0 0.0 498.65 505.9 498.0 503.5 509.15 500.55 508.5 502.55 508.8 
494 0.0 0.0 0.0 0.0 0.0 0.0 0.0 0.0 0.0 0.0 0.0 0.0 497.7 501.7 508.75 518.7 504.5 502.25 509.05 499.55 500.45 
495 0.0 0.0 0.0 0.0 0.0 0.0 0.0 0.0 0.0 0.0 0.0 0.0 507.85 507.15 509.4 510.4 509.55 503.0 500.3 508.0 506.8 
496 0.0 0.0 0.0 0.0 0.0 0.0 0.0 0.0 0.0 0.0 0.0 0.0 505.45 505.2 515.7 496.15 508.45 513.5 504.35 511.45 505.65 
497 0.0 0.0 0.0 0.0 0.0 0.0 0.0 0.0 0.0 0.0 0.0 0.0 503.65 511.85 503.7 503.4 503.85 509.15 509.7 499.15 510.1 
498 0.0 0.0 0.0 0.0 0.0 0.0 0.0 0.0 0.0 0.0 0.0 0.0 523.35 517.0 513.5 514.05 504.2 518.95 509.1 511.9 511.25 
499 0.0 0.0 0.0 0.0 0.0 0.0 0.0 0.0 0.0 0.0 0.0 0.0 536.45 517.35 508.5 509.95 514.5 498.65 507.65 506.9 501.05 
