0 100.85 513.6 510.0 513.1 501.9 508.5 506.05 504.75 506.65 508.45 507.05 506.65 509.25 508.9 508.85 501.45 508.85 497.45 497.0 503.55 501.05 
1 0.0 513.7 511.75 500.45 516.25 509.1 503.95 509.85 505.2 502.25 499.5 502.65 502.1 506.4 502.6 509.35 505.0 511.5 515.1 502.95 511.05 
2 0.0 507.45 506.35 506.95 505.0 504.75 502.9 510.55 504.95 500.55 506.35 504.8 514.2 503.15 508.6 503.3 498.2 504.2 507.95 510.85 500.4 
3 0.0 505.05 508.5 516.4 507.45 508.65 494.75 505.95 504.75 503.4 499.65 506.9 518.5 503.6 498.35 509.1 510.8 499.0 501.0 496.95 506.15 
4 0.0 513.1 503.05 504.2 506.95 504.45 508.8 498.45 501.45 503.75 501.7 502.7 488.9 502.3 504.1 504.4 503.15 510.05 497.25 502.45 493.8 
5 0.0 501.4 505.0 510.25 510.75 499.9 513.95 505.75 499.9 505.35 509.45 501.3 507.7 507.7 503.45 495.4 497.45 501.7 505.95 508.8 510.4 
6 0.0 501.75 501.2 504.7 497.45 498.25 504.85 498.5 500.65 501.95 504.85 500.55 494.8 500.65 505.0 497.65 496.65 491.8 502.35 496.8 506.2 
7 0.0 498.85 504.5 497.05 506.1 505.25 504.4 508.8 506.5 504.25 504.4 512.25 504.65 502.65 494.25 503.4 504.6 502.8 497.0 506.4 503.75 
8 0.0 501.55 503.05 493.2 499.15 503.15 496.8 504.2 503.55 500.55 500.35 503.85 505.75 500.6 501.1 502.85 499.0 515.9 500.05 503.75 498.3 
9 0.0 500.4 504.6 502.1 500.55 501.25 503.7 488.55 503.8 502.15 510.45 504.2 495.75 501.15 503.6 499.7 501.25 501.0 497.4 506.15 501.1 
10 0.0 496.5 496.1 513.15 496.65 497.8 503.0 492.1 497.8 506.45 508.1 506.65 496.25 505.2 498.6 504.55 502.3 498.05 507.0 495.15 504.15 
11 0.0 499.4 498.3 503.15 495.45 494.45 494.5 500.8 506.15 505.65 496.05 496.35 489.75 505.75 507.1 499.4 507.75 509.5 504.55 499.4 497.75 
12 0.0 496.4 501.8 494.45 496.0 494.75 493.9 495.95 493.45 496.2 508.7 497.7 509.45 502.9 502.75 510.5 498.0 503.45 491.55 495.9 499.45 
13 0.0 494.25 498.4 495.6 496.4 495.45 499.15 504.05 494.55 503.7 500.8 511.3 501.7 499.6 501.05 496.8 510.3 501.65 508.1 501.15 510.3 
14 0.0 502.6 501.05 501.35 500.05 491.2 500.7 497.55 498.8 495.7 504.1 499.3 509.15 494.4 501.85 503.65 503.5 501.6 501.85 506.6 501.7 
15 0.0 508.7 502.25 498.6 493.8 497.15 505.5 497.8 504.45 505.8 502.7 506.4 504.3 495.05 488.55 497.15 503.65 496.1 504.45 501.05 502.45 
16 0.0 501.5 506.45 502.05 507.65 514.0 498.9 505.95 507.65 498.85 498.85 496.05 507.85 499.55 506.45 501.4 502.95 505.1 505.45 498.95 498.9 
17 0.0 495.15 488.6 492.85 493.05 506.25 496.55 503.1 506.65 508.05 496.65 501.7 497.25 506.95 502.55 498.2 502.35 497.3 497.1 497.15 494.15 
18 0.0 499.5 503.1 493.55 503.5 504.45 505.1 504.25 497.15 501.4 499.1 494.45 491.75 507.85 504.1 500.95 490.85 496.6 498.65 498.55 492.5 
19 0.0 496.0 492.6 494.7 495.7 500.25 502.45 499.1 506.55 499.9 500.8 502.6 498.5 501.4 495.1 503.55 500.55 500.3 505.2 504.15 498.55 
20 0.0 496.45 501.1 498.15 493.8 495.35 503.5 500.55 500.05 492.25 480.4 497.35 494.85 493.55 500.65 498.55 505.75 496.1 506.95 499.35 498.45 
21 0.0 509.95 498.2 491.45 509.05 505.35 500.35 501.05 491.6 508.35 498.3 495.55 506.25 508.3 498.25 505.1 497.1 501.9 500.5 500.65 501.05 
22 0.0 493.35 494.15 503.7 505.0 497.0 501.2 497.6 492.55 492.55 508.45 493.0 494.7 496.75 506.7 500.05 493.4 500.7 490.75 495.5 504.95 
23 0.0 496.5 495.3 498.05 499.55 501.05 500.75 502.75 498.4 494.25 495.7 499.2 502.95 493.8 499.0 501.9 491.15 503.95 501.1 488.35 495.35 
24 0.0 504.0 500.55 509.0 502.6 506.7 499.65 495.05 500.35 501.8 502.35 503.5 498.55 504.45 501.7 495.8 494.35 493.9 499.1 519.35 504.5 
25 0.0 502.05 496.75 500.8 506.4 506.2 497.2 501.55 497.75 495.5 494.85 491.7 505.05 495.6 499.4 503.65 509.1 489.0 489.75 500.65 499.1 
26 0.0 502.35 507.15 500.85 502.35 485.55 497.85 499.8 495.2 501.95 495.65 495.0 493.65 503.15 500.3 493.5 501.35 507.5 496.4 502.2 494.85 
27 0.0 494.1 501.7 501.0 497.95 503.45 496.25 499.95 503.2 502.7 505.2 497.1 506.55 502.0 500.65 505.3 503.6 499.5 512.2 497.35 507.95 
28 0.0 507.3 501.3 512.2 506.85 500.05 500.35 497.95 501.8 503.1 495.45 503.45 494.3 500.5 501.25 505.55 496.85 497.25 502.85 493.9 499.8 
29 0.0 508.9 503.4 497.55 494.5 506.2 496.35 498.45 504.8 493.9 502.9 499.2 500.55 501.0 505.6 500.75 498.55 494.6 503.15 507.45 509.8 
30 0.0 498.05 504.1 494.95 497.4 498.25 503.75 497.05 502.0 499.45 495.85 506.9 491.6 491.4 504.55 498.15 493.05 510.15 494.2 506.6 494.6 
31 0.0 492.75 504.4 504.6 504.6 497.55 496.85 505.05 496.75 499.15 504.3 502.4 506.5 500.35 498.0 491.9 506.3 502.8 499.75 499.35 509.55 
32 0.0 503.45 500.35 500.85 498.7 502.25 511.1 502.9 494.3 504.0 509.2 500.9 506.75 503.45 493.1 495.25 507.65 499.25 499.65 501.15 501.95 
33 0.0 503.7 497.5 500.25 496.4 499.8 496.6 505.9 502.7 502.2 501.75 506.5 511.4 501.8 497.2 501.0 501.45 497.05 498.25 502.05 499.7 
34 0.0 496.5 505.7 501.45 502.25 501.75 503.15 506.55 504.5 504.25 497.6 514.15 492.65 503.8 498.15 502.05 497.05 506.4 497.3 504.35 499.75 
35 0.0 496.7 501.55 500.4 498.2 503.8 497.15 491.1 498.45 490.5 507.45 494.15 498.1 497.05 502.35 505.8 504.2 504.0 506.95 498.75 500.65 
36 0.0 500.9 503.1 497.4 502.1 498.2 495.15 491.2 505.6 497.7 494.4 491.4 501.3 501.6 504.65 501.8 498.25 508.5 502.65 493.4 502.05 
37 0.0 491.6 496.1 496.25 497.1 501.45 497.6 495.95 496.15 504.8 501.35 502.4 511.8 494.55 499.5 502.9 496.8 497.8 504.9 499.55 493.35 
38 0.0 505.15 501.8 501.4 493.15 500.85 502.7 498.65 496.9 500.25 500.7 489.35 498.2 497.3 494.05 500.8 503.55 492.0 492.75 491.25 493.9 
39 0.0 494.15 499.5 502.85 507.2 498.65 515.6 505.85 502.5 492.15 483.4 502.15 495.15 501.1 511.4 491.95 501.05 499.45 497.6 499.1 499.5 
40 0.0 501.7 502.05 501.2 501.85 498.3 498.65 511.25 497.3 495.4 499.45 499.75 493.4 502.35 502.25 510.4 494.4 495.0 500.15 492.0 504.95 
41 0.0 506.85 493.25 509.7 506.05 497.95 495.4 506.95 495.95 495.4 496.0 501.9 492.55 498.25 492.65 491.55 498.9 499.05 504.3 512.45 494.9 
42 0.0 501.5 501.2 494.75 503.9 502.5 498.45 496.35 507.5 501.55 498.95 501.45 506.1 497.95 495.95 502.8 503.15 503.9 497.45 506.85 497.95 
43 0.0 497.4 500.55 502.3 495.55 498.0 495.7 500.05 501.3 502.8 500.35 491.1 496.7 496.85 494.5 502.7 498.95 498.2 498.35 494.5 505.05 
44 0.0 502.4 495.65 497.85 496.2 499.0 506.5 494.6 504.0 501.55 510.35 498.4 501.55 498.9 503.45 496.35 500.35 503.3 503.95 491.3 492.6 
45 0.0 492.65 500.65 494.3 499.5 502.95 504.35 507.2 496.05 505.4 496.75 508.7 492.6 499.3 508.45 496.8 495.55 498.25 499.8 503.6 500.55 
46 0.0 499.85 498.65 501.4 499.0 500.9 494.8 505.2 499.55 515.2 501.7 498.2 498.25 504.05 504.0 495.5 499.15 499.65 503.7 497.35 501.5 
47 0.0 491.7 500.1 506.45 506.55 497.2 497.15 490.7 501.05 505.25 512.7 496.15 496.4 501.35 497.8 503.95 513.55 494.25 495.55 498.35 495.2 
48 0.0 374.75 503.25 493.0 500.7 506.25 510.8 504.4 503.1 497.9 498.55 504.3 502.7 495.85 499.95 504.5 505.9 501.95 502.4 507.05 504.75 
49 0.0 246.55 497.35 501.05 501.7 498.95 495.15 500.55 507.75 493.45 490.65 499.8 504.55 486.6 489.65 500.75 501.45 511.9 493.7 505.8 505.35 
50 0.0 131.85 503.1 503.5 496.4 504.1 498.85 504.4 495.8 496.65 506.1 496.35 485.95 516.25 501.4 492.05 498.95 496.05 494.2 492.5 499.55 
51 0.0 62.65 506.6 509.25 506.6 507.25 502.35 500.4 509.15 500.8 497.4 493.05 503.75 499.9 507.25 496.95 497.8 497.7 504.05 501.55 501.8 
52 0.0 27.15 508.0 510.1 505.05 503.2 511.95 503.65 498.3 495.5 501.25 503.9 498.95 501.0 493.9 501.3 486.3 493.6 496.25 496.65 499.6 
53 0.0 4.6 499.85 495.05 498.65 501.15 501.4 496.1 493.2 498.05 501.35 502.0 501.9 496.45 500.2 497.15 496.95 499.4 500.05 494.8 492.95 
54 0.0 0.55 496.2 499.25 500.75 501.0 500.3 499.35 504.9 499.85 492.7 499.15 489.5 499.0 495.6 507.95 489.35 489.0 501.3 514.6 496.15 
55 0.0 0.0 490.15 499.95 500.5 490.7 497.8 497.3 498.7 493.6 494.65 492.8 501.1 492.9 498.55 496.2 495.3 500.2 495.05 497.95 498.2 
56 0.0 0.0 500.5 496.0 498.65 494.35 501.85 501.15 496.9 497.25 499.15 498.0 503.8 497.55 496.75 492.75 503.9 505.7 498.95 501.55 500.4 
57 0.0 0.0 491.65 488.5 501.4 498.4 493.55 499.95 498.05 498.35 499.2 494.45 496.05 496.45 502.65 499.6 498.0 502.95 492.1 493.75 496.6 
58 0.0 0.0 505.65 501.9 490.0 499.55 491.9 502.9 501.15 505.1 501.2 504.2 497.6 494.05 494.25 495.6 496.1 497.2 505.0 498.95 498.5 
59 0.0 0.0 492.5 504.2 503.35 501.05 494.4 497.1 500.45 500.5 499.55 495.15 501.0 507.9 498.75 503.2 500.85 504.4 505.3 500.85 494.7 
60 0.0 0.0 503.8 492.3 503.15 495.2 494.15 496.0 495.9 503.35 499.2 494.9 504.7 498.15 504.45 495.15 501.2 493.45 508.0 496.6 502.25 
61 0.0 0.0 495.55 505.1 488.15 505.0 497.7 487.3 487.95 497.25 492.7 508.5 496.65 507.0 503.0 500.2 508.9 502.25 500.7 499.1 504.95 
62 0.0 0.0 500.35 498.15 492.6 492.45 500.95 490.85 500.9 499.25 503.75 502.5 505.15 501.8 491.15 497.3 497.4 502.2 485.15 500.1 502.45 
63 0.0 0.0 496.45 493.2 497.75 494.75 495.7 503.75 500.4 498.2 498.25 503.75 507.05 501.6 495.75 494.75 506.9 493.8 499.4 503.95 491.3 
64 0.0 0.0 498.9 488.4 505.1 495.9 494.45 490.8 497.85 491.25 502.25 499.15 501.15 504.7 504.05 498.7 492.45 498.8 500.8 491.8 504.4 
65 0.0 0.0 497.7 491.55 495.25 496.05 503.55 497.55 501.0 494.3 497.65 494.25 499.6 497.55 497.4 504.8 495.35 499.3 498.3 496.85 502.15 
66 0.0 0.0 494.8 498.2 487.8 497.8 491.2 505.2 495.7 507.2 494.35 498.45 504.5 495.1 501.95 505.25 491.75 499.45 499.8 502.1 505.95 
67 0.0 0.0 497.0 502.45 499.65 488.95 501.65 500.1 497.55 501.85 495.25 488.45 498.25 496.2 495.85 506.4 505.15 497.05 498.9 498.9 495.95 
68 0.0 0.0 502.0 501.65 486.95 500.15 495.95 501.6 496.8 495.9 507.4 501.2 492.0 495.9 494.45 500.25 498.35 495.7 495.7 497.7 501.85 
69 0.0 0.0 489.95 493.6 499.4 496.15 503.6 496.85 505.45 508.2 498.95 503.65 492.7 496.0 502.95 500.45 502.05 494.7 492.6 492.75 491.45 
70 0.0 0.0 502.85 497.3 493.0 501.35 496.25 508.0 492.45 493.6 501.15 500.45 501.55 500.4 506.35 495.65 500.0 504.35 509.05 502.15 495.4 
71 0.0 0.0 500.8 499.25 509.1 504.15 498.0 498.25 511.95 504.85 499.55 499.2 487.9 501.65 495.95 496.6 494.0 506.1 500.05 497.9 492.25 
72 0.0 0.0 498.1 494.25 502.1 502.25 501.95 502.85 492.5 498.35 492.85 486.95 493.85 495.45 493.35 495.4 501.35 493.5 501.2 494.85 491.5 
73 0.0 0.0 490.35 498.85 495.9 502.85 502.35 483.75 495.05 499.3 497.1 496.75 503.95 496.65 492.95 498.1 498.8 492.25 496.9 502.55 495.15 
74 0.0 0.0 502.9 498.55 497.55 490.7 497.45 493.95 494.05 496.75 500.1 500.25 491.5 500.05 500.1 490.3 495.7 491.75 487.0 497.8 499.25 
75 0.0 0.0 496.45 498.9 499.05 498.9 496.65 502.4 498.55 494.75 500.45 498.6 495.4 491.8 494.55 488.55 492.15 498.7 495.35 491.2 499.1 
76 0.0 0.0 499.15 495.3 502.5 497.65 497.75 491.85 497.65 498.95 496.3 497.65 494.6 488.3 489.65 495.9 499.65 501.55 493.25 500.4 503.5 
77 0.0 0.0 495.25 495.55 498.1 496.05 497.9 495.05 493.75 491.3 486.65 497.75 504.35 495.3 505.35 507.05 483.75 492.55 498.3 487.2 490.9 
78 0.0 0.0 492.3 504.1 499.15 502.1 490.75 503.7 498.4 500.55 500.8 493.85 499.55 496.1 498.4 489.05 501.75 495.8 485.75 503.45 488.85 
79 0.0 0.0 496.7 501.2 493.25 493.05 493.25 502.3 492.9 488.25 493.2 504.35 493.8 494.6 492.1 495.15 491.15 497.7 498.8 496.55 498.3 
80 0.0 0.0 499.75 496.05 501.95 489.15 490.55 491.7 496.1 486.75 496.65 493.05 496.95 494.3 494.3 494.6 504.55 500.65 494.5 492.5 498.3 
81 0.0 0.0 499.25 488.15 494.65 497.75 506.15 492.2 497.85 494.1 494.5 500.45 493.5 489.35 490.9 497.8 491.2 495.55 490.3 491.85 499.7 
82 0.0 0.0 497.1 497.2 499.55 496.85 498.3 495.15 495.9 490.3 506.1 485.15 495.9 499.9 498.4 495.6 503.4 495.95 497.15 492.0 491.75 
83 0.0 0.0 492.15 490.65 493.05 503.4 499.5 498.0 489.75 504.2 488.3 501.1 494.5 496.85 497.95 489.5 500.85 489.35 498.15 496.0 496.95 
84 0.0 0.0 507.5 500.9 492.55 485.8 493.8 498.25 497.0 497.15 501.8 497.7 499.35 496.8 499.3 500.2 482.55 494.65 494.0 492.9 487.0 
85 0.0 0.0 495.4 496.35 487.4 496.85 503.25 501.2 500.4 497.3 499.45 499.55 494.8 499.55 496.4 494.9 497.6 496.05 499.0 499.9 489.4 
86 0.0 0.0 496.55 501.4 493.9 505.8 495.9 500.45 502.45 503.05 489.95 494.9 496.5 499.1 498.8 494.3 494.35 489.5 499.35 490.8 498.35 
87 0.0 0.0 494.5 496.5 495.85 492.95 493.1 499.6 500.45 499.55 493.7 490.75 493.0 497.65 499.65 503.0 492.65 497.15 496.6 494.65 497.1 
88 0.0 0.0 493.0 495.7 494.35 493.25 492.45 493.95 495.5 491.15 505.25 493.65 502.5 496.1 492.3 499.4 501.1 495.1 495.4 499.15 504.0 
89 0.0 0.0 492.45 490.05 500.8 490.75 498.6 495.8 495.75 501.1 498.65 499.05 490.5 490.95 500.95 491.4 492.5 496.65 491.9 492.8 492.55 
90 0.0 0.0 491.7 492.2 497.9 499.6 500.4 492.8 492.85 500.85 495.45 502.75 502.15 505.8 489.1 491.45 489.25 497.5 499.75 500.7 504.45 
91 0.0 0.0 496.6 495.6 495.2 490.15 484.4 491.65 495.05 488.45 491.85 500.5 499.45 501.8 495.8 498.85 496.95 491.95 497.0 503.7 495.2 
92 0.0 0.0 493.95 500.0 500.25 501.05 498.7 493.25 493.9 495.4 493.2 497.95 498.95 500.4 485.8 491.65 495.95 495.95 503.2 495.2 498.7 
93 0.0 0.0 497.8 499.05 497.7 500.3 496.0 497.15 498.2 491.8 496.15 490.7 500.5 489.85 498.5 493.75 501.8 503.8 491.05 498.75 499.5 
94 0.0 0.0 499.55 492.2 502.7 491.4 499.6 502.25 503.65 493.05 489.85 494.4 492.1 492.1 498.45 501.75 491.4 496.25 497.05 500.3 498.8 
95 0.0 0.0 494.55 499.85 495.9 493.0 497.65 497.15 494.1 503.2 501.8 503.6 494.45 495.2 495.9 496.4 491.65 495.75 506.35 500.05 494.65 
96 0.0 0.0 435.15 492.35 490.9 497.95 489.7 489.3 501.7 499.35 493.4 497.2 488.05 495.8 493.15 496.05 508.45 490.85 504.1 500.8 491.3 
97 0.0 0.0 327.2 490.5 494.65 499.05 496.95 500.05 492.55 495.7 490.6 483.3 492.9 493.9 490.75 502.15 498.85 500.45 494.7 499.05 495.3 
98 0.0 0.0 286.95 502.25 490.55 492.2 490.0 495.2 495.5 488.85 490.85 495.75 504.5 495.75 491.8 488.95 488.55 494.6 486.65 479.7 501.5 
99 0.0 0.0 225.3 496.9 493.85 498.25 494.9 498.5 496.65 485.95 506.1 489.55 495.8 488.9 503.65 496.1 495.9 488.25 493.2 497.5 487.85 
100 0.0 0.0 159.4 496.1 499.8 499.0 499.85 492.1 486.75 504.5 495.85 495.0 486.2 498.0 488.0 491.55 492.15 497.6 495.2 489.65 491.65 
101 0.0 0.0 77.25 489.2 497.35 496.95 487.55 490.35 492.1 493.35 492.5 498.3 488.95 490.45 492.25 502.05 502.8 492.4 480.8 494.35 495.95 
102 0.0 0.0 49.45 495.65 495.75 492.7 498.0 494.75 492.65 494.4 492.95 492.85 495.65 490.75 489.75 494.35 482.4 496.8 494.6 494.1 490.6 
103 0.0 0.0 7.85 496.25 496.85 492.4 490.75 486.75 486.3 489.95 498.65 494.0 492.4 496.55 496.65 485.7 489.75 492.0 486.45 490.65 493.65 
104 0.0 0.0 0.55 499.2 494.95 498.2 497.7 491.8 504.7 500.8 485.55 494.9 488.4 490.9 500.15 494.25 497.05 498.7 486.0 490.65 488.8 
105 0.0 0.0 0.0 499.2 491.8 488.3 496.7 496.2 491.5 490.7 489.55 490.75 492.65 495.6 490.85 490.35 492.25 491.15 493.95 482.25 499.2 
106 0.0 0.0 0.0 493.5 493.0 490.55 492.55 494.4 493.65 496.7 496.75 486.95 489.8 487.45 500.9 487.15 484.8 484.35 492.35 500.85 502.9 
107 0.0 0.0 0.0 495.0 491.55 501.25 492.85 499.35 490.35 494.05 488.05 500.35 498.65 496.55 492.25 497.45 491.2 489.8 501.2 492.5 490.15 
108 0.0 0.0 0.0 484.35 497.95 492.5 492.25 496.9 503.35 488.9 495.5 489.55 493.25 494.45 488.8 496.7 501.25 495.55 501.75 496.05 495.55 
109 0.0 0.0 0.0 498.4 495.8 496.75 500.95 480.8 500.0 496.75 489.0 492.4 502.25 495.75 494.55 493.35 495.3 499.9 498.6 499.2 485.5 
110 0.0 0.0 0.0 488.65 497.25 495.65 497.3 491.3 492.1 487.7 503.5 503.3 489.15 493.65 491.1 492.95 495.05 506.55 489.55 500.8 507.35 
111 0.0 0.0 0.0 500.7 484.55 495.45 490.0 497.8 486.55 500.55 494.45 498.4 496.1 500.9 500.05 500.2 502.6 493.4 498.55 491.75 497.1 
112 0.0 0.0 0.0 486.55 492.85 492.45 491.7 498.5 495.35 493.3 497.55 478.6 492.8 488.95 501.0 492.35 502.6 502.05 501.35 503.1 500.0 
113 0.0 0.0 0.0 491.6 501.3 489.25 495.7 496.35 482.6 498.7 499.05 493.2 493.65 499.4 494.55 499.55 506.3 492.35 497.5 500.7 492.2 
114 0.0 0.0 0.0 498.95 482.65 487.65 488.45 487.15 498.2 483.15 491.85 501.9 499.3 496.7 493.25 493.0 499.95 497.85 488.95 493.1 491.9 
115 0.0 0.0 0.0 492.7 492.65 498.65 492.75 491.95 494.5 493.75 490.85 494.6 498.55 497.0 490.3 490.0 495.3 493.1 493.1 493.6 495.55 
116 0.0 0.0 0.0 495.35 501.65 486.4 492.45 495.3 484.65 487.05 488.45 492.6 490.6 495.35 490.55 496.25 491.25 497.1 500.0 492.9 489.6 
117 0.0 0.0 0.0 494.8 492.5 490.7 490.05 497.15 498.8 504.35 490.95 498.0 489.05 488.55 499.85 494.35 488.35 493.4 498.15 496.05 487.95 
118 0.0 0.0 0.0 485.4 486.4 487.25 494.3 485.25 498.4 490.15 496.05 492.5 498.15 497.15 502.2 495.9 484.25 493.7 498.2 492.05 497.45 
119 0.0 0.0 0.0 491.5 487.95 492.95 496.8 498.05 494.15 493.45 501.65 485.45 491.95 486.95 486.0 493.95 488.0 495.1 493.35 490.45 482.65 
120 0.0 0.0 0.0 494.4 491.9 487.25 490.45 488.05 493.2 497.9 484.55 497.95 489.1 494.4 486.6 492.5 494.6 485.25 492.55 492.65 501.05 
121 0.0 0.0 0.0 486.1 497.35 496.65 491.8 497.7 491.65 494.15 491.35 494.8 492.2 495.5 492.25 495.35 487.85 490.2 490.2 486.6 490.8 
122 0.0 0.0 0.0 485.5 488.3 497.3 495.2 501.7 487.35 492.65 490.15 493.4 491.25 491.6 495.1 488.25 499.05 490.75 494.75 491.65 493.8 
123 0.0 0.0 0.0 492.0 494.6 493.35 495.8 494.45 489.3 488.85 494.35 492.95 492.85 491.65 488.7 489.5 493.95 492.15 487.2 486.65 487.35 
124 0.0 0.0 0.0 508.1 493.65 493.55 492.4 486.15 495.0 491.7 506.55 501.5 491.55 491.6 495.5 492.85 492.95 493.9 492.45 494.25 487.35 
125 0.0 0.0 0.0 497.6 491.9 496.85 490.8 487.4 493.35 494.15 493.05 489.05 496.6 497.65 494.35 494.1 493.35 499.4 484.0 499.8 495.1 
126 0.0 0.0 0.0 486.95 496.6 492.05 490.85 488.25 493.45 490.35 490.0 490.75 496.9 488.75 493.15 498.7 493.25 498.05 492.15 491.45 496.85 
127 0.0 0.0 0.0 489.15 490.95 488.3 488.35 498.9 499.25 487.1 481.4 508.1 499.4 495.25 496.25 499.85 490.35 481.25 489.0 485.15 500.25 
128 0.0 0.0 0.0 484.9 487.1 499.2 501.7 491.05 484.75 496.7 499.35 485.7 491.75 490.0 493.1 485.5 490.85 482.8 494.05 492.05 486.65 
129 0.0 0.0 0.0 487.7 491.25 489.0 487.25 489.9 488.65 493.45 496.8 487.0 492.45 492.35 487.35 495.95 484.9 483.8 491.7 492.15 494.25 
130 0.0 0.0 0.0 494.4 491.3 487.8 487.35 499.35 492.85 491.15 506.4 487.9 485.75 486.45 489.5 488.15 496.55 488.4 493.35 491.3 494.85 
131 0.0 0.0 0.0 495.75 491.95 490.15 490.45 494.75 490.95 493.85 488.5 488.55 490.15 487.95 491.6 489.55 495.15 497.65 489.4 490.9 483.8 
132 0.0 0.0 0.0 490.9 493.3 494.35 489.2 489.5 494.2 489.2 477.0 491.6 495.5 487.5 492.8 489.7 494.7 489.8 491.3 491.85 489.15 
133 0.0 0.0 0.0 495.85 492.45 486.75 486.85 491.15 499.8 495.4 491.9 489.75 491.95 492.95 486.65 489.75 490.6 492.7 491.1 487.6 492.1 
134 0.0 0.0 0.0 492.7 495.4 491.45 489.65 489.15 484.05 490.3 489.45 495.1 486.75 487.1 492.15 491.0 490.0 496.05 489.15 498.45 491.8 
135 0.0 0.0 0.0 490.0 481.7 489.95 491.8 482.15 490.65 485.05 485.5 485.4 488.5 497.05 489.95 489.9 487.65 489.9 484.65 484.75 496.1 
136 0.0 0.0 0.0 487.9 491.6 486.15 482.4 490.8 485.75 490.85 488.2 488.75 486.35 488.7 483.3 479.4 486.15 486.0 495.65 493.55 493.4 
137 0.0 0.0 0.0 480.8 484.2 497.6 495.55 484.8 497.85 487.2 488.55 487.4 483.05 486.6 484.3 483.1 489.95 494.95 491.5 486.85 488.85 
138 0.0 0.0 0.0 492.6 486.6 482.65 496.75 494.15 484.75 492.3 489.1 494.8 485.65 492.2 493.2 488.5 483.6 490.6 486.45 491.6 478.7 
139 0.0 0.0 0.0 492.45 490.4 489.65 490.25 490.25 487.2 478.6 483.7 488.4 501.3 489.55 490.8 490.8 486.75 489.95 485.2 489.3 491.3 
140 0.0 0.0 0.0 494.5 492.05 489.7 488.1 489.1 489.15 486.55 489.3 480.65 490.25 492.1 492.5 483.35 485.95 492.0 488.3 485.45 488.95 
141 0.0 0.0 0.0 485.95 489.15 499.45 492.25 496.25 482.9 488.75 487.9 492.35 489.25 483.9 497.1 500.15 493.0 484.65 499.4 484.35 483.6 
142 0.0 0.0 0.0 473.15 488.65 488.0 485.65 486.35 496.15 489.8 488.7 489.55 482.65 489.6 488.15 489.1 489.45 491.9 488.0 485.35 479.95 
143 0.0 0.0 0.0 434.25 485.7 488.85 488.95 483.8 491.05 490.4 488.75 490.1 485.9 487.4 485.1 482.8 489.45 481.85 484.4 486.05 483.7 
144 0.0 0.0 0.0 351.75 497.5 485.65 493.25 484.9 483.45 495.05 492.05 489.4 492.2 490.45 486.05 498.55 482.95 487.95 484.45 488.2 490.5 
145 0.0 0.0 0.0 298.15 486.1 490.85 483.55 486.6 480.3 489.15 489.0 495.25 493.25 496.35 491.65 486.55 492.7 485.05 490.75 485.1 485.5 
146 0.0 0.0 0.0 226.0 494.35 484.7 485.2 496.5 489.9 488.85 481.6 486.1 491.3 485.1 495.95 489.45 493.95 484.3 485.4 495.8 492.25 
147 0.0 0.0 0.0 158.2 488.5 487.1 489.2 496.95 490.5 491.75 488.0 490.15 488.3 490.55 487.95 490.3 479.45 490.55 492.45 487.1 498.75 
148 0.0 0.0 0.0 92.55 488.4 496.3 486.8 487.75 485.5 480.6 489.65 480.55 491.65 491.6 498.3 494.15 493.45 498.9 492.0 491.25 499.85 
149 0.0 0.0 0.0 36.3 491.0 477.6 493.7 484.0 491.75 496.1 494.65 482.95 484.2 483.3 471.75 489.4 488.6 485.15 486.5 491.7 492.0 
150 0.0 0.0 0.0 5.7 483.4 488.55 483.5 486.75 489.4 493.55 491.3 492.7 491.45 485.4 496.55 482.95 490.15 487.5 493.9 491.4 484.45 
151 0.0 0.0 0.0 0.45 487.65 485.05 488.4 489.8 495.7 487.95 489.95 493.3 485.55 486.3 489.0 488.45 487.3 496.3 497.6 495.4 489.1 
152 0.0 0.0 0.0 0.2 486.7 487.85 481.8 493.45 492.8 490.5 494.0 491.4 489.95 485.6 488.7 489.75 502.45 499.05 490.4 487.65 493.55 
153 0.0 0.0 0.0 0.0 483.5 487.1 489.3 483.95 489.05 488.05 488.45 482.8 494.95 498.15 490.35 498.9 502.7 492.6 482.9 491.1 484.9 
154 0.0 0.0 0.0 0.0 487.2 490.15 494.0 485.0 485.3 487.15 494.15 497.55 495.0 492.4 487.75 491.15 491.45 495.5 488.5 491.0 493.05 
155 0.0 0.0 0.0 0.0 484.6 485.45 494.1 486.85 490.4 490.55 482.0 488.1 486.7 493.35 496.5 491.9 483.7 489.4 495.35 486.5 486.3 
156 0.0 0.0 0.0 0.0 501.55 487.95 478.65 493.15 477.1 486.65 485.15 488.8 485.0 489.15 486.85 492.3 486.9 483.25 493.9 491.25 492.1 
157 0.0 0.0 0.0 0.0 486.95 493.1 485.25 480.05 484.6 488.6 483.6 481.3 488.4 492.1 487.65 492.35 494.15 487.95 488.0 490.6 484.3 
158 0.0 0.0 0.0 0.0 481.75 492.5 488.15 483.55 486.15 478.7 483.55 486.7 483.0 484.5 480.3 484.95 490.5 484.0 484.95 485.7 482.95 
159 0.0 0.0 0.0 0.0 481.4 486.6 484.35 489.4 494.05 482.05 486.35 484.1 480.95 487.0 488.6 489.25 482.55 486.25 487.7 483.35 483.15 
160 0.0 0.0 0.0 0.0 490.7 483.95 487.6 488.35 486.3 485.8 481.8 484.95 486.75 480.95 488.7 475.7 486.15 491.15 487.85 486.65 487.3 
161 0.0 0.0 0.0 0.0 489.35 491.8 483.65 484.4 480.0 479.45 495.45 483.5 485.2 491.25 482.9 488.95 474.4 481.15 484.75 480.75 482.65 
162 0.0 0.0 0.0 0.0 486.6 477.95 488.4 490.0 491.75 486.3 492.75 487.25 487.2 475.3 481.6 476.55 481.5 473.4 488.15 477.65 480.0 
163 0.0 0.0 0.0 0.0 484.3 476.05 494.65 480.3 481.55 482.95 481.25 486.65 486.95 488.3 484.0 485.85 486.4 485.75 481.9 488.75 489.3 
164 0.0 0.0 0.0 0.0 480.3 491.2 483.25 486.9 484.5 489.25 485.3 489.35 482.2 486.6 491.4 488.0 485.2 489.1 477.85 482.25 483.45 
165 0.0 0.0 0.0 0.0 494.05 488.2 487.6 483.8 484.35 484.05 481.6 488.8 485.55 481.7 482.8 486.05 480.6 490.05 486.95 486.2 486.3 
166 0.0 0.0 0.0 0.0 490.2 491.95 487.6 485.15 480.25 489.7 486.55 482.4 479.8 490.3 484.2 484.15 484.6 476.3 477.45 488.95 479.3 
167 0.0 0.0 0.0 0.0 484.7 486.5 480.6 480.15 492.0 487.75 479.6 490.95 480.4 487.85 478.8 480.0 483.15 492.05 479.95 487.1 483.5 
168 0.0 0.0 0.0 0.0 484.0 487.05 487.35 486.65 480.05 488.6 488.2 481.25 489.1 479.45 484.9 474.95 482.4 478.4 484.1 483.3 483.7 
169 0.0 0.0 0.0 0.0 484.95 491.95 485.75 480.15 486.75 482.65 488.0 483.4 487.5 487.95 486.6 489.9 486.25 478.4 484.65 476.2 489.3 
170 0.0 0.0 0.0 0.0 481.5 486.4 485.55 490.8 476.9 489.05 481.05 485.3 493.3 486.15 485.25 487.75 493.4 482.3 484.4 489.5 483.15 
171 0.0 0.0 0.0 0.0 492.05 483.65 483.3 491.05 481.2 482.85 486.9 483.3 485.75 483.6 490.15 479.5 482.5 487.6 485.05 484.0 486.8 
172 0.0 0.0 0.0 0.0 482.95 482.7 486.85 482.95 488.8 487.7 485.35 484.45 481.0 481.1 477.65 484.8 488.65 485.25 477.95 486.6 479.75 
173 0.0 0.0 0.0 0.0 483.7 480.85 486.55 486.25 490.1 483.7 490.9 496.1 484.0 489.8 485.9 480.2 480.35 484.4 486.95 484.75 485.4 
174 0.0 0.0 0.0 0.0 485.15 481.65 484.0 487.8 489.0 484.7 485.3 481.85 480.9 482.85 482.95 484.5 481.2 481.7 492.8 494.0 484.65 
175 0.0 0.0 0.0 0.0 489.65 482.35 491.1 483.6 483.6 483.25 480.65 479.85 484.2 471.6 477.65 485.7 485.7 487.3 490.35 478.35 483.55 
176 0.0 0.0 0.0 0.0 477.05 489.35 478.4 476.95 482.2 485.5 479.4 479.75 481.0 480.6 478.95 482.35 477.45 481.75 485.95 477.0 500.8 
177 0.0 0.0 0.0 0.0 482.85 481.2 479.2 484.1 482.4 480.05 490.35 482.65 483.3 487.8 486.95 479.3 484.0 491.15 474.45 483.65 479.3 
178 0.0 0.0 0.0 0.0 477.8 477.35 475.5 480.35 482.9 481.8 485.6 471.6 485.45 476.4 477.2 483.9 481.55 484.85 478.6 483.55 480.95 
179 0.0 0.0 0.0 0.0 480.55 482.05 486.7 483.35 479.2 487.35 474.75 479.25 481.1 473.9 478.65 482.55 476.2 474.25 474.2 478.35 482.15 
180 0.0 0.0 0.0 0.0 487.35 479.65 476.4 488.8 482.35 479.05 480.15 485.65 481.15 481.75 490.1 481.1 478.85 488.8 485.4 485.35 483.05 
181 0.0 0.0 0.0 0.0 485.45 481.2 481.8 476.05 478.8 481.1 480.55 486.75 469.45 489.85 489.25 480.05 488.0 479.7 480.1 488.1 479.65 
182 0.0 0.0 0.0 0.0 481.3 479.85 486.45 482.25 486.5 484.2 473.05 481.0 485.55 487.7 471.4 479.1 481.2 477.7 494.75 480.9 481.15 
183 0.0 0.0 0.0 0.0 480.25 490.55 471.45 481.3 480.0 479.5 485.4 476.2 477.7 483.45 485.95 489.2 473.85 481.75 492.55 485.0 484.75 
184 0.0 0.0 0.0 0.0 478.55 475.3 486.65 482.4 486.1 478.25 484.8 489.7 490.15 479.35 480.55 491.2 489.5 472.7 478.2 483.9 475.25 
185 0.0 0.0 0.0 0.0 480.35 484.65 488.7 482.8 485.7 487.05 478.45 481.9 485.75 487.45 484.0 483.2 490.85 486.5 479.1 484.3 482.65 
186 0.0 0.0 0.0 0.0 477.6 483.2 479.3 497.0 481.65 490.85 483.75 480.9 487.3 482.25 474.5 482.5 477.9 470.1 474.1 479.35 484.05 
187 0.0 0.0 0.0 0.0 468.5 482.85 489.5 485.8 487.55 486.5 481.9 480.2 484.1 483.0 480.65 472.1 483.45 476.85 480.15 477.45 482.15 
188 0.0 0.0 0.0 0.0 445.2 481.85 489.0 466.05 483.3 480.7 487.45 487.3 487.25 483.1 489.45 481.75 474.15 486.55 480.85 477.8 480.15 
189 0.0 0.0 0.0 0.0 387.4 478.95 475.3 485.4 484.95 483.5 487.45 484.6 474.95 478.25 484.0 478.05 477.4 485.3 476.65 475.3 482.75 
190 0.0 0.0 0.0 0.0 294.2 486.9 480.85 480.45 488.65 476.2 483.2 485.9 483.55 492.0 488.15 476.65 482.95 485.4 488.25 482.2 477.4 
191 0.0 0.0 0.0 0.0 228.4 475.55 479.25 489.8 483.75 481.25 488.4 480.4 486.2 476.25 480.8 484.6 474.4 486.65 479.7 479.55 479.2 
192 0.0 0.0 0.0 0.0 143.05 481.85 483.85 474.35 469.7 471.65 480.3 485.6 474.3 473.35 475.4 483.65 487.8 487.85 487.15 479.2 485.2 
193 0.0 0.0 0.0 0.0 64.85 488.8 476.95 477.15 476.35 478.95 472.15 480.35 480.55 471.55 472.9 479.45 478.7 472.5 474.1 479.15 476.55 
194 0.0 0.0 0.0 0.0 18.3 473.6 478.1 469.35 470.65 477.15 477.7 474.45 469.35 476.9 475.5 482.6 483.15 477.95 485.0 480.6 483.25 
195 0.0 0.0 0.0 0.0 2.05 471.85 472.9 484.4 478.75 479.9 486.2 486.3 479.5 480.05 486.5 474.6 476.8 479.4 470.5 483.7 481.3 
196 0.0 0.0 0.0 0.0 0.25 481.45 484.95 482.4 477.35 472.4 475.3 479.15 478.0 475.1 469.7 483.0 475.45 473.45 483.55 481.25 478.05 
197 0.0 0.0 0.0 0.0 0.0 480.4 483.45 479.6 476.7 479.65 482.35 478.5 482.5 477.5 483.75 469.35 479.85 473.75 481.8 474.0 481.7 
198 0.0 0.0 0.0 0.0 0.0 477.05 478.9 474.4 486.5 480.6 476.8 474.8 471.1 487.2 478.0 481.3 479.1 489.6 482.05 484.25 479.3 
199 0.0 0.0 0.0 0.0 0.0 483.05 476.3 483.95 481.3 479.45 475.25 467.05 485.55 481.8 478.65 486.15 478.7 470.25 480.75 482.45 469.65 
200 0.0 0.0 0.0 0.0 0.0 478.5 472.65 484.2 472.95 480.1 484.8 484.6 476.3 478.85 484.6 474.55 484.05 486.8 475.9 474.65 477.8 
201 0.0 0.0 0.0 0.0 0.0 480.0 483.7 473.0 488.55 492.3 473.0 479.35 480.75 476.65 484.8 474.3 472.65 487.0 470.25 480.15 470.8 
202 0.0 0.0 0.0 0.0 0.0 475.85 476.05 478.2 472.4 469.25 467.65 479.45 473.95 471.9 485.7 479.85 469.65 474.4 476.5 473.35 482.8 
203 0.0 0.0 0.0 0.0 0.0 479.15 478.65 473.55 475.5 482.25 474.75 473.55 480.5 482.4 473.8 471.15 481.55 475.35 477.15 469.4 476.0 
204 0.0 0.0 0.0 0.0 0.0 483.3 480.6 477.55 478.4 477.6 480.65 476.0 480.65 482.95 471.15 476.7 469.8 472.0 472.6 480.35 482.8 
205 0.0 0.0 0.0 0.0 0.0 474.55 490.1 487.5 482.7 469.45 475.8 475.95 474.8 472.9 466.6 473.5 474.55 482.15 482.95 475.15 476.1 
206 0.0 0.0 0.0 0.0 0.0 477.15 476.0 474.25 486.35 482.95 488.1 475.8 465.0 474.3 475.65 482.15 486.05 481.5 475.8 475.35 475.55 
207 0.0 0.0 0.0 0.0 0.0 484.05 478.95 477.55 481.25 479.5 481.45 477.0 477.3 475.15 475.4 479.3 480.15 481.05 475.75 482.2 476.45 
208 0.0 0.0 0.0 0.0 0.0 474.6 477.65 479.55 474.7 480.9 473.45 466.4 478.55 480.9 482.1 471.05 480.7 475.2 470.4 471.45 474.3 
209 0.0 0.0 0.0 0.0 0.0 475.7 480.8 488.6 476.4 478.95 479.2 488.35 483.45 482.85 482.25 483.8 475.7 477.3 477.4 476.25 474.05 
210 0.0 0.0 0.0 0.0 0.0 483.6 474.7 466.9 478.75 480.4 473.8 469.9 472.7 475.75 479.3 477.85 475.7 471.35 483.45 472.45 486.65 
211 0.0 0.0 0.0 0.0 0.0 472.35 481.75 479.8 473.8 470.35 470.9 478.05 480.6 473.2 478.2 473.1 477.9 476.55 472.05 477.7 471.35 
212 0.0 0.0 0.0 0.0 0.0 473.5 467.7 476.55 479.9 481.15 480.2 477.4 480.95 471.7 469.3 476.7 477.5 474.55 476.25 475.35 484.05 
213 0.0 0.0 0.0 0.0 0.0 467.6 469.8 469.35 480.45 472.4 471.55 478.05 477.05 474.4 470.4 474.3 476.35 475.0 474.35 474.4 472.05 
214 0.0 0.0 0.0 0.0 0.0 476.8 461.4 478.15 478.05 479.55 484.85 485.05 475.6 476.05 474.85 481.9 470.8 474.6 475.7 479.25 477.95 
215 0.0 0.0 0.0 0.0 0.0 472.65 473.25 467.8 472.65 468.5 467.4 477.45 481.55 477.75 476.0 468.7 473.65 469.2 479.0 479.05 468.0 
216 0.0 0.0 0.0 0.0 0.0 476.45 477.65 469.55 473.0 482.35 495.0 476.45 464.8 478.85 477.45 474.55 474.95 469.25 469.65 478.95 466.3 
217 0.0 0.0 0.0 0.0 0.0 472.35 472.15 467.1 469.55 471.75 473.8 472.5 479.85 474.65 479.35 482.2 477.0 480.8 472.95 467.75 478.5 
218 0.0 0.0 0.0 0.0 0.0 472.55 470.7 474.95 470.55 479.25 470.95 476.85 473.55 465.2 477.05 472.75 478.3 473.7 465.55 469.15 474.45 
219 0.0 0.0 0.0 0.0 0.0 476.3 474.2 473.25 479.4 477.75 473.4 475.45 471.6 476.55 475.05 476.05 468.05 471.05 476.25 472.8 473.95 
220 0.0 0.0 0.0 0.0 0.0 475.4 474.7 470.95 473.8 466.9 467.8 465.3 475.25 482.8 468.3 468.75 477.8 474.8 479.6 472.55 473.55 
221 0.0 0.0 0.0 0.0 0.0 471.55 470.9 473.8 464.2 473.85 474.75 468.95 469.4 473.95 476.15 483.35 476.9 468.8 473.85 473.75 477.85 
222 0.0 0.0 0.0 0.0 0.0 480.55 475.85 477.35 471.25 471.8 476.95 473.95 472.9 477.7 479.6 479.3 473.4 482.35 473.4 471.8 474.0 
223 0.0 0.0 0.0 0.0 0.0 469.0 476.8 477.25 472.55 469.85 473.0 475.75 466.4 470.2 469.3 469.05 478.5 467.0 474.65 475.1 470.65 
224 0.0 0.0 0.0 0.0 0.0 475.7 472.0 471.55 469.6 464.25 462.2 477.55 481.9 475.2 478.2 464.9 472.3 473.6 468.3 480.35 470.2 
225 0.0 0.0 0.0 0.0 0.0 467.3 477.4 481.0 476.85 469.9 469.95 468.4 473.0 466.65 464.2 469.7 472.45 474.95 472.55 469.2 469.6 
226 0.0 0.0 0.0 0.0 0.0 477.7 474.75 460.3 472.3 468.95 475.85 471.05 479.9 472.0 469.5 472.25 475.25 474.2 471.6 472.3 480.3 
227 0.0 0.0 0.0 0.0 0.0 473.2 472.45 473.7 464.7 476.3 474.9 475.85 476.65 475.0 474.1 468.8 471.45 473.6 476.35 479.45 474.15 
228 0.0 0.0 0.0 0.0 0.0 469.5 469.8 480.3 472.25 461.15 469.2 471.1 474.6 469.1 476.65 474.3 468.1 474.7 467.95 465.45 473.45 
229 0.0 0.0 0.0 0.0 0.0 435.85 469.5 464.5 469.0 476.75 470.4 473.95 463.1 469.25 466.55 476.5 473.65 464.85 468.6 476.0 473.35 
230 0.0 0.0 0.0 0.0 0.0 379.65 473.15 469.6 477.1 475.05 476.6 461.85 467.2 477.65 466.9 474.2 469.4 474.45 475.35 472.6 470.85 
231 0.0 0.0 0.0 0.0 0.0 311.5 475.5 470.45 469.4 474.2 468.35 472.85 470.4 468.45 475.85 468.8 466.4 470.95 476.25 469.0 472.8 
232 0.0 0.0 0.0 0.0 0.0 250.3 470.7 470.7 461.85 472.4 464.5 471.75 464.2 473.95 469.35 468.9 460.6 461.75 472.25 472.65 471.75 
233 0.0 0.0 0.0 0.0 0.0 181.7 462.1 474.15 476.7 465.15 469.95 473.95 469.7 466.95 464.15 467.05 464.7 476.65 471.6 475.5 477.5 
234 0.0 0.0 0.0 0.0 0.0 127.15 478.15 470.05 465.9 468.75 467.15 467.9 481.45 471.9 475.5 464.75 472.35 472.85 468.85 473.4 468.55 
235 0.0 0.0 0.0 0.0 0.0 101.1 481.9 476.8 469.7 462.95 468.35 466.4 464.8 459.4 461.4 471.6 470.05 462.6 466.05 468.6 463.2 
236 0.0 0.0 0.0 0.0 0.0 46.6 464.15 469.2 473.45 478.2 479.0 471.55 479.25 468.25 474.5 474.6 473.45 463.8 467.95 468.6 463.85 
237 0.0 0.0 0.0 0.0 0.0 21.95 469.4 473.0 479.45 475.55 464.15 470.1 461.25 474.2 468.75 471.0 470.9 466.25 470.05 474.6 468.65 
238 0.0 0.0 0.0 0.0 0.0 4.75 462.4 467.3 468.45 464.15 477.9 474.45 474.35 470.45 472.55 466.5 469.9 465.45 462.8 464.75 473.65 
239 0.0 0.0 0.0 0.0 0.0 0.85 468.1 462.9 469.45 467.55 467.1 467.65 457.85 468.75 474.2 463.3 471.2 471.4 462.8 465.25 473.0 
240 0.0 0.0 0.0 0.0 0.0 0.3 466.65 475.6 471.3 465.8 464.55 463.15 471.35 463.4 457.5 472.3 464.9 471.05 469.45 460.1 465.05 
241 0.0 0.0 0.0 0.0 0.0 0.0 469.65 467.15 465.5 471.0 470.55 471.3 468.6 462.25 469.9 461.3 464.65 470.9 469.55 473.7 462.0 
242 0.0 0.0 0.0 0.0 0.0 0.0 466.8 465.2 468.05 465.85 465.55 468.3 460.45 474.55 468.8 467.45 474.65 469.25 467.55 470.45 461.25 
243 0.0 0.0 0.0 0.0 0.0 0.0 466.8 460.2 462.1 463.75 465.7 472.6 466.0 471.15 464.2 466.1 459.1 469.15 471.9 462.95 466.55 
244 0.0 0.0 0.0 0.0 0.0 0.0 471.7 463.95 461.9 465.75 465.15 470.15 470.2 455.95 466.6 464.95 462.9 464.0 468.1 457.5 466.95 
245 0.0 0.0 0.0 0.0 0.0 0.0 465.2 463.25 466.15 475.05 469.6 458.85 466.6 459.65 465.9 471.15 466.65 464.0 466.05 461.3 453.95 
246 0.0 0.0 0.0 0.0 0.0 0.0 461.95 469.7 460.45 462.65 475.1 462.2 465.0 473.4 467.65 462.1 469.6 467.45 462.65 461.55 469.05 
247 0.0 0.0 0.0 0.0 0.0 0.0 463.55 458.95 471.2 466.2 461.0 464.7 460.45 465.7 463.95 466.75 464.0 467.4 455.7 463.55 461.05 
248 0.0 0.0 0.0 0.0 0.0 0.0 461.5 470.55 468.25 464.15 460.65 454.45 466.6 473.2 466.65 470.0 471.35 468.0 466.25 467.35 464.15 
249 0.0 0.0 0.0 0.0 0.0 0.0 462.15 465.55 453.55 457.75 457.6 467.85 464.45 475.05 467.2 466.1 454.55 468.85 466.65 470.65 468.45 
250 0.0 0.0 0.0 0.0 0.0 0.0 460.4 463.95 471.85 452.95 461.0 462.15 469.9 469.5 459.75 460.05 462.45 462.55 468.25 466.05 461.15 
251 0.0 0.0 0.0 0.0 0.0 0.0 464.4 467.25 456.7 467.9 460.15 463.65 469.4 460.2 462.8 463.7 466.25 460.8 459.85 462.2 462.95 
252 0.0 0.0 0.0 0.0 0.0 0.0 467.4 462.05 457.95 463.9 463.95 466.35 461.55 457.95 462.45 463.6 470.8 457.9 464.3 458.1 473.35 
253 0.0 0.0 0.0 0.0 0.0 0.0 472.55 462.3 467.95 468.75 457.9 464.85 466.95 462.45 468.45 463.1 456.95 457.45 464.15 471.85 472.8 
254 0.0 0.0 0.0 0.0 0.0 0.0 455.4 458.9 458.1 462.15 465.85 463.35 461.1 459.5 463.8 470.35 470.55 459.3 457.0 460.0 454.55 
255 0.0 0.0 0.0 0.0 0.0 0.0 463.05 467.55 471.4 469.15 457.35 459.35 459.15 457.45 460.15 463.2 461.0 466.15 472.6 463.8 459.65 
256 0.0 0.0 0.0 0.0 0.0 0.0 467.35 461.75 461.75 465.7 466.7 455.6 461.2 458.35 460.1 462.2 465.15 466.15 462.0 461.4 453.7 
257 0.0 0.0 0.0 0.0 0.0 0.0 458.45 460.8 465.05 458.15 463.6 465.8 456.35 465.5 465.15 466.5 460.95 465.0 460.95 458.85 471.15 
258 0.0 0.0 0.0 0.0 0.0 0.0 462.55 463.45 458.05 454.2 465.0 459.8 463.7 463.5 460.85 460.5 453.2 464.35 467.9 461.35 464.25 
259 0.0 0.0 0.0 0.0 0.0 0.0 459.45 455.45 464.55 463.7 455.8 461.75 457.9 462.5 457.45 452.95 466.95 456.95 458.6 465.35 461.2 
260 0.0 0.0 0.0 0.0 0.0 0.0 464.15 459.25 455.35 462.9 466.25 459.35 460.75 456.1 464.7 457.2 464.35 463.15 460.5 461.8 462.1 
261 0.0 0.0 0.0 0.0 0.0 0.0 457.65 466.1 454.65 462.85 457.15 470.15 456.75 461.3 459.9 465.35 462.35 463.15 465.15 466.15 458.65 
262 0.0 0.0 0.0 0.0 0.0 0.0 459.9 466.05 458.1 453.05 453.25 453.8 458.0 458.55 458.15 458.05 460.6 467.85 461.6 454.25 458.65 
263 0.0 0.0 0.0 0.0 0.0 0.0 466.0 455.7 470.7 465.05 456.55 454.55 459.3 461.05 460.0 457.25 456.65 460.3 459.75 455.05 455.45 
264 0.0 0.0 0.0 0.0 0.0 0.0 457.05 456.7 458.2 454.3 467.4 460.05 465.3 457.85 458.0 456.85 455.95 462.95 463.8 464.0 459.7 
265 0.0 0.0 0.0 0.0 0.0 0.0 454.4 456.65 456.45 460.5 464.55 454.35 465.25 460.95 458.35 462.15 459.4 453.8 456.8 458.9 460.55 
266 0.0 0.0 0.0 0.0 0.0 0.0 451.75 458.35 456.75 459.75 457.8 472.1 454.5 455.6 452.95 456.7 457.6 465.9 459.45 463.35 463.95 
267 0.0 0.0 0.0 0.0 0.0 0.0 425.0 464.9 461.5 459.15 456.3 452.75 464.75 457.2 465.05 459.05 457.25 454.1 463.85 450.75 460.7 
268 0.0 0.0 0.0 0.0 0.0 0.0 345.15 454.95 459.9 452.7 458.6 458.6 457.1 460.95 453.55 460.75 459.05 443.45 456.3 465.4 453.45 
269 0.0 0.0 0.0 0.0 0.0 0.0 264.4 456.15 450.0 457.15 455.75 458.5 460.35 462.0 465.65 468.7 468.4 461.15 450.6 461.1 449.9 
270 0.0 0.0 0.0 0.0 0.0 0.0 214.6 462.05 454.0 462.25 458.35 457.8 460.7 461.0 466.6 454.7 461.75 455.0 462.4 459.5 466.9 
271 0.0 0.0 0.0 0.0 0.0 0.0 173.05 457.6 464.05 450.65 454.6 453.05 453.05 453.4 463.75 462.3 456.15 459.6 455.2 456.9 453.7 
272 0.0 0.0 0.0 0.0 0.0 0.0 115.05 458.95 454.85 459.55 458.55 461.5 453.05 460.1 459.0 459.25 453.85 453.3 461.55 460.0 468.55 
273 0.0 0.0 0.0 0.0 0.0 0.0 75.7 452.95 453.85 457.05 461.85 458.7 458.75 452.15 458.35 452.15 450.15 457.65 459.6 458.15 452.45 
274 0.0 0.0 0.0 0.0 0.0 0.0 33.7 454.4 458.75 462.75 457.95 457.25 455.4 463.3 458.85 452.1 456.35 465.6 459.75 460.1 459.3 
275 0.0 0.0 0.0 0.0 0.0 0.0 26.15 445.7 460.9 461.85 452.75 453.65 459.2 458.1 455.7 459.45 454.65 464.55 451.75 451.15 456.75 
276 0.0 0.0 0.0 0.0 0.0 0.0 5.95 447.85 446.1 452.05 454.65 460.3 450.85 461.55 448.85 448.7 456.1 447.9 450.1 455.9 457.3 
277 0.0 0.0 0.0 0.0 0.0 0.0 1.45 456.0 452.85 453.55 455.55 455.35 461.25 450.35 453.75 462.65 459.1 456.5 451.15 455.65 451.55 
278 0.0 0.0 0.0 0.0 0.0 0.0 0.0 449.55 451.0 445.2 454.95 445.0 449.0 447.05 452.95 457.3 452.15 442.0 453.55 454.2 442.8 
279 0.0 0.0 0.0 0.0 0.0 0.0 0.0 455.9 457.45 442.95 449.9 447.2 450.35 449.5 446.1 448.0 449.7 453.4 448.4 443.45 461.65 
280 0.0 0.0 0.0 0.0 0.0 0.0 0.0 449.05 448.75 455.25 451.95 446.25 446.8 448.65 443.8 450.3 449.75 448.65 450.1 446.5 448.25 
281 0.0 0.0 0.0 0.0 0.0 0.0 0.0 451.95 447.65 452.95 448.55 449.95 445.95 449.55 443.8 448.05 448.2 451.6 453.85 448.85 450.2 
282 0.0 0.0 0.0 0.0 0.0 0.0 0.0 447.85 453.55 454.95 445.75 454.7 445.2 452.95 451.0 440.95 455.4 445.85 448.15 447.0 449.2 
283 0.0 0.0 0.0 0.0 0.0 0.0 0.0 452.9 448.65 452.1 447.2 452.7 446.7 443.35 445.35 453.0 443.65 449.25 446.65 446.65 444.7 
284 0.0 0.0 0.0 0.0 0.0 0.0 0.0 451.6 450.7 442.15 444.3 446.65 453.4 439.9 447.6 442.75 451.95 448.6 450.45 445.5 455.05 
285 0.0 0.0 0.0 0.0 0.0 0.0 0.0 451.05 445.35 444.75 451.8 447.35 439.25 446.4 447.8 442.9 439.65 440.9 439.9 449.4 443.55 
286 0.0 0.0 0.0 0.0 0.0 0.0 0.0 442.9 454.8 449.2 446.55 446.75 446.75 443.05 447.3 446.35 439.25 442.7 440.35 445.45 439.95 
287 0.0 0.0 0.0 0.0 0.0 0.0 0.0 454.35 447.45 442.15 451.9 445.6 446.0 447.0 447.05 446.25 448.1 447.2 444.8 436.55 438.45 
288 0.0 0.0 0.0 0.0 0.0 0.0 0.0 450.45 444.95 450.65 445.2 449.75 445.75 441.5 439.35 443.2 448.7 442.0 435.45 441.85 441.85 
289 0.0 0.0 0.0 0.0 0.0 0.0 0.0 444.55 438.75 444.6 440.55 441.2 447.2 433.55 436.95 446.05 439.3 447.55 452.0 448.85 446.75 
290 0.0 0.0 0.0 0.0 0.0 0.0 0.0 445.2 453.8 453.0 438.95 435.8 445.55 454.7 440.3 440.75 446.65 444.4 442.9 445.15 440.8 
291 0.0 0.0 0.0 0.0 0.0 0.0 0.0 444.3 447.9 440.15 444.8 446.35 450.45 440.85 437.2 439.45 437.6 445.95 446.1 448.0 453.05 
292 0.0 0.0 0.0 0.0 0.0 0.0 0.0 448.45 445.75 449.1 443.2 442.65 442.25 449.8 447.85 439.8 442.15 445.2 446.0 448.9 445.1 
293 0.0 0.0 0.0 0.0 0.0 0.0 0.0 448.45 443.35 451.6 451.5 443.1 444.4 446.85 450.05 441.6 447.0 445.55 437.25 440.9 440.9 
294 0.0 0.0 0.0 0.0 0.0 0.0 0.0 441.9 449.2 430.1 447.75 440.35 437.15 444.7 452.05 452.45 449.2 443.65 440.3 441.0 435.8 
295 0.0 0.0 0.0 0.0 0.0 0.0 0.0 440.3 448.5 444.85 444.9 447.2 443.65 448.45 448.5 445.9 439.65 437.8 444.85 440.95 443.25 
296 0.0 0.0 0.0 0.0 0.0 0.0 0.0 448.65 436.8 443.3 448.25 443.35 443.6 438.3 448.7 446.85 435.35 434.8 444.05 435.5 450.05 
297 0.0 0.0 0.0 0.0 0.0 0.0 0.0 446.0 440.3 436.75 437.35 437.6 450.2 440.0 442.7 444.2 444.7 447.6 442.15 437.5 441.2 
298 0.0 0.0 0.0 0.0 0.0 0.0 0.0 439.3 435.9 450.25 433.1 443.9 437.35 450.25 439.4 438.9 447.0 438.8 438.9 443.9 444.95 
299 0.0 0.0 0.0 0.0 0.0 0.0 0.0 434.45 447.6 437.35 443.85 441.85 437.9 445.05 442.95 442.95 442.55 446.75 448.6 443.4 441.65 
300 0.0 0.0 0.0 0.0 0.0 0.0 0.0 417.95 434.4 432.1 436.4 437.2 434.15 437.65 437.8 440.15 436.75 446.0 440.45 447.15 443.4 
301 0.0 0.0 0.0 0.0 0.0 0.0 0.0 389.2 442.6 439.9 439.0 444.95 440.85 437.3 441.3 444.8 440.6 432.2 446.95 446.65 439.5 
302 0.0 0.0 0.0 0.0 0.0 0.0 0.0 322.0 435.0 442.3 446.95 446.3 438.75 439.6 433.55 436.5 435.65 439.15 443.5 436.8 438.55 
303 0.0 0.0 0.0 0.0 0.0 0.0 0.0 237.0 432.15 441.6 436.75 441.05 447.2 433.05 442.25 433.3 441.6 434.75 431.75 435.95 436.45 
304 0.0 0.0 0.0 0.0 0.0 0.0 0.0 198.3 436.95 435.9 439.4 442.35 442.85 434.0 431.25 436.35 435.3 430.25 431.65 440.45 441.7 
305 0.0 0.0 0.0 0.0 0.0 0.0 0.0 155.95 442.05 438.45 433.95 435.85 443.3 442.95 436.2 437.3 437.0 435.15 431.65 438.45 432.5 
306 0.0 0.0 0.0 0.0 0.0 0.0 0.0 104.8 434.5 436.4 442.05 428.35 433.45 445.5 437.4 438.4 437.45 438.65 437.75 430.15 432.6 
307 0.0 0.0 0.0 0.0 0.0 0.0 0.0 61.75 439.75 436.8 435.0 441.35 433.55 429.65 430.55 431.05 433.0 442.3 439.65 441.15 439.0 
308 0.0 0.0 0.0 0.0 0.0 0.0 0.0 25.25 435.95 436.9 434.9 430.85 434.15 438.1 435.95 442.05 435.05 431.6 431.3 432.45 430.25 
309 0.0 0.0 0.0 0.0 0.0 0.0 0.0 6.45 434.65 443.3 438.9 436.15 432.6 428.4 440.75 434.45 434.15 438.3 436.1 431.8 431.2 
310 0.0 0.0 0.0 0.0 0.0 0.0 0.0 0.75 435.45 435.15 435.8 439.85 434.2 435.25 441.3 437.1 437.65 431.95 437.1 428.05 430.0 
311 0.0 0.0 0.0 0.0 0.0 0.0 0.0 0.2 431.35 436.25 430.6 431.1 425.6 438.25 433.0 433.35 433.4 434.1 432.75 437.45 435.65 
312 0.0 0.0 0.0 0.0 0.0 0.0 0.0 0.05 431.05 428.05 430.75 431.35 438.15 432.35 424.6 429.55 427.45 438.8 426.85 428.3 424.45 
313 0.0 0.0 0.0 0.0 0.0 0.0 0.0 0.0 429.45 421.95 431.3 433.4 433.15 420.95 427.7 436.05 430.15 434.3 428.55 431.9 432.1 
314 0.0 0.0 0.0 0.0 0.0 0.0 0.0 0.0 432.4 430.4 431.95 429.1 428.55 431.05 429.35 428.75 434.8 435.5 433.15 427.3 432.45 
315 0.0 0.0 0.0 0.0 0.0 0.0 0.0 0.0 432.15 431.85 435.7 430.95 436.5 439.9 429.7 430.25 435.55 426.45 429.75 427.4 432.05 
316 0.0 0.0 0.0 0.0 0.0 0.0 0.0 0.0 426.15 420.85 426.6 426.45 428.85 415.9 430.05 424.3 425.5 424.4 430.35 434.85 420.45 
317 0.0 0.0 0.0 0.0 0.0 0.0 0.0 0.0 430.9 429.95 421.75 427.7 422.3 414.6 427.65 421.45 421.15 427.65 421.9 431.55 433.25 
318 0.0 0.0 0.0 0.0 0.0 0.0 0.0 0.0 426.0 434.5 416.4 422.55 422.8 425.15 424.6 424.75 427.95 418.9 426.25 417.05 430.55 
319 0.0 0.0 0.0 0.0 0.0 0.0 0.0 0.0 425.5 419.7 423.3 419.7 418.1 421.05 421.2 420.5 427.4 422.4 423.2 424.4 417.1 
320 0.0 0.0 0.0 0.0 0.0 0.0 0.0 0.0 423.4 423.55 422.4 420.4 430.85 429.55 419.35 425.0 423.0 415.35 427.45 421.6 425.45 
321 0.0 0.0 0.0 0.0 0.0 0.0 0.0 0.0 422.6 425.35 422.1 426.95 422.85 428.5 425.0 424.25 418.85 422.75 415.45 422.35 422.55 
322 0.0 0.0 0.0 0.0 0.0 0.0 0.0 0.0 424.9 427.2 421.95 421.2 417.9 422.0 420.35 423.95 424.6 421.45 418.65 416.0 424.0 
323 0.0 0.0 0.0 0.0 0.0 0.0 0.0 0.0 411.65 425.65 427.35 420.75 420.75 417.6 425.85 421.8 419.85 423.8 428.25 424.4 417.05 
324 0.0 0.0 0.0 0.0 0.0 0.0 0.0 0.0 418.9 417.25 423.35 417.4 422.25 417.0 429.35 415.05 416.5 428.7 423.85 415.95 418.05 
325 0.0 0.0 0.0 0.0 0.0 0.0 0.0 0.0 419.0 418.8 420.75 418.55 425.4 428.3 417.4 422.4 424.9 422.0 421.35 426.75 418.55 
326 0.0 0.0 0.0 0.0 0.0 0.0 0.0 0.0 423.8 419.1 419.8 417.9 410.5 425.1 413.75 423.6 419.3 416.4 424.05 423.3 409.6 
327 0.0 0.0 0.0 0.0 0.0 0.0 0.0 0.0 423.05 422.3 420.7 434.0 425.85 420.6 420.3 415.75 417.75 424.6 412.75 413.8 414.55 
328 0.0 0.0 0.0 0.0 0.0 0.0 0.0 0.0 416.95 411.0 416.0 420.45 420.5 417.8 419.05 413.65 411.65 401.35 414.0 407.95 409.95 
329 0.0 0.0 0.0 0.0 0.0 0.0 0.0 0.0 409.1 408.85 409.45 413.3 414.45 410.5 415.5 414.15 413.4 419.25 404.15 416.55 422.95 
330 0.0 0.0 0.0 0.0 0.0 0.0 0.0 0.0 370.45 411.95 419.3 417.1 416.9 422.4 420.1 411.95 409.1 411.55 411.35 411.8 408.7 
331 0.0 0.0 0.0 0.0 0.0 0.0 0.0 0.0 311.35 409.4 416.35 418.05 414.2 410.8 407.15 415.55 412.55 410.1 409.05 409.65 411.25 
332 0.0 0.0 0.0 0.0 0.0 0.0 0.0 0.0 258.55 415.0 415.4 412.8 409.7 410.5 413.35 414.15 412.65 403.3 412.7 408.45 413.55 
333 0.0 0.0 0.0 0.0 0.0 0.0 0.0 0.0 191.95 413.05 406.3 403.2 403.45 410.65 406.75 408.4 416.95 413.0 406.85 410.9 413.85 
334 0.0 0.0 0.0 0.0 0.0 0.0 0.0 0.0 145.8 415.75 409.4 412.25 415.75 410.2 411.9 406.7 404.2 406.55 414.05 407.55 412.35 
335 0.0 0.0 0.0 0.0 0.0 0.0 0.0 0.0 94.65 418.0 406.8 405.5 409.75 415.55 413.25 407.95 407.1 411.05 407.75 411.4 407.95 
336 0.0 0.0 0.0 0.0 0.0 0.0 0.0 0.0 63.4 409.05 408.35 403.6 409.25 412.55 413.15 399.7 407.95 411.2 406.35 413.1 411.05 
337 0.0 0.0 0.0 0.0 0.0 0.0 0.0 0.0 34.5 404.75 410.5 407.65 412.6 406.5 400.3 407.35 404.25 409.5 410.25 398.4 407.5 
338 0.0 0.0 0.0 0.0 0.0 0.0 0.0 0.0 8.6 399.8 403.25 406.25 399.1 397.95 398.15 398.1 400.95 398.65 399.3 405.75 401.5 
339 0.0 0.0 0.0 0.0 0.0 0.0 0.0 0.0 1.45 409.2 405.7 402.85 400.65 399.1 398.1 411.3 400.8 399.4 407.0 413.8 400.4 
340 0.0 0.0 0.0 0.0 0.0 0.0 0.0 0.0 0.05 396.0 394.4 401.4 401.7 398.9 403.85 405.15 405.9 402.65 398.45 400.1 404.3 
341 0.0 0.0 0.0 0.0 0.0 0.0 0.0 0.0 0.05 400.05 400.1 409.85 399.65 405.05 400.05 400.1 408.05 401.3 406.5 406.0 394.35 
342 0.0 0.0 0.0 0.0 0.0 0.0 0.0 0.0 0.0 404.25 401.3 397.35 399.6 402.1 398.2 397.4 392.3 410.3 395.55 394.7 397.85 
343 0.0 0.0 0.0 0.0 0.0 0.0 0.0 0.0 0.0 395.05 394.6 397.7 400.0 397.05 405.6 400.85 409.1 401.9 406.9 394.85 404.0 
344 0.0 0.0 0.0 0.0 0.0 0.0 0.0 0.0 0.0 405.05 396.75 398.7 396.65 398.05 401.8 400.05 410.6 398.65 407.15 394.1 394.2 
345 0.0 0.0 0.0 0.0 0.0 0.0 0.0 0.0 0.0 390.45 397.45 391.9 393.75 391.65 401.6 400.15 404.4 397.75 400.4 396.95 384.7 
346 0.0 0.0 0.0 0.0 0.0 0.0 0.0 0.0 0.0 392.1 395.25 395.55 391.7 393.45 397.55 400.3 396.6 397.6 393.35 384.95 397.45 
347 0.0 0.0 0.0 0.0 0.0 0.0 0.0 0.0 0.0 392.65 395.4 390.45 396.9 395.7 390.95 396.25 386.45 388.65 387.1 390.05 401.2 
348 0.0 0.0 0.0 0.0 0.0 0.0 0.0 0.0 0.0 393.3 392.85 389.25 387.4 396.6 384.25 388.55 386.6 398.7 379.8 395.75 385.15 
349 0.0 0.0 0.0 0.0 0.0 0.0 0.0 0.0 0.0 390.95 401.15 389.45 390.35 388.5 388.45 391.85 388.1 393.15 393.05 390.0 394.05 
350 0.0 0.0 0.0 0.0 0.0 0.0 0.0 0.0 0.0 385.45 387.25 385.85 381.7 387.25 392.65 384.0 388.1 382.2 390.85 397.1 385.1 
351 0.0 0.0 0.0 0.0 0.0 0.0 0.0 0.0 0.0 398.1 388.7 394.65 387.05 391.35 381.9 384.2 382.7 385.0 384.4 385.15 388.25 
352 0.0 0.0 0.0 0.0 0.0 0.0 0.0 0.0 0.0 381.1 377.95 392.7 393.15 378.2 379.6 386.35 381.1 382.3 383.9 379.1 377.0 
353 0.0 0.0 0.0 0.0 0.0 0.0 0.0 0.0 0.0 381.6 394.0 389.6 386.7 382.75 386.25 384.4 380.2 386.2 385.1 380.85 385.6 
354 0.0 0.0 0.0 0.0 0.0 0.0 0.0 0.0 0.0 346.3 384.9 373.4 380.6 380.6 382.45 383.1 384.95 375.05 373.0 384.65 373.5 
355 0.0 0.0 0.0 0.0 0.0 0.0 0.0 0.0 0.0 301.1 379.75 377.95 386.75 380.55 374.65 372.95 377.5 382.45 370.35 385.95 384.4 
356 0.0 0.0 0.0 0.0 0.0 0.0 0.0 0.0 0.0 256.3 379.95 384.75 380.45 379.7 383.7 372.1 384.0 377.75 383.9 365.65 378.55 
357 0.0 0.0 0.0 0.0 0.0 0.0 0.0 0.0 0.0 187.0 376.0 373.8 373.1 374.55 377.95 382.0 376.5 377.45 386.2 378.1 383.15 
358 0.0 0.0 0.0 0.0 0.0 0.0 0.0 0.0 0.0 126.65 370.75 373.9 379.7 375.85 375.5 375.95 374.05 367.7 377.3 377.4 368.05 
359 0.0 0.0 0.0 0.0 0.0 0.0 0.0 0.0 0.0 97.6 369.5 368.95 373.75 372.05 373.8 369.45 380.6 375.2 374.65 371.0 378.5 
360 0.0 0.0 0.0 0.0 0.0 0.0 0.0 0.0 0.0 66.35 365.3 369.25 366.55 376.85 370.65 373.75 365.55 368.2 373.4 369.35 366.3 
361 0.0 0.0 0.0 0.0 0.0 0.0 0.0 0.0 0.0 33.4 363.9 374.85 364.1 365.75 362.55 363.25 368.5 367.7 359.05 371.35 365.65 
362 0.0 0.0 0.0 0.0 0.0 0.0 0.0 0.0 0.0 20.95 365.2 366.35 366.8 367.6 362.8 367.95 361.45 369.5 359.9 371.5 370.7 
363 0.0 0.0 0.0 0.0 0.0 0.0 0.0 0.0 0.0 14.25 373.0 369.6 362.6 364.7 361.05 365.5 360.25 365.1 367.6 359.6 363.05 
364 0.0 0.0 0.0 0.0 0.0 0.0 0.0 0.0 0.0 4.55 364.05 360.55 361.55 364.3 353.85 366.2 359.45 358.25 364.7 359.05 355.9 
365 0.0 0.0 0.0 0.0 0.0 0.0 0.0 0.0 0.0 1.45 356.05 357.45 360.0 352.3 368.3 357.85 359.9 357.1 360.3 342.65 355.05 
366 0.0 0.0 0.0 0.0 0.0 0.0 0.0 0.0 0.0 0.05 361.05 359.05 354.45 356.8 369.6 354.4 352.1 359.2 354.75 353.15 356.8 
367 0.0 0.0 0.0 0.0 0.0 0.0 0.0 0.0 0.0 0.0 355.75 353.1 364.55 358.1 358.2 352.9 352.2 351.0 351.55 356.7 353.5 
368 0.0 0.0 0.0 0.0 0.0 0.0 0.0 0.0 0.0 0.0 357.1 350.35 361.7 353.75 354.6 348.35 351.4 349.6 344.35 353.0 350.85 
369 0.0 0.0 0.0 0.0 0.0 0.0 0.0 0.0 0.0 0.0 354.4 351.8 349.2 356.45 347.4 342.5 345.6 343.2 346.1 350.3 348.4 
370 0.0 0.0 0.0 0.0 0.0 0.0 0.0 0.0 0.0 0.0 344.7 347.6 347.25 351.7 341.7 352.3 345.45 343.95 349.65 347.7 339.25 
371 0.0 0.0 0.0 0.0 0.0 0.0 0.0 0.0 0.0 0.0 343.45 342.4 350.7 346.8 341.65 346.0 336.75 343.65 338.9 340.1 341.0 
372 0.0 0.0 0.0 0.0 0.0 0.0 0.0 0.0 0.0 0.0 353.4 351.6 339.75 335.0 337.0 343.1 350.5 346.0 336.0 332.8 341.5 
373 0.0 0.0 0.0 0.0 0.0 0.0 0.0 0.0 0.0 0.0 338.1 343.95 340.2 341.2 346.15 347.85 342.8 336.55 338.2 342.15 337.2 
374 0.0 0.0 0.0 0.0 0.0 0.0 0.0 0.0 0.0 0.0 323.3 341.7 332.7 335.05 336.5 332.75 334.75 335.7 336.25 329.45 339.35 
375 0.0 0.0 0.0 0.0 0.0 0.0 0.0 0.0 0.0 0.0 296.15 332.85 333.0 335.35 336.85 334.15 339.95 337.6 333.5 332.65 322.8 
376 0.0 0.0 0.0 0.0 0.0 0.0 0.0 0.0 0.0 0.0 234.75 325.5 334.65 331.75 332.3 326.05 334.9 326.7 329.7 323.0 330.6 
377 0.0 0.0 0.0 0.0 0.0 0.0 0.0 0.0 0.0 0.0 170.8 330.95 324.9 327.0 320.75 332.55 325.7 321.8 328.4 330.45 313.65 
378 0.0 0.0 0.0 0.0 0.0 0.0 0.0 0.0 0.0 0.0 110.45 324.75 319.15 323.85 328.0 322.95 310.1 325.15 318.8 318.0 323.35 
379 0.0 0.0 0.0 0.0 0.0 0.0 0.0 0.0 0.0 0.0 75.25 315.05 321.5 315.2 313.8 317.7 319.9 312.15 315.3 316.05 312.1 
380 0.0 0.0 0.0 0.0 0.0 0.0 0.0 0.0 0.0 0.0 41.05 323.6 320.35 316.95 314.8 315.1 316.2 315.1 307.1 316.8 321.9 
381 0.0 0.0 0.0 0.0 0.0 0.0 0.0 0.0 0.0 0.0 21.45 313.55 313.6 310.9 319.95 313.15 308.5 312.75 307.05 314.15 309.3 
382 0.0 0.0 0.0 0.0 0.0 0.0 0.0 0.0 0.0 0.0 9.3 306.1 305.9 310.2 304.9 312.1 307.95 304.85 307.15 311.75 306.0 
383 0.0 0.0 0.0 0.0 0.0 0.0 0.0 0.0 0.0 0.0 3.9 302.8 307.55 306.5 310.8 303.5 305.65 303.1 307.65 306.05 307.35 
384 0.0 0.0 0.0 0.0 0.0 0.0 0.0 0.0 0.0 0.0 0.85 309.75 297.25 306.85 296.25 298.5 296.55 299.35 295.65 296.35 296.05 
385 0.0 0.0 0.0 0.0 0.0 0.0 0.0 0.0 0.0 0.0 0.1 299.3 302.85 300.3 296.0 294.8 293.85 303.6 295.05 295.2 288.2 
386 0.0 0.0 0.0 0.0 0.0 0.0 0.0 0.0 0.0 0.0 0.0 300.15 297.25 296.7 293.3 289.75 294.0 290.15 292.5 276.7 287.2 
387 0.0 0.0 0.0 0.0 0.0 0.0 0.0 0.0 0.0 0.0 0.0 291.75 285.9 287.4 287.0 287.05 293.6 289.5 288.35 287.1 283.45 
388 0.0 0.0 0.0 0.0 0.0 0.0 0.0 0.0 0.0 0.0 0.0 279.7 287.4 281.15 285.05 284.15 279.3 282.9 279.55 275.1 275.65 
389 0.0 0.0 0.0 0.0 0.0 0.0 0.0 0.0 0.0 0.0 0.0 280.7 281.5 278.5 278.2 278.55 280.55 274.5 277.05 275.1 276.65 
390 0.0 0.0 0.0 0.0 0.0 0.0 0.0 0.0 0.0 0.0 0.0 246.95 282.7 274.1 274.85 271.95 269.85 278.65 276.0 270.55 265.85 
391 0.0 0.0 0.0 0.0 0.0 0.0 0.0 0.0 0.0 0.0 0.0 206.5 277.35 273.2 274.85 271.9 273.9 267.65 268.15 267.3 265.1 
392 0.0 0.0 0.0 0.0 0.0 0.0 0.0 0.0 0.0 0.0 0.0 146.9 271.45 266.65 266.45 266.1 259.9 254.55 265.5 256.45 256.15 
393 0.0 0.0 0.0 0.0 0.0 0.0 0.0 0.0 0.0 0.0 0.0 93.15 257.05 265.55 258.0 264.4 262.4 260.3 255.5 256.95 253.5 
394 0.0 0.0 0.0 0.0 0.0 0.0 0.0 0.0 0.0 0.0 0.0 53.9 251.85 259.2 256.65 258.3 258.35 256.95 246.9 248.6 247.0 
395 0.0 0.0 0.0 0.0 0.0 0.0 0.0 0.0 0.0 0.0 0.0 27.2 256.0 242.15 248.6 241.9 253.0 242.25 245.55 246.5 242.75 
396 0.0 0.0 0.0 0.0 0.0 0.0 0.0 0.0 0.0 0.0 0.0 10.9 242.15 245.35 244.05 240.35 231.45 241.8 236.75 236.65 235.15 
397 0.0 0.0 0.0 0.0 0.0 0.0 0.0 0.0 0.0 0.0 0.0 2.8 233.25 242.15 235.9 232.4 235.95 229.9 235.05 232.1 229.7 
398 0.0 0.0 0.0 0.0 0.0 0.0 0.0 0.0 0.0 0.0 0.0 0.9 224.6 224.1 227.75 234.1 222.1 223.4 219.7 226.0 225.25 
399 0.0 0.0 0.0 0.0 0.0 0.0 0.0 0.0 0.0 0.0 0.0 0.15 225.1 221.05 224.55 222.9 219.6 210.95 213.7 222.9 215.0 
400 0.0 0.0 0.0 0.0 0.0 0.0 0.0 0.0 0.0 0.0 0.0 0.0 210.7 218.25 214.9 209.6 210.9 210.45 207.0 209.05 206.5 
401 0.0 0.0 0.0 0.0 0.0 0.0 0.0 0.0 0.0 0.0 0.0 0.0 189.95 212.65 207.7 201.25 201.25 202.35 197.15 196.55 202.8 
402 0.0 0.0 0.0 0.0 0.0 0.0 0.0 0.0 0.0 0.0 0.0 0.0 153.5 200.2 201.55 200.65 193.65 197.1 194.0 195.7 193.2 
403 0.0 0.0 0.0 0.0 0.0 0.0 0.0 0.0 0.0 0.0 0.0 0.0 107.8 189.7 190.8 187.45 186.9 185.95 181.25 180.05 181.55 
404 0.0 0.0 0.0 0.0 0.0 0.0 0.0 0.0 0.0 0.0 0.0 0.0 64.15 179.6 181.1 177.7 178.7 176.65 177.65 168.0 168.05 
405 0.0 0.0 0.0 0.0 0.0 0.0 0.0 0.0 0.0 0.0 0.0 0.0 34.7 177.25 167.55 168.05 169.65 168.0 172.55 163.65 161.9 
406 0.0 0.0 0.0 0.0 0.0 0.0 0.0 0.0 0.0 0.0 0.0 0.0 16.65 167.6 164.65 161.7 162.65 153.85 157.2 153.45 157.5 
407 0.0 0.0 0.0 0.0 0.0 0.0 0.0 0.0 0.0 0.0 0.0 0.0 7.75 147.35 149.15 152.05 149.35 147.75 146.6 144.25 143.3 
408 0.0 0.0 0.0 0.0 0.0 0.0 0.0 0.0 0.0 0.0 0.0 0.0 2.35 131.6 145.35 139.7 137.2 139.3 134.95 135.15 137.8 
409 0.0 0.0 0.0 0.0 0.0 0.0 0.0 0.0 0.0 0.0 0.0 0.0 0.55 109.0 135.9 130.55 128.0 126.05 129.55 130.75 124.5 
410 0.0 0.0 0.0 0.0 0.0 0.0 0.0 0.0 0.0 0.0 0.0 0.0 0.25 75.15 122.6 123.25 118.65 118.3 115.3 118.45 116.35 
411 0.0 0.0 0.0 0.0 0.0 0.0 0.0 0.0 0.0 0.0 0.0 0.0 0.0 49.8 110.3 111.3 109.9 104.85 108.65 105.8 105.75 
412 0.0 0.0 0.0 0.0 0.0 0.0 0.0 0.0 0.0 0.0 0.0 0.0 0.0 27.05 90.65 96.05 97.75 99.75 94.9 97.1 102.0 
413 0.0 0.0 0.0 0.0 0.0 0.0 0.0 0.0 0.0 0.0 0.0 0.0 0.0 13.7 72.25 83.8 83.9 84.75 86.25 84.0 87.35 
414 0.0 0.0 0.0 0.0 0.0 0.0 0.0 0.0 0.0 0.0 0.0 0.0 0.0 6.6 53.45 72.25 70.4 77.2 74.9 76.3 73.3 
415 0.0 0.0 0.0 0.0 0.0 0.0 0.0 0.0 0.0 0.0 0.0 0.0 0.0 2.55 35.65 56.25 62.05 64.85 65.8 71.3 72.0 
416 0.0 0.0 0.0 0.0 0.0 0.0 0.0 0.0 0.0 0.0 0.0 0.0 0.0 0.75 21.05 44.3 51.95 55.3 56.55 61.65 64.1 
417 0.0 0.0 0.0 0.0 0.0 0.0 0.0 0.0 0.0 0.0 0.0 0.0 0.0 0.15 11.55 30.85 40.45 45.35 49.05 49.1 52.8 
418 0.0 0.0 0.0 0.0 0.0 0.0 0.0 0.0 0.0 0.0 0.0 0.0 0.0 0.2 7.0 20.85 31.35 35.9 41.5 45.9 47.7 
419 0.0 0.0 0.0 0.0 0.0 0.0 0.0 0.0 0.0 0.0 0.0 0.0 0.0 0.05 3.05 14.5 22.5 27.3 33.85 37.1 42.7 
420 0.0 0.0 0.0 0.0 0.0 0.0 0.0 0.0 0.0 0.0 0.0 0.0 0.0 0.0 1.05 8.5 16.85 23.45 28.15 31.3 35.6 
421 0.0 0.0 0.0 0.0 0.0 0.0 0.0 0.0 0.0 0.0 0.0 0.0 0.0 0.0 0.65 5.05 11.25 18.3 23.5 24.65 28.0 
422 0.0 0.0 0.0 0.0 0.0 0.0 0.0 0.0 0.0 0.0 0.0 0.0 0.0 0.0 0.25 2.7 8.5 12.15 18.4 21.3 24.15 
423 0.0 0.0 0.0 0.0 0.0 0.0 0.0 0.0 0.0 0.0 0.0 0.0 0.0 0.0 0.05 1.9 6.35 9.5 12.75 18.45 21.65 
424 0.0 0.0 0.0 0.0 0.0 0.0 0.0 0.0 0.0 0.0 0.0 0.0 0.0 0.0 0.05 0.95 3.05 6.35 10.35 13.45 17.3 
425 0.0 0.0 0.0 0.0 0.0 0.0 0.0 0.0 0.0 0.0 0.0 0.0 0.0 0.0 0.0 0.35 2.5 4.55 6.3 9.6 11.95 
426 0.0 0.0 0.0 0.0 0.0 0.0 0.0 0.0 0.0 0.0 0.0 0.0 0.0 0.0 0.0 0.05 1.25 2.9 4.65 8.1 11.4 
427 0.0 0.0 0.0 0.0 0.0 0.0 0.0 0.0 0.0 0.0 0.0 0.0 0.0 0.0 0.0 0.2 0.5 2.2 3.45 6.35 8.45 
428 0.0 0.0 0.0 0.0 0.0 0.0 0.0 0.0 0.0 0.0 0.0 0.0 0.0 0.0 0.0 0.0 0.45 1.25 3.7 4.65 5.8 
429 0.0 0.0 0.0 0.0 0.0 0.0 0.0 0.0 0.0 0.0 0.0 0.0 0.0 0.0 0.0 0.0 0.15 0.85 1.25 2.9 4.15 
430 0.0 0.0 0.0 0.0 0.0 0.0 0.0 0.0 0.0 0.0 0.0 0.0 0.0 0.0 0.0 0.0 0.05 0.55 1.4 2.1 3.55 
431 0.0 0.0 0.0 0.0 0.0 0.0 0.0 0.0 0.0 0.0 0.0 0.0 0.0 0.0 0.0 0.0 0.1 0.45 1.1 1.75 3.0 
432 0.0 0.0 0.0 0.0 0.0 0.0 0.0 0.0 0.0 0.0 0.0 0.0 0.0 0.0 0.0 0.0 0.05 0.15 0.55 1.5 1.5 
433 0.0 0.0 0.0 0.0 0.0 0.0 0.0 0.0 0.0 0.0 0.0 0.0 0.0 0.0 0.0 0.0 0.05 0.05 0.45 0.55 1.25 
434 0.0 0.0 0.0 0.0 0.0 0.0 0.0 0.0 0.0 0.0 0.0 0.0 0.0 0.0 0.0 0.0 0.0 0.1 0.2 0.7 1.05 
435 0.0 0.0 0.0 0.0 0.0 0.0 0.0 0.0 0.0 0.0 0.0 0.0 0.0 0.0 0.0 0.0 0.0 0.1 0.3 0.25 0.95 
436 0.0 0.0 0.0 0.0 0.0 0.0 0.0 0.0 0.0 0.0 0.0 0.0 0.0 0.0 0.0 0.0 0.0 0.0 0.05 0.35 0.55 
437 0.0 0.0 0.0 0.0 0.0 0.0 0.0 0.0 0.0 0.0 0.0 0.0 0.0 0.0 0.0 0.0 0.0 0.0 0.0 0.15 0.3 
438 0.0 0.0 0.0 0.0 0.0 0.0 0.0 0.0 0.0 0.0 0.0 0.0 0.0 0.0 0.0 0.0 0.0 0.0 0.05 0.2 0.2 
439 0.0 0.0 0.0 0.0 0.0 0.0 0.0 0.0 0.0 0.0 0.0 0.0 0.0 0.0 0.0 0.0 0.0 0.0 0.0 0.0 0.1 
440 0.0 0.0 0.0 0.0 0.0 0.0 0.0 0.0 0.0 0.0 0.0 0.0 0.0 0.0 0.0 0.0 0.0 0.0 0.0 0.1 0.05 
441 0.0 0.0 0.0 0.0 0.0 0.0 0.0 0.0 0.0 0.0 0.0 0.0 0.0 0.0 0.0 0.0 0.0 0.0 0.0 0.0 0.05 
442 0.0 0.0 0.0 0.0 0.0 0.0 0.0 0.0 0.0 0.0 0.0 0.0 0.0 0.0 0.0 0.0 0.0 0.0 0.0 0.0 0.0 
443 0.0 0.0 0.0 0.0 0.0 0.0 0.0 0.0 0.0 0.0 0.0 0.0 0.0 0.0 0.0 0.0 0.0 0.0 0.0 0.1 0.05 
444 0.0 0.0 0.0 0.0 0.0 0.0 0.0 0.0 0.0 0.0 0.0 0.0 0.0 0.0 0.0 0.0 0.0 0.0 0.0 0.0 0.0 
445 0.0 0.0 0.0 0.0 0.0 0.0 0.0 0.0 0.0 0.0 0.0 0.0 0.0 0.0 0.0 0.0 0.0 0.0 0.0 0.0 0.0 
446 0.0 0.0 0.0 0.0 0.0 0.0 0.0 0.0 0.0 0.0 0.0 0.0 0.0 0.0 0.0 0.0 0.0 0.0 0.0 0.0 0.0 
447 0.0 0.0 0.0 0.0 0.0 0.0 0.0 0.0 0.0 0.0 0.0 0.0 0.0 0.0 0.0 0.0 0.0 0.0 0.0 0.0 0.0 
448 0.0 0.0 0.0 0.0 0.0 0.0 0.0 0.0 0.0 0.0 0.0 0.0 0.0 0.0 0.0 0.0 0.0 0.0 0.0 0.0 0.0 
449 0.0 0.0 0.0 0.0 0.0 0.0 0.0 0.0 0.0 0.0 0.0 0.0 0.0 0.0 0.0 0.0 0.0 0.0 0.0 0.0 0.05 
450 0.0 0.0 0.0 0.0 0.0 0.0 0.0 0.0 0.0 0.0 0.0 0.0 0.0 0.0 0.0 0.0 0.0 0.0 0.0 0.0 0.0 
451 0.0 0.0 0.0 0.0 0.0 0.0 0.0 0.0 0.0 0.0 0.0 0.0 0.0 0.0 0.0 0.0 0.0 0.0 0.0 0.0 0.0 
452 0.0 0.0 0.0 0.0 0.0 0.0 0.0 0.0 0.0 0.0 0.0 0.0 0.0 0.0 0.0 0.0 0.0 0.0 0.0 0.0 0.0 
453 0.0 0.0 0.0 0.0 0.0 0.0 0.0 0.0 0.0 0.0 0.0 0.0 0.0 0.0 0.0 0.0 0.0 0.0 0.0 0.0 0.0 
454 0.0 0.0 0.0 0.0 0.0 0.0 0.0 0.0 0.0 0.0 0.0 0.0 0.0 0.0 0.0 0.0 0.0 0.0 0.0 0.0 0.0 
455 0.0 0.0 0.0 0.0 0.0 0.0 0.0 0.0 0.0 0.0 0.0 0.0 0.0 0.0 0.0 0.0 0.0 0.0 0.0 0.0 0.0 
456 0.0 0.0 0.0 0.0 0.0 0.0 0.0 0.0 0.0 0.0 0.0 0.0 0.0 0.0 0.0 0.0 0.0 0.0 0.0 0.0 0.0 
457 0.0 0.0 0.0 0.0 0.0 0.0 0.0 0.0 0.0 0.0 0.0 0.0 0.0 0.0 0.0 0.0 0.0 0.0 0.0 0.0 0.0 
458 0.0 0.0 0.0 0.0 0.0 0.0 0.0 0.0 0.0 0.0 0.0 0.0 0.0 0.0 0.0 0.0 0.0 0.0 0.0 0.0 0.0 
459 0.0 0.0 0.0 0.0 0.0 0.0 0.0 0.0 0.0 0.0 0.0 0.0 0.0 0.0 0.0 0.0 0.0 0.0 0.0 0.0 0.0 
460 0.0 0.0 0.0 0.0 0.0 0.0 0.0 0.0 0.0 0.0 0.0 0.0 0.0 0.0 0.0 0.0 0.0 0.0 0.0 0.0 0.0 
461 0.0 0.0 0.0 0.0 0.0 0.0 0.0 0.0 0.0 0.0 0.0 0.0 0.0 0.0 0.0 0.0 0.0 0.0 0.0 0.0 0.0 
462 0.0 0.0 0.0 0.0 0.0 0.0 0.0 0.0 0.0 0.0 0.0 0.0 0.0 0.0 0.0 0.0 0.0 0.0 0.0 0.0 0.0 
463 0.0 0.0 0.0 0.0 0.0 0.0 0.0 0.0 0.0 0.0 0.0 0.0 0.0 0.0 0.0 0.0 0.0 0.0 0.0 0.0 0.0 
464 0.0 0.0 0.0 0.0 0.0 0.0 0.0 0.0 0.0 0.0 0.0 0.0 0.0 0.0 0.0 0.0 0.0 0.0 0.0 0.0 0.0 
465 0.0 0.0 0.0 0.0 0.0 0.0 0.0 0.0 0.0 0.0 0.0 0.0 0.0 0.0 0.0 0.0 0.0 0.0 0.0 0.0 0.0 
466 0.0 0.0 0.0 0.0 0.0 0.0 0.0 0.0 0.0 0.0 0.0 0.0 0.0 0.0 0.0 0.0 0.0 0.0 0.0 0.0 0.0 
467 0.0 0.0 0.0 0.0 0.0 0.0 0.0 0.0 0.0 0.0 0.0 0.0 0.0 0.0 0.0 0.0 0.0 0.0 0.0 0.0 0.0 
468 0.0 0.0 0.0 0.0 0.0 0.0 0.0 0.0 0.0 0.0 0.0 0.0 0.0 0.0 0.0 0.0 0.0 0.0 0.0 0.0 0.0 
469 0.0 0.0 0.0 0.0 0.0 0.0 0.0 0.0 0.0 0.0 0.0 0.0 0.0 0.0 0.0 0.0 0.0 0.0 0.0 0.0 0.0 
470 0.0 0.0 0.0 0.0 0.0 0.0 0.0 0.0 0.0 0.0 0.0 0.0 0.0 0.0 0.0 0.0 0.0 0.0 0.0 0.0 0.0 
471 0.0 0.0 0.0 0.0 0.0 0.0 0.0 0.0 0.0 0.0 0.0 0.0 0.0 0.0 0.0 0.0 0.0 0.0 0.0 0.0 0.0 
472 0.0 0.0 0.0 0.0 0.0 0.0 0.0 0.0 0.0 0.0 0.0 0.0 0.0 0.0 0.0 0.0 0.0 0.0 0.0 0.0 0.0 
473 0.0 0.0 0.0 0.0 0.0 0.0 0.0 0.0 0.0 0.0 0.0 0.0 0.0 0.0 0.0 0.0 0.0 0.0 0.0 0.0 0.0 
474 0.0 0.0 0.0 0.0 0.0 0.0 0.0 0.0 0.0 0.0 0.0 0.0 0.0 0.0 0.0 0.0 0.0 0.0 0.0 0.0 0.0 
475 0.0 0.0 0.0 0.0 0.0 0.0 0.0 0.0 0.0 0.0 0.0 0.0 0.0 0.0 0.0 0.0 0.0 0.0 0.0 0.0 0.0 
476 0.0 0.0 0.0 0.0 0.0 0.0 0.0 0.0 0.0 0.0 0.0 0.0 0.0 0.0 0.0 0.0 0.0 0.0 0.0 0.0 0.0 
477 0.0 0.0 0.0 0.0 0.0 0.0 0.0 0.0 0.0 0.0 0.0 0.0 0.0 0.0 0.0 0.0 0.0 0.0 0.0 0.0 0.0 
478 0.0 0.0 0.0 0.0 0.0 0.0 0.0 0.0 0.0 0.0 0.0 0.0 0.0 0.0 0.0 0.0 0.0 0.0 0.0 0.0 0.0 
479 0.0 0.0 0.0 0.0 0.0 0.0 0.0 0.0 0.0 0.0 0.0 0.0 0.0 0.0 0.0 0.0 0.0 0.0 0.0 0.0 0.0 
480 0.0 0.0 0.0 0.0 0.0 0.0 0.0 0.0 0.0 0.0 0.0 0.0 0.0 0.0 0.0 0.0 0.0 0.0 0.0 0.0 0.0 
481 0.0 0.0 0.0 0.0 0.0 0.0 0.0 0.0 0.0 0.0 0.0 0.0 0.0 0.0 0.0 0.0 0.0 0.0 0.0 0.0 0.0 
482 0.0 0.0 0.0 0.0 0.0 0.0 0.0 0.0 0.0 0.0 0.0 0.0 0.0 0.0 0.0 0.0 0.0 0.0 0.0 0.0 0.0 
483 0.0 0.0 0.0 0.0 0.0 0.0 0.0 0.0 0.0 0.0 0.0 0.0 0.0 0.0 0.0 0.0 0.0 0.0 0.0 0.0 0.0 
484 0.0 0.0 0.0 0.0 0.0 0.0 0.0 0.0 0.0 0.0 0.0 0.0 0.0 0.0 0.0 0.0 0.0 0.0 0.0 0.0 0.0 
485 0.0 0.0 0.0 0.0 0.0 0.0 0.0 0.0 0.0 0.0 0.0 0.0 0.0 0.0 0.0 0.0 0.0 0.0 0.0 0.0 0.0 
486 0.0 0.0 0.0 0.0 0.0 0.0 0.0 0.0 0.0 0.0 0.0 0.0 0.0 0.0 0.0 0.0 0.0 0.0 0.0 0.0 0.0 
487 0.0 0.0 0.0 0.0 0.0 0.0 0.0 0.0 0.0 0.0 0.0 0.0 0.0 0.0 0.0 0.0 0.0 0.0 0.0 0.0 0.0 
488 0.0 0.0 0.0 0.0 0.0 0.0 0.0 0.0 0.0 0.0 0.0 0.0 0.0 0.0 0.0 0.0 0.0 0.0 0.0 0.0 0.0 
489 0.0 0.0 0.0 0.0 0.0 0.0 0.0 0.0 0.0 0.0 0.0 0.0 0.0 0.0 0.0 0.0 0.0 0.0 0.0 0.0 0.0 
490 0.0 0.0 0.0 0.0 0.0 0.0 0.0 0.0 0.0 0.0 0.0 0.0 0.0 0.0 0.0 0.0 0.0 0.0 0.0 0.0 0.0 
491 0.0 0.0 0.0 0.0 0.0 0.0 0.0 0.0 0.0 0.0 0.0 0.0 0.0 0.0 0.0 0.0 0.0 0.0 0.0 0.0 0.0 
492 0.0 0.0 0.0 0.0 0.0 0.0 0.0 0.0 0.0 0.0 0.0 0.0 0.0 0.0 0.0 0.0 0.0 0.0 0.0 0.0 0.0 
493 0.0 0.0 0.0 0.0 0.0 0.0 0.0 0.0 0.0 0.0 0.0 0.0 0.0 0.0 0.0 0.0 0.0 0.0 0.0 0.0 0.0 
494 0.0 0.0 0.0 0.0 0.0 0.0 0.0 0.0 0.0 0.0 0.0 0.0 0.0 0.0 0.0 0.0 0.0 0.0 0.0 0.0 0.0 
495 0.0 0.0 0.0 0.0 0.0 0.0 0.0 0.0 0.0 0.0 0.0 0.0 0.0 0.0 0.0 0.0 0.0 0.0 0.0 0.0 0.0 
496 0.0 0.0 0.0 0.0 0.0 0.0 0.0 0.0 0.0 0.0 0.0 0.0 0.0 0.0 0.0 0.0 0.0 0.0 0.0 0.0 0.0 
497 0.0 0.0 0.0 0.0 0.0 0.0 0.0 0.0 0.0 0.0 0.0 0.0 0.0 0.0 0.0 0.0 0.0 0.0 0.0 0.0 0.0 
498 0.0 0.0 0.0 0.0 0.0 0.0 0.0 0.0 0.0 0.0 0.0 0.0 0.0 0.0 0.0 0.0 0.0 0.0 0.0 0.0 0.0 
499 0.0 0.0 0.0 0.0 0.0 0.0 0.0 0.0 0.0 0.0 0.0 0.0 0.0 0.0 0.0 0.0 0.0 0.0 0.0 0.0 0.0 
