0 100.75 501.9 510.95 517.65 511.1 507.9 506.4 503.9 517.7 507.2 502.45 504.15 495.7 496.65 506.35 500.3 504.5 502.2 503.45 502.95 497.6 
1 0.05 513.25 504.5 501.0 513.8 511.25 508.8 508.0 503.85 495.1 509.2 503.5 510.7 505.6 489.95 501.55 499.7 510.9 507.45 489.35 507.45 
2 0.0 510.05 502.85 509.3 509.75 502.0 500.35 507.2 501.2 510.0 503.95 507.95 509.95 503.8 504.25 501.55 497.2 507.4 498.45 503.15 501.3 
3 0.0 510.05 509.05 502.8 506.9 508.7 512.2 510.6 502.75 509.35 504.7 505.15 492.85 511.15 506.0 504.05 500.7 495.85 504.4 509.1 502.25 
4 0.0 506.0 504.35 494.9 496.55 507.05 504.75 504.5 498.55 507.75 513.45 498.15 502.2 499.25 509.0 499.55 508.5 493.5 501.85 506.3 506.0 
5 0.0 504.6 508.2 508.95 501.75 508.85 513.95 508.6 502.35 504.15 498.2 514.45 501.4 507.7 497.0 499.55 504.65 495.0 493.5 503.9 507.05 
6 0.0 497.95 509.95 515.05 500.8 499.5 502.45 511.05 501.85 495.7 506.45 499.85 500.15 497.4 499.3 500.15 498.65 502.5 507.0 504.15 503.4 
7 0.0 508.25 505.2 509.65 503.1 510.35 506.7 488.45 501.0 513.8 494.65 499.4 508.6 503.0 512.8 502.65 500.45 506.65 504.85 504.55 499.5 
8 0.0 495.45 505.45 511.0 508.55 505.85 505.85 502.7 508.85 497.95 496.2 497.9 507.8 504.3 508.8 511.9 508.45 507.05 505.6 498.8 505.05 
9 0.0 499.5 498.85 498.6 509.35 499.25 506.45 504.05 506.75 502.2 509.55 501.2 503.5 501.85 501.0 498.05 494.7 515.1 501.45 501.6 501.75 
10 0.0 497.3 497.85 498.4 498.2 497.8 495.3 507.55 507.55 503.3 505.4 508.6 504.9 508.1 500.95 509.95 502.9 494.05 500.35 502.1 503.5 
11 0.0 502.3 496.6 497.6 505.65 499.25 501.7 507.15 499.05 499.65 497.4 511.05 512.9 504.65 509.0 502.4 506.1 501.0 504.55 507.2 497.8 
12 0.0 504.55 500.75 496.25 499.5 508.7 498.6 502.1 505.15 501.7 514.1 501.55 512.4 506.6 496.55 496.75 501.05 499.65 501.3 504.3 506.45 
13 0.0 500.2 507.15 498.1 500.3 499.9 507.35 502.2 507.35 509.05 503.65 501.95 489.3 502.7 497.7 503.25 502.2 499.3 502.25 498.35 499.35 
14 0.0 503.9 505.0 506.4 496.35 500.2 501.85 500.1 493.35 507.05 501.85 501.8 502.7 501.25 505.4 503.05 506.65 501.85 494.9 501.55 501.2 
15 0.0 500.85 502.2 496.9 497.45 497.5 489.85 492.4 499.1 508.4 500.45 502.55 495.95 494.9 503.05 502.35 504.85 502.8 502.05 499.05 495.3 
16 0.0 502.7 495.25 495.85 491.05 500.55 494.65 499.55 503.75 499.0 496.95 505.35 498.5 491.7 490.7 498.25 505.55 507.1 503.45 499.6 503.7 
17 0.0 497.95 493.25 497.15 503.7 496.1 497.0 496.35 500.9 491.8 502.85 496.6 500.35 507.45 508.25 503.65 506.0 501.1 499.0 497.9 502.3 
18 0.0 493.75 491.4 494.0 498.65 504.35 499.35 489.85 494.65 501.85 500.85 505.5 506.35 498.05 506.75 511.4 497.45 503.3 499.1 514.05 512.6 
19 0.0 505.3 500.6 495.6 501.65 494.25 494.95 496.75 500.25 497.85 501.7 502.6 502.0 504.2 506.05 505.95 508.3 501.35 506.3 506.6 500.75 
20 0.0 501.45 505.95 497.6 493.85 483.8 498.15 503.65 495.35 498.3 504.95 496.1 499.95 505.2 497.85 502.2 496.5 503.75 507.35 499.9 494.45 
21 0.0 492.45 507.2 498.7 510.45 498.0 490.95 495.2 497.95 506.5 499.3 501.85 503.5 504.1 500.25 507.65 498.0 497.6 500.3 501.75 501.8 
22 0.0 496.8 491.7 494.9 496.4 499.2 500.5 503.4 503.2 489.4 499.9 501.7 497.0 501.1 500.5 500.85 502.45 502.9 505.75 494.3 496.25 
23 0.0 498.85 497.15 500.2 498.05 496.4 494.9 495.85 497.15 496.15 492.15 493.1 498.35 501.15 506.8 503.9 502.2 500.0 501.6 494.85 498.55 
24 0.0 503.55 499.75 507.25 491.7 499.65 497.7 499.75 494.4 501.15 500.8 504.3 492.85 491.3 495.2 500.25 504.45 503.45 502.5 502.0 494.0 
25 0.0 501.4 501.05 509.45 498.05 500.4 501.55 504.15 499.0 496.6 489.35 501.5 497.75 494.2 490.5 496.7 496.8 497.55 495.45 498.8 498.75 
26 0.0 494.85 504.15 506.85 499.35 503.7 497.9 500.35 499.25 498.35 493.1 496.35 505.7 497.25 494.45 493.8 499.5 502.0 497.95 498.15 502.45 
27 0.0 511.35 494.9 490.7 495.1 499.3 505.6 497.65 494.5 495.4 499.85 492.0 506.15 488.6 499.4 483.75 502.8 511.1 491.35 496.0 497.35 
28 0.0 495.95 494.95 497.95 500.8 492.8 508.8 504.55 499.65 492.65 505.55 490.5 487.3 511.85 501.95 507.3 497.6 497.35 499.3 504.15 499.6 
29 0.0 498.35 504.05 496.5 505.9 504.3 499.75 500.35 506.95 506.1 499.6 502.65 499.0 503.35 503.45 499.3 498.35 492.0 504.9 503.75 500.85 
30 0.0 497.55 495.6 498.3 506.6 504.55 508.55 499.05 496.85 498.0 503.7 499.2 499.45 496.65 504.3 502.8 496.75 500.75 498.6 495.85 506.6 
31 0.0 501.0 506.05 493.65 502.85 505.15 502.55 501.25 508.5 500.85 497.3 500.65 504.9 496.05 497.7 498.4 493.2 493.35 497.55 501.2 505.05 
32 0.0 500.55 492.35 493.75 496.75 505.3 503.8 506.85 507.5 499.7 506.6 505.65 507.4 505.2 500.35 504.45 502.85 491.25 500.7 502.7 500.4 
33 0.0 494.1 496.65 504.95 495.6 492.8 503.7 507.1 501.05 505.65 495.7 503.35 497.4 507.95 500.05 495.25 498.2 496.1 500.3 504.9 499.9 
34 0.0 504.85 504.7 507.8 505.8 516.5 499.0 498.15 493.4 509.85 502.9 499.9 506.5 504.8 495.85 498.9 499.3 501.95 503.8 515.0 499.15 
35 0.0 499.05 499.95 502.85 505.65 505.4 497.85 493.5 503.45 504.05 498.8 505.95 498.45 501.15 497.25 498.2 506.2 502.55 500.85 499.5 493.35 
36 0.0 499.25 507.15 502.5 500.35 500.35 502.0 508.35 497.8 500.75 502.1 494.5 498.1 494.65 505.55 496.0 493.55 498.2 502.45 491.0 506.95 
37 0.0 510.0 498.8 500.2 500.9 498.4 495.35 494.2 507.95 504.35 504.5 499.85 502.2 505.85 507.55 503.55 502.0 510.7 496.3 498.7 503.25 
38 0.0 492.9 502.1 505.2 502.35 501.75 494.95 498.0 509.95 502.2 498.85 508.9 504.75 502.5 507.95 509.15 499.85 487.95 491.25 507.7 511.65 
39 0.0 503.05 491.0 505.5 503.1 497.85 500.6 502.05 494.2 495.8 499.15 503.55 511.4 500.1 501.55 499.8 505.25 505.45 510.2 495.75 496.5 
40 0.0 496.35 501.35 504.3 500.65 503.75 500.85 497.6 493.0 496.55 504.3 491.2 493.5 502.0 495.5 502.2 500.25 501.8 498.15 497.45 511.3 
41 0.0 498.0 507.6 497.55 502.5 500.8 506.95 502.7 496.7 499.55 497.9 492.1 493.35 499.45 502.0 507.3 505.95 502.0 504.0 497.0 496.15 
42 0.0 503.4 497.05 499.35 500.85 492.15 496.9 501.65 498.45 495.65 493.45 499.55 499.95 503.8 494.3 497.3 501.5 508.75 501.15 502.9 499.0 
43 0.0 499.3 496.6 496.0 494.15 491.9 503.7 496.85 497.95 494.8 500.15 506.6 498.95 500.85 508.4 500.55 491.2 503.2 492.85 503.05 488.2 
44 0.0 501.05 498.25 493.25 497.5 504.7 501.8 505.95 505.15 497.4 500.0 502.75 511.25 495.45 495.55 491.65 508.75 498.95 500.45 490.8 503.6 
45 0.0 497.6 504.9 506.1 493.7 498.05 491.2 499.0 505.05 505.1 501.55 487.45 495.85 498.35 497.25 503.8 492.3 501.8 500.3 495.25 496.6 
46 0.0 471.8 500.25 496.6 494.1 502.85 498.0 503.2 494.5 502.45 501.25 501.8 493.3 501.65 499.5 504.25 502.1 493.7 504.8 504.5 494.9 
47 0.0 404.25 502.15 494.35 500.65 491.9 499.25 496.8 499.0 501.9 498.45 498.65 502.95 499.65 497.5 497.45 502.75 494.45 497.15 495.05 503.05 
48 0.0 321.05 496.7 489.35 500.6 512.1 499.35 493.8 501.85 493.35 499.85 499.55 488.45 491.25 498.95 495.3 497.8 497.65 495.45 504.15 497.1 
49 0.0 217.6 497.55 499.65 502.95 495.35 494.15 493.0 495.75 494.3 501.15 497.1 502.3 497.65 498.5 488.0 491.9 495.65 497.4 497.9 501.55 
50 0.0 94.5 498.55 504.8 497.6 498.0 506.85 491.4 496.5 499.5 501.7 506.65 504.55 491.65 493.1 501.35 501.55 498.2 507.2 501.7 494.0 
51 0.0 36.55 493.3 511.6 501.25 492.85 497.45 500.95 500.5 505.15 489.65 499.65 488.6 500.8 490.35 493.95 506.8 505.3 500.1 500.45 501.95 
52 0.0 3.95 501.4 498.2 501.15 505.8 494.35 499.0 493.35 502.05 497.3 494.9 502.5 496.1 500.65 502.05 488.65 500.9 506.35 494.2 503.9 
53 0.0 0.6 513.4 502.25 504.65 506.25 498.65 504.05 504.4 497.35 498.45 494.2 489.2 500.05 495.35 500.75 503.5 505.65 502.0 497.9 498.7 
54 0.0 0.05 498.3 506.2 491.8 496.75 505.75 497.75 489.35 501.4 501.25 502.3 503.75 498.9 502.95 494.7 501.35 496.8 492.6 496.45 500.05 
55 0.0 0.0 495.25 497.7 501.25 488.5 506.7 501.65 500.2 495.9 500.35 494.6 499.45 501.85 498.2 496.55 491.85 505.9 500.7 502.6 505.7 
56 0.0 0.0 495.65 501.15 496.75 500.8 494.65 506.1 500.7 504.4 510.4 497.05 494.4 494.95 493.25 500.4 505.05 499.5 501.3 504.6 488.6 
57 0.0 0.0 503.9 489.55 498.95 508.6 497.35 496.85 509.25 488.9 495.55 503.05 513.35 504.5 509.85 501.8 494.6 497.6 500.2 497.8 499.25 
58 0.0 0.0 499.55 497.55 499.15 505.1 503.35 504.75 496.85 502.8 502.7 509.7 501.45 498.2 497.9 503.15 501.1 503.0 498.75 504.15 491.4 
59 0.0 0.0 500.5 505.0 503.1 494.5 494.45 492.4 499.95 500.65 498.85 506.55 505.1 510.6 504.9 499.45 503.55 490.75 500.9 498.6 502.4 
60 0.0 0.0 499.6 503.7 502.7 507.7 502.95 501.75 499.2 508.6 503.35 506.05 504.8 505.0 507.45 505.7 493.9 497.8 497.75 492.25 501.95 
61 0.0 0.0 509.25 497.15 507.8 495.35 506.55 495.35 508.7 498.75 496.65 500.7 505.15 499.9 507.85 507.2 497.1 492.95 504.05 499.15 503.9 
62 0.0 0.0 492.7 499.25 495.4 495.05 499.8 508.7 496.4 496.9 504.7 490.15 494.55 504.45 498.3 506.65 505.05 497.9 492.65 500.35 499.4 
63 0.0 0.0 501.75 493.55 490.15 509.1 500.2 497.75 504.5 506.65 495.85 504.95 499.25 505.4 501.35 505.9 503.05 509.6 497.1 510.65 512.0 
64 0.0 0.0 506.45 500.35 501.65 491.3 490.45 505.45 503.35 499.95 498.25 497.7 501.35 501.65 501.5 500.7 501.65 502.55 504.4 506.2 499.1 
65 0.0 0.0 505.9 499.15 503.7 495.3 497.55 497.05 500.8 504.8 499.55 504.95 498.5 489.3 505.0 494.85 506.65 501.3 496.05 497.6 503.85 
66 0.0 0.0 494.05 501.15 499.35 500.55 500.5 505.15 504.5 502.1 499.3 500.5 499.8 500.45 498.95 500.75 501.3 504.5 503.45 490.4 492.85 
67 0.0 0.0 486.55 496.75 490.65 504.15 503.7 504.0 495.15 500.9 497.25 500.2 499.35 504.95 504.55 505.1 498.35 499.05 501.2 496.15 495.4 
68 0.0 0.0 507.7 501.45 507.8 497.4 507.9 507.15 503.4 492.8 504.25 495.7 501.1 495.45 495.05 498.8 496.05 497.7 500.75 501.3 491.5 
69 0.0 0.0 500.0 508.3 504.85 498.65 504.6 495.75 497.0 506.1 500.85 504.6 491.65 499.5 495.35 501.0 498.5 497.15 492.45 502.1 491.95 
70 0.0 0.0 497.9 493.5 503.25 498.8 493.3 497.9 505.3 498.7 501.7 492.95 505.55 493.8 500.45 498.6 501.65 492.55 494.05 505.45 503.9 
71 0.0 0.0 504.55 505.25 505.45 495.15 500.1 496.95 495.45 491.75 494.7 497.9 505.45 498.15 498.15 494.95 501.35 489.75 497.0 492.6 503.2 
72 0.0 0.0 495.75 495.75 492.05 501.5 494.25 495.25 493.75 502.6 502.05 501.9 494.2 507.45 505.8 493.2 499.15 501.8 505.6 502.25 511.5 
73 0.0 0.0 491.15 499.4 497.1 503.85 501.3 497.7 490.2 495.9 491.6 487.2 496.85 497.25 492.15 498.45 505.3 502.4 497.9 488.1 492.15 
74 0.0 0.0 499.1 494.6 496.9 505.7 503.45 498.25 502.8 493.9 506.1 500.95 502.9 502.25 492.3 497.2 494.15 502.7 492.2 500.4 492.15 
75 0.0 0.0 512.65 500.3 496.5 506.0 496.15 490.95 502.75 501.85 496.75 497.35 490.95 496.15 495.5 493.1 494.0 502.15 498.2 495.1 495.35 
76 0.0 0.0 497.0 507.45 500.95 489.5 502.05 493.95 499.8 496.85 505.55 506.0 498.75 498.7 494.5 494.6 496.65 500.9 496.15 500.5 500.4 
77 0.0 0.0 503.05 502.45 506.05 506.25 506.3 507.15 498.85 499.6 496.65 507.3 496.4 501.65 498.2 497.5 483.65 500.3 504.3 494.25 503.9 
78 0.0 0.0 502.65 501.5 506.65 505.55 491.0 501.65 497.8 495.05 501.55 499.2 500.4 491.75 496.15 500.45 508.1 502.0 501.8 503.55 506.45 
79 0.0 0.0 497.9 501.4 497.9 500.15 502.35 505.15 499.6 503.3 499.7 504.1 499.65 498.3 505.0 499.2 499.85 494.7 504.6 499.6 502.35 
80 0.0 0.0 501.55 504.65 499.45 499.4 496.05 498.8 501.95 498.8 498.75 496.4 492.6 499.0 503.55 501.45 499.1 501.55 494.1 508.65 499.8 
81 0.0 0.0 496.9 494.9 507.5 509.65 509.1 506.65 510.75 501.9 504.45 494.9 503.95 499.35 501.15 500.2 506.2 501.85 504.0 497.25 501.35 
82 0.0 0.0 502.25 509.9 498.35 499.8 501.7 502.9 500.2 508.3 502.95 501.45 504.45 496.4 506.4 508.45 505.8 498.15 507.6 501.55 497.6 
83 0.0 0.0 499.45 488.0 499.4 493.8 505.45 501.6 497.9 510.25 495.3 505.4 498.0 505.7 498.0 495.2 497.1 501.0 494.1 507.85 498.45 
84 0.0 0.0 500.25 497.0 498.05 494.15 492.5 504.4 491.0 499.9 504.15 502.75 498.35 501.4 500.4 501.05 499.45 505.8 506.65 506.1 507.25 
85 0.0 0.0 497.0 494.45 502.05 501.1 499.7 498.15 505.55 501.2 507.15 493.1 505.85 502.15 499.3 503.5 498.85 497.7 500.55 500.5 510.6 
86 0.0 0.0 498.85 503.15 488.85 496.45 498.5 497.05 504.55 493.25 497.55 503.25 502.75 502.15 497.7 497.65 494.05 498.0 504.3 501.8 506.35 
87 0.0 0.0 500.3 510.15 498.6 497.95 497.75 490.5 506.4 502.4 499.35 494.8 501.1 504.65 495.95 500.85 506.0 498.6 499.45 499.6 501.95 
88 0.0 0.0 499.5 501.75 493.9 490.35 500.55 509.3 502.95 505.95 502.15 504.25 494.2 494.1 506.45 498.35 499.55 499.4 507.55 504.2 500.0 
89 0.0 0.0 497.45 502.2 503.75 500.05 499.2 501.6 510.35 500.6 500.75 498.2 505.1 503.2 506.2 502.8 509.35 511.65 496.85 506.0 500.25 
90 0.0 0.0 498.45 494.55 511.3 499.35 501.35 497.75 499.5 497.55 489.45 498.3 495.35 502.7 501.35 499.6 505.9 505.8 498.9 502.3 490.05 
91 0.0 0.0 498.35 494.6 502.75 498.9 489.8 499.05 491.55 501.5 499.75 502.4 500.05 500.8 502.75 506.4 498.1 504.1 507.65 500.0 507.65 
92 0.0 0.0 476.9 500.55 492.85 496.75 502.5 493.0 493.6 499.5 504.15 495.75 495.6 497.45 495.05 501.05 504.5 499.5 507.2 495.6 499.4 
93 0.0 0.0 425.45 493.45 491.0 502.75 502.05 508.25 498.9 501.7 502.0 502.6 513.05 491.2 493.8 510.75 497.1 485.95 500.3 498.95 503.45 
94 0.0 0.0 313.5 506.3 504.15 496.4 501.5 502.15 499.9 494.8 500.85 499.0 491.85 501.95 499.65 498.85 494.95 508.15 505.0 493.3 494.9 
95 0.0 0.0 293.35 497.2 499.2 499.55 499.1 496.5 500.85 499.85 505.4 501.25 494.7 495.2 500.7 494.5 507.75 504.5 496.45 484.85 492.7 
96 0.0 0.0 216.15 505.9 499.1 503.4 501.75 491.8 499.95 504.8 499.55 497.1 504.95 508.45 509.75 500.45 503.6 507.85 493.15 511.55 501.5 
97 0.0 0.0 103.1 494.4 498.1 503.05 500.95 503.75 490.7 498.8 497.2 502.95 502.6 504.65 499.2 497.2 499.9 497.85 495.9 499.25 493.6 
98 0.0 0.0 63.8 495.25 503.2 504.25 499.55 509.05 504.4 500.4 492.7 502.6 505.0 505.7 503.8 498.75 505.15 495.0 502.6 494.4 503.55 
99 0.0 0.0 51.75 499.2 501.4 510.8 511.7 504.75 503.2 492.75 505.0 502.05 502.5 497.75 497.5 511.0 500.85 500.8 494.0 500.5 497.95 
100 0.0 0.0 26.25 504.95 499.6 502.45 505.3 494.5 502.9 500.4 498.05 498.15 502.0 494.85 500.5 495.5 487.85 497.5 505.25 501.75 500.1 
101 0.0 0.0 4.1 493.65 493.7 502.35 501.75 500.0 496.25 497.9 497.05 497.6 494.3 500.6 496.05 498.1 492.6 495.5 497.85 501.95 498.55 
102 0.0 0.0 0.05 505.05 506.6 496.1 490.75 505.6 502.0 504.75 498.5 492.65 498.6 497.85 495.2 495.95 500.85 499.6 495.7 500.4 503.5 
103 0.0 0.0 0.0 500.85 502.45 493.35 503.1 500.55 494.7 491.95 495.15 505.2 494.9 491.9 498.25 490.75 495.4 501.25 491.55 499.6 498.35 
104 0.0 0.0 0.0 499.3 493.15 494.25 491.7 493.55 499.3 496.8 505.5 498.3 490.75 495.35 501.8 494.65 496.0 507.55 504.65 505.1 498.65 
105 0.0 0.0 0.0 504.4 495.4 495.1 504.65 489.65 487.55 498.55 493.0 492.55 494.75 496.85 492.7 508.1 506.7 488.9 507.65 501.25 505.85 
106 0.0 0.0 0.0 495.45 504.7 494.55 495.55 492.4 500.4 503.65 496.65 495.0 498.8 504.6 506.9 496.4 498.45 494.8 494.8 502.55 499.35 
107 0.0 0.0 0.0 502.55 505.7 507.9 495.25 505.75 497.85 494.1 495.0 489.5 498.55 495.4 489.3 502.95 501.9 494.3 502.7 501.15 501.15 
108 0.0 0.0 0.0 501.9 492.55 505.95 499.7 496.1 499.05 489.4 502.15 495.7 493.05 490.35 508.3 507.85 499.3 498.75 499.7 497.5 494.6 
109 0.0 0.0 0.0 495.35 499.25 496.2 490.9 500.05 492.95 496.35 494.5 500.8 495.85 507.2 496.2 494.0 499.6 500.15 501.9 491.5 493.1 
110 0.0 0.0 0.0 506.7 496.4 502.75 494.05 499.1 502.3 497.6 496.2 499.2 506.5 506.0 491.35 499.95 499.15 498.75 489.8 502.7 493.4 
111 0.0 0.0 0.0 496.55 500.35 489.8 507.65 498.35 497.25 495.65 498.7 506.0 501.65 490.9 500.2 491.15 499.85 500.45 505.4 491.7 489.45 
112 0.0 0.0 0.0 495.2 501.25 493.75 500.3 501.9 499.65 496.1 504.3 503.5 501.0 498.05 496.25 494.75 497.5 492.1 498.95 488.25 496.45 
113 0.0 0.0 0.0 496.0 499.2 500.65 499.15 505.6 507.1 508.9 492.1 498.05 501.4 507.55 506.55 494.3 498.65 498.8 486.7 498.3 494.3 
114 0.0 0.0 0.0 493.05 499.95 501.25 499.65 501.9 504.55 505.55 503.1 491.5 500.6 496.85 500.55 497.1 492.2 497.15 492.4 501.5 488.7 
115 0.0 0.0 0.0 498.7 507.5 506.7 501.3 495.35 510.95 502.75 504.0 497.1 499.7 502.2 493.95 500.5 485.75 488.85 480.55 484.7 495.15 
116 0.0 0.0 0.0 498.15 501.8 505.0 494.55 502.55 498.75 506.35 499.7 498.5 499.25 492.65 492.6 482.05 488.3 497.1 485.45 486.2 485.2 
117 0.0 0.0 0.0 512.55 507.8 497.3 502.8 502.55 496.15 497.15 506.75 504.35 499.7 491.65 500.35 501.2 492.4 483.1 490.95 479.0 480.0 
118 0.0 0.0 0.0 500.15 503.3 500.5 505.6 490.7 501.35 501.75 500.05 505.55 505.15 503.55 495.3 494.15 492.0 492.2 486.8 477.95 480.35 
119 0.0 0.0 0.0 498.25 495.45 500.55 504.8 497.65 508.1 495.9 497.05 504.75 494.05 490.6 486.7 485.9 487.75 488.8 484.55 490.0 477.25 
120 0.0 0.0 0.0 504.3 493.45 495.1 497.2 509.15 491.75 497.45 503.85 504.75 497.05 497.85 497.05 489.9 484.1 484.0 481.6 486.75 479.35 
121 0.0 0.0 0.0 500.5 502.0 503.85 506.5 503.6 498.85 505.0 504.45 492.25 496.4 486.5 482.35 480.45 478.15 471.0 477.6 468.8 473.05 
122 0.0 0.0 0.0 491.8 497.15 496.1 500.6 505.05 496.0 501.15 498.3 497.3 492.65 491.95 483.55 486.3 477.65 476.05 465.45 475.8 469.6 
123 0.0 0.0 0.0 501.15 496.55 501.4 496.8 504.65 492.35 500.6 490.6 495.1 487.45 480.0 485.15 473.1 478.05 466.15 465.05 460.6 458.3 
124 0.0 0.0 0.0 499.8 490.35 502.75 502.45 489.95 495.85 492.15 494.7 486.05 487.2 489.5 467.5 475.3 478.15 468.3 470.55 457.55 448.3 
125 0.0 0.0 0.0 498.45 502.75 507.25 496.3 499.9 497.45 492.35 490.65 486.7 469.5 480.45 479.65 477.15 460.8 465.85 465.4 443.65 450.25 
126 0.0 0.0 0.0 503.65 505.05 499.15 500.0 493.95 498.25 486.65 486.1 476.75 477.95 463.7 464.85 458.0 463.35 459.2 450.95 448.95 447.5 
127 0.0 0.0 0.0 500.5 501.65 497.45 489.8 492.7 496.65 491.25 477.95 475.7 467.7 460.9 467.55 458.0 447.7 446.3 437.95 437.25 439.25 
128 0.0 0.0 0.0 495.95 495.35 489.35 490.9 488.25 479.25 481.3 474.15 468.25 462.85 460.3 448.1 450.65 443.2 440.55 431.65 437.25 429.95 
129 0.0 0.0 0.0 500.8 495.95 499.3 501.35 488.5 485.95 472.7 467.6 457.7 456.4 449.4 443.75 438.0 431.35 427.15 425.4 421.8 411.85 
130 0.0 0.0 0.0 498.1 506.05 488.85 493.8 486.25 480.5 470.85 457.35 450.1 438.4 439.7 428.8 433.15 424.1 422.05 416.2 401.25 407.35 
131 0.0 0.0 0.0 507.6 506.2 502.25 489.7 475.15 458.85 456.75 449.8 446.3 433.15 426.35 425.05 419.1 418.3 411.05 404.55 400.3 392.8 
132 0.0 0.0 0.0 496.95 497.1 491.15 478.5 473.3 457.4 445.3 435.35 432.35 421.55 412.85 408.35 403.05 405.55 390.9 389.65 386.45 382.35 
133 0.0 0.0 0.0 496.6 499.4 489.8 473.75 457.75 440.45 436.4 418.05 408.5 412.0 398.95 397.7 392.9 390.35 390.4 380.45 379.1 374.6 
134 0.0 0.0 0.0 473.25 487.7 477.35 462.6 434.55 430.9 416.6 403.75 401.6 390.35 386.4 393.4 387.45 367.95 361.35 366.85 366.55 356.5 
135 0.0 0.0 0.0 440.7 497.7 465.95 444.3 430.25 420.3 395.1 400.6 383.35 372.1 376.35 364.8 360.35 358.25 343.7 351.25 348.4 344.35 
136 0.0 0.0 0.0 385.1 481.7 451.85 425.85 408.3 391.7 381.35 372.0 363.1 366.35 355.85 344.5 345.85 343.8 346.3 338.35 336.15 330.85 
137 0.0 0.0 0.0 325.4 473.2 437.2 406.5 386.45 377.4 356.6 357.9 354.3 351.55 344.1 334.4 326.05 325.85 322.05 321.25 320.75 321.4 
138 0.0 0.0 0.0 225.5 440.65 396.15 372.45 357.6 343.1 350.6 332.45 327.3 324.95 321.35 320.45 307.05 315.6 308.5 310.55 305.7 307.1 
139 0.0 0.0 0.0 143.1 403.7 363.45 345.3 333.9 323.0 316.5 315.5 309.2 309.15 306.1 292.85 296.2 289.85 295.7 289.6 294.0 288.05 
140 0.0 0.0 0.0 62.75 351.3 322.9 307.25 310.4 298.3 295.45 291.85 284.55 279.85 280.65 283.0 280.45 276.7 276.85 273.8 271.85 274.55 
141 0.0 0.0 0.0 30.95 295.25 275.6 268.45 269.1 270.5 263.95 264.05 265.55 260.8 260.8 263.0 260.1 261.25 260.45 255.4 259.6 259.15 
142 0.0 0.0 0.0 3.0 229.4 230.7 235.1 240.25 244.65 242.65 238.25 243.95 239.4 244.75 239.95 247.05 239.5 241.6 250.1 243.9 246.15 
143 0.0 0.0 0.0 0.25 157.35 186.45 199.25 208.25 204.05 209.9 218.5 219.7 222.3 225.1 225.75 219.9 222.3 230.25 223.75 227.9 229.85 
144 0.0 0.0 0.0 0.05 108.75 143.35 161.2 170.75 183.95 191.2 190.85 194.05 204.05 200.05 207.05 209.3 213.85 213.75 211.7 214.8 213.45 
145 0.0 0.0 0.0 0.0 62.65 111.95 133.65 141.15 154.0 163.3 167.65 179.85 181.6 183.45 190.6 190.9 189.9 195.8 198.55 191.2 199.9 
146 0.0 0.0 0.0 0.0 36.4 78.2 102.7 121.75 131.8 141.6 153.6 156.6 163.95 165.35 165.65 172.6 175.75 175.5 180.1 186.0 184.7 
147 0.0 0.0 0.0 0.0 17.35 55.25 76.8 95.7 109.35 117.6 128.7 139.05 140.35 150.9 152.8 156.35 159.6 165.1 166.5 168.1 172.85 
148 0.0 0.0 0.0 0.0 8.55 38.25 62.6 74.7 89.05 106.25 108.0 114.7 124.5 129.05 139.5 141.8 146.5 143.35 152.0 150.7 153.15 
149 0.0 0.0 0.0 0.0 3.8 24.95 44.0 59.1 72.7 82.9 93.75 100.45 108.05 115.0 117.95 124.6 134.45 134.35 140.05 142.35 140.15 
150 0.0 0.0 0.0 0.0 1.5 13.2 29.15 44.55 56.2 67.6 79.75 88.55 94.1 99.95 110.05 111.5 113.9 123.05 125.1 130.9 130.6 
151 0.0 0.0 0.0 0.0 0.6 7.2 20.3 31.8 46.4 57.1 66.85 69.95 77.5 86.1 94.6 97.35 101.95 107.7 113.5 119.1 120.8 
152 0.0 0.0 0.0 0.0 0.35 4.65 13.85 24.5 35.0 42.15 51.55 60.35 68.65 76.0 81.85 87.1 95.05 93.35 100.2 101.0 108.7 
153 0.0 0.0 0.0 0.0 0.15 2.0 9.4 16.95 27.25 33.25 40.9 51.9 58.6 62.4 66.85 77.0 81.3 87.25 88.35 92.3 96.05 
154 0.0 0.0 0.0 0.0 0.0 1.2 5.2 11.25 19.25 25.85 33.3 41.6 45.9 50.45 56.15 64.95 66.85 75.35 76.55 82.0 84.1 
155 0.0 0.0 0.0 0.0 0.0 0.75 3.6 10.0 14.9 20.3 26.15 32.3 38.75 44.4 48.7 53.65 59.8 65.3 67.45 72.4 74.75 
156 0.0 0.0 0.0 0.0 0.0 0.55 2.2 5.25 10.2 16.1 19.9 25.15 31.2 37.55 42.75 48.1 52.05 54.7 58.45 62.1 69.05 
157 0.0 0.0 0.0 0.0 0.0 0.15 1.1 3.95 7.7 12.15 15.5 20.8 27.85 30.95 38.1 39.0 44.7 48.55 51.65 55.65 61.45 
158 0.0 0.0 0.0 0.0 0.0 0.0 0.6 2.55 5.3 7.45 11.9 15.0 20.5 25.8 30.65 32.9 36.8 39.35 43.2 47.35 50.85 
159 0.0 0.0 0.0 0.0 0.0 0.0 0.3 1.45 2.9 5.6 8.2 13.2 15.7 20.3 23.85 27.1 30.05 32.9 40.7 40.2 43.8 
160 0.0 0.0 0.0 0.0 0.0 0.05 0.25 0.65 1.85 4.6 7.25 9.2 13.05 15.6 17.55 20.65 25.65 28.25 33.05 35.95 39.0 
161 0.0 0.0 0.0 0.0 0.0 0.0 0.15 0.35 1.8 3.6 5.2 7.85 9.85 12.2 15.85 18.25 21.7 24.95 26.8 32.5 33.8 
162 0.0 0.0 0.0 0.0 0.0 0.0 0.1 0.35 0.65 2.75 4.2 6.1 8.45 10.2 11.4 15.45 16.95 21.95 21.8 25.75 28.15 
163 0.0 0.0 0.0 0.0 0.0 0.0 0.05 0.2 0.45 1.1 2.55 4.0 6.25 7.9 10.05 11.3 14.4 17.6 20.15 22.4 25.3 
164 0.0 0.0 0.0 0.0 0.0 0.0 0.0 0.1 0.35 0.65 1.65 2.75 4.3 6.9 7.8 10.75 11.4 13.7 17.25 18.45 21.6 
165 0.0 0.0 0.0 0.0 0.0 0.0 0.05 0.05 0.05 0.6 1.55 1.45 3.45 5.25 7.0 8.2 10.35 12.05 13.35 16.6 17.05 
166 0.0 0.0 0.0 0.0 0.0 0.0 0.0 0.0 0.25 0.3 0.75 1.7 2.55 3.3 5.0 6.5 8.1 11.3 11.4 11.75 13.5 
167 0.0 0.0 0.0 0.0 0.0 0.0 0.0 0.0 0.1 0.45 0.6 1.35 1.3 2.5 3.55 4.75 6.2 6.15 8.75 9.8 13.4 
168 0.0 0.0 0.0 0.0 0.0 0.0 0.0 0.0 0.05 0.15 0.55 1.25 1.05 2.1 2.95 3.85 5.2 6.2 6.95 9.2 11.15 
169 0.0 0.0 0.0 0.0 0.0 0.0 0.0 0.0 0.05 0.05 0.2 0.65 1.15 1.4 1.9 3.0 4.15 5.25 6.3 8.1 10.1 
170 0.0 0.0 0.0 0.0 0.0 0.0 0.0 0.0 0.0 0.0 0.2 0.25 0.55 1.25 1.65 2.8 3.25 4.5 4.25 6.85 6.8 
171 0.0 0.0 0.0 0.0 0.0 0.0 0.0 0.0 0.0 0.1 0.05 0.1 0.7 0.45 1.15 2.1 2.8 3.0 4.5 4.35 6.0 
172 0.0 0.0 0.0 0.0 0.0 0.0 0.0 0.0 0.0 0.05 0.05 0.3 0.55 0.55 0.7 1.2 2.1 2.15 3.65 4.6 5.3 
173 0.0 0.0 0.0 0.0 0.0 0.0 0.0 0.0 0.0 0.0 0.0 0.05 0.45 0.35 0.8 0.85 1.45 1.9 3.25 2.75 3.45 
174 0.0 0.0 0.0 0.0 0.0 0.0 0.0 0.0 0.0 0.0 0.05 0.05 0.15 0.4 0.45 0.85 1.25 1.85 1.9 2.15 3.4 
175 0.0 0.0 0.0 0.0 0.0 0.0 0.0 0.0 0.0 0.0 0.0 0.05 0.0 0.2 0.45 0.45 0.85 1.1 1.7 2.15 2.35 
176 0.0 0.0 0.0 0.0 0.0 0.0 0.0 0.0 0.0 0.0 0.0 0.0 0.05 0.1 0.1 0.55 0.45 0.9 0.85 1.9 1.8 
177 0.0 0.0 0.0 0.0 0.0 0.0 0.0 0.0 0.0 0.0 0.0 0.0 0.15 0.2 0.25 0.35 0.55 0.6 1.1 1.75 1.35 
178 0.0 0.0 0.0 0.0 0.0 0.0 0.0 0.0 0.0 0.0 0.0 0.0 0.0 0.0 0.0 0.15 0.35 0.6 0.85 1.25 1.35 
179 0.0 0.0 0.0 0.0 0.0 0.0 0.0 0.0 0.0 0.0 0.0 0.0 0.0 0.05 0.0 0.05 0.1 0.25 0.4 0.75 1.15 
180 0.0 0.0 0.0 0.0 0.0 0.0 0.0 0.0 0.0 0.0 0.0 0.0 0.05 0.05 0.05 0.2 0.2 0.3 0.5 0.75 0.8 
181 0.0 0.0 0.0 0.0 0.0 0.0 0.0 0.0 0.0 0.0 0.0 0.0 0.0 0.05 0.2 0.1 0.2 0.15 0.3 0.45 0.5 
182 0.0 0.0 0.0 0.0 0.0 0.0 0.0 0.0 0.0 0.0 0.0 0.0 0.0 0.05 0.05 0.05 0.05 0.3 0.2 0.25 0.55 
183 0.0 0.0 0.0 0.0 0.0 0.0 0.0 0.0 0.0 0.0 0.0 0.0 0.0 0.0 0.0 0.1 0.1 0.05 0.25 0.2 0.35 
184 0.0 0.0 0.0 0.0 0.0 0.0 0.0 0.0 0.0 0.0 0.0 0.0 0.0 0.0 0.05 0.05 0.05 0.0 0.1 0.25 0.4 
185 0.0 0.0 0.0 0.0 0.0 0.0 0.0 0.0 0.0 0.0 0.0 0.0 0.0 0.0 0.0 0.05 0.0 0.0 0.1 0.15 0.35 
186 0.0 0.0 0.0 0.0 0.0 0.0 0.0 0.0 0.0 0.0 0.0 0.0 0.0 0.0 0.0 0.0 0.0 0.1 0.0 0.2 0.3 
187 0.0 0.0 0.0 0.0 0.0 0.0 0.0 0.0 0.0 0.0 0.0 0.0 0.0 0.0 0.0 0.0 0.05 0.0 0.1 0.0 0.1 
188 0.0 0.0 0.0 0.0 0.0 0.0 0.0 0.0 0.0 0.0 0.0 0.0 0.0 0.0 0.0 0.0 0.0 0.1 0.0 0.0 0.05 
189 0.0 0.0 0.0 0.0 0.0 0.0 0.0 0.0 0.0 0.0 0.0 0.0 0.0 0.0 0.0 0.0 0.0 0.0 0.0 0.05 0.0 
190 0.0 0.0 0.0 0.0 0.0 0.0 0.0 0.0 0.0 0.0 0.0 0.0 0.0 0.0 0.0 0.0 0.0 0.0 0.0 0.05 0.1 
191 0.0 0.0 0.0 0.0 0.0 0.0 0.0 0.0 0.0 0.0 0.0 0.0 0.0 0.0 0.0 0.0 0.0 0.0 0.05 0.0 0.0 
192 0.0 0.0 0.0 0.0 0.0 0.0 0.0 0.0 0.0 0.0 0.0 0.0 0.0 0.0 0.0 0.0 0.0 0.0 0.0 0.0 0.0 
193 0.0 0.0 0.0 0.0 0.0 0.0 0.0 0.0 0.0 0.0 0.0 0.0 0.0 0.0 0.0 0.0 0.0 0.0 0.0 0.0 0.0 
194 0.0 0.0 0.0 0.0 0.0 0.0 0.0 0.0 0.0 0.0 0.0 0.0 0.0 0.0 0.0 0.0 0.0 0.0 0.0 0.0 0.05 
195 0.0 0.0 0.0 0.0 0.0 0.0 0.0 0.0 0.0 0.0 0.0 0.0 0.0 0.0 0.0 0.0 0.0 0.0 0.0 0.0 0.05 
196 0.0 0.0 0.0 0.0 0.0 0.0 0.0 0.0 0.0 0.0 0.0 0.0 0.0 0.0 0.0 0.0 0.0 0.0 0.0 0.0 0.0 
197 0.0 0.0 0.0 0.0 0.0 0.0 0.0 0.0 0.0 0.0 0.0 0.0 0.0 0.0 0.0 0.0 0.0 0.0 0.0 0.0 0.0 
198 0.0 0.0 0.0 0.0 0.0 0.0 0.0 0.0 0.0 0.0 0.0 0.0 0.0 0.0 0.0 0.0 0.0 0.0 0.0 0.0 0.0 
199 0.0 0.0 0.0 0.0 0.0 0.0 0.0 0.0 0.0 0.0 0.0 0.0 0.0 0.0 0.0 0.0 0.0 0.0 0.0 0.0 0.0 
200 0.0 0.0 0.0 0.0 0.0 0.0 0.0 0.0 0.0 0.0 0.0 0.0 0.0 0.0 0.0 0.0 0.0 0.0 0.0 0.0 0.0 
201 0.0 0.0 0.0 0.0 0.0 0.0 0.0 0.0 0.0 0.0 0.0 0.0 0.0 0.0 0.0 0.0 0.0 0.0 0.0 0.0 0.0 
202 0.0 0.0 0.0 0.0 0.0 0.0 0.0 0.0 0.0 0.0 0.0 0.0 0.0 0.0 0.0 0.0 0.0 0.0 0.0 0.0 0.0 
203 0.0 0.0 0.0 0.0 0.0 0.0 0.0 0.0 0.0 0.0 0.0 0.0 0.0 0.0 0.0 0.0 0.0 0.0 0.0 0.0 0.0 
204 0.0 0.0 0.0 0.0 0.0 0.0 0.0 0.0 0.0 0.0 0.0 0.0 0.0 0.0 0.0 0.0 0.0 0.0 0.0 0.0 0.0 
205 0.0 0.0 0.0 0.0 0.0 0.0 0.0 0.0 0.0 0.0 0.0 0.0 0.0 0.0 0.0 0.0 0.0 0.0 0.0 0.0 0.0 
206 0.0 0.0 0.0 0.0 0.0 0.0 0.0 0.0 0.0 0.0 0.0 0.0 0.0 0.0 0.0 0.0 0.0 0.0 0.0 0.0 0.0 
207 0.0 0.0 0.0 0.0 0.0 0.0 0.0 0.0 0.0 0.0 0.0 0.0 0.0 0.0 0.0 0.0 0.0 0.0 0.0 0.0 0.0 
208 0.0 0.0 0.0 0.0 0.0 0.0 0.0 0.0 0.0 0.0 0.0 0.0 0.0 0.0 0.0 0.0 0.0 0.0 0.0 0.0 0.0 
209 0.0 0.0 0.0 0.0 0.0 0.0 0.0 0.0 0.0 0.0 0.0 0.0 0.0 0.0 0.0 0.0 0.0 0.0 0.0 0.0 0.0 
210 0.0 0.0 0.0 0.0 0.0 0.0 0.0 0.0 0.0 0.0 0.0 0.0 0.0 0.0 0.0 0.0 0.0 0.0 0.0 0.0 0.0 
211 0.0 0.0 0.0 0.0 0.0 0.0 0.0 0.0 0.0 0.0 0.0 0.0 0.0 0.0 0.0 0.0 0.0 0.0 0.0 0.0 0.0 
212 0.0 0.0 0.0 0.0 0.0 0.0 0.0 0.0 0.0 0.0 0.0 0.0 0.0 0.0 0.0 0.0 0.0 0.0 0.0 0.0 0.0 
213 0.0 0.0 0.0 0.0 0.0 0.0 0.0 0.0 0.0 0.0 0.0 0.0 0.0 0.0 0.0 0.0 0.0 0.0 0.0 0.0 0.0 
214 0.0 0.0 0.0 0.0 0.0 0.0 0.0 0.0 0.0 0.0 0.0 0.0 0.0 0.0 0.0 0.0 0.0 0.0 0.0 0.0 0.0 
215 0.0 0.0 0.0 0.0 0.0 0.0 0.0 0.0 0.0 0.0 0.0 0.0 0.0 0.0 0.0 0.0 0.0 0.0 0.0 0.0 0.0 
216 0.0 0.0 0.0 0.0 0.0 0.0 0.0 0.0 0.0 0.0 0.0 0.0 0.0 0.0 0.0 0.0 0.0 0.0 0.0 0.0 0.0 
217 0.0 0.0 0.0 0.0 0.0 0.0 0.0 0.0 0.0 0.0 0.0 0.0 0.0 0.0 0.0 0.0 0.0 0.0 0.0 0.0 0.0 
218 0.0 0.0 0.0 0.0 0.0 0.0 0.0 0.0 0.0 0.0 0.0 0.0 0.0 0.0 0.0 0.0 0.0 0.0 0.0 0.0 0.0 
219 0.0 0.0 0.0 0.0 0.0 0.0 0.0 0.0 0.0 0.0 0.0 0.0 0.0 0.0 0.0 0.0 0.0 0.0 0.0 0.0 0.0 
220 0.0 0.0 0.0 0.0 0.0 0.0 0.0 0.0 0.0 0.0 0.0 0.0 0.0 0.0 0.0 0.0 0.0 0.0 0.0 0.0 0.0 
221 0.0 0.0 0.0 0.0 0.0 0.0 0.0 0.0 0.0 0.0 0.0 0.0 0.0 0.0 0.0 0.0 0.0 0.0 0.0 0.0 0.0 
222 0.0 0.0 0.0 0.0 0.0 0.0 0.0 0.0 0.0 0.0 0.0 0.0 0.0 0.0 0.0 0.0 0.0 0.0 0.0 0.0 0.0 
223 0.0 0.0 0.0 0.0 0.0 0.0 0.0 0.0 0.0 0.0 0.0 0.0 0.0 0.0 0.0 0.0 0.0 0.0 0.0 0.0 0.0 
224 0.0 0.0 0.0 0.0 0.0 0.0 0.0 0.0 0.0 0.0 0.0 0.0 0.0 0.0 0.0 0.0 0.0 0.0 0.0 0.0 0.0 
225 0.0 0.0 0.0 0.0 0.0 0.0 0.0 0.0 0.0 0.0 0.0 0.0 0.0 0.0 0.0 0.0 0.0 0.0 0.0 0.0 0.0 
226 0.0 0.0 0.0 0.0 0.0 0.0 0.0 0.0 0.0 0.0 0.0 0.0 0.0 0.0 0.0 0.0 0.0 0.0 0.0 0.0 0.0 
227 0.0 0.0 0.0 0.0 0.0 0.0 0.0 0.0 0.0 0.0 0.0 0.0 0.0 0.0 0.0 0.0 0.0 0.0 0.0 0.0 0.0 
228 0.0 0.0 0.0 0.0 0.0 0.0 0.0 0.0 0.0 0.0 0.0 0.0 0.0 0.0 0.0 0.0 0.0 0.0 0.0 0.0 0.0 
229 0.0 0.0 0.0 0.0 0.0 0.0 0.0 0.0 0.0 0.0 0.0 0.0 0.0 0.0 0.0 0.0 0.0 0.0 0.0 0.0 0.0 
230 0.0 0.0 0.0 0.0 0.0 0.0 0.0 0.0 0.0 0.0 0.0 0.0 0.0 0.0 0.0 0.0 0.0 0.0 0.0 0.0 0.0 
231 0.0 0.0 0.0 0.0 0.0 0.0 0.0 0.0 0.0 0.0 0.0 0.0 0.0 0.0 0.0 0.0 0.0 0.0 0.0 0.0 0.0 
232 0.0 0.0 0.0 0.0 0.0 0.0 0.0 0.0 0.0 0.0 0.0 0.0 0.0 0.0 0.0 0.0 0.0 0.0 0.0 0.0 0.0 
233 0.0 0.0 0.0 0.0 0.0 0.0 0.0 0.0 0.0 0.0 0.0 0.0 0.0 0.0 0.0 0.0 0.0 0.0 0.0 0.0 0.0 
234 0.0 0.0 0.0 0.0 0.0 0.0 0.0 0.0 0.0 0.0 0.0 0.0 0.0 0.0 0.0 0.0 0.0 0.0 0.0 0.0 0.0 
235 0.0 0.0 0.0 0.0 0.0 0.0 0.0 0.0 0.0 0.0 0.0 0.0 0.0 0.0 0.0 0.0 0.0 0.0 0.0 0.0 0.0 
236 0.0 0.0 0.0 0.0 0.0 0.0 0.0 0.0 0.0 0.0 0.0 0.0 0.0 0.0 0.0 0.0 0.0 0.0 0.0 0.0 0.0 
237 0.0 0.0 0.0 0.0 0.0 0.0 0.0 0.0 0.0 0.0 0.0 0.0 0.0 0.0 0.0 0.0 0.0 0.0 0.0 0.0 0.0 
238 0.0 0.0 0.0 0.0 0.0 0.0 0.0 0.0 0.0 0.0 0.0 0.0 0.0 0.0 0.0 0.0 0.0 0.0 0.0 0.0 0.0 
239 0.0 0.0 0.0 0.0 0.0 0.0 0.0 0.0 0.0 0.0 0.0 0.0 0.0 0.0 0.0 0.0 0.0 0.0 0.0 0.0 0.0 
240 0.0 0.0 0.0 0.0 0.0 0.0 0.0 0.0 0.0 0.0 0.0 0.0 0.0 0.0 0.0 0.0 0.0 0.0 0.0 0.0 0.0 
241 0.0 0.0 0.0 0.0 0.0 0.0 0.0 0.0 0.0 0.0 0.0 0.0 0.0 0.0 0.0 0.0 0.0 0.0 0.0 0.0 0.0 
242 0.0 0.0 0.0 0.0 0.0 0.0 0.0 0.0 0.0 0.0 0.0 0.0 0.0 0.0 0.0 0.0 0.0 0.0 0.0 0.0 0.0 
243 0.0 0.0 0.0 0.0 0.0 0.0 0.0 0.0 0.0 0.0 0.0 0.0 0.0 0.0 0.0 0.0 0.0 0.0 0.0 0.0 0.0 
244 0.0 0.0 0.0 0.0 0.0 0.0 0.0 0.0 0.0 0.0 0.0 0.0 0.0 0.0 0.0 0.0 0.0 0.0 0.0 0.0 0.0 
245 0.0 0.0 0.0 0.0 0.0 0.0 0.0 0.0 0.0 0.0 0.0 0.0 0.0 0.0 0.0 0.0 0.0 0.0 0.0 0.0 0.0 
246 0.0 0.0 0.0 0.0 0.0 0.0 0.0 0.0 0.0 0.0 0.0 0.0 0.0 0.0 0.0 0.0 0.0 0.0 0.0 0.0 0.0 
247 0.0 0.0 0.0 0.0 0.0 0.0 0.0 0.0 0.0 0.0 0.0 0.0 0.0 0.0 0.0 0.0 0.0 0.0 0.0 0.0 0.0 
248 0.0 0.0 0.0 0.0 0.0 0.0 0.0 0.0 0.0 0.0 0.0 0.0 0.0 0.0 0.0 0.0 0.0 0.0 0.0 0.0 0.0 
249 0.0 0.0 0.0 0.0 0.0 0.0 0.0 0.0 0.0 0.0 0.0 0.0 0.0 0.0 0.0 0.0 0.0 0.0 0.0 0.0 0.0 
250 0.0 0.0 0.0 0.0 0.0 0.0 0.0 0.0 0.0 0.0 0.0 0.0 0.0 0.0 0.0 0.0 0.0 0.0 0.0 0.0 0.0 
251 0.0 0.0 0.0 0.0 0.0 0.0 0.0 0.0 0.0 0.0 0.0 0.0 0.0 0.0 0.0 0.0 0.0 0.0 0.0 0.0 0.0 
252 0.0 0.0 0.0 0.0 0.0 0.0 0.0 0.0 0.0 0.0 0.0 0.0 0.0 0.0 0.0 0.0 0.0 0.0 0.0 0.0 0.0 
253 0.0 0.0 0.0 0.0 0.0 0.0 0.0 0.0 0.0 0.0 0.0 0.0 0.0 0.0 0.0 0.0 0.0 0.0 0.0 0.0 0.0 
254 0.0 0.0 0.0 0.0 0.0 0.0 0.0 0.0 0.0 0.0 0.0 0.0 0.0 0.0 0.0 0.0 0.0 0.0 0.0 0.0 0.0 
255 0.0 0.0 0.0 0.0 0.0 0.0 0.0 0.0 0.0 0.0 0.0 0.0 0.0 0.0 0.0 0.0 0.0 0.0 0.0 0.0 0.0 
256 0.0 0.0 0.0 0.0 0.0 0.0 0.0 0.0 0.0 0.0 0.0 0.0 0.0 0.0 0.0 0.0 0.0 0.0 0.0 0.0 0.0 
257 0.0 0.0 0.0 0.0 0.0 0.0 0.0 0.0 0.0 0.0 0.0 0.0 0.0 0.0 0.0 0.0 0.0 0.0 0.0 0.0 0.0 
258 0.0 0.0 0.0 0.0 0.0 0.0 0.0 0.0 0.0 0.0 0.0 0.0 0.0 0.0 0.0 0.0 0.0 0.0 0.0 0.0 0.0 
259 0.0 0.0 0.0 0.0 0.0 0.0 0.0 0.0 0.0 0.0 0.0 0.0 0.0 0.0 0.0 0.0 0.0 0.0 0.0 0.0 0.0 
260 0.0 0.0 0.0 0.0 0.0 0.0 0.0 0.0 0.0 0.0 0.0 0.0 0.0 0.0 0.0 0.0 0.0 0.0 0.0 0.0 0.0 
261 0.0 0.0 0.0 0.0 0.0 0.0 0.0 0.0 0.0 0.0 0.0 0.0 0.0 0.0 0.0 0.0 0.0 0.0 0.0 0.0 0.0 
262 0.0 0.0 0.0 0.0 0.0 0.0 0.0 0.0 0.0 0.0 0.0 0.0 0.0 0.0 0.0 0.0 0.0 0.0 0.0 0.0 0.0 
263 0.0 0.0 0.0 0.0 0.0 0.0 0.0 0.0 0.0 0.0 0.0 0.0 0.0 0.0 0.0 0.0 0.0 0.0 0.0 0.0 0.0 
264 0.0 0.0 0.0 0.0 0.0 0.0 0.0 0.0 0.0 0.0 0.0 0.0 0.0 0.0 0.0 0.0 0.0 0.0 0.0 0.0 0.0 
265 0.0 0.0 0.0 0.0 0.0 0.0 0.0 0.0 0.0 0.0 0.0 0.0 0.0 0.0 0.0 0.0 0.0 0.0 0.0 0.0 0.0 
266 0.0 0.0 0.0 0.0 0.0 0.0 0.0 0.0 0.0 0.0 0.0 0.0 0.0 0.0 0.0 0.0 0.0 0.0 0.0 0.0 0.0 
267 0.0 0.0 0.0 0.0 0.0 0.0 0.0 0.0 0.0 0.0 0.0 0.0 0.0 0.0 0.0 0.0 0.0 0.0 0.0 0.0 0.0 
268 0.0 0.0 0.0 0.0 0.0 0.0 0.0 0.0 0.0 0.0 0.0 0.0 0.0 0.0 0.0 0.0 0.0 0.0 0.0 0.0 0.0 
269 0.0 0.0 0.0 0.0 0.0 0.0 0.0 0.0 0.0 0.0 0.0 0.0 0.0 0.0 0.0 0.0 0.0 0.0 0.0 0.0 0.0 
270 0.0 0.0 0.0 0.0 0.0 0.0 0.0 0.0 0.0 0.0 0.0 0.0 0.0 0.0 0.0 0.0 0.0 0.0 0.0 0.0 0.0 
271 0.0 0.0 0.0 0.0 0.0 0.0 0.0 0.0 0.0 0.0 0.0 0.0 0.0 0.0 0.0 0.0 0.0 0.0 0.0 0.0 0.0 
272 0.0 0.0 0.0 0.0 0.0 0.0 0.0 0.0 0.0 0.0 0.0 0.0 0.0 0.0 0.0 0.0 0.0 0.0 0.0 0.0 0.0 
273 0.0 0.0 0.0 0.0 0.0 0.0 0.0 0.0 0.0 0.0 0.0 0.0 0.0 0.0 0.0 0.0 0.0 0.0 0.0 0.0 0.0 
274 0.0 0.0 0.0 0.0 0.0 0.0 0.0 0.0 0.0 0.0 0.0 0.0 0.0 0.0 0.0 0.0 0.0 0.0 0.0 0.0 0.0 
275 0.0 0.0 0.0 0.0 0.0 0.0 0.0 0.0 0.0 0.0 0.0 0.0 0.0 0.0 0.0 0.0 0.0 0.0 0.0 0.0 0.0 
276 0.0 0.0 0.0 0.0 0.0 0.0 0.0 0.0 0.0 0.0 0.0 0.0 0.0 0.0 0.0 0.0 0.0 0.0 0.0 0.0 0.0 
277 0.0 0.0 0.0 0.0 0.0 0.0 0.0 0.0 0.0 0.0 0.0 0.0 0.0 0.0 0.0 0.0 0.0 0.0 0.0 0.0 0.0 
278 0.0 0.0 0.0 0.0 0.0 0.0 0.0 0.0 0.0 0.0 0.0 0.0 0.0 0.0 0.0 0.0 0.0 0.0 0.0 0.0 0.0 
279 0.0 0.0 0.0 0.0 0.0 0.0 0.0 0.0 0.0 0.0 0.0 0.0 0.0 0.0 0.0 0.0 0.0 0.0 0.0 0.0 0.0 
280 0.0 0.0 0.0 0.0 0.0 0.0 0.0 0.0 0.0 0.0 0.0 0.0 0.0 0.0 0.0 0.0 0.0 0.0 0.0 0.0 0.0 
281 0.0 0.0 0.0 0.0 0.0 0.0 0.0 0.0 0.0 0.0 0.0 0.0 0.0 0.0 0.0 0.0 0.0 0.0 0.0 0.0 0.0 
282 0.0 0.0 0.0 0.0 0.0 0.0 0.0 0.0 0.0 0.0 0.0 0.0 0.0 0.0 0.0 0.0 0.0 0.0 0.0 0.0 0.0 
283 0.0 0.0 0.0 0.0 0.0 0.0 0.0 0.0 0.0 0.0 0.0 0.0 0.0 0.0 0.0 0.0 0.0 0.0 0.0 0.0 0.0 
284 0.0 0.0 0.0 0.0 0.0 0.0 0.0 0.0 0.0 0.0 0.0 0.0 0.0 0.0 0.0 0.0 0.0 0.0 0.0 0.0 0.0 
285 0.0 0.0 0.0 0.0 0.0 0.0 0.0 0.0 0.0 0.0 0.0 0.0 0.0 0.0 0.0 0.0 0.0 0.0 0.0 0.0 0.0 
286 0.0 0.0 0.0 0.0 0.0 0.0 0.0 0.0 0.0 0.0 0.0 0.0 0.0 0.0 0.0 0.0 0.0 0.0 0.0 0.0 0.0 
287 0.0 0.0 0.0 0.0 0.0 0.0 0.0 0.0 0.0 0.0 0.0 0.0 0.0 0.0 0.0 0.0 0.0 0.0 0.0 0.0 0.0 
288 0.0 0.0 0.0 0.0 0.0 0.0 0.0 0.0 0.0 0.0 0.0 0.0 0.0 0.0 0.0 0.0 0.0 0.0 0.0 0.0 0.0 
289 0.0 0.0 0.0 0.0 0.0 0.0 0.0 0.0 0.0 0.0 0.0 0.0 0.0 0.0 0.0 0.0 0.0 0.0 0.0 0.0 0.0 
290 0.0 0.0 0.0 0.0 0.0 0.0 0.0 0.0 0.0 0.0 0.0 0.0 0.0 0.0 0.0 0.0 0.0 0.0 0.0 0.0 0.0 
291 0.0 0.0 0.0 0.0 0.0 0.0 0.0 0.0 0.0 0.0 0.0 0.0 0.0 0.0 0.0 0.0 0.0 0.0 0.0 0.0 0.0 
292 0.0 0.0 0.0 0.0 0.0 0.0 0.0 0.0 0.0 0.0 0.0 0.0 0.0 0.0 0.0 0.0 0.0 0.0 0.0 0.0 0.0 
293 0.0 0.0 0.0 0.0 0.0 0.0 0.0 0.0 0.0 0.0 0.0 0.0 0.0 0.0 0.0 0.0 0.0 0.0 0.0 0.0 0.0 
294 0.0 0.0 0.0 0.0 0.0 0.0 0.0 0.0 0.0 0.0 0.0 0.0 0.0 0.0 0.0 0.0 0.0 0.0 0.0 0.0 0.0 
295 0.0 0.0 0.0 0.0 0.0 0.0 0.0 0.0 0.0 0.0 0.0 0.0 0.0 0.0 0.0 0.0 0.0 0.0 0.0 0.0 0.0 
296 0.0 0.0 0.0 0.0 0.0 0.0 0.0 0.0 0.0 0.0 0.0 0.0 0.0 0.0 0.0 0.0 0.0 0.0 0.0 0.0 0.0 
297 0.0 0.0 0.0 0.0 0.0 0.0 0.0 0.0 0.0 0.0 0.0 0.0 0.0 0.0 0.0 0.0 0.0 0.0 0.0 0.0 0.0 
298 0.0 0.0 0.0 0.0 0.0 0.0 0.0 0.0 0.0 0.0 0.0 0.0 0.0 0.0 0.0 0.0 0.0 0.0 0.0 0.0 0.0 
299 0.0 0.0 0.0 0.0 0.0 0.0 0.0 0.0 0.0 0.0 0.0 0.0 0.0 0.0 0.0 0.0 0.0 0.0 0.0 0.0 0.0 
300 0.0 0.0 0.0 0.0 0.0 0.0 0.0 0.0 0.0 0.0 0.0 0.0 0.0 0.0 0.0 0.0 0.0 0.0 0.0 0.0 0.0 
301 0.0 0.0 0.0 0.0 0.0 0.0 0.0 0.0 0.0 0.0 0.0 0.0 0.0 0.0 0.0 0.0 0.0 0.0 0.0 0.0 0.0 
302 0.0 0.0 0.0 0.0 0.0 0.0 0.0 0.0 0.0 0.0 0.0 0.0 0.0 0.0 0.0 0.0 0.0 0.0 0.0 0.0 0.0 
303 0.0 0.0 0.0 0.0 0.0 0.0 0.0 0.0 0.0 0.0 0.0 0.0 0.0 0.0 0.0 0.0 0.0 0.0 0.0 0.0 0.0 
304 0.0 0.0 0.0 0.0 0.0 0.0 0.0 0.0 0.0 0.0 0.0 0.0 0.0 0.0 0.0 0.0 0.0 0.0 0.0 0.0 0.0 
305 0.0 0.0 0.0 0.0 0.0 0.0 0.0 0.0 0.0 0.0 0.0 0.0 0.0 0.0 0.0 0.0 0.0 0.0 0.0 0.0 0.0 
306 0.0 0.0 0.0 0.0 0.0 0.0 0.0 0.0 0.0 0.0 0.0 0.0 0.0 0.0 0.0 0.0 0.0 0.0 0.0 0.0 0.0 
307 0.0 0.0 0.0 0.0 0.0 0.0 0.0 0.0 0.0 0.0 0.0 0.0 0.0 0.0 0.0 0.0 0.0 0.0 0.0 0.0 0.0 
308 0.0 0.0 0.0 0.0 0.0 0.0 0.0 0.0 0.0 0.0 0.0 0.0 0.0 0.0 0.0 0.0 0.0 0.0 0.0 0.0 0.0 
309 0.0 0.0 0.0 0.0 0.0 0.0 0.0 0.0 0.0 0.0 0.0 0.0 0.0 0.0 0.0 0.0 0.0 0.0 0.0 0.0 0.0 
310 0.0 0.0 0.0 0.0 0.0 0.0 0.0 0.0 0.0 0.0 0.0 0.0 0.0 0.0 0.0 0.0 0.0 0.0 0.0 0.0 0.0 
311 0.0 0.0 0.0 0.0 0.0 0.0 0.0 0.0 0.0 0.0 0.0 0.0 0.0 0.0 0.0 0.0 0.0 0.0 0.0 0.0 0.0 
312 0.0 0.0 0.0 0.0 0.0 0.0 0.0 0.0 0.0 0.0 0.0 0.0 0.0 0.0 0.0 0.0 0.0 0.0 0.0 0.0 0.0 
313 0.0 0.0 0.0 0.0 0.0 0.0 0.0 0.0 0.0 0.0 0.0 0.0 0.0 0.0 0.0 0.0 0.0 0.0 0.0 0.0 0.0 
314 0.0 0.0 0.0 0.0 0.0 0.0 0.0 0.0 0.0 0.0 0.0 0.0 0.0 0.0 0.0 0.0 0.0 0.0 0.0 0.0 0.0 
315 0.0 0.0 0.0 0.0 0.0 0.0 0.0 0.0 0.0 0.0 0.0 0.0 0.0 0.0 0.0 0.0 0.0 0.0 0.0 0.0 0.0 
316 0.0 0.0 0.0 0.0 0.0 0.0 0.0 0.0 0.0 0.0 0.0 0.0 0.0 0.0 0.0 0.0 0.0 0.0 0.0 0.0 0.0 
317 0.0 0.0 0.0 0.0 0.0 0.0 0.0 0.0 0.0 0.0 0.0 0.0 0.0 0.0 0.0 0.0 0.0 0.0 0.0 0.0 0.0 
318 0.0 0.0 0.0 0.0 0.0 0.0 0.0 0.0 0.0 0.0 0.0 0.0 0.0 0.0 0.0 0.0 0.0 0.0 0.0 0.0 0.0 
319 0.0 0.0 0.0 0.0 0.0 0.0 0.0 0.0 0.0 0.0 0.0 0.0 0.0 0.0 0.0 0.0 0.0 0.0 0.0 0.0 0.0 
320 0.0 0.0 0.0 0.0 0.0 0.0 0.0 0.0 0.0 0.0 0.0 0.0 0.0 0.0 0.0 0.0 0.0 0.0 0.0 0.0 0.0 
321 0.0 0.0 0.0 0.0 0.0 0.0 0.0 0.0 0.0 0.0 0.0 0.0 0.0 0.0 0.0 0.0 0.0 0.0 0.0 0.0 0.0 
322 0.0 0.0 0.0 0.0 0.0 0.0 0.0 0.0 0.0 0.0 0.0 0.0 0.0 0.0 0.0 0.0 0.0 0.0 0.0 0.0 0.0 
323 0.0 0.0 0.0 0.0 0.0 0.0 0.0 0.0 0.0 0.0 0.0 0.0 0.0 0.0 0.0 0.0 0.0 0.0 0.0 0.0 0.0 
324 0.0 0.0 0.0 0.0 0.0 0.0 0.0 0.0 0.0 0.0 0.0 0.0 0.0 0.0 0.0 0.0 0.0 0.0 0.0 0.0 0.0 
325 0.0 0.0 0.0 0.0 0.0 0.0 0.0 0.0 0.0 0.0 0.0 0.0 0.0 0.0 0.0 0.0 0.0 0.0 0.0 0.0 0.0 
326 0.0 0.0 0.0 0.0 0.0 0.0 0.0 0.0 0.0 0.0 0.0 0.0 0.0 0.0 0.0 0.0 0.0 0.0 0.0 0.0 0.0 
327 0.0 0.0 0.0 0.0 0.0 0.0 0.0 0.0 0.0 0.0 0.0 0.0 0.0 0.0 0.0 0.0 0.0 0.0 0.0 0.0 0.0 
328 0.0 0.0 0.0 0.0 0.0 0.0 0.0 0.0 0.0 0.0 0.0 0.0 0.0 0.0 0.0 0.0 0.0 0.0 0.0 0.0 0.0 
329 0.0 0.0 0.0 0.0 0.0 0.0 0.0 0.0 0.0 0.0 0.0 0.0 0.0 0.0 0.0 0.0 0.0 0.0 0.0 0.0 0.0 
330 0.0 0.0 0.0 0.0 0.0 0.0 0.0 0.0 0.0 0.0 0.0 0.0 0.0 0.0 0.0 0.0 0.0 0.0 0.0 0.0 0.0 
331 0.0 0.0 0.0 0.0 0.0 0.0 0.0 0.0 0.0 0.0 0.0 0.0 0.0 0.0 0.0 0.0 0.0 0.0 0.0 0.0 0.0 
332 0.0 0.0 0.0 0.0 0.0 0.0 0.0 0.0 0.0 0.0 0.0 0.0 0.0 0.0 0.0 0.0 0.0 0.0 0.0 0.0 0.0 
333 0.0 0.0 0.0 0.0 0.0 0.0 0.0 0.0 0.0 0.0 0.0 0.0 0.0 0.0 0.0 0.0 0.0 0.0 0.0 0.0 0.0 
334 0.0 0.0 0.0 0.0 0.0 0.0 0.0 0.0 0.0 0.0 0.0 0.0 0.0 0.0 0.0 0.0 0.0 0.0 0.0 0.0 0.0 
335 0.0 0.0 0.0 0.0 0.0 0.0 0.0 0.0 0.0 0.0 0.0 0.0 0.0 0.0 0.0 0.0 0.0 0.0 0.0 0.0 0.0 
336 0.0 0.0 0.0 0.0 0.0 0.0 0.0 0.0 0.0 0.0 0.0 0.0 0.0 0.0 0.0 0.0 0.0 0.0 0.0 0.0 0.0 
337 0.0 0.0 0.0 0.0 0.0 0.0 0.0 0.0 0.0 0.0 0.0 0.0 0.0 0.0 0.0 0.0 0.0 0.0 0.0 0.0 0.0 
338 0.0 0.0 0.0 0.0 0.0 0.0 0.0 0.0 0.0 0.0 0.0 0.0 0.0 0.0 0.0 0.0 0.0 0.0 0.0 0.0 0.0 
339 0.0 0.0 0.0 0.0 0.0 0.0 0.0 0.0 0.0 0.0 0.0 0.0 0.0 0.0 0.0 0.0 0.0 0.0 0.0 0.0 0.0 
340 0.0 0.0 0.0 0.0 0.0 0.0 0.0 0.0 0.0 0.0 0.0 0.0 0.0 0.0 0.0 0.0 0.0 0.0 0.0 0.0 0.0 
341 0.0 0.0 0.0 0.0 0.0 0.0 0.0 0.0 0.0 0.0 0.0 0.0 0.0 0.0 0.0 0.0 0.0 0.0 0.0 0.0 0.0 
342 0.0 0.0 0.0 0.0 0.0 0.0 0.0 0.0 0.0 0.0 0.0 0.0 0.0 0.0 0.0 0.0 0.0 0.0 0.0 0.0 0.0 
343 0.0 0.0 0.0 0.0 0.0 0.0 0.0 0.0 0.0 0.0 0.0 0.0 0.0 0.0 0.0 0.0 0.0 0.0 0.0 0.0 0.0 
344 0.0 0.0 0.0 0.0 0.0 0.0 0.0 0.0 0.0 0.0 0.0 0.0 0.0 0.0 0.0 0.0 0.0 0.0 0.0 0.0 0.0 
345 0.0 0.0 0.0 0.0 0.0 0.0 0.0 0.0 0.0 0.0 0.0 0.0 0.0 0.0 0.0 0.0 0.0 0.0 0.0 0.0 0.0 
346 0.0 0.0 0.0 0.0 0.0 0.0 0.0 0.0 0.0 0.0 0.0 0.0 0.0 0.0 0.0 0.0 0.0 0.0 0.0 0.0 0.0 
347 0.0 0.0 0.0 0.0 0.0 0.0 0.0 0.0 0.0 0.0 0.0 0.0 0.0 0.0 0.0 0.0 0.0 0.0 0.0 0.0 0.0 
348 0.0 0.0 0.0 0.0 0.0 0.0 0.0 0.0 0.0 0.0 0.0 0.0 0.0 0.0 0.0 0.0 0.0 0.0 0.0 0.0 0.0 
349 0.0 0.0 0.0 0.0 0.0 0.0 0.0 0.0 0.0 0.0 0.0 0.0 0.0 0.0 0.0 0.0 0.0 0.0 0.0 0.0 0.0 
350 0.0 0.0 0.0 0.0 0.0 0.0 0.0 0.0 0.0 0.0 0.0 0.0 0.0 0.0 0.0 0.0 0.0 0.0 0.0 0.0 0.0 
351 0.0 0.0 0.0 0.0 0.0 0.0 0.0 0.0 0.0 0.0 0.0 0.0 0.0 0.0 0.0 0.0 0.0 0.0 0.0 0.0 0.0 
352 0.0 0.0 0.0 0.0 0.0 0.0 0.0 0.0 0.0 0.0 0.0 0.0 0.0 0.0 0.0 0.0 0.0 0.0 0.0 0.0 0.0 
353 0.0 0.0 0.0 0.0 0.0 0.0 0.0 0.0 0.0 0.0 0.0 0.0 0.0 0.0 0.0 0.0 0.0 0.0 0.0 0.0 0.0 
354 0.0 0.0 0.0 0.0 0.0 0.0 0.0 0.0 0.0 0.0 0.0 0.0 0.0 0.0 0.0 0.0 0.0 0.0 0.0 0.0 0.0 
355 0.0 0.0 0.0 0.0 0.0 0.0 0.0 0.0 0.0 0.0 0.0 0.0 0.0 0.0 0.0 0.0 0.0 0.0 0.0 0.0 0.0 
356 0.0 0.0 0.0 0.0 0.0 0.0 0.0 0.0 0.0 0.0 0.0 0.0 0.0 0.0 0.0 0.0 0.0 0.0 0.0 0.0 0.0 
357 0.0 0.0 0.0 0.0 0.0 0.0 0.0 0.0 0.0 0.0 0.0 0.0 0.0 0.0 0.0 0.0 0.0 0.0 0.0 0.0 0.0 
358 0.0 0.0 0.0 0.0 0.0 0.0 0.0 0.0 0.0 0.0 0.0 0.0 0.0 0.0 0.0 0.0 0.0 0.0 0.0 0.0 0.0 
359 0.0 0.0 0.0 0.0 0.0 0.0 0.0 0.0 0.0 0.0 0.0 0.0 0.0 0.0 0.0 0.0 0.0 0.0 0.0 0.0 0.0 
360 0.0 0.0 0.0 0.0 0.0 0.0 0.0 0.0 0.0 0.0 0.0 0.0 0.0 0.0 0.0 0.0 0.0 0.0 0.0 0.0 0.0 
361 0.0 0.0 0.0 0.0 0.0 0.0 0.0 0.0 0.0 0.0 0.0 0.0 0.0 0.0 0.0 0.0 0.0 0.0 0.0 0.0 0.0 
362 0.0 0.0 0.0 0.0 0.0 0.0 0.0 0.0 0.0 0.0 0.0 0.0 0.0 0.0 0.0 0.0 0.0 0.0 0.0 0.0 0.0 
363 0.0 0.0 0.0 0.0 0.0 0.0 0.0 0.0 0.0 0.0 0.0 0.0 0.0 0.0 0.0 0.0 0.0 0.0 0.0 0.0 0.0 
364 0.0 0.0 0.0 0.0 0.0 0.0 0.0 0.0 0.0 0.0 0.0 0.0 0.0 0.0 0.0 0.0 0.0 0.0 0.0 0.0 0.0 
365 0.0 0.0 0.0 0.0 0.0 0.0 0.0 0.0 0.0 0.0 0.0 0.0 0.0 0.0 0.0 0.0 0.0 0.0 0.0 0.0 0.0 
366 0.0 0.0 0.0 0.0 0.0 0.0 0.0 0.0 0.0 0.0 0.0 0.0 0.0 0.0 0.0 0.0 0.0 0.0 0.0 0.0 0.0 
367 0.0 0.0 0.0 0.0 0.0 0.0 0.0 0.0 0.0 0.0 0.0 0.0 0.0 0.0 0.0 0.0 0.0 0.0 0.0 0.0 0.0 
368 0.0 0.0 0.0 0.0 0.0 0.0 0.0 0.0 0.0 0.0 0.0 0.0 0.0 0.0 0.0 0.0 0.0 0.0 0.0 0.0 0.0 
369 0.0 0.0 0.0 0.0 0.0 0.0 0.0 0.0 0.0 0.0 0.0 0.0 0.0 0.0 0.0 0.0 0.0 0.0 0.0 0.0 0.0 
370 0.0 0.0 0.0 0.0 0.0 0.0 0.0 0.0 0.0 0.0 0.0 0.0 0.0 0.0 0.0 0.0 0.0 0.0 0.0 0.0 0.0 
371 0.0 0.0 0.0 0.0 0.0 0.0 0.0 0.0 0.0 0.0 0.0 0.0 0.0 0.0 0.0 0.0 0.0 0.0 0.0 0.0 0.0 
372 0.0 0.0 0.0 0.0 0.0 0.0 0.0 0.0 0.0 0.0 0.0 0.0 0.0 0.0 0.0 0.0 0.0 0.0 0.0 0.0 0.0 
373 0.0 0.0 0.0 0.0 0.0 0.0 0.0 0.0 0.0 0.0 0.0 0.0 0.0 0.0 0.0 0.0 0.0 0.0 0.0 0.0 0.0 
374 0.0 0.0 0.0 0.0 0.0 0.0 0.0 0.0 0.0 0.0 0.0 0.0 0.0 0.0 0.0 0.0 0.0 0.0 0.0 0.0 0.0 
375 0.0 0.0 0.0 0.0 0.0 0.0 0.0 0.0 0.0 0.0 0.0 0.0 0.0 0.0 0.0 0.0 0.0 0.0 0.0 0.0 0.0 
376 0.0 0.0 0.0 0.0 0.0 0.0 0.0 0.0 0.0 0.0 0.0 0.0 0.0 0.0 0.0 0.0 0.0 0.0 0.0 0.0 0.0 
377 0.0 0.0 0.0 0.0 0.0 0.0 0.0 0.0 0.0 0.0 0.0 0.0 0.0 0.0 0.0 0.0 0.0 0.0 0.0 0.0 0.0 
378 0.0 0.0 0.0 0.0 0.0 0.0 0.0 0.0 0.0 0.0 0.0 0.0 0.0 0.0 0.0 0.0 0.0 0.0 0.0 0.0 0.0 
379 0.0 0.0 0.0 0.0 0.0 0.0 0.0 0.0 0.0 0.0 0.0 0.0 0.0 0.0 0.0 0.0 0.0 0.0 0.0 0.0 0.0 
380 0.0 0.0 0.0 0.0 0.0 0.0 0.0 0.0 0.0 0.0 0.0 0.0 0.0 0.0 0.0 0.0 0.0 0.0 0.0 0.0 0.0 
381 0.0 0.0 0.0 0.0 0.0 0.0 0.0 0.0 0.0 0.0 0.0 0.0 0.0 0.0 0.0 0.0 0.0 0.0 0.0 0.0 0.0 
382 0.0 0.0 0.0 0.0 0.0 0.0 0.0 0.0 0.0 0.0 0.0 0.0 0.0 0.0 0.0 0.0 0.0 0.0 0.0 0.0 0.0 
383 0.0 0.0 0.0 0.0 0.0 0.0 0.0 0.0 0.0 0.0 0.0 0.0 0.0 0.0 0.0 0.0 0.0 0.0 0.0 0.0 0.0 
384 0.0 0.0 0.0 0.0 0.0 0.0 0.0 0.0 0.0 0.0 0.0 0.0 0.0 0.0 0.0 0.0 0.0 0.0 0.0 0.0 0.0 
385 0.0 0.0 0.0 0.0 0.0 0.0 0.0 0.0 0.0 0.0 0.0 0.0 0.0 0.0 0.0 0.0 0.0 0.0 0.0 0.0 0.0 
386 0.0 0.0 0.0 0.0 0.0 0.0 0.0 0.0 0.0 0.0 0.0 0.0 0.0 0.0 0.0 0.0 0.0 0.0 0.0 0.0 0.0 
387 0.0 0.0 0.0 0.0 0.0 0.0 0.0 0.0 0.0 0.0 0.0 0.0 0.0 0.0 0.0 0.0 0.0 0.0 0.0 0.0 0.0 
388 0.0 0.0 0.0 0.0 0.0 0.0 0.0 0.0 0.0 0.0 0.0 0.0 0.0 0.0 0.0 0.0 0.0 0.0 0.0 0.0 0.0 
389 0.0 0.0 0.0 0.0 0.0 0.0 0.0 0.0 0.0 0.0 0.0 0.0 0.0 0.0 0.0 0.0 0.0 0.0 0.0 0.0 0.0 
390 0.0 0.0 0.0 0.0 0.0 0.0 0.0 0.0 0.0 0.0 0.0 0.0 0.0 0.0 0.0 0.0 0.0 0.0 0.0 0.0 0.0 
391 0.0 0.0 0.0 0.0 0.0 0.0 0.0 0.0 0.0 0.0 0.0 0.0 0.0 0.0 0.0 0.0 0.0 0.0 0.0 0.0 0.0 
392 0.0 0.0 0.0 0.0 0.0 0.0 0.0 0.0 0.0 0.0 0.0 0.0 0.0 0.0 0.0 0.0 0.0 0.0 0.0 0.0 0.0 
393 0.0 0.0 0.0 0.0 0.0 0.0 0.0 0.0 0.0 0.0 0.0 0.0 0.0 0.0 0.0 0.0 0.0 0.0 0.0 0.0 0.0 
394 0.0 0.0 0.0 0.0 0.0 0.0 0.0 0.0 0.0 0.0 0.0 0.0 0.0 0.0 0.0 0.0 0.0 0.0 0.0 0.0 0.0 
395 0.0 0.0 0.0 0.0 0.0 0.0 0.0 0.0 0.0 0.0 0.0 0.0 0.0 0.0 0.0 0.0 0.0 0.0 0.0 0.0 0.0 
396 0.0 0.0 0.0 0.0 0.0 0.0 0.0 0.0 0.0 0.0 0.0 0.0 0.0 0.0 0.0 0.0 0.0 0.0 0.0 0.0 0.0 
397 0.0 0.0 0.0 0.0 0.0 0.0 0.0 0.0 0.0 0.0 0.0 0.0 0.0 0.0 0.0 0.0 0.0 0.0 0.0 0.0 0.0 
398 0.0 0.0 0.0 0.0 0.0 0.0 0.0 0.0 0.0 0.0 0.0 0.0 0.0 0.0 0.0 0.0 0.0 0.0 0.0 0.0 0.0 
399 0.0 0.0 0.0 0.0 0.0 0.0 0.0 0.0 0.0 0.0 0.0 0.0 0.0 0.0 0.0 0.0 0.0 0.0 0.0 0.0 0.0 
400 0.0 0.0 0.0 0.0 0.0 0.0 0.0 0.0 0.0 0.0 0.0 0.0 0.0 0.0 0.0 0.0 0.0 0.0 0.0 0.0 0.0 
401 0.0 0.0 0.0 0.0 0.0 0.0 0.0 0.0 0.0 0.0 0.0 0.0 0.0 0.0 0.0 0.0 0.0 0.0 0.0 0.0 0.0 
402 0.0 0.0 0.0 0.0 0.0 0.0 0.0 0.0 0.0 0.0 0.0 0.0 0.0 0.0 0.0 0.0 0.0 0.0 0.0 0.0 0.0 
403 0.0 0.0 0.0 0.0 0.0 0.0 0.0 0.0 0.0 0.0 0.0 0.0 0.0 0.0 0.0 0.0 0.0 0.0 0.0 0.0 0.0 
404 0.0 0.0 0.0 0.0 0.0 0.0 0.0 0.0 0.0 0.0 0.0 0.0 0.0 0.0 0.0 0.0 0.0 0.0 0.0 0.0 0.0 
405 0.0 0.0 0.0 0.0 0.0 0.0 0.0 0.0 0.0 0.0 0.0 0.0 0.0 0.0 0.0 0.0 0.0 0.0 0.0 0.0 0.0 
406 0.0 0.0 0.0 0.0 0.0 0.0 0.0 0.0 0.0 0.0 0.0 0.0 0.0 0.0 0.0 0.0 0.0 0.0 0.0 0.0 0.0 
407 0.0 0.0 0.0 0.0 0.0 0.0 0.0 0.0 0.0 0.0 0.0 0.0 0.0 0.0 0.0 0.0 0.0 0.0 0.0 0.0 0.0 
408 0.0 0.0 0.0 0.0 0.0 0.0 0.0 0.0 0.0 0.0 0.0 0.0 0.0 0.0 0.0 0.0 0.0 0.0 0.0 0.0 0.0 
409 0.0 0.0 0.0 0.0 0.0 0.0 0.0 0.0 0.0 0.0 0.0 0.0 0.0 0.0 0.0 0.0 0.0 0.0 0.0 0.0 0.0 
410 0.0 0.0 0.0 0.0 0.0 0.0 0.0 0.0 0.0 0.0 0.0 0.0 0.0 0.0 0.0 0.0 0.0 0.0 0.0 0.0 0.0 
411 0.0 0.0 0.0 0.0 0.0 0.0 0.0 0.0 0.0 0.0 0.0 0.0 0.0 0.0 0.0 0.0 0.0 0.0 0.0 0.0 0.0 
412 0.0 0.0 0.0 0.0 0.0 0.0 0.0 0.0 0.0 0.0 0.0 0.0 0.0 0.0 0.0 0.0 0.0 0.0 0.0 0.0 0.0 
413 0.0 0.0 0.0 0.0 0.0 0.0 0.0 0.0 0.0 0.0 0.0 0.0 0.0 0.0 0.0 0.0 0.0 0.0 0.0 0.0 0.0 
414 0.0 0.0 0.0 0.0 0.0 0.0 0.0 0.0 0.0 0.0 0.0 0.0 0.0 0.0 0.0 0.0 0.0 0.0 0.0 0.0 0.0 
415 0.0 0.0 0.0 0.0 0.0 0.0 0.0 0.0 0.0 0.0 0.0 0.0 0.0 0.0 0.0 0.0 0.0 0.0 0.0 0.0 0.0 
416 0.0 0.0 0.0 0.0 0.0 0.0 0.0 0.0 0.0 0.0 0.0 0.0 0.0 0.0 0.0 0.0 0.0 0.0 0.0 0.0 0.0 
417 0.0 0.0 0.0 0.0 0.0 0.0 0.0 0.0 0.0 0.0 0.0 0.0 0.0 0.0 0.0 0.0 0.0 0.0 0.0 0.0 0.0 
418 0.0 0.0 0.0 0.0 0.0 0.0 0.0 0.0 0.0 0.0 0.0 0.0 0.0 0.0 0.0 0.0 0.0 0.0 0.0 0.0 0.0 
419 0.0 0.0 0.0 0.0 0.0 0.0 0.0 0.0 0.0 0.0 0.0 0.0 0.0 0.0 0.0 0.0 0.0 0.0 0.0 0.0 0.0 
420 0.0 0.0 0.0 0.0 0.0 0.0 0.0 0.0 0.0 0.0 0.0 0.0 0.0 0.0 0.0 0.0 0.0 0.0 0.0 0.0 0.0 
421 0.0 0.0 0.0 0.0 0.0 0.0 0.0 0.0 0.0 0.0 0.0 0.0 0.0 0.0 0.0 0.0 0.0 0.0 0.0 0.0 0.0 
422 0.0 0.0 0.0 0.0 0.0 0.0 0.0 0.0 0.0 0.0 0.0 0.0 0.0 0.0 0.0 0.0 0.0 0.0 0.0 0.0 0.0 
423 0.0 0.0 0.0 0.0 0.0 0.0 0.0 0.0 0.0 0.0 0.0 0.0 0.0 0.0 0.0 0.0 0.0 0.0 0.0 0.0 0.0 
424 0.0 0.0 0.0 0.0 0.0 0.0 0.0 0.0 0.0 0.0 0.0 0.0 0.0 0.0 0.0 0.0 0.0 0.0 0.0 0.0 0.0 
425 0.0 0.0 0.0 0.0 0.0 0.0 0.0 0.0 0.0 0.0 0.0 0.0 0.0 0.0 0.0 0.0 0.0 0.0 0.0 0.0 0.0 
426 0.0 0.0 0.0 0.0 0.0 0.0 0.0 0.0 0.0 0.0 0.0 0.0 0.0 0.0 0.0 0.0 0.0 0.0 0.0 0.0 0.0 
427 0.0 0.0 0.0 0.0 0.0 0.0 0.0 0.0 0.0 0.0 0.0 0.0 0.0 0.0 0.0 0.0 0.0 0.0 0.0 0.0 0.0 
428 0.0 0.0 0.0 0.0 0.0 0.0 0.0 0.0 0.0 0.0 0.0 0.0 0.0 0.0 0.0 0.0 0.0 0.0 0.0 0.0 0.0 
429 0.0 0.0 0.0 0.0 0.0 0.0 0.0 0.0 0.0 0.0 0.0 0.0 0.0 0.0 0.0 0.0 0.0 0.0 0.0 0.0 0.0 
430 0.0 0.0 0.0 0.0 0.0 0.0 0.0 0.0 0.0 0.0 0.0 0.0 0.0 0.0 0.0 0.0 0.0 0.0 0.0 0.0 0.0 
431 0.0 0.0 0.0 0.0 0.0 0.0 0.0 0.0 0.0 0.0 0.0 0.0 0.0 0.0 0.0 0.0 0.0 0.0 0.0 0.0 0.0 
432 0.0 0.0 0.0 0.0 0.0 0.0 0.0 0.0 0.0 0.0 0.0 0.0 0.0 0.0 0.0 0.0 0.0 0.0 0.0 0.0 0.0 
433 0.0 0.0 0.0 0.0 0.0 0.0 0.0 0.0 0.0 0.0 0.0 0.0 0.0 0.0 0.0 0.0 0.0 0.0 0.0 0.0 0.0 
434 0.0 0.0 0.0 0.0 0.0 0.0 0.0 0.0 0.0 0.0 0.0 0.0 0.0 0.0 0.0 0.0 0.0 0.0 0.0 0.0 0.0 
435 0.0 0.0 0.0 0.0 0.0 0.0 0.0 0.0 0.0 0.0 0.0 0.0 0.0 0.0 0.0 0.0 0.0 0.0 0.0 0.0 0.0 
436 0.0 0.0 0.0 0.0 0.0 0.0 0.0 0.0 0.0 0.0 0.0 0.0 0.0 0.0 0.0 0.0 0.0 0.0 0.0 0.0 0.0 
437 0.0 0.0 0.0 0.0 0.0 0.0 0.0 0.0 0.0 0.0 0.0 0.0 0.0 0.0 0.0 0.0 0.0 0.0 0.0 0.0 0.0 
438 0.0 0.0 0.0 0.0 0.0 0.0 0.0 0.0 0.0 0.0 0.0 0.0 0.0 0.0 0.0 0.0 0.0 0.0 0.0 0.0 0.0 
439 0.0 0.0 0.0 0.0 0.0 0.0 0.0 0.0 0.0 0.0 0.0 0.0 0.0 0.0 0.0 0.0 0.0 0.0 0.0 0.0 0.0 
440 0.0 0.0 0.0 0.0 0.0 0.0 0.0 0.0 0.0 0.0 0.0 0.0 0.0 0.0 0.0 0.0 0.0 0.0 0.0 0.0 0.0 
441 0.0 0.0 0.0 0.0 0.0 0.0 0.0 0.0 0.0 0.0 0.0 0.0 0.0 0.0 0.0 0.0 0.0 0.0 0.0 0.0 0.0 
442 0.0 0.0 0.0 0.0 0.0 0.0 0.0 0.0 0.0 0.0 0.0 0.0 0.0 0.0 0.0 0.0 0.0 0.0 0.0 0.0 0.0 
443 0.0 0.0 0.0 0.0 0.0 0.0 0.0 0.0 0.0 0.0 0.0 0.0 0.0 0.0 0.0 0.0 0.0 0.0 0.0 0.0 0.0 
444 0.0 0.0 0.0 0.0 0.0 0.0 0.0 0.0 0.0 0.0 0.0 0.0 0.0 0.0 0.0 0.0 0.0 0.0 0.0 0.0 0.0 
445 0.0 0.0 0.0 0.0 0.0 0.0 0.0 0.0 0.0 0.0 0.0 0.0 0.0 0.0 0.0 0.0 0.0 0.0 0.0 0.0 0.0 
446 0.0 0.0 0.0 0.0 0.0 0.0 0.0 0.0 0.0 0.0 0.0 0.0 0.0 0.0 0.0 0.0 0.0 0.0 0.0 0.0 0.0 
447 0.0 0.0 0.0 0.0 0.0 0.0 0.0 0.0 0.0 0.0 0.0 0.0 0.0 0.0 0.0 0.0 0.0 0.0 0.0 0.0 0.0 
448 0.0 0.0 0.0 0.0 0.0 0.0 0.0 0.0 0.0 0.0 0.0 0.0 0.0 0.0 0.0 0.0 0.0 0.0 0.0 0.0 0.0 
449 0.0 0.0 0.0 0.0 0.0 0.0 0.0 0.0 0.0 0.0 0.0 0.0 0.0 0.0 0.0 0.0 0.0 0.0 0.0 0.0 0.0 
450 0.0 0.0 0.0 0.0 0.0 0.0 0.0 0.0 0.0 0.0 0.0 0.0 0.0 0.0 0.0 0.0 0.0 0.0 0.0 0.0 0.0 
451 0.0 0.0 0.0 0.0 0.0 0.0 0.0 0.0 0.0 0.0 0.0 0.0 0.0 0.0 0.0 0.0 0.0 0.0 0.0 0.0 0.0 
452 0.0 0.0 0.0 0.0 0.0 0.0 0.0 0.0 0.0 0.0 0.0 0.0 0.0 0.0 0.0 0.0 0.0 0.0 0.0 0.0 0.0 
453 0.0 0.0 0.0 0.0 0.0 0.0 0.0 0.0 0.0 0.0 0.0 0.0 0.0 0.0 0.0 0.0 0.0 0.0 0.0 0.0 0.0 
454 0.0 0.0 0.0 0.0 0.0 0.0 0.0 0.0 0.0 0.0 0.0 0.0 0.0 0.0 0.0 0.0 0.0 0.0 0.0 0.0 0.0 
455 0.0 0.0 0.0 0.0 0.0 0.0 0.0 0.0 0.0 0.0 0.0 0.0 0.0 0.0 0.0 0.0 0.0 0.0 0.0 0.0 0.0 
456 0.0 0.0 0.0 0.0 0.0 0.0 0.0 0.0 0.0 0.0 0.0 0.0 0.0 0.0 0.0 0.0 0.0 0.0 0.0 0.0 0.0 
457 0.0 0.0 0.0 0.0 0.0 0.0 0.0 0.0 0.0 0.0 0.0 0.0 0.0 0.0 0.0 0.0 0.0 0.0 0.0 0.0 0.0 
458 0.0 0.0 0.0 0.0 0.0 0.0 0.0 0.0 0.0 0.0 0.0 0.0 0.0 0.0 0.0 0.0 0.0 0.0 0.0 0.0 0.0 
459 0.0 0.0 0.0 0.0 0.0 0.0 0.0 0.0 0.0 0.0 0.0 0.0 0.0 0.0 0.0 0.0 0.0 0.0 0.0 0.0 0.0 
460 0.0 0.0 0.0 0.0 0.0 0.0 0.0 0.0 0.0 0.0 0.0 0.0 0.0 0.0 0.0 0.0 0.0 0.0 0.0 0.0 0.0 
461 0.0 0.0 0.0 0.0 0.0 0.0 0.0 0.0 0.0 0.0 0.0 0.0 0.0 0.0 0.0 0.0 0.0 0.0 0.0 0.0 0.0 
462 0.0 0.0 0.0 0.0 0.0 0.0 0.0 0.0 0.0 0.0 0.0 0.0 0.0 0.0 0.0 0.0 0.0 0.0 0.0 0.0 0.0 
463 0.0 0.0 0.0 0.0 0.0 0.0 0.0 0.0 0.0 0.0 0.0 0.0 0.0 0.0 0.0 0.0 0.0 0.0 0.0 0.0 0.0 
464 0.0 0.0 0.0 0.0 0.0 0.0 0.0 0.0 0.0 0.0 0.0 0.0 0.0 0.0 0.0 0.0 0.0 0.0 0.0 0.0 0.0 
465 0.0 0.0 0.0 0.0 0.0 0.0 0.0 0.0 0.0 0.0 0.0 0.0 0.0 0.0 0.0 0.0 0.0 0.0 0.0 0.0 0.0 
466 0.0 0.0 0.0 0.0 0.0 0.0 0.0 0.0 0.0 0.0 0.0 0.0 0.0 0.0 0.0 0.0 0.0 0.0 0.0 0.0 0.0 
467 0.0 0.0 0.0 0.0 0.0 0.0 0.0 0.0 0.0 0.0 0.0 0.0 0.0 0.0 0.0 0.0 0.0 0.0 0.0 0.0 0.0 
468 0.0 0.0 0.0 0.0 0.0 0.0 0.0 0.0 0.0 0.0 0.0 0.0 0.0 0.0 0.0 0.0 0.0 0.0 0.0 0.0 0.0 
469 0.0 0.0 0.0 0.0 0.0 0.0 0.0 0.0 0.0 0.0 0.0 0.0 0.0 0.0 0.0 0.0 0.0 0.0 0.0 0.0 0.0 
470 0.0 0.0 0.0 0.0 0.0 0.0 0.0 0.0 0.0 0.0 0.0 0.0 0.0 0.0 0.0 0.0 0.0 0.0 0.0 0.0 0.0 
471 0.0 0.0 0.0 0.0 0.0 0.0 0.0 0.0 0.0 0.0 0.0 0.0 0.0 0.0 0.0 0.0 0.0 0.0 0.0 0.0 0.0 
472 0.0 0.0 0.0 0.0 0.0 0.0 0.0 0.0 0.0 0.0 0.0 0.0 0.0 0.0 0.0 0.0 0.0 0.0 0.0 0.0 0.0 
473 0.0 0.0 0.0 0.0 0.0 0.0 0.0 0.0 0.0 0.0 0.0 0.0 0.0 0.0 0.0 0.0 0.0 0.0 0.0 0.0 0.0 
474 0.0 0.0 0.0 0.0 0.0 0.0 0.0 0.0 0.0 0.0 0.0 0.0 0.0 0.0 0.0 0.0 0.0 0.0 0.0 0.0 0.0 
475 0.0 0.0 0.0 0.0 0.0 0.0 0.0 0.0 0.0 0.0 0.0 0.0 0.0 0.0 0.0 0.0 0.0 0.0 0.0 0.0 0.0 
476 0.0 0.0 0.0 0.0 0.0 0.0 0.0 0.0 0.0 0.0 0.0 0.0 0.0 0.0 0.0 0.0 0.0 0.0 0.0 0.0 0.0 
477 0.0 0.0 0.0 0.0 0.0 0.0 0.0 0.0 0.0 0.0 0.0 0.0 0.0 0.0 0.0 0.0 0.0 0.0 0.0 0.0 0.0 
478 0.0 0.0 0.0 0.0 0.0 0.0 0.0 0.0 0.0 0.0 0.0 0.0 0.0 0.0 0.0 0.0 0.0 0.0 0.0 0.0 0.0 
479 0.0 0.0 0.0 0.0 0.0 0.0 0.0 0.0 0.0 0.0 0.0 0.0 0.0 0.0 0.0 0.0 0.0 0.0 0.0 0.0 0.0 
480 0.0 0.0 0.0 0.0 0.0 0.0 0.0 0.0 0.0 0.0 0.0 0.0 0.0 0.0 0.0 0.0 0.0 0.0 0.0 0.0 0.0 
481 0.0 0.0 0.0 0.0 0.0 0.0 0.0 0.0 0.0 0.0 0.0 0.0 0.0 0.0 0.0 0.0 0.0 0.0 0.0 0.0 0.0 
482 0.0 0.0 0.0 0.0 0.0 0.0 0.0 0.0 0.0 0.0 0.0 0.0 0.0 0.0 0.0 0.0 0.0 0.0 0.0 0.0 0.0 
483 0.0 0.0 0.0 0.0 0.0 0.0 0.0 0.0 0.0 0.0 0.0 0.0 0.0 0.0 0.0 0.0 0.0 0.0 0.0 0.0 0.0 
484 0.0 0.0 0.0 0.0 0.0 0.0 0.0 0.0 0.0 0.0 0.0 0.0 0.0 0.0 0.0 0.0 0.0 0.0 0.0 0.0 0.0 
485 0.0 0.0 0.0 0.0 0.0 0.0 0.0 0.0 0.0 0.0 0.0 0.0 0.0 0.0 0.0 0.0 0.0 0.0 0.0 0.0 0.0 
486 0.0 0.0 0.0 0.0 0.0 0.0 0.0 0.0 0.0 0.0 0.0 0.0 0.0 0.0 0.0 0.0 0.0 0.0 0.0 0.0 0.0 
487 0.0 0.0 0.0 0.0 0.0 0.0 0.0 0.0 0.0 0.0 0.0 0.0 0.0 0.0 0.0 0.0 0.0 0.0 0.0 0.0 0.0 
488 0.0 0.0 0.0 0.0 0.0 0.0 0.0 0.0 0.0 0.0 0.0 0.0 0.0 0.0 0.0 0.0 0.0 0.0 0.0 0.0 0.0 
489 0.0 0.0 0.0 0.0 0.0 0.0 0.0 0.0 0.0 0.0 0.0 0.0 0.0 0.0 0.0 0.0 0.0 0.0 0.0 0.0 0.0 
490 0.0 0.0 0.0 0.0 0.0 0.0 0.0 0.0 0.0 0.0 0.0 0.0 0.0 0.0 0.0 0.0 0.0 0.0 0.0 0.0 0.0 
491 0.0 0.0 0.0 0.0 0.0 0.0 0.0 0.0 0.0 0.0 0.0 0.0 0.0 0.0 0.0 0.0 0.0 0.0 0.0 0.0 0.0 
492 0.0 0.0 0.0 0.0 0.0 0.0 0.0 0.0 0.0 0.0 0.0 0.0 0.0 0.0 0.0 0.0 0.0 0.0 0.0 0.0 0.0 
493 0.0 0.0 0.0 0.0 0.0 0.0 0.0 0.0 0.0 0.0 0.0 0.0 0.0 0.0 0.0 0.0 0.0 0.0 0.0 0.0 0.0 
494 0.0 0.0 0.0 0.0 0.0 0.0 0.0 0.0 0.0 0.0 0.0 0.0 0.0 0.0 0.0 0.0 0.0 0.0 0.0 0.0 0.0 
495 0.0 0.0 0.0 0.0 0.0 0.0 0.0 0.0 0.0 0.0 0.0 0.0 0.0 0.0 0.0 0.0 0.0 0.0 0.0 0.0 0.0 
496 0.0 0.0 0.0 0.0 0.0 0.0 0.0 0.0 0.0 0.0 0.0 0.0 0.0 0.0 0.0 0.0 0.0 0.0 0.0 0.0 0.0 
497 0.0 0.0 0.0 0.0 0.0 0.0 0.0 0.0 0.0 0.0 0.0 0.0 0.0 0.0 0.0 0.0 0.0 0.0 0.0 0.0 0.0 
498 0.0 0.0 0.0 0.0 0.0 0.0 0.0 0.0 0.0 0.0 0.0 0.0 0.0 0.0 0.0 0.0 0.0 0.0 0.0 0.0 0.0 
499 0.0 0.0 0.0 0.0 0.0 0.0 0.0 0.0 0.0 0.0 0.0 0.0 0.0 0.0 0.0 0.0 0.0 0.0 0.0 0.0 0.0 
