0 0.9380048385504101 0.0 0.0 0.0 0.0 0.0 0.0 0.0 0.0 0.0 0.0 0.0 0.0 0.0 0.0 0.0 0.0 0.0 0.0 0.0 0.0 
1 0.9380646904315203 0.0 0.0 0.0 0.0 0.0 0.0 0.0 0.0 0.0 0.0 0.0 0.0 0.0 0.0 0.0 0.0 0.0 0.0 0.0 0.0 
2 0.9379998499061915 0.0 0.0 0.0 0.0 0.0 0.0 0.0 0.0 0.0 0.0 0.0 0.0 0.0 0.0 0.0 0.0 0.0 0.0 0.0 0.0 
3 0.9378917823639771 0.0 0.0 0.0 0.0 0.0 0.0 0.0 0.0 0.0 0.0 0.0 0.0 0.0 0.0 0.0 0.0 0.0 0.0 0.0 0.0 
4 0.9377404878048775 0.0 0.0 0.0 0.0 0.0 0.0 0.0 0.0 0.0 0.0 0.0 0.0 0.0 0.0 0.0 0.0 0.0 0.0 0.0 0.0 
5 0.9375459662288929 0.0 0.0 0.0 0.0 0.0 0.0 0.0 0.0 0.0 0.0 0.0 0.0 0.0 0.0 0.0 0.0 0.0 0.0 0.0 0.0 
6 0.9373082176360226 0.0 0.0 0.0 0.0 0.0 0.0 0.0 0.0 0.0 0.0 0.0 0.0 0.0 0.0 0.0 0.0 0.0 0.0 0.0 0.0 
7 0.9370272420262665 0.0 0.0 0.0 0.0 0.0 0.0 0.0 0.0 0.0 0.0 0.0 0.0 0.0 0.0 0.0 0.0 0.0 0.0 0.0 0.0 
8 0.9367030393996247 0.07385336570820808 0.0 0.0 0.0 0.0 0.0 0.0 0.0 0.0 0.0 0.0 0.0 0.0 0.0 0.0 0.0 0.0 0.0 0.0 0.0 
9 0.9363356097560974 0.5700010695713714 0.0 0.0 0.0 0.0 0.0 0.0 0.0 0.0 0.0 0.0 0.0 0.0 0.0 0.0 0.0 0.0 0.0 0.0 0.0 
10 0.9359249530956847 0.9111130582013098 0.0 0.0 0.0 0.0 0.0 0.0 0.0 0.0 0.0 0.0 0.0 0.0 0.0 0.0 0.0 0.0 0.0 0.0 0.0 
11 0.9354710694183869 0.9332543927587057 0.0 0.0 0.0 0.0 0.0 0.0 0.0 0.0 0.0 0.0 0.0 0.0 0.0 0.0 0.0 0.0 0.0 0.0 0.0 
12 0.9349739587242031 0.9348723074856673 0.0 0.0 0.0 0.0 0.0 0.0 0.0 0.0 0.0 0.0 0.0 0.0 0.0 0.0 0.0 0.0 0.0 0.0 0.0 
13 0.9344336210131333 0.9344336210131333 0.0 0.0 0.0 0.0 0.0 0.0 0.0 0.0 0.0 0.0 0.0 0.0 0.0 0.0 0.0 0.0 0.0 0.0 0.0 
14 0.9338500562851783 0.9338500562851783 0.0 0.0 0.0 0.0 0.0 0.0 0.0 0.0 0.0 0.0 0.0 0.0 0.0 0.0 0.0 0.0 0.0 0.0 0.0 
15 0.9332232645403378 0.9332232645403378 0.0 0.0 0.0 0.0 0.0 0.0 0.0 0.0 0.0 0.0 0.0 0.0 0.0 0.0 0.0 0.0 0.0 0.0 0.0 
16 0.9325532457786118 0.9325532457786118 0.0 0.0 0.0 0.0 0.0 0.0 0.0 0.0 0.0 0.0 0.0 0.0 0.0 0.0 0.0 0.0 0.0 0.0 0.0 
17 0.9318399999999999 0.9318399999999999 0.0 0.0 0.0 0.0 0.0 0.0 0.0 0.0 0.0 0.0 0.0 0.0 0.0 0.0 0.0 0.0 0.0 0.0 0.0 
18 0.931083527204503 0.931083527204503 0.11726077483404351 0.0 0.0 0.0 0.0 0.0 0.0 0.0 0.0 0.0 0.0 0.0 0.0 0.0 0.0 0.0 0.0 0.0 0.0 
19 0.9302838273921201 0.9302838273921201 0.5663514219347976 0.0 0.0 0.0 0.0 0.0 0.0 0.0 0.0 0.0 0.0 0.0 0.0 0.0 0.0 0.0 0.0 0.0 0.0 
20 0.929440900562852 0.929440900562852 0.8035717666607374 0.0 0.0 0.0 0.0 0.0 0.0 0.0 0.0 0.0 0.0 0.0 0.0 0.0 0.0 0.0 0.0 0.0 0.0 
21 0.9285547467166978 0.9285547467166978 0.9206923260766653 0.0 0.0 0.0 0.0 0.0 0.0 0.0 0.0 0.0 0.0 0.0 0.0 0.0 0.0 0.0 0.0 0.0 0.0 
22 0.9276253658536587 0.9276253658536587 0.927429046050492 0.0 0.0 0.0 0.0 0.0 0.0 0.0 0.0 0.0 0.0 0.0 0.0 0.0 0.0 0.0 0.0 0.0 0.0 
23 0.9266527579737339 0.9266527579737339 0.9266470099397088 0.0 0.0 0.0 0.0 0.0 0.0 0.0 0.0 0.0 0.0 0.0 0.0 0.0 0.0 0.0 0.0 0.0 0.0 
24 0.9256369230769227 0.9256369230769227 0.9256369230769227 0.0 0.0 0.0 0.0 0.0 0.0 0.0 0.0 0.0 0.0 0.0 0.0 0.0 0.0 0.0 0.0 0.0 0.0 
25 0.9245778611632268 0.9245778611632268 0.9245778611632268 0.0 0.0 0.0 0.0 0.0 0.0 0.0 0.0 0.0 0.0 0.0 0.0 0.0 0.0 0.0 0.0 0.0 0.0 
26 0.9234755722326454 0.9234755722326454 0.9234755722326454 0.0 0.0 0.0 0.0 0.0 0.0 0.0 0.0 0.0 0.0 0.0 0.0 0.0 0.0 0.0 0.0 0.0 0.0 
27 0.9223300562851783 0.9223300562851783 0.9223300562851783 0.0 0.0 0.0 0.0 0.0 0.0 0.0 0.0 0.0 0.0 0.0 0.0 0.0 0.0 0.0 0.0 0.0 0.0 
28 0.9211413133208254 0.9211413133208254 0.9211413133208254 0.22119546850502556 0.0 0.0 0.0 0.0 0.0 0.0 0.0 0.0 0.0 0.0 0.0 0.0 0.0 0.0 0.0 0.0 0.0 
29 0.919909343339587 0.919909343339587 0.919909343339587 0.5227126140682811 0.0 0.0 0.0 0.0 0.0 0.0 0.0 0.0 0.0 0.0 0.0 0.0 0.0 0.0 0.0 0.0 0.0 
30 0.9186341463414639 0.9186341463414639 0.9186341463414639 0.8059449664634419 0.0 0.0 0.0 0.0 0.0 0.0 0.0 0.0 0.0 0.0 0.0 0.0 0.0 0.0 0.0 0.0 0.0 
31 0.9173157223264535 0.9173157223264535 0.9173157223264535 0.9107562805609595 0.0 0.0 0.0 0.0 0.0 0.0 0.0 0.0 0.0 0.0 0.0 0.0 0.0 0.0 0.0 0.0 0.0 
32 0.9159540712945592 0.9159540712945592 0.9159540712945592 0.9156457207272028 0.0 0.0 0.0 0.0 0.0 0.0 0.0 0.0 0.0 0.0 0.0 0.0 0.0 0.0 0.0 0.0 0.0 
33 0.9145491932457791 0.9145491932457791 0.9145491932457791 0.9144691046241176 0.0 0.0 0.0 0.0 0.0 0.0 0.0 0.0 0.0 0.0 0.0 0.0 0.0 0.0 0.0 0.0 0.0 
34 0.9131010881801128 0.9131010881801128 0.9131010881801128 0.9131010881801128 0.0 0.0 0.0 0.0 0.0 0.0 0.0 0.0 0.0 0.0 0.0 0.0 0.0 0.0 0.0 0.0 0.0 
35 0.9116097560975615 0.9116097560975615 0.9116097560975615 0.9116097560975615 0.0 0.0 0.0 0.0 0.0 0.0 0.0 0.0 0.0 0.0 0.0 0.0 0.0 0.0 0.0 0.0 0.0 
36 0.9100751969981239 0.9100751969981239 0.9100751969981239 0.9100751969981239 0.0 0.0 0.0 0.0 0.0 0.0 0.0 0.0 0.0 0.0 0.0 0.0 0.0 0.0 0.0 0.0 0.0 
37 0.9084974108818006 0.9084974108818006 0.9084974108818006 0.9084974108818006 0.052537363959917635 0.0 0.0 0.0 0.0 0.0 0.0 0.0 0.0 0.0 0.0 0.0 0.0 0.0 0.0 0.0 0.0 
38 0.9068763977485933 0.9068763977485933 0.9068763977485933 0.9068763977485933 0.3139414954470894 0.0 0.0 0.0 0.0 0.0 0.0 0.0 0.0 0.0 0.0 0.0 0.0 0.0 0.0 0.0 0.0 
39 0.9052121575984987 0.9052121575984987 0.9052121575984987 0.9052121575984987 0.5718716512956433 0.0 0.0 0.0 0.0 0.0 0.0 0.0 0.0 0.0 0.0 0.0 0.0 0.0 0.0 0.0 0.0 
40 0.9035046904315195 0.9035046904315195 0.9035046904315195 0.9035046904315195 0.7536818850694521 0.0 0.0 0.0 0.0 0.0 0.0 0.0 0.0 0.0 0.0 0.0 0.0 0.0 0.0 0.0 0.0 
41 0.9017539962476547 0.9017539962476547 0.9017539962476547 0.9017539962476547 0.854391263345233 0.0 0.0 0.0 0.0 0.0 0.0 0.0 0.0 0.0 0.0 0.0 0.0 0.0 0.0 0.0 0.0 
42 0.8999600750469042 0.8999600750469042 0.8999600750469042 0.8999600750469042 0.8548834945521098 0.0 0.0 0.0 0.0 0.0 0.0 0.0 0.0 0.0 0.0 0.0 0.0 0.0 0.0 0.0 0.0 
43 0.8981229268292683 0.8981229268292683 0.8981229268292683 0.8981229268292683 0.8947930734599161 0.0 0.0 0.0 0.0 0.0 0.0 0.0 0.0 0.0 0.0 0.0 0.0 0.0 0.0 0.0 0.0 
44 0.8962425515947462 0.8962425515947462 0.8962425515947462 0.8962425515947462 0.8961451112708229 0.0 0.0 0.0 0.0 0.0 0.0 0.0 0.0 0.0 0.0 0.0 0.0 0.0 0.0 0.0 0.0 
45 0.8943189493433398 0.8943189493433398 0.8943189493433398 0.8943189493433398 0.8943189493433398 0.0 0.0 0.0 0.0 0.0 0.0 0.0 0.0 0.0 0.0 0.0 0.0 0.0 0.0 0.0 0.0 
46 0.8923521200750469 0.8923521200750469 0.8923521200750469 0.8923521200750469 0.8923521200750469 0.0 0.0 0.0 0.0 0.0 0.0 0.0 0.0 0.0 0.0 0.0 0.0 0.0 0.0 0.0 0.0 
47 0.8903420637898686 0.8903420637898686 0.8903420637898686 0.8903420637898686 0.8903420637898686 0.142730310528641 0.0 0.0 0.0 0.0 0.0 0.0 0.0 0.0 0.0 0.0 0.0 0.0 0.0 0.0 0.0 
48 0.888288780487805 0.888288780487805 0.888288780487805 0.888288780487805 0.888288780487805 0.2827233261905506 0.0 0.0 0.0 0.0 0.0 0.0 0.0 0.0 0.0 0.0 0.0 0.0 0.0 0.0 0.0 
49 0.8861922701688556 0.8861922701688556 0.8861922701688556 0.8861922701688556 0.8861922701688556 0.5579667550063655 0.0 0.0 0.0 0.0 0.0 0.0 0.0 0.0 0.0 0.0 0.0 0.0 0.0 0.0 0.0 
50 0.8840525328330207 0.8840525328330207 0.8840525328330207 0.8840525328330207 0.8840525328330207 0.7524963657067395 0.0 0.0 0.0 0.0 0.0 0.0 0.0 0.0 0.0 0.0 0.0 0.0 0.0 0.0 0.0 
51 0.8818695684803005 0.8818695684803005 0.8818695684803005 0.8818695684803005 0.8818695684803005 0.8327828399960702 0.0 0.0 0.0 0.0 0.0 0.0 0.0 0.0 0.0 0.0 0.0 0.0 0.0 0.0 0.0 
52 0.8796433771106942 0.8796433771106942 0.8796433771106942 0.8796433771106942 0.8796433771106942 0.8662563536501218 0.0 0.0 0.0 0.0 0.0 0.0 0.0 0.0 0.0 0.0 0.0 0.0 0.0 0.0 0.0 
53 0.8773739587242027 0.8773739587242027 0.8773739587242027 0.8773739587242027 0.8773739587242027 0.8773129459374177 0.0 0.0 0.0 0.0 0.0 0.0 0.0 0.0 0.0 0.0 0.0 0.0 0.0 0.0 0.0 
54 0.8750613133208256 0.8750613133208256 0.8750613133208256 0.8750613133208256 0.8750613133208256 0.8750449678359165 0.0 0.0 0.0 0.0 0.0 0.0 0.0 0.0 0.0 0.0 0.0 0.0 0.0 0.0 0.0 
55 0.8727054409005627 0.8727054409005627 0.8727054409005627 0.8727054409005627 0.8727054409005627 0.8726726523469956 0.0 0.0 0.0 0.0 0.0 0.0 0.0 0.0 0.0 0.0 0.0 0.0 0.0 0.0 0.0 
56 0.8703063414634149 0.8703063414634149 0.8703063414634149 0.8703063414634149 0.8703063414634149 0.8703063414634149 0.035830211972413796 0.0 0.0 0.0 0.0 0.0 0.0 0.0 0.0 0.0 0.0 0.0 0.0 0.0 0.0 
57 0.867864015009381 0.867864015009381 0.867864015009381 0.867864015009381 0.867864015009381 0.867864015009381 0.17919470685863995 0.0 0.0 0.0 0.0 0.0 0.0 0.0 0.0 0.0 0.0 0.0 0.0 0.0 0.0 
58 0.865378461538462 0.865378461538462 0.865378461538462 0.865378461538462 0.865378461538462 0.865378461538462 0.40471797133608794 0.0 0.0 0.0 0.0 0.0 0.0 0.0 0.0 0.0 0.0 0.0 0.0 0.0 0.0 
59 0.8628496810506567 0.8628496810506567 0.8628496810506567 0.8628496810506567 0.8628496810506567 0.8628496810506567 0.7347659723978227 0.0 0.0 0.0 0.0 0.0 0.0 0.0 0.0 0.0 0.0 0.0 0.0 0.0 0.0 
60 0.860277673545966 0.860277673545966 0.860277673545966 0.860277673545966 0.860277673545966 0.860277673545966 0.8150247983094525 0.0 0.0 0.0 0.0 0.0 0.0 0.0 0.0 0.0 0.0 0.0 0.0 0.0 0.0 
61 0.8576624390243902 0.8576624390243902 0.8576624390243902 0.8576624390243902 0.8576624390243902 0.8576624390243902 0.8147419560124758 0.0 0.0 0.0 0.0 0.0 0.0 0.0 0.0 0.0 0.0 0.0 0.0 0.0 0.0 
62 0.8550039774859288 0.8550039774859288 0.8550039774859288 0.8550039774859288 0.8550039774859288 0.8550039774859288 0.8436380708380474 0.0 0.0 0.0 0.0 0.0 0.0 0.0 0.0 0.0 0.0 0.0 0.0 0.0 0.0 
63 0.8523022889305812 0.8523022889305812 0.8523022889305812 0.8523022889305812 0.8523022889305812 0.8523022889305812 0.8520366226318961 0.0 0.0 0.0 0.0 0.0 0.0 0.0 0.0 0.0 0.0 0.0 0.0 0.0 0.0 
64 0.8495573733583492 0.8495573733583492 0.8495573733583492 0.8495573733583492 0.8495573733583492 0.8495573733583492 0.8495146527590032 0.0 0.0 0.0 0.0 0.0 0.0 0.0 0.0 0.0 0.0 0.0 0.0 0.0 0.0 
65 0.8467692307692308 0.8467692307692308 0.8467692307692308 0.8467692307692308 0.8467692307692308 0.8467692307692308 0.8467692307692308 0.0 0.0 0.0 0.0 0.0 0.0 0.0 0.0 0.0 0.0 0.0 0.0 0.0 0.0 
66 0.8439378611632268 0.8439378611632268 0.8439378611632268 0.8439378611632268 0.8439378611632268 0.8439378611632268 0.8439378611632268 0.11777140217405022 0.0 0.0 0.0 0.0 0.0 0.0 0.0 0.0 0.0 0.0 0.0 0.0 0.0 
67 0.841063264540338 0.841063264540338 0.841063264540338 0.841063264540338 0.841063264540338 0.841063264540338 0.841063264540338 0.23306826941774536 0.0 0.0 0.0 0.0 0.0 0.0 0.0 0.0 0.0 0.0 0.0 0.0 0.0 
68 0.8381454409005629 0.8381454409005629 0.8381454409005629 0.8381454409005629 0.8381454409005629 0.8381454409005629 0.8381454409005629 0.6426391560286857 0.0 0.0 0.0 0.0 0.0 0.0 0.0 0.0 0.0 0.0 0.0 0.0 0.0 
69 0.8351843902439027 0.8351843902439027 0.8351843902439027 0.8351843902439027 0.8351843902439027 0.8351843902439027 0.8351843902439027 0.7821268747571501 0.0 0.0 0.0 0.0 0.0 0.0 0.0 0.0 0.0 0.0 0.0 0.0 0.0 
70 0.8321801125703562 0.8321801125703562 0.8321801125703562 0.8321801125703562 0.8321801125703562 0.8321801125703562 0.8321801125703562 0.7901833720222278 0.0 0.0 0.0 0.0 0.0 0.0 0.0 0.0 0.0 0.0 0.0 0.0 0.0 
71 0.8291326078799252 0.8291326078799252 0.8291326078799252 0.8291326078799252 0.8291326078799252 0.8291326078799252 0.8291326078799252 0.7876501452388918 0.0 0.0 0.0 0.0 0.0 0.0 0.0 0.0 0.0 0.0 0.0 0.0 0.0 
72 0.826041876172608 0.826041876172608 0.826041876172608 0.826041876172608 0.826041876172608 0.826041876172608 0.826041876172608 0.8218819136246414 0.0 0.0 0.0 0.0 0.0 0.0 0.0 0.0 0.0 0.0 0.0 0.0 0.0 
73 0.8229079174484056 0.8229079174484056 0.8229079174484056 0.8229079174484056 0.8229079174484056 0.8229079174484056 0.8229079174484056 0.822687585105397 0.0 0.0 0.0 0.0 0.0 0.0 0.0 0.0 0.0 0.0 0.0 0.0 0.0 
74 0.819730731707317 0.819730731707317 0.819730731707317 0.819730731707317 0.819730731707317 0.819730731707317 0.819730731707317 0.819720542963759 0.0012850484705882353 0.0 0.0 0.0 0.0 0.0 0.0 0.0 0.0 0.0 0.0 0.0 0.0 
75 0.8165103189493438 0.8165103189493438 0.8165103189493438 0.8165103189493438 0.8165103189493438 0.8165103189493438 0.8165103189493438 0.8165103189493438 0.108756620509404 0.0 0.0 0.0 0.0 0.0 0.0 0.0 0.0 0.0 0.0 0.0 0.0 
76 0.8132466791744836 0.8132466791744836 0.8132466791744836 0.8132466791744836 0.8132466791744836 0.8132466791744836 0.8132466791744836 0.8132466791744836 0.23098734838802204 0.0 0.0 0.0 0.0 0.0 0.0 0.0 0.0 0.0 0.0 0.0 0.0 
77 0.809939812382739 0.809939812382739 0.809939812382739 0.809939812382739 0.809939812382739 0.809939812382739 0.809939812382739 0.809939812382739 0.46396990464832044 0.0 0.0 0.0 0.0 0.0 0.0 0.0 0.0 0.0 0.0 0.0 0.0 
78 0.8065897185741091 0.8065897185741091 0.8065897185741091 0.8065897185741091 0.8065897185741091 0.8065897185741091 0.8065897185741091 0.8065897185741091 0.749848956124385 0.0 0.0 0.0 0.0 0.0 0.0 0.0 0.0 0.0 0.0 0.0 0.0 
79 0.8031963977485927 0.8031963977485927 0.8031963977485927 0.8031963977485927 0.8031963977485927 0.8031963977485927 0.8031963977485927 0.8031963977485927 0.7623094795824747 0.0 0.0 0.0 0.0 0.0 0.0 0.0 0.0 0.0 0.0 0.0 0.0 
80 0.7997598499061914 0.7997598499061914 0.7997598499061914 0.7997598499061914 0.7997598499061914 0.7997598499061914 0.7997598499061914 0.7997598499061914 0.7597519575841157 0.0 0.0 0.0 0.0 0.0 0.0 0.0 0.0 0.0 0.0 0.0 0.0 
81 0.7962800750469046 0.7962800750469046 0.7962800750469046 0.7962800750469046 0.7962800750469046 0.7962800750469046 0.7962800750469046 0.7962800750469046 0.7655607272945593 0.0 0.0 0.0 0.0 0.0 0.0 0.0 0.0 0.0 0.0 0.0 0.0 
82 0.7927570731707317 0.7927570731707317 0.7927570731707317 0.7927570731707317 0.7927570731707317 0.7927570731707317 0.7927570731707317 0.7927570731707317 0.7924314406767521 0.0 0.0 0.0 0.0 0.0 0.0 0.0 0.0 0.0 0.0 0.0 0.0 
83 0.7891908442776734 0.7891908442776734 0.7891908442776734 0.7891908442776734 0.7891908442776734 0.7891908442776734 0.7891908442776734 0.7891908442776734 0.7891908442776734 0.03865328778378378 0.0 0.0 0.0 0.0 0.0 0.0 0.0 0.0 0.0 0.0 0.0 
84 0.7855813883677297 0.7855813883677297 0.7855813883677297 0.7855813883677297 0.7855813883677297 0.7855813883677297 0.7855813883677297 0.7855813883677297 0.7855813883677297 0.09779072103598277 0.0 0.0 0.0 0.0 0.0 0.0 0.0 0.0 0.0 0.0 0.0 
85 0.7819287054409008 0.7819287054409008 0.7819287054409008 0.7819287054409008 0.7819287054409008 0.7819287054409008 0.7819287054409008 0.7819287054409008 0.7819287054409008 0.24597409315242386 0.0 0.0 0.0 0.0 0.0 0.0 0.0 0.0 0.0 0.0 0.0 
86 0.7782327954971856 0.7782327954971856 0.7782327954971856 0.7782327954971856 0.7782327954971856 0.7782327954971856 0.7782327954971856 0.7782327954971856 0.7782327954971856 0.4246600532836302 0.0 0.0 0.0 0.0 0.0 0.0 0.0 0.0 0.0 0.0 0.0 
87 0.7744936585365851 0.7744936585365851 0.7744936585365851 0.7744936585365851 0.7744936585365851 0.7744936585365851 0.7744936585365851 0.7744936585365851 0.7744936585365851 0.7182031064038348 0.0 0.0 0.0 0.0 0.0 0.0 0.0 0.0 0.0 0.0 0.0 
88 0.7707112945590994 0.7707112945590994 0.7707112945590994 0.7707112945590994 0.7707112945590994 0.7707112945590994 0.7707112945590994 0.7707112945590994 0.7707112945590994 0.730889712354276 0.0 0.0 0.0 0.0 0.0 0.0 0.0 0.0 0.0 0.0 0.0 
89 0.7668857035647282 0.7668857035647282 0.7668857035647282 0.7668857035647282 0.7668857035647282 0.7668857035647282 0.7668857035647282 0.7668857035647282 0.7668857035647282 0.7284114396938584 0.0 0.0 0.0 0.0 0.0 0.0 0.0 0.0 0.0 0.0 0.0 
90 0.7630168855534709 0.7630168855534709 0.7630168855534709 0.7630168855534709 0.7630168855534709 0.7630168855534709 0.7630168855534709 0.7630168855534709 0.7630168855534709 0.7602718200993268 0.0 0.0 0.0 0.0 0.0 0.0 0.0 0.0 0.0 0.0 0.0 
91 0.7591048405253283 0.7591048405253283 0.7591048405253283 0.7591048405253283 0.7591048405253283 0.7591048405253283 0.7591048405253283 0.7591048405253283 0.7591048405253283 0.7588569184495774 0.03663453010888252 0.0 0.0 0.0 0.0 0.0 0.0 0.0 0.0 0.0 0.0 
92 0.7551495684803003 0.7551495684803003 0.7551495684803003 0.7551495684803003 0.7551495684803003 0.7551495684803003 0.7551495684803003 0.7551495684803003 0.7551495684803003 0.7551448842818493 0.03750518981818181 0.0 0.0 0.0 0.0 0.0 0.0 0.0 0.0 0.0 0.0 
93 0.7511510694183863 0.7511510694183863 0.7511510694183863 0.7511510694183863 0.7511510694183863 0.7511510694183863 0.7511510694183863 0.7511510694183863 0.7511510694183863 0.7511510694183863 0.13235720620865038 0.0 0.0 0.0 0.0 0.0 0.0 0.0 0.0 0.0 0.0 
94 0.7471093433395875 0.7471093433395875 0.7471093433395875 0.7471093433395875 0.7471093433395875 0.7471093433395875 0.7471093433395875 0.7471093433395875 0.7471093433395875 0.7471093433395875 0.3526040668511583 0.0 0.0 0.0 0.0 0.0 0.0 0.0 0.0 0.0 0.0 
95 0.7430243902439027 0.7430243902439027 0.7430243902439027 0.7430243902439027 0.7430243902439027 0.7430243902439027 0.7430243902439027 0.7430243902439027 0.7430243902439027 0.7430243902439027 0.43758299896234637 0.0 0.0 0.0 0.0 0.0 0.0 0.0 0.0 0.0 0.0 
96 0.7388962101313318 0.7388962101313318 0.7388962101313318 0.7388962101313318 0.7388962101313318 0.7388962101313318 0.7388962101313318 0.7388962101313318 0.7388962101313318 0.7388962101313318 0.6912229560930857 0.0 0.0 0.0 0.0 0.0 0.0 0.0 0.0 0.0 0.0 
97 0.7347248030018764 0.7347248030018764 0.7347248030018764 0.7347248030018764 0.7347248030018764 0.7347248030018764 0.7347248030018764 0.7347248030018764 0.7347248030018764 0.7347248030018764 0.6972071270528465 0.0 0.0 0.0 0.0 0.0 0.0 0.0 0.0 0.0 0.0 
98 0.7305101688555348 0.7305101688555348 0.7305101688555348 0.7305101688555348 0.7305101688555348 0.7305101688555348 0.7305101688555348 0.7305101688555348 0.7305101688555348 0.7305101688555348 0.693984660412758 0.0 0.0 0.0 0.0 0.0 0.0 0.0 0.0 0.0 0.0 
99 0.7262523076923078 0.7262523076923078 0.7262523076923078 0.7262523076923078 0.7262523076923078 0.7262523076923078 0.7262523076923078 0.7262523076923078 0.7262523076923078 0.7262523076923078 0.7230950047250837 0.009677312 0.0 0.0 0.0 0.0 0.0 0.0 0.0 0.0 0.0 
100 0.7219512195121953 0.7219512195121953 0.7219512195121953 0.7219512195121953 0.7219512195121953 0.7219512195121953 0.7219512195121953 0.7219512195121953 0.7219512195121953 0.7219512195121953 0.7218091257334046 0.03477784256559767 0.0 0.0 0.0 0.0 0.0 0.0 0.0 0.0 0.0 
101 0.717606904315197 0.717606904315197 0.717606904315197 0.717606904315197 0.717606904315197 0.717606904315197 0.717606904315197 0.717606904315197 0.717606904315197 0.717606904315197 0.7175979849073467 0.10172515313972604 0.0 0.0 0.0 0.0 0.0 0.0 0.0 0.0 0.0 
102 0.7132193621013132 0.7132193621013132 0.7132193621013132 0.7132193621013132 0.7132193621013132 0.7132193621013132 0.7132193621013132 0.7132193621013132 0.7132193621013132 0.7132193621013132 0.7132193621013132 0.23170501687719317 0.0 0.0 0.0 0.0 0.0 0.0 0.0 0.0 0.0 
103 0.7087885928705441 0.7087885928705441 0.7087885928705441 0.7087885928705441 0.7087885928705441 0.7087885928705441 0.7087885928705441 0.7087885928705441 0.7087885928705441 0.7087885928705441 0.7087885928705441 0.38798505189887444 0.0 0.0 0.0 0.0 0.0 0.0 0.0 0.0 0.0 
104 0.7043145966228894 0.7043145966228894 0.7043145966228894 0.7043145966228894 0.7043145966228894 0.7043145966228894 0.7043145966228894 0.7043145966228894 0.7043145966228894 0.7043145966228894 0.7043145966228894 0.609459944739005 0.0 0.0 0.0 0.0 0.0 0.0 0.0 0.0 0.0 
105 0.699797373358349 0.699797373358349 0.699797373358349 0.699797373358349 0.699797373358349 0.699797373358349 0.699797373358349 0.699797373358349 0.699797373358349 0.699797373358349 0.699797373358349 0.6631378001105613 0.0 0.0 0.0 0.0 0.0 0.0 0.0 0.0 0.0 
106 0.695236923076923 0.695236923076923 0.695236923076923 0.695236923076923 0.695236923076923 0.695236923076923 0.695236923076923 0.695236923076923 0.695236923076923 0.695236923076923 0.695236923076923 0.6603704575527585 0.0 0.0 0.0 0.0 0.0 0.0 0.0 0.0 0.0 
107 0.6906332457786116 0.6906332457786116 0.6906332457786116 0.6906332457786116 0.6906332457786116 0.6906332457786116 0.6906332457786116 0.6906332457786116 0.6906332457786116 0.6906332457786116 0.6906332457786116 0.6561015834896811 0.0 0.0 0.0 0.0 0.0 0.0 0.0 0.0 0.0 
108 0.685986341463415 0.685986341463415 0.685986341463415 0.685986341463415 0.685986341463415 0.685986341463415 0.685986341463415 0.685986341463415 0.685986341463415 0.685986341463415 0.685986341463415 0.6856497054936925 0.045188266082523666 0.0 0.0 0.0 0.0 0.0 0.0 0.0 0.0 
109 0.6812962101313323 0.6812962101313323 0.6812962101313323 0.6812962101313323 0.6812962101313323 0.6812962101313323 0.6812962101313323 0.6812962101313323 0.6812962101313323 0.6812962101313323 0.6812962101313323 0.6812834840323129 0.10003511492288726 0.0 0.0 0.0 0.0 0.0 0.0 0.0 0.0 
110 0.6765628517823642 0.6765628517823642 0.6765628517823642 0.6765628517823642 0.6765628517823642 0.6765628517823642 0.6765628517823642 0.6765628517823642 0.6765628517823642 0.6765628517823642 0.6765628517823642 0.6765628517823642 0.24306086322288717 0.0 0.0 0.0 0.0 0.0 0.0 0.0 0.0 
111 0.6717862664165106 0.6717862664165106 0.6717862664165106 0.6717862664165106 0.6717862664165106 0.6717862664165106 0.6717862664165106 0.6717862664165106 0.6717862664165106 0.6717862664165106 0.6717862664165106 0.6717862664165106 0.3336646077074387 0.0 0.0 0.0 0.0 0.0 0.0 0.0 0.0 
112 0.6669664540337711 0.6669664540337711 0.6669664540337711 0.6669664540337711 0.6669664540337711 0.6669664540337711 0.6669664540337711 0.6669664540337711 0.6669664540337711 0.6669664540337711 0.6669664540337711 0.6669664540337711 0.4757518916544322 0.0 0.0 0.0 0.0 0.0 0.0 0.0 0.0 
113 0.6621034146341462 0.6621034146341462 0.6621034146341462 0.6621034146341462 0.6621034146341462 0.6621034146341462 0.6621034146341462 0.6621034146341462 0.6621034146341462 0.6621034146341462 0.6621034146341462 0.6621034146341462 0.6079252298546021 0.0 0.0 0.0 0.0 0.0 0.0 0.0 0.0 
114 0.657197148217636 0.657197148217636 0.657197148217636 0.657197148217636 0.657197148217636 0.657197148217636 0.657197148217636 0.657197148217636 0.657197148217636 0.657197148217636 0.657197148217636 0.657197148217636 0.6238442382894838 0.0 0.0 0.0 0.0 0.0 0.0 0.0 0.0 
115 0.6522476547842401 0.6522476547842401 0.6522476547842401 0.6522476547842401 0.6522476547842401 0.6522476547842401 0.6522476547842401 0.6522476547842401 0.6522476547842401 0.6522476547842401 0.6522476547842401 0.6522476547842401 0.6437490354065101 0.0 0.0 0.0 0.0 0.0 0.0 0.0 0.0 
116 0.6472549343339585 0.6472549343339585 0.6472549343339585 0.6472549343339585 0.6472549343339585 0.6472549343339585 0.6472549343339585 0.6472549343339585 0.6472549343339585 0.6472549343339585 0.6472549343339585 0.6472549343339585 0.6470956000043574 0.03138815055737705 0.0 0.0 0.0 0.0 0.0 0.0 0.0 
117 0.6422189868667919 0.6422189868667919 0.6422189868667919 0.6422189868667919 0.6422189868667919 0.6422189868667919 0.6422189868667919 0.6422189868667919 0.6422189868667919 0.6422189868667919 0.6422189868667919 0.6422189868667919 0.6422189868667919 0.061050226107250104 0.0 0.0 0.0 0.0 0.0 0.0 0.0 
118 0.6371398123827389 0.6371398123827389 0.6371398123827389 0.6371398123827389 0.6371398123827389 0.6371398123827389 0.6371398123827389 0.6371398123827389 0.6371398123827389 0.6371398123827389 0.6371398123827389 0.6371398123827389 0.6371398123827389 0.1906488421255824 0.0 0.0 0.0 0.0 0.0 0.0 0.0 
119 0.6320174108818011 0.6320174108818011 0.6320174108818011 0.6320174108818011 0.6320174108818011 0.6320174108818011 0.6320174108818011 0.6320174108818011 0.6320174108818011 0.6320174108818011 0.6320174108818011 0.6320174108818011 0.6320174108818011 0.31008289330863187 0.0 0.0 0.0 0.0 0.0 0.0 0.0 
120 0.6268517823639778 0.6268517823639778 0.6268517823639778 0.6268517823639778 0.6268517823639778 0.6268517823639778 0.6268517823639778 0.6268517823639778 0.6268517823639778 0.6268517823639778 0.6268517823639778 0.6268517823639778 0.6268517823639778 0.4385620366937011 0.0 0.0 0.0 0.0 0.0 0.0 0.0 
121 0.6216429268292685 0.6216429268292685 0.6216429268292685 0.6216429268292685 0.6216429268292685 0.6216429268292685 0.6216429268292685 0.6216429268292685 0.6216429268292685 0.6216429268292685 0.6216429268292685 0.6216429268292685 0.6216429268292685 0.5568201984172665 0.0 0.0 0.0 0.0 0.0 0.0 0.0 
122 0.6163908442776739 0.6163908442776739 0.6163908442776739 0.6163908442776739 0.6163908442776739 0.6163908442776739 0.6163908442776739 0.6163908442776739 0.6163908442776739 0.6163908442776739 0.6163908442776739 0.6163908442776739 0.6163908442776739 0.5847356368622556 0.0 0.0 0.0 0.0 0.0 0.0 0.0 
123 0.6110955347091932 0.6110955347091932 0.6110955347091932 0.6110955347091932 0.6110955347091932 0.6110955347091932 0.6110955347091932 0.6110955347091932 0.6110955347091932 0.6110955347091932 0.6110955347091932 0.6110955347091932 0.6110955347091932 0.5805101302582675 0.027836343823788544 0.0 0.0 0.0 0.0 0.0 0.0 
124 0.6057569981238272 0.6057569981238272 0.6057569981238272 0.6057569981238272 0.6057569981238272 0.6057569981238272 0.6057569981238272 0.6057569981238272 0.6057569981238272 0.6057569981238272 0.6057569981238272 0.6057569981238272 0.6057569981238272 0.6050132515970235 0.03022598536170213 0.0 0.0 0.0 0.0 0.0 0.0 
125 0.6003752345215758 0.6003752345215758 0.6003752345215758 0.6003752345215758 0.6003752345215758 0.6003752345215758 0.6003752345215758 0.6003752345215758 0.6003752345215758 0.6003752345215758 0.6003752345215758 0.6003752345215758 0.6003752345215758 0.6002939727954972 0.09564528349511381 0.0 0.0 0.0 0.0 0.0 0.0 
126 0.594950243902439 0.594950243902439 0.594950243902439 0.594950243902439 0.594950243902439 0.594950243902439 0.594950243902439 0.594950243902439 0.594950243902439 0.594950243902439 0.594950243902439 0.594950243902439 0.594950243902439 0.594950243902439 0.23476687559679998 0.0 0.0 0.0 0.0 0.0 0.0 
127 0.5894820262664167 0.5894820262664167 0.5894820262664167 0.5894820262664167 0.5894820262664167 0.5894820262664167 0.5894820262664167 0.5894820262664167 0.5894820262664167 0.5894820262664167 0.5894820262664167 0.5894820262664167 0.5894820262664167 0.5894820262664167 0.3362735321612313 0.0 0.0 0.0 0.0 0.0 0.0 
128 0.5839705816135085 0.5839705816135085 0.5839705816135085 0.5839705816135085 0.5839705816135085 0.5839705816135085 0.5839705816135085 0.5839705816135085 0.5839705816135085 0.5839705816135085 0.5839705816135085 0.5839705816135085 0.5839705816135085 0.5839705816135085 0.4986650434176279 0.0 0.0 0.0 0.0 0.0 0.0 
129 0.5784159099437148 0.5784159099437148 0.5784159099437148 0.5784159099437148 0.5784159099437148 0.5784159099437148 0.5784159099437148 0.5784159099437148 0.5784159099437148 0.5784159099437148 0.5784159099437148 0.5784159099437148 0.5784159099437148 0.5784159099437148 0.5261879137567516 0.0 0.0 0.0 0.0 0.0 0.0 
130 0.5728180112570358 0.5728180112570358 0.5728180112570358 0.5728180112570358 0.5728180112570358 0.5728180112570358 0.5728180112570358 0.5728180112570358 0.5728180112570358 0.5728180112570358 0.5728180112570358 0.5728180112570358 0.5728180112570358 0.5728180112570358 0.5435235512255947 0.026169599999999998 0.0 0.0 0.0 0.0 0.0 
131 0.567176885553471 0.567176885553471 0.567176885553471 0.567176885553471 0.567176885553471 0.567176885553471 0.567176885553471 0.567176885553471 0.567176885553471 0.567176885553471 0.567176885553471 0.567176885553471 0.567176885553471 0.567176885553471 0.5568433194265202 0.05211690299534884 0.0 0.0 0.0 0.0 0.0 
132 0.5614925328330205 0.5614925328330205 0.5614925328330205 0.5614925328330205 0.5614925328330205 0.5614925328330205 0.5614925328330205 0.5614925328330205 0.5614925328330205 0.5614925328330205 0.5614925328330205 0.5614925328330205 0.5614925328330205 0.5614925328330205 0.5612089099876274 0.10876892450271725 0.0 0.0 0.0 0.0 0.0 
133 0.5557649530956847 0.5557649530956847 0.5557649530956847 0.5557649530956847 0.5557649530956847 0.5557649530956847 0.5557649530956847 0.5557649530956847 0.5557649530956847 0.5557649530956847 0.5557649530956847 0.5557649530956847 0.5557649530956847 0.5557649530956847 0.5556974038597274 0.21999602800478613 0.0 0.0 0.0 0.0 0.0 
134 0.5499941463414634 0.5499941463414634 0.5499941463414634 0.5499941463414634 0.5499941463414634 0.5499941463414634 0.5499941463414634 0.5499941463414634 0.5499941463414634 0.5499941463414634 0.5499941463414634 0.5499941463414634 0.5499941463414634 0.5499941463414634 0.5499941463414634 0.2683046204100622 0.0 0.0 0.0 0.0 0.0 
135 0.5441801125703563 0.5441801125703563 0.5441801125703563 0.5441801125703563 0.5441801125703563 0.5441801125703563 0.5441801125703563 0.5441801125703563 0.5441801125703563 0.5441801125703563 0.5441801125703563 0.5441801125703563 0.5441801125703563 0.5441801125703563 0.5441801125703563 0.3716869248294223 0.0 0.0 0.0 0.0 0.0 
136 0.5383228517823639 0.5383228517823639 0.5383228517823639 0.5383228517823639 0.5383228517823639 0.5383228517823639 0.5383228517823639 0.5383228517823639 0.5383228517823639 0.5383228517823639 0.5383228517823639 0.5383228517823639 0.5383228517823639 0.5383228517823639 0.5383228517823639 0.4806007599728977 0.0 0.0 0.0 0.0 0.0 
137 0.5324223639774857 0.5324223639774857 0.5324223639774857 0.5324223639774857 0.5324223639774857 0.5324223639774857 0.5324223639774857 0.5324223639774857 0.5324223639774857 0.5324223639774857 0.5324223639774857 0.5324223639774857 0.5324223639774857 0.5324223639774857 0.5324223639774857 0.49967649396439084 0.02624490540318906 0.0 0.0 0.0 0.0 
138 0.5264786491557222 0.5264786491557222 0.5264786491557222 0.5264786491557222 0.5264786491557222 0.5264786491557222 0.5264786491557222 0.5264786491557222 0.5264786491557222 0.5264786491557222 0.5264786491557222 0.5264786491557222 0.5264786491557222 0.5264786491557222 0.5264786491557222 0.49986831033892243 0.07591611168764037 0.0 0.0 0.0 0.0 
139 0.5204917073170734 0.5204917073170734 0.5204917073170734 0.5204917073170734 0.5204917073170734 0.5204917073170734 0.5204917073170734 0.5204917073170734 0.5204917073170734 0.5204917073170734 0.5204917073170734 0.5204917073170734 0.5204917073170734 0.5204917073170734 0.5204917073170734 0.5192175057381107 0.13375432148631392 0.0 0.0 0.0 0.0 
140 0.5144615384615385 0.5144615384615385 0.5144615384615385 0.5144615384615385 0.5144615384615385 0.5144615384615385 0.5144615384615385 0.5144615384615385 0.5144615384615385 0.5144615384615385 0.5144615384615385 0.5144615384615385 0.5144615384615385 0.5144615384615385 0.5144615384615385 0.5143163157136144 0.17908899410705167 0.0 0.0 0.0 0.0 
141 0.5083881425891181 0.5083881425891181 0.5083881425891181 0.5083881425891181 0.5083881425891181 0.5083881425891181 0.5083881425891181 0.5083881425891181 0.5083881425891181 0.5083881425891181 0.5083881425891181 0.5083881425891181 0.5083881425891181 0.5083881425891181 0.5083881425891181 0.5083818236404531 0.30657589523996126 0.0 0.0 0.0 0.0 
142 0.5022715196998124 0.5022715196998124 0.5022715196998124 0.5022715196998124 0.5022715196998124 0.5022715196998124 0.5022715196998124 0.5022715196998124 0.5022715196998124 0.5022715196998124 0.5022715196998124 0.5022715196998124 0.5022715196998124 0.5022715196998124 0.5022715196998124 0.5022715196998124 0.3824869945265317 0.0 0.0 0.0 0.0 
143 0.4961116697936211 0.4961116697936211 0.4961116697936211 0.4961116697936211 0.4961116697936211 0.4961116697936211 0.4961116697936211 0.4961116697936211 0.4961116697936211 0.4961116697936211 0.4961116697936211 0.4961116697936211 0.4961116697936211 0.4961116697936211 0.4961116697936211 0.4961116697936211 0.43710994569283007 0.018651584000000006 0.0 0.0 0.0 
144 0.4899085928705441 0.4899085928705441 0.4899085928705441 0.4899085928705441 0.4899085928705441 0.4899085928705441 0.4899085928705441 0.4899085928705441 0.4899085928705441 0.4899085928705441 0.4899085928705441 0.4899085928705441 0.4899085928705441 0.4899085928705441 0.4899085928705441 0.4899085928705441 0.4641767044773141 0.026223375000616105 0.0 0.0 0.0 
145 0.4836622889305816 0.4836622889305816 0.4836622889305816 0.4836622889305816 0.4836622889305816 0.4836622889305816 0.4836622889305816 0.4836622889305816 0.4836622889305816 0.4836622889305816 0.4836622889305816 0.4836622889305816 0.4836622889305816 0.4836622889305816 0.4836622889305816 0.4836622889305816 0.4685566008923644 0.07094497324618737 0.0 0.0 0.0 
146 0.47737275797373363 0.47737275797373363 0.47737275797373363 0.47737275797373363 0.47737275797373363 0.47737275797373363 0.47737275797373363 0.47737275797373363 0.47737275797373363 0.47737275797373363 0.47737275797373363 0.47737275797373363 0.47737275797373363 0.47737275797373363 0.47737275797373363 0.47737275797373363 0.4771586355580273 0.15320481962510119 0.0 0.0 0.0 
147 0.4710400000000002 0.4710400000000002 0.4710400000000002 0.4710400000000002 0.4710400000000002 0.4710400000000002 0.4710400000000002 0.4710400000000002 0.4710400000000002 0.4710400000000002 0.4710400000000002 0.4710400000000002 0.4710400000000002 0.4710400000000002 0.4710400000000002 0.4710400000000002 0.47099189378723416 0.20183075735732875 0.0 0.0 0.0 
148 0.4646640150093811 0.4646640150093811 0.4646640150093811 0.4646640150093811 0.4646640150093811 0.4646640150093811 0.4646640150093811 0.4646640150093811 0.4646640150093811 0.4646640150093811 0.4646640150093811 0.4646640150093811 0.4646640150093811 0.4646640150093811 0.4646640150093811 0.4646640150093811 0.4646640150093811 0.26464023127177 0.0 0.0 0.0 
149 0.45824480300187603 0.45824480300187603 0.45824480300187603 0.45824480300187603 0.45824480300187603 0.45824480300187603 0.45824480300187603 0.45824480300187603 0.45824480300187603 0.45824480300187603 0.45824480300187603 0.45824480300187603 0.45824480300187603 0.45824480300187603 0.45824480300187603 0.45824480300187603 0.45824480300187603 0.3671176575416549 0.0 0.0 0.0 
150 0.45178236397748595 0.45178236397748595 0.45178236397748595 0.45178236397748595 0.45178236397748595 0.45178236397748595 0.45178236397748595 0.45178236397748595 0.45178236397748595 0.45178236397748595 0.45178236397748595 0.45178236397748595 0.45178236397748595 0.45178236397748595 0.45178236397748595 0.45178236397748595 0.45178236397748595 0.42646650900046845 0.021252099644128115 0.0 0.0 
151 0.44527669793621005 0.44527669793621005 0.44527669793621005 0.44527669793621005 0.44527669793621005 0.44527669793621005 0.44527669793621005 0.44527669793621005 0.44527669793621005 0.44527669793621005 0.44527669793621005 0.44527669793621005 0.44527669793621005 0.44527669793621005 0.44527669793621005 0.44527669793621005 0.44527669793621005 0.4229060659336373 0.022059749743589745 0.0 0.0 
152 0.43872780487804874 0.43872780487804874 0.43872780487804874 0.43872780487804874 0.43872780487804874 0.43872780487804874 0.43872780487804874 0.43872780487804874 0.43872780487804874 0.43872780487804874 0.43872780487804874 0.43872780487804874 0.43872780487804874 0.43872780487804874 0.43872780487804874 0.43872780487804874 0.43872780487804874 0.43655868564014233 0.08806642488545909 0.0 0.0 
153 0.43213568480300185 0.43213568480300185 0.43213568480300185 0.43213568480300185 0.43213568480300185 0.43213568480300185 0.43213568480300185 0.43213568480300185 0.43213568480300185 0.43213568480300185 0.43213568480300185 0.43213568480300185 0.43213568480300185 0.43213568480300185 0.43213568480300185 0.43213568480300185 0.43213568480300185 0.4319788369367107 0.18813323588592984 0.0 0.0 
154 0.4255003377110693 0.4255003377110693 0.4255003377110693 0.4255003377110693 0.4255003377110693 0.4255003377110693 0.4255003377110693 0.4255003377110693 0.4255003377110693 0.4255003377110693 0.4255003377110693 0.4255003377110693 0.4255003377110693 0.4255003377110693 0.4255003377110693 0.4255003377110693 0.4255003377110693 0.42549504900630675 0.24518010988645766 0.0 0.0 
155 0.41882176360225126 0.41882176360225126 0.41882176360225126 0.41882176360225126 0.41882176360225126 0.41882176360225126 0.41882176360225126 0.41882176360225126 0.41882176360225126 0.41882176360225126 0.41882176360225126 0.41882176360225126 0.41882176360225126 0.41882176360225126 0.41882176360225126 0.41882176360225126 0.41882176360225126 0.41882176360225126 0.30783485691361606 0.0 0.0 
156 0.4120999624765479 0.4120999624765479 0.4120999624765479 0.4120999624765479 0.4120999624765479 0.4120999624765479 0.4120999624765479 0.4120999624765479 0.4120999624765479 0.4120999624765479 0.4120999624765479 0.4120999624765479 0.4120999624765479 0.4120999624765479 0.4120999624765479 0.4120999624765479 0.4120999624765479 0.4120999624765479 0.368898715520416 0.01842911032195122 0.0 
157 0.4053349343339586 0.4053349343339586 0.4053349343339586 0.4053349343339586 0.4053349343339586 0.4053349343339586 0.4053349343339586 0.4053349343339586 0.4053349343339586 0.4053349343339586 0.4053349343339586 0.4053349343339586 0.4053349343339586 0.4053349343339586 0.4053349343339586 0.4053349343339586 0.4053349343339586 0.4053349343339586 0.3827265344845655 0.04202430076989133 0.0 
158 0.3985266791744841 0.3985266791744841 0.3985266791744841 0.3985266791744841 0.3985266791744841 0.3985266791744841 0.3985266791744841 0.3985266791744841 0.3985266791744841 0.3985266791744841 0.3985266791744841 0.3985266791744841 0.3985266791744841 0.3985266791744841 0.3985266791744841 0.3985266791744841 0.3985266791744841 0.3985266791744841 0.396503889772162 0.09240738852112965 0.0 
159 0.39167519699812375 0.39167519699812375 0.39167519699812375 0.39167519699812375 0.39167519699812375 0.39167519699812375 0.39167519699812375 0.39167519699812375 0.39167519699812375 0.39167519699812375 0.39167519699812375 0.39167519699812375 0.39167519699812375 0.39167519699812375 0.39167519699812375 0.39167519699812375 0.39167519699812375 0.39167519699812375 0.3914907105172654 0.16686469823436895 0.0 
160 0.38478048780487817 0.38478048780487817 0.38478048780487817 0.38478048780487817 0.38478048780487817 0.38478048780487817 0.38478048780487817 0.38478048780487817 0.38478048780487817 0.38478048780487817 0.38478048780487817 0.38478048780487817 0.38478048780487817 0.38478048780487817 0.38478048780487817 0.38478048780487817 0.38478048780487817 0.38478048780487817 0.3847441847222871 0.22777040781608768 0.0 
161 0.3778425515947469 0.3778425515947469 0.3778425515947469 0.3778425515947469 0.3778425515947469 0.3778425515947469 0.3778425515947469 0.3778425515947469 0.3778425515947469 0.3778425515947469 0.3778425515947469 0.3778425515947469 0.3778425515947469 0.3778425515947469 0.3778425515947469 0.3778425515947469 0.3778425515947469 0.3778425515947469 0.3778425515947469 0.3186358347591397 0.0 
162 0.3708613883677298 0.3708613883677298 0.3708613883677298 0.3708613883677298 0.3708613883677298 0.3708613883677298 0.3708613883677298 0.3708613883677298 0.3708613883677298 0.3708613883677298 0.3708613883677298 0.3708613883677298 0.3708613883677298 0.3708613883677298 0.3708613883677298 0.3708613883677298 0.3708613883677298 0.3708613883677298 0.3708613883677298 0.33174054504170647 0.017478111663157898 
163 0.3638369981238273 0.3638369981238273 0.3638369981238273 0.3638369981238273 0.3638369981238273 0.3638369981238273 0.3638369981238273 0.3638369981238273 0.3638369981238273 0.3638369981238273 0.3638369981238273 0.3638369981238273 0.3638369981238273 0.3638369981238273 0.3638369981238273 0.3638369981238273 0.3638369981238273 0.3638369981238273 0.3638369981238273 0.334828928139484 0.0499855706670164 
164 0.35676938086303955 0.35676938086303955 0.35676938086303955 0.35676938086303955 0.35676938086303955 0.35676938086303955 0.35676938086303955 0.35676938086303955 0.35676938086303955 0.35676938086303955 0.35676938086303955 0.35676938086303955 0.35676938086303955 0.35676938086303955 0.35676938086303955 0.35676938086303955 0.35676938086303955 0.35676938086303955 0.35676938086303955 0.3557633098075586 0.12600670823283824 
165 0.34965853658536594 0.34965853658536594 0.34965853658536594 0.34965853658536594 0.34965853658536594 0.34965853658536594 0.34965853658536594 0.34965853658536594 0.34965853658536594 0.34965853658536594 0.34965853658536594 0.34965853658536594 0.34965853658536594 0.34965853658536594 0.34965853658536594 0.34965853658536594 0.34965853658536594 0.34965853658536594 0.34965853658536594 0.3495373852350993 0.18691636314847107 
166 0.34250446529080675 0.34250446529080675 0.34250446529080675 0.34250446529080675 0.34250446529080675 0.34250446529080675 0.34250446529080675 0.34250446529080675 0.34250446529080675 0.34250446529080675 0.34250446529080675 0.34250446529080675 0.34250446529080675 0.34250446529080675 0.34250446529080675 0.34250446529080675 0.34250446529080675 0.34250446529080675 0.34250446529080675 0.34248064745155377 0.242405589176322 
167 0.3353071669793621 0.3353071669793621 0.3353071669793621 0.3353071669793621 0.3353071669793621 0.3353071669793621 0.3353071669793621 0.3353071669793621 0.3353071669793621 0.3353071669793621 0.3353071669793621 0.3353071669793621 0.3353071669793621 0.3353071669793621 0.3353071669793621 0.3353071669793621 0.3353071669793621 0.3353071669793621 0.3353071669793621 0.3353071669793621 0.28183045749602653 
168 0.32806664165103183 0.32806664165103183 0.32806664165103183 0.32806664165103183 0.32806664165103183 0.32806664165103183 0.32806664165103183 0.32806664165103183 0.32806664165103183 0.32806664165103183 0.32806664165103183 0.32806664165103183 0.32806664165103183 0.32806664165103183 0.32806664165103183 0.32806664165103183 0.32806664165103183 0.32806664165103183 0.32806664165103183 0.32806664165103183 0.29778198283466084 
169 0.32078288930581605 0.32078288930581605 0.32078288930581605 0.32078288930581605 0.32078288930581605 0.32078288930581605 0.32078288930581605 0.32078288930581605 0.32078288930581605 0.32078288930581605 0.32078288930581605 0.32078288930581605 0.32078288930581605 0.32078288930581605 0.32078288930581605 0.32078288930581605 0.32078288930581605 0.32078288930581605 0.32078288930581605 0.32078288930581605 0.3198462668934107 
170 0.3134559099437147 0.3134559099437147 0.3134559099437147 0.3134559099437147 0.3134559099437147 0.3134559099437147 0.3134559099437147 0.3134559099437147 0.3134559099437147 0.3134559099437147 0.3134559099437147 0.3134559099437147 0.3134559099437147 0.3134559099437147 0.3134559099437147 0.3134559099437147 0.3134559099437147 0.3134559099437147 0.3134559099437147 0.3134559099437147 0.31335208690749444 
171 0.30608570356472786 0.30608570356472786 0.30608570356472786 0.30608570356472786 0.30608570356472786 0.30608570356472786 0.30608570356472786 0.30608570356472786 0.30608570356472786 0.30608570356472786 0.30608570356472786 0.30608570356472786 0.30608570356472786 0.30608570356472786 0.30608570356472786 0.30608570356472786 0.30608570356472786 0.30608570356472786 0.30608570356472786 0.30608570356472786 0.30608189910965533 
172 0.29867227016885567 0.29867227016885567 0.29867227016885567 0.29867227016885567 0.29867227016885567 0.29867227016885567 0.29867227016885567 0.29867227016885567 0.29867227016885567 0.29867227016885567 0.29867227016885567 0.29867227016885567 0.29867227016885567 0.29867227016885567 0.29867227016885567 0.29867227016885567 0.29867227016885567 0.29867227016885567 0.29867227016885567 0.29867227016885567 0.298668557858153 
173 0.29121560975609745 0.29121560975609745 0.29121560975609745 0.29121560975609745 0.29121560975609745 0.29121560975609745 0.29121560975609745 0.29121560975609745 0.29121560975609745 0.29121560975609745 0.29121560975609745 0.29121560975609745 0.29121560975609745 0.29121560975609745 0.29121560975609745 0.29121560975609745 0.29121560975609745 0.29121560975609745 0.29121560975609745 0.29121560975609745 0.29121560975609745 
174 0.2837157223264538 0.2837157223264538 0.2837157223264538 0.2837157223264538 0.2837157223264538 0.2837157223264538 0.2837157223264538 0.2837157223264538 0.2837157223264538 0.2837157223264538 0.2837157223264538 0.2837157223264538 0.2837157223264538 0.2837157223264538 0.2837157223264538 0.2837157223264538 0.2837157223264538 0.2837157223264538 0.2837157223264538 0.2837157223264538 0.2837157223264538 
175 0.27617260787992487 0.27617260787992487 0.27617260787992487 0.27617260787992487 0.27617260787992487 0.27617260787992487 0.27617260787992487 0.27617260787992487 0.27617260787992487 0.27617260787992487 0.27617260787992487 0.27617260787992487 0.27617260787992487 0.27617260787992487 0.27617260787992487 0.27617260787992487 0.27617260787992487 0.27617260787992487 0.27617260787992487 0.27617260787992487 0.27617260787992487 
176 0.2685862664165103 0.2685862664165103 0.2685862664165103 0.2685862664165103 0.2685862664165103 0.2685862664165103 0.2685862664165103 0.2685862664165103 0.2685862664165103 0.2685862664165103 0.2685862664165103 0.2685862664165103 0.2685862664165103 0.2685862664165103 0.2685862664165103 0.2685862664165103 0.2685862664165103 0.2685862664165103 0.2685862664165103 0.2685862664165103 0.2685862664165103 
177 0.26095669793621024 0.26095669793621024 0.26095669793621024 0.26095669793621024 0.26095669793621024 0.26095669793621024 0.26095669793621024 0.26095669793621024 0.26095669793621024 0.26095669793621024 0.26095669793621024 0.26095669793621024 0.26095669793621024 0.26095669793621024 0.26095669793621024 0.26095669793621024 0.26095669793621024 0.26095669793621024 0.26095669793621024 0.26095669793621024 0.26095669793621024 
178 0.25328390243902443 0.25328390243902443 0.25328390243902443 0.25328390243902443 0.25328390243902443 0.25328390243902443 0.25328390243902443 0.25328390243902443 0.25328390243902443 0.25328390243902443 0.25328390243902443 0.25328390243902443 0.25328390243902443 0.25328390243902443 0.25328390243902443 0.25328390243902443 0.25328390243902443 0.25328390243902443 0.25328390243902443 0.25328390243902443 0.25328390243902443 
179 0.24556787992495305 0.24556787992495305 0.24556787992495305 0.24556787992495305 0.24556787992495305 0.24556787992495305 0.24556787992495305 0.24556787992495305 0.24556787992495305 0.24556787992495305 0.24556787992495305 0.24556787992495305 0.24556787992495305 0.24556787992495305 0.24556787992495305 0.24556787992495305 0.24556787992495305 0.24556787992495305 0.24556787992495305 0.24556787992495305 0.24556787992495305 
180 0.237808630393996 0.237808630393996 0.237808630393996 0.237808630393996 0.237808630393996 0.237808630393996 0.237808630393996 0.237808630393996 0.237808630393996 0.237808630393996 0.237808630393996 0.237808630393996 0.237808630393996 0.237808630393996 0.237808630393996 0.237808630393996 0.237808630393996 0.237808630393996 0.237808630393996 0.237808630393996 0.237808630393996 
181 0.2300061538461539 0.2300061538461539 0.2300061538461539 0.2300061538461539 0.2300061538461539 0.2300061538461539 0.2300061538461539 0.2300061538461539 0.2300061538461539 0.2300061538461539 0.2300061538461539 0.2300061538461539 0.2300061538461539 0.2300061538461539 0.2300061538461539 0.2300061538461539 0.2300061538461539 0.2300061538461539 0.2300061538461539 0.2300061538461539 0.2300061538461539 
182 0.22216045028142575 0.22216045028142575 0.22216045028142575 0.22216045028142575 0.22216045028142575 0.22216045028142575 0.22216045028142575 0.22216045028142575 0.22216045028142575 0.22216045028142575 0.22216045028142575 0.22216045028142575 0.22216045028142575 0.22216045028142575 0.22216045028142575 0.22216045028142575 0.22216045028142575 0.22216045028142575 0.22216045028142575 0.22216045028142575 0.22216045028142575 
183 0.21427151969981223 0.21427151969981223 0.21427151969981223 0.21427151969981223 0.21427151969981223 0.21427151969981223 0.21427151969981223 0.21427151969981223 0.21427151969981223 0.21427151969981223 0.21427151969981223 0.21427151969981223 0.21427151969981223 0.21427151969981223 0.21427151969981223 0.21427151969981223 0.21427151969981223 0.21427151969981223 0.21427151969981223 0.21427151969981223 0.21427151969981223 
184 0.20633936210131315 0.20633936210131315 0.20633936210131315 0.20633936210131315 0.20633936210131315 0.20633936210131315 0.20633936210131315 0.20633936210131315 0.20633936210131315 0.20633936210131315 0.20633936210131315 0.20633936210131315 0.20633936210131315 0.20633936210131315 0.20633936210131315 0.20633936210131315 0.20633936210131315 0.20633936210131315 0.20633936210131315 0.20633936210131315 0.20633936210131315 
185 0.1983639774859284 0.1983639774859284 0.1983639774859284 0.1983639774859284 0.1983639774859284 0.1983639774859284 0.1983639774859284 0.1983639774859284 0.1983639774859284 0.1983639774859284 0.1983639774859284 0.1983639774859284 0.1983639774859284 0.1983639774859284 0.1983639774859284 0.1983639774859284 0.1983639774859284 0.1983639774859284 0.1983639774859284 0.1983639774859284 0.1983639774859284 
186 0.19034536585365835 0.19034536585365835 0.19034536585365835 0.19034536585365835 0.19034536585365835 0.19034536585365835 0.19034536585365835 0.19034536585365835 0.19034536585365835 0.19034536585365835 0.19034536585365835 0.19034536585365835 0.19034536585365835 0.19034536585365835 0.19034536585365835 0.19034536585365835 0.19034536585365835 0.19034536585365835 0.19034536585365835 0.19034536585365835 0.19034536585365835 
187 0.1822835272045027 0.1822835272045027 0.1822835272045027 0.1822835272045027 0.1822835272045027 0.1822835272045027 0.1822835272045027 0.1822835272045027 0.1822835272045027 0.1822835272045027 0.1822835272045027 0.1822835272045027 0.1822835272045027 0.1822835272045027 0.1822835272045027 0.1822835272045027 0.1822835272045027 0.1822835272045027 0.1822835272045027 0.1822835272045027 0.1822835272045027 
188 0.1741784615384615 0.1741784615384615 0.1741784615384615 0.1741784615384615 0.1741784615384615 0.1741784615384615 0.1741784615384615 0.1741784615384615 0.1741784615384615 0.1741784615384615 0.1741784615384615 0.1741784615384615 0.1741784615384615 0.1741784615384615 0.1741784615384615 0.1741784615384615 0.1741784615384615 0.1741784615384615 0.1741784615384615 0.1741784615384615 0.1741784615384615 
189 0.16603016885553457 0.16603016885553457 0.16603016885553457 0.16603016885553457 0.16603016885553457 0.16603016885553457 0.16603016885553457 0.16603016885553457 0.16603016885553457 0.16603016885553457 0.16603016885553457 0.16603016885553457 0.16603016885553457 0.16603016885553457 0.16603016885553457 0.16603016885553457 0.16603016885553457 0.16603016885553457 0.16603016885553457 0.16603016885553457 0.16603016885553457 
190 0.15783864915572204 0.15783864915572204 0.15783864915572204 0.15783864915572204 0.15783864915572204 0.15783864915572204 0.15783864915572204 0.15783864915572204 0.15783864915572204 0.15783864915572204 0.15783864915572204 0.15783864915572204 0.15783864915572204 0.15783864915572204 0.15783864915572204 0.15783864915572204 0.15783864915572204 0.15783864915572204 0.15783864915572204 0.15783864915572204 0.15783864915572204 
191 0.1496039024390243 0.1496039024390243 0.1496039024390243 0.1496039024390243 0.1496039024390243 0.1496039024390243 0.1496039024390243 0.1496039024390243 0.1496039024390243 0.1496039024390243 0.1496039024390243 0.1496039024390243 0.1496039024390243 0.1496039024390243 0.1496039024390243 0.1496039024390243 0.1496039024390243 0.1496039024390243 0.1496039024390243 0.1496039024390243 0.1496039024390243 
192 0.14132592870544072 0.14132592870544072 0.14132592870544072 0.14132592870544072 0.14132592870544072 0.14132592870544072 0.14132592870544072 0.14132592870544072 0.14132592870544072 0.14132592870544072 0.14132592870544072 0.14132592870544072 0.14132592870544072 0.14132592870544072 0.14132592870544072 0.14132592870544072 0.14132592870544072 0.14132592870544072 0.14132592870544072 0.14132592870544072 0.14132592870544072 
193 0.133004727954972 0.133004727954972 0.133004727954972 0.133004727954972 0.133004727954972 0.133004727954972 0.133004727954972 0.133004727954972 0.133004727954972 0.133004727954972 0.133004727954972 0.133004727954972 0.133004727954972 0.133004727954972 0.133004727954972 0.133004727954972 0.133004727954972 0.133004727954972 0.133004727954972 0.133004727954972 0.133004727954972 
194 0.12464030018761744 0.12464030018761744 0.12464030018761744 0.12464030018761744 0.12464030018761744 0.12464030018761744 0.12464030018761744 0.12464030018761744 0.12464030018761744 0.12464030018761744 0.12464030018761744 0.12464030018761744 0.12464030018761744 0.12464030018761744 0.12464030018761744 0.12464030018761744 0.12464030018761744 0.12464030018761744 0.12464030018761744 0.12464030018761744 0.12464030018761744 
195 0.11623264540337723 0.11623264540337723 0.11623264540337723 0.11623264540337723 0.11623264540337723 0.11623264540337723 0.11623264540337723 0.11623264540337723 0.11623264540337723 0.11623264540337723 0.11623264540337723 0.11623264540337723 0.11623264540337723 0.11623264540337723 0.11623264540337723 0.11623264540337723 0.11623264540337723 0.11623264540337723 0.11623264540337723 0.11623264540337723 0.11623264540337723 
196 0.10778176360225138 0.10778176360225138 0.10778176360225138 0.10778176360225138 0.10778176360225138 0.10778176360225138 0.10778176360225138 0.10778176360225138 0.10778176360225138 0.10778176360225138 0.10778176360225138 0.10778176360225138 0.10778176360225138 0.10778176360225138 0.10778176360225138 0.10778176360225138 0.10778176360225138 0.10778176360225138 0.10778176360225138 0.10778176360225138 0.10778176360225138 
197 0.09928765478424023 0.09928765478424023 0.09928765478424023 0.09928765478424023 0.09928765478424023 0.09928765478424023 0.09928765478424023 0.09928765478424023 0.09928765478424023 0.09928765478424023 0.09928765478424023 0.09928765478424023 0.09928765478424023 0.09928765478424023 0.09928765478424023 0.09928765478424023 0.09928765478424023 0.09928765478424023 0.09928765478424023 0.09928765478424023 0.09928765478424023 
198 0.09075031894934348 0.09075031894934348 0.09075031894934348 0.09075031894934348 0.09075031894934348 0.09075031894934348 0.09075031894934348 0.09075031894934348 0.09075031894934348 0.09075031894934348 0.09075031894934348 0.09075031894934348 0.09075031894934348 0.09075031894934348 0.09075031894934348 0.09075031894934348 0.09075031894934348 0.09075031894934348 0.09075031894934348 0.09075031894934348 0.09075031894934348 
199 0.08216975609756115 0.08216975609756115 0.08216975609756115 0.08216975609756115 0.08216975609756115 0.08216975609756115 0.08216975609756115 0.08216975609756115 0.08216975609756115 0.08216975609756115 0.08216975609756115 0.08216975609756115 0.08216975609756115 0.08216975609756115 0.08216975609756115 0.08216975609756115 0.08216975609756115 0.08216975609756115 0.08216975609756115 0.08216975609756115 0.08216975609756115 
200 0.07354596622889309 0.07354596622889309 0.07354596622889309 0.07354596622889309 0.07354596622889309 0.07354596622889309 0.07354596622889309 0.07354596622889309 0.07354596622889309 0.07354596622889309 0.07354596622889309 0.07354596622889309 0.07354596622889309 0.07354596622889309 0.07354596622889309 0.07354596622889309 0.07354596622889309 0.07354596622889309 0.07354596622889309 0.07354596622889309 0.07354596622889309 
201 0.06487894934333964 0.06487894934333964 0.06487894934333964 0.06487894934333964 0.06487894934333964 0.06487894934333964 0.06487894934333964 0.06487894934333964 0.06487894934333964 0.06487894934333964 0.06487894934333964 0.06487894934333964 0.06487894934333964 0.06487894934333964 0.06487894934333964 0.06487894934333964 0.06487894934333964 0.06487894934333964 0.06487894934333964 0.06487894934333964 0.06487894934333964 
202 0.05616870544090058 0.05616870544090058 0.05616870544090058 0.05616870544090058 0.05616870544090058 0.05616870544090058 0.05616870544090058 0.05616870544090058 0.05616870544090058 0.05616870544090058 0.05616870544090058 0.05616870544090058 0.05616870544090058 0.05616870544090058 0.05616870544090058 0.05616870544090058 0.05616870544090058 0.05616870544090058 0.05616870544090058 0.05616870544090058 0.05616870544090058 
203 0.04741523452157613 0.04741523452157613 0.04741523452157613 0.04741523452157613 0.04741523452157613 0.04741523452157613 0.04741523452157613 0.04741523452157613 0.04741523452157613 0.04741523452157613 0.04741523452157613 0.04741523452157613 0.04741523452157613 0.04741523452157613 0.04741523452157613 0.04741523452157613 0.04741523452157613 0.04741523452157613 0.04741523452157613 0.04741523452157613 0.04741523452157613 
204 0.03861853658536595 0.03861853658536595 0.03861853658536595 0.03861853658536595 0.03861853658536595 0.03861853658536595 0.03861853658536595 0.03861853658536595 0.03861853658536595 0.03861853658536595 0.03861853658536595 0.03861853658536595 0.03861853658536595 0.03861853658536595 0.03861853658536595 0.03861853658536595 0.03861853658536595 0.03861853658536595 0.03861853658536595 0.03861853658536595 0.03861853658536595 
205 0.029778611632270146 0.029778611632270146 0.029778611632270146 0.029778611632270146 0.029778611632270146 0.029778611632270146 0.029778611632270146 0.029778611632270146 0.029778611632270146 0.029778611632270146 0.029778611632270146 0.029778611632270146 0.029778611632270146 0.029778611632270146 0.029778611632270146 0.029778611632270146 0.029778611632270146 0.029778611632270146 0.029778611632270146 0.029778611632270146 0.029778611632270146 
206 0.02089545966228888 0.02089545966228888 0.02089545966228888 0.02089545966228888 0.02089545966228888 0.02089545966228888 0.02089545966228888 0.02089545966228888 0.02089545966228888 0.02089545966228888 0.02089545966228888 0.02089545966228888 0.02089545966228888 0.02089545966228888 0.02089545966228888 0.02089545966228888 0.02089545966228888 0.02089545966228888 0.02089545966228888 0.02089545966228888 0.02089545966228888 
207 0.011969080675422081 0.011969080675422081 0.011969080675422081 0.011969080675422081 0.011969080675422081 0.011969080675422081 0.011969080675422081 0.011969080675422081 0.011969080675422081 0.011969080675422081 0.011969080675422081 0.011969080675422081 0.011969080675422081 0.011969080675422081 0.011969080675422081 0.011969080675422081 0.011969080675422081 0.011969080675422081 0.011969080675422081 0.011969080675422081 0.011969080675422081 
208 0.002999474671669895 0.002999474671669895 0.002999474671669895 0.002999474671669895 0.002999474671669895 0.002999474671669895 0.002999474671669895 0.002999474671669895 0.002999474671669895 0.002999474671669895 0.002999474671669895 0.002999474671669895 0.002999474671669895 0.002999474671669895 0.002999474671669895 0.002999474671669895 0.002999474671669895 0.002999474671669895 0.002999474671669895 0.002999474671669895 0.002999474671669895 
209 0.0 0.0 0.0 0.0 0.0 0.0 0.0 0.0 0.0 0.0 0.0 0.0 0.0 0.0 0.0 0.0 0.0 0.0 0.0 0.0 0.0 
210 0.0 0.0 0.0 0.0 0.0 0.0 0.0 0.0 0.0 0.0 0.0 0.0 0.0 0.0 0.0 0.0 0.0 0.0 0.0 0.0 0.0 
211 0.0 0.0 0.0 0.0 0.0 0.0 0.0 0.0 0.0 0.0 0.0 0.0 0.0 0.0 0.0 0.0 0.0 0.0 0.0 0.0 0.0 
212 0.0 0.0 0.0 0.0 0.0 0.0 0.0 0.0 0.0 0.0 0.0 0.0 0.0 0.0 0.0 0.0 0.0 0.0 0.0 0.0 0.0 
213 0.0 0.0 0.0 0.0 0.0 0.0 0.0 0.0 0.0 0.0 0.0 0.0 0.0 0.0 0.0 0.0 0.0 0.0 0.0 0.0 0.0 
214 0.0 0.0 0.0 0.0 0.0 0.0 0.0 0.0 0.0 0.0 0.0 0.0 0.0 0.0 0.0 0.0 0.0 0.0 0.0 0.0 0.0 
215 0.0 0.0 0.0 0.0 0.0 0.0 0.0 0.0 0.0 0.0 0.0 0.0 0.0 0.0 0.0 0.0 0.0 0.0 0.0 0.0 0.0 
216 0.0 0.0 0.0 0.0 0.0 0.0 0.0 0.0 0.0 0.0 0.0 0.0 0.0 0.0 0.0 0.0 0.0 0.0 0.0 0.0 0.0 
217 0.0 0.0 0.0 0.0 0.0 0.0 0.0 0.0 0.0 0.0 0.0 0.0 0.0 0.0 0.0 0.0 0.0 0.0 0.0 0.0 0.0 
218 0.0 0.0 0.0 0.0 0.0 0.0 0.0 0.0 0.0 0.0 0.0 0.0 0.0 0.0 0.0 0.0 0.0 0.0 0.0 0.0 0.0 
219 0.0 0.0 0.0 0.0 0.0 0.0 0.0 0.0 0.0 0.0 0.0 0.0 0.0 0.0 0.0 0.0 0.0 0.0 0.0 0.0 0.0 
220 0.0 0.0 0.0 0.0 0.0 0.0 0.0 0.0 0.0 0.0 0.0 0.0 0.0 0.0 0.0 0.0 0.0 0.0 0.0 0.0 0.0 
221 0.0 0.0 0.0 0.0 0.0 0.0 0.0 0.0 0.0 0.0 0.0 0.0 0.0 0.0 0.0 0.0 0.0 0.0 0.0 0.0 0.0 
222 0.0 0.0 0.0 0.0 0.0 0.0 0.0 0.0 0.0 0.0 0.0 0.0 0.0 0.0 0.0 0.0 0.0 0.0 0.0 0.0 0.0 
223 0.0 0.0 0.0 0.0 0.0 0.0 0.0 0.0 0.0 0.0 0.0 0.0 0.0 0.0 0.0 0.0 0.0 0.0 0.0 0.0 0.0 
224 0.0 0.0 0.0 0.0 0.0 0.0 0.0 0.0 0.0 0.0 0.0 0.0 0.0 0.0 0.0 0.0 0.0 0.0 0.0 0.0 0.0 
225 0.0 0.0 0.0 0.0 0.0 0.0 0.0 0.0 0.0 0.0 0.0 0.0 0.0 0.0 0.0 0.0 0.0 0.0 0.0 0.0 0.0 
226 0.0 0.0 0.0 0.0 0.0 0.0 0.0 0.0 0.0 0.0 0.0 0.0 0.0 0.0 0.0 0.0 0.0 0.0 0.0 0.0 0.0 
227 0.0 0.0 0.0 0.0 0.0 0.0 0.0 0.0 0.0 0.0 0.0 0.0 0.0 0.0 0.0 0.0 0.0 0.0 0.0 0.0 0.0 
228 0.0 0.0 0.0 0.0 0.0 0.0 0.0 0.0 0.0 0.0 0.0 0.0 0.0 0.0 0.0 0.0 0.0 0.0 0.0 0.0 0.0 
229 0.0 0.0 0.0 0.0 0.0 0.0 0.0 0.0 0.0 0.0 0.0 0.0 0.0 0.0 0.0 0.0 0.0 0.0 0.0 0.0 0.0 
230 0.0 0.0 0.0 0.0 0.0 0.0 0.0 0.0 0.0 0.0 0.0 0.0 0.0 0.0 0.0 0.0 0.0 0.0 0.0 0.0 0.0 
231 0.0 0.0 0.0 0.0 0.0 0.0 0.0 0.0 0.0 0.0 0.0 0.0 0.0 0.0 0.0 0.0 0.0 0.0 0.0 0.0 0.0 
232 0.0 0.0 0.0 0.0 0.0 0.0 0.0 0.0 0.0 0.0 0.0 0.0 0.0 0.0 0.0 0.0 0.0 0.0 0.0 0.0 0.0 
233 0.0 0.0 0.0 0.0 0.0 0.0 0.0 0.0 0.0 0.0 0.0 0.0 0.0 0.0 0.0 0.0 0.0 0.0 0.0 0.0 0.0 
234 0.0 0.0 0.0 0.0 0.0 0.0 0.0 0.0 0.0 0.0 0.0 0.0 0.0 0.0 0.0 0.0 0.0 0.0 0.0 0.0 0.0 
235 0.0 0.0 0.0 0.0 0.0 0.0 0.0 0.0 0.0 0.0 0.0 0.0 0.0 0.0 0.0 0.0 0.0 0.0 0.0 0.0 0.0 
236 0.0 0.0 0.0 0.0 0.0 0.0 0.0 0.0 0.0 0.0 0.0 0.0 0.0 0.0 0.0 0.0 0.0 0.0 0.0 0.0 0.0 
237 0.0 0.0 0.0 0.0 0.0 0.0 0.0 0.0 0.0 0.0 0.0 0.0 0.0 0.0 0.0 0.0 0.0 0.0 0.0 0.0 0.0 
238 0.0 0.0 0.0 0.0 0.0 0.0 0.0 0.0 0.0 0.0 0.0 0.0 0.0 0.0 0.0 0.0 0.0 0.0 0.0 0.0 0.0 
239 0.0 0.0 0.0 0.0 0.0 0.0 0.0 0.0 0.0 0.0 0.0 0.0 0.0 0.0 0.0 0.0 0.0 0.0 0.0 0.0 0.0 
240 0.0 0.0 0.0 0.0 0.0 0.0 0.0 0.0 0.0 0.0 0.0 0.0 0.0 0.0 0.0 0.0 0.0 0.0 0.0 0.0 0.0 
241 0.0 0.0 0.0 0.0 0.0 0.0 0.0 0.0 0.0 0.0 0.0 0.0 0.0 0.0 0.0 0.0 0.0 0.0 0.0 0.0 0.0 
242 0.0 0.0 0.0 0.0 0.0 0.0 0.0 0.0 0.0 0.0 0.0 0.0 0.0 0.0 0.0 0.0 0.0 0.0 0.0 0.0 0.0 
243 0.0 0.0 0.0 0.0 0.0 0.0 0.0 0.0 0.0 0.0 0.0 0.0 0.0 0.0 0.0 0.0 0.0 0.0 0.0 0.0 0.0 
244 0.0 0.0 0.0 0.0 0.0 0.0 0.0 0.0 0.0 0.0 0.0 0.0 0.0 0.0 0.0 0.0 0.0 0.0 0.0 0.0 0.0 
245 0.0 0.0 0.0 0.0 0.0 0.0 0.0 0.0 0.0 0.0 0.0 0.0 0.0 0.0 0.0 0.0 0.0 0.0 0.0 0.0 0.0 
246 0.0 0.0 0.0 0.0 0.0 0.0 0.0 0.0 0.0 0.0 0.0 0.0 0.0 0.0 0.0 0.0 0.0 0.0 0.0 0.0 0.0 
247 0.0 0.0 0.0 0.0 0.0 0.0 0.0 0.0 0.0 0.0 0.0 0.0 0.0 0.0 0.0 0.0 0.0 0.0 0.0 0.0 0.0 
248 0.0 0.0 0.0 0.0 0.0 0.0 0.0 0.0 0.0 0.0 0.0 0.0 0.0 0.0 0.0 0.0 0.0 0.0 0.0 0.0 0.0 
249 0.0 0.0 0.0 0.0 0.0 0.0 0.0 0.0 0.0 0.0 0.0 0.0 0.0 0.0 0.0 0.0 0.0 0.0 0.0 0.0 0.0 
250 0.0 0.0 0.0 0.0 0.0 0.0 0.0 0.0 0.0 0.0 0.0 0.0 0.0 0.0 0.0 0.0 0.0 0.0 0.0 0.0 0.0 
251 0.0 0.0 0.0 0.0 0.0 0.0 0.0 0.0 0.0 0.0 0.0 0.0 0.0 0.0 0.0 0.0 0.0 0.0 0.0 0.0 0.0 
252 0.0 0.0 0.0 0.0 0.0 0.0 0.0 0.0 0.0 0.0 0.0 0.0 0.0 0.0 0.0 0.0 0.0 0.0 0.0 0.0 0.0 
253 0.0 0.0 0.0 0.0 0.0 0.0 0.0 0.0 0.0 0.0 0.0 0.0 0.0 0.0 0.0 0.0 0.0 0.0 0.0 0.0 0.0 
254 0.0 0.0 0.0 0.0 0.0 0.0 0.0 0.0 0.0 0.0 0.0 0.0 0.0 0.0 0.0 0.0 0.0 0.0 0.0 0.0 0.0 
255 0.0 0.0 0.0 0.0 0.0 0.0 0.0 0.0 0.0 0.0 0.0 0.0 0.0 0.0 0.0 0.0 0.0 0.0 0.0 0.0 0.0 
256 0.0 0.0 0.0 0.0 0.0 0.0 0.0 0.0 0.0 0.0 0.0 0.0 0.0 0.0 0.0 0.0 0.0 0.0 0.0 0.0 0.0 
257 0.0 0.0 0.0 0.0 0.0 0.0 0.0 0.0 0.0 0.0 0.0 0.0 0.0 0.0 0.0 0.0 0.0 0.0 0.0 0.0 0.0 
258 0.0 0.0 0.0 0.0 0.0 0.0 0.0 0.0 0.0 0.0 0.0 0.0 0.0 0.0 0.0 0.0 0.0 0.0 0.0 0.0 0.0 
259 0.0 0.0 0.0 0.0 0.0 0.0 0.0 0.0 0.0 0.0 0.0 0.0 0.0 0.0 0.0 0.0 0.0 0.0 0.0 0.0 0.0 
260 0.0 0.0 0.0 0.0 0.0 0.0 0.0 0.0 0.0 0.0 0.0 0.0 0.0 0.0 0.0 0.0 0.0 0.0 0.0 0.0 0.0 
261 0.0 0.0 0.0 0.0 0.0 0.0 0.0 0.0 0.0 0.0 0.0 0.0 0.0 0.0 0.0 0.0 0.0 0.0 0.0 0.0 0.0 
262 0.0 0.0 0.0 0.0 0.0 0.0 0.0 0.0 0.0 0.0 0.0 0.0 0.0 0.0 0.0 0.0 0.0 0.0 0.0 0.0 0.0 
263 0.0 0.0 0.0 0.0 0.0 0.0 0.0 0.0 0.0 0.0 0.0 0.0 0.0 0.0 0.0 0.0 0.0 0.0 0.0 0.0 0.0 
264 0.0 0.0 0.0 0.0 0.0 0.0 0.0 0.0 0.0 0.0 0.0 0.0 0.0 0.0 0.0 0.0 0.0 0.0 0.0 0.0 0.0 
265 0.0 0.0 0.0 0.0 0.0 0.0 0.0 0.0 0.0 0.0 0.0 0.0 0.0 0.0 0.0 0.0 0.0 0.0 0.0 0.0 0.0 
266 0.0 0.0 0.0 0.0 0.0 0.0 0.0 0.0 0.0 0.0 0.0 0.0 0.0 0.0 0.0 0.0 0.0 0.0 0.0 0.0 0.0 
267 0.0 0.0 0.0 0.0 0.0 0.0 0.0 0.0 0.0 0.0 0.0 0.0 0.0 0.0 0.0 0.0 0.0 0.0 0.0 0.0 0.0 
268 0.0 0.0 0.0 0.0 0.0 0.0 0.0 0.0 0.0 0.0 0.0 0.0 0.0 0.0 0.0 0.0 0.0 0.0 0.0 0.0 0.0 
269 0.0 0.0 0.0 0.0 0.0 0.0 0.0 0.0 0.0 0.0 0.0 0.0 0.0 0.0 0.0 0.0 0.0 0.0 0.0 0.0 0.0 
270 0.0 0.0 0.0 0.0 0.0 0.0 0.0 0.0 0.0 0.0 0.0 0.0 0.0 0.0 0.0 0.0 0.0 0.0 0.0 0.0 0.0 
271 0.0 0.0 0.0 0.0 0.0 0.0 0.0 0.0 0.0 0.0 0.0 0.0 0.0 0.0 0.0 0.0 0.0 0.0 0.0 0.0 0.0 
272 0.0 0.0 0.0 0.0 0.0 0.0 0.0 0.0 0.0 0.0 0.0 0.0 0.0 0.0 0.0 0.0 0.0 0.0 0.0 0.0 0.0 
273 0.0 0.0 0.0 0.0 0.0 0.0 0.0 0.0 0.0 0.0 0.0 0.0 0.0 0.0 0.0 0.0 0.0 0.0 0.0 0.0 0.0 
274 0.0 0.0 0.0 0.0 0.0 0.0 0.0 0.0 0.0 0.0 0.0 0.0 0.0 0.0 0.0 0.0 0.0 0.0 0.0 0.0 0.0 
275 0.0 0.0 0.0 0.0 0.0 0.0 0.0 0.0 0.0 0.0 0.0 0.0 0.0 0.0 0.0 0.0 0.0 0.0 0.0 0.0 0.0 
276 0.0 0.0 0.0 0.0 0.0 0.0 0.0 0.0 0.0 0.0 0.0 0.0 0.0 0.0 0.0 0.0 0.0 0.0 0.0 0.0 0.0 
277 0.0 0.0 0.0 0.0 0.0 0.0 0.0 0.0 0.0 0.0 0.0 0.0 0.0 0.0 0.0 0.0 0.0 0.0 0.0 0.0 0.0 
278 0.0 0.0 0.0 0.0 0.0 0.0 0.0 0.0 0.0 0.0 0.0 0.0 0.0 0.0 0.0 0.0 0.0 0.0 0.0 0.0 0.0 
279 0.0 0.0 0.0 0.0 0.0 0.0 0.0 0.0 0.0 0.0 0.0 0.0 0.0 0.0 0.0 0.0 0.0 0.0 0.0 0.0 0.0 
280 0.0 0.0 0.0 0.0 0.0 0.0 0.0 0.0 0.0 0.0 0.0 0.0 0.0 0.0 0.0 0.0 0.0 0.0 0.0 0.0 0.0 
281 0.0 0.0 0.0 0.0 0.0 0.0 0.0 0.0 0.0 0.0 0.0 0.0 0.0 0.0 0.0 0.0 0.0 0.0 0.0 0.0 0.0 
282 0.0 0.0 0.0 0.0 0.0 0.0 0.0 0.0 0.0 0.0 0.0 0.0 0.0 0.0 0.0 0.0 0.0 0.0 0.0 0.0 0.0 
283 0.0 0.0 0.0 0.0 0.0 0.0 0.0 0.0 0.0 0.0 0.0 0.0 0.0 0.0 0.0 0.0 0.0 0.0 0.0 0.0 0.0 
284 0.0 0.0 0.0 0.0 0.0 0.0 0.0 0.0 0.0 0.0 0.0 0.0 0.0 0.0 0.0 0.0 0.0 0.0 0.0 0.0 0.0 
285 0.0 0.0 0.0 0.0 0.0 0.0 0.0 0.0 0.0 0.0 0.0 0.0 0.0 0.0 0.0 0.0 0.0 0.0 0.0 0.0 0.0 
286 0.0 0.0 0.0 0.0 0.0 0.0 0.0 0.0 0.0 0.0 0.0 0.0 0.0 0.0 0.0 0.0 0.0 0.0 0.0 0.0 0.0 
287 0.0 0.0 0.0 0.0 0.0 0.0 0.0 0.0 0.0 0.0 0.0 0.0 0.0 0.0 0.0 0.0 0.0 0.0 0.0 0.0 0.0 
288 0.0 0.0 0.0 0.0 0.0 0.0 0.0 0.0 0.0 0.0 0.0 0.0 0.0 0.0 0.0 0.0 0.0 0.0 0.0 0.0 0.0 
289 0.0 0.0 0.0 0.0 0.0 0.0 0.0 0.0 0.0 0.0 0.0 0.0 0.0 0.0 0.0 0.0 0.0 0.0 0.0 0.0 0.0 
290 0.0 0.0 0.0 0.0 0.0 0.0 0.0 0.0 0.0 0.0 0.0 0.0 0.0 0.0 0.0 0.0 0.0 0.0 0.0 0.0 0.0 
291 0.0 0.0 0.0 0.0 0.0 0.0 0.0 0.0 0.0 0.0 0.0 0.0 0.0 0.0 0.0 0.0 0.0 0.0 0.0 0.0 0.0 
292 0.0 0.0 0.0 0.0 0.0 0.0 0.0 0.0 0.0 0.0 0.0 0.0 0.0 0.0 0.0 0.0 0.0 0.0 0.0 0.0 0.0 
293 0.0 0.0 0.0 0.0 0.0 0.0 0.0 0.0 0.0 0.0 0.0 0.0 0.0 0.0 0.0 0.0 0.0 0.0 0.0 0.0 0.0 
294 0.0 0.0 0.0 0.0 0.0 0.0 0.0 0.0 0.0 0.0 0.0 0.0 0.0 0.0 0.0 0.0 0.0 0.0 0.0 0.0 0.0 
295 0.0 0.0 0.0 0.0 0.0 0.0 0.0 0.0 0.0 0.0 0.0 0.0 0.0 0.0 0.0 0.0 0.0 0.0 0.0 0.0 0.0 
296 0.0 0.0 0.0 0.0 0.0 0.0 0.0 0.0 0.0 0.0 0.0 0.0 0.0 0.0 0.0 0.0 0.0 0.0 0.0 0.0 0.0 
297 0.0 0.0 0.0 0.0 0.0 0.0 0.0 0.0 0.0 0.0 0.0 0.0 0.0 0.0 0.0 0.0 0.0 0.0 0.0 0.0 0.0 
298 0.0 0.0 0.0 0.0 0.0 0.0 0.0 0.0 0.0 0.0 0.0 0.0 0.0 0.0 0.0 0.0 0.0 0.0 0.0 0.0 0.0 
299 0.0 0.0 0.0 0.0 0.0 0.0 0.0 0.0 0.0 0.0 0.0 0.0 0.0 0.0 0.0 0.0 0.0 0.0 0.0 0.0 0.0 
300 0.0 0.0 0.0 0.0 0.0 0.0 0.0 0.0 0.0 0.0 0.0 0.0 0.0 0.0 0.0 0.0 0.0 0.0 0.0 0.0 0.0 
301 0.0 0.0 0.0 0.0 0.0 0.0 0.0 0.0 0.0 0.0 0.0 0.0 0.0 0.0 0.0 0.0 0.0 0.0 0.0 0.0 0.0 
302 0.0 0.0 0.0 0.0 0.0 0.0 0.0 0.0 0.0 0.0 0.0 0.0 0.0 0.0 0.0 0.0 0.0 0.0 0.0 0.0 0.0 
303 0.0 0.0 0.0 0.0 0.0 0.0 0.0 0.0 0.0 0.0 0.0 0.0 0.0 0.0 0.0 0.0 0.0 0.0 0.0 0.0 0.0 
304 0.0 0.0 0.0 0.0 0.0 0.0 0.0 0.0 0.0 0.0 0.0 0.0 0.0 0.0 0.0 0.0 0.0 0.0 0.0 0.0 0.0 
305 0.0 0.0 0.0 0.0 0.0 0.0 0.0 0.0 0.0 0.0 0.0 0.0 0.0 0.0 0.0 0.0 0.0 0.0 0.0 0.0 0.0 
306 0.0 0.0 0.0 0.0 0.0 0.0 0.0 0.0 0.0 0.0 0.0 0.0 0.0 0.0 0.0 0.0 0.0 0.0 0.0 0.0 0.0 
307 0.0 0.0 0.0 0.0 0.0 0.0 0.0 0.0 0.0 0.0 0.0 0.0 0.0 0.0 0.0 0.0 0.0 0.0 0.0 0.0 0.0 
308 0.0 0.0 0.0 0.0 0.0 0.0 0.0 0.0 0.0 0.0 0.0 0.0 0.0 0.0 0.0 0.0 0.0 0.0 0.0 0.0 0.0 
309 0.0 0.0 0.0 0.0 0.0 0.0 0.0 0.0 0.0 0.0 0.0 0.0 0.0 0.0 0.0 0.0 0.0 0.0 0.0 0.0 0.0 
310 0.0 0.0 0.0 0.0 0.0 0.0 0.0 0.0 0.0 0.0 0.0 0.0 0.0 0.0 0.0 0.0 0.0 0.0 0.0 0.0 0.0 
311 0.0 0.0 0.0 0.0 0.0 0.0 0.0 0.0 0.0 0.0 0.0 0.0 0.0 0.0 0.0 0.0 0.0 0.0 0.0 0.0 0.0 
312 0.0 0.0 0.0 0.0 0.0 0.0 0.0 0.0 0.0 0.0 0.0 0.0 0.0 0.0 0.0 0.0 0.0 0.0 0.0 0.0 0.0 
313 0.0 0.0 0.0 0.0 0.0 0.0 0.0 0.0 0.0 0.0 0.0 0.0 0.0 0.0 0.0 0.0 0.0 0.0 0.0 0.0 0.0 
314 0.0 0.0 0.0 0.0 0.0 0.0 0.0 0.0 0.0 0.0 0.0 0.0 0.0 0.0 0.0 0.0 0.0 0.0 0.0 0.0 0.0 
315 0.0 0.0 0.0 0.0 0.0 0.0 0.0 0.0 0.0 0.0 0.0 0.0 0.0 0.0 0.0 0.0 0.0 0.0 0.0 0.0 0.0 
316 0.0 0.0 0.0 0.0 0.0 0.0 0.0 0.0 0.0 0.0 0.0 0.0 0.0 0.0 0.0 0.0 0.0 0.0 0.0 0.0 0.0 
317 0.0 0.0 0.0 0.0 0.0 0.0 0.0 0.0 0.0 0.0 0.0 0.0 0.0 0.0 0.0 0.0 0.0 0.0 0.0 0.0 0.0 
318 0.0 0.0 0.0 0.0 0.0 0.0 0.0 0.0 0.0 0.0 0.0 0.0 0.0 0.0 0.0 0.0 0.0 0.0 0.0 0.0 0.0 
319 0.0 0.0 0.0 0.0 0.0 0.0 0.0 0.0 0.0 0.0 0.0 0.0 0.0 0.0 0.0 0.0 0.0 0.0 0.0 0.0 0.0 
320 0.0 0.0 0.0 0.0 0.0 0.0 0.0 0.0 0.0 0.0 0.0 0.0 0.0 0.0 0.0 0.0 0.0 0.0 0.0 0.0 0.0 
321 0.0 0.0 0.0 0.0 0.0 0.0 0.0 0.0 0.0 0.0 0.0 0.0 0.0 0.0 0.0 0.0 0.0 0.0 0.0 0.0 0.0 
322 0.0 0.0 0.0 0.0 0.0 0.0 0.0 0.0 0.0 0.0 0.0 0.0 0.0 0.0 0.0 0.0 0.0 0.0 0.0 0.0 0.0 
323 0.0 0.0 0.0 0.0 0.0 0.0 0.0 0.0 0.0 0.0 0.0 0.0 0.0 0.0 0.0 0.0 0.0 0.0 0.0 0.0 0.0 
324 0.0 0.0 0.0 0.0 0.0 0.0 0.0 0.0 0.0 0.0 0.0 0.0 0.0 0.0 0.0 0.0 0.0 0.0 0.0 0.0 0.0 
325 0.0 0.0 0.0 0.0 0.0 0.0 0.0 0.0 0.0 0.0 0.0 0.0 0.0 0.0 0.0 0.0 0.0 0.0 0.0 0.0 0.0 
326 0.0 0.0 0.0 0.0 0.0 0.0 0.0 0.0 0.0 0.0 0.0 0.0 0.0 0.0 0.0 0.0 0.0 0.0 0.0 0.0 0.0 
327 0.0 0.0 0.0 0.0 0.0 0.0 0.0 0.0 0.0 0.0 0.0 0.0 0.0 0.0 0.0 0.0 0.0 0.0 0.0 0.0 0.0 
328 0.0 0.0 0.0 0.0 0.0 0.0 0.0 0.0 0.0 0.0 0.0 0.0 0.0 0.0 0.0 0.0 0.0 0.0 0.0 0.0 0.0 
329 0.0 0.0 0.0 0.0 0.0 0.0 0.0 0.0 0.0 0.0 0.0 0.0 0.0 0.0 0.0 0.0 0.0 0.0 0.0 0.0 0.0 
330 0.0 0.0 0.0 0.0 0.0 0.0 0.0 0.0 0.0 0.0 0.0 0.0 0.0 0.0 0.0 0.0 0.0 0.0 0.0 0.0 0.0 
331 0.0 0.0 0.0 0.0 0.0 0.0 0.0 0.0 0.0 0.0 0.0 0.0 0.0 0.0 0.0 0.0 0.0 0.0 0.0 0.0 0.0 
332 0.0 0.0 0.0 0.0 0.0 0.0 0.0 0.0 0.0 0.0 0.0 0.0 0.0 0.0 0.0 0.0 0.0 0.0 0.0 0.0 0.0 
333 0.0 0.0 0.0 0.0 0.0 0.0 0.0 0.0 0.0 0.0 0.0 0.0 0.0 0.0 0.0 0.0 0.0 0.0 0.0 0.0 0.0 
334 0.0 0.0 0.0 0.0 0.0 0.0 0.0 0.0 0.0 0.0 0.0 0.0 0.0 0.0 0.0 0.0 0.0 0.0 0.0 0.0 0.0 
335 0.0 0.0 0.0 0.0 0.0 0.0 0.0 0.0 0.0 0.0 0.0 0.0 0.0 0.0 0.0 0.0 0.0 0.0 0.0 0.0 0.0 
336 0.0 0.0 0.0 0.0 0.0 0.0 0.0 0.0 0.0 0.0 0.0 0.0 0.0 0.0 0.0 0.0 0.0 0.0 0.0 0.0 0.0 
337 0.0 0.0 0.0 0.0 0.0 0.0 0.0 0.0 0.0 0.0 0.0 0.0 0.0 0.0 0.0 0.0 0.0 0.0 0.0 0.0 0.0 
338 0.0 0.0 0.0 0.0 0.0 0.0 0.0 0.0 0.0 0.0 0.0 0.0 0.0 0.0 0.0 0.0 0.0 0.0 0.0 0.0 0.0 
339 0.0 0.0 0.0 0.0 0.0 0.0 0.0 0.0 0.0 0.0 0.0 0.0 0.0 0.0 0.0 0.0 0.0 0.0 0.0 0.0 0.0 
340 0.0 0.0 0.0 0.0 0.0 0.0 0.0 0.0 0.0 0.0 0.0 0.0 0.0 0.0 0.0 0.0 0.0 0.0 0.0 0.0 0.0 
341 0.0 0.0 0.0 0.0 0.0 0.0 0.0 0.0 0.0 0.0 0.0 0.0 0.0 0.0 0.0 0.0 0.0 0.0 0.0 0.0 0.0 
342 0.0 0.0 0.0 0.0 0.0 0.0 0.0 0.0 0.0 0.0 0.0 0.0 0.0 0.0 0.0 0.0 0.0 0.0 0.0 0.0 0.0 
343 0.0 0.0 0.0 0.0 0.0 0.0 0.0 0.0 0.0 0.0 0.0 0.0 0.0 0.0 0.0 0.0 0.0 0.0 0.0 0.0 0.0 
344 0.0 0.0 0.0 0.0 0.0 0.0 0.0 0.0 0.0 0.0 0.0 0.0 0.0 0.0 0.0 0.0 0.0 0.0 0.0 0.0 0.0 
345 0.0 0.0 0.0 0.0 0.0 0.0 0.0 0.0 0.0 0.0 0.0 0.0 0.0 0.0 0.0 0.0 0.0 0.0 0.0 0.0 0.0 
346 0.0 0.0 0.0 0.0 0.0 0.0 0.0 0.0 0.0 0.0 0.0 0.0 0.0 0.0 0.0 0.0 0.0 0.0 0.0 0.0 0.0 
347 0.0 0.0 0.0 0.0 0.0 0.0 0.0 0.0 0.0 0.0 0.0 0.0 0.0 0.0 0.0 0.0 0.0 0.0 0.0 0.0 0.0 
348 0.0 0.0 0.0 0.0 0.0 0.0 0.0 0.0 0.0 0.0 0.0 0.0 0.0 0.0 0.0 0.0 0.0 0.0 0.0 0.0 0.0 
349 0.0 0.0 0.0 0.0 0.0 0.0 0.0 0.0 0.0 0.0 0.0 0.0 0.0 0.0 0.0 0.0 0.0 0.0 0.0 0.0 0.0 
350 0.0 0.0 0.0 0.0 0.0 0.0 0.0 0.0 0.0 0.0 0.0 0.0 0.0 0.0 0.0 0.0 0.0 0.0 0.0 0.0 0.0 
351 0.0 0.0 0.0 0.0 0.0 0.0 0.0 0.0 0.0 0.0 0.0 0.0 0.0 0.0 0.0 0.0 0.0 0.0 0.0 0.0 0.0 
352 0.0 0.0 0.0 0.0 0.0 0.0 0.0 0.0 0.0 0.0 0.0 0.0 0.0 0.0 0.0 0.0 0.0 0.0 0.0 0.0 0.0 
353 0.0 0.0 0.0 0.0 0.0 0.0 0.0 0.0 0.0 0.0 0.0 0.0 0.0 0.0 0.0 0.0 0.0 0.0 0.0 0.0 0.0 
354 0.0 0.0 0.0 0.0 0.0 0.0 0.0 0.0 0.0 0.0 0.0 0.0 0.0 0.0 0.0 0.0 0.0 0.0 0.0 0.0 0.0 
355 0.0 0.0 0.0 0.0 0.0 0.0 0.0 0.0 0.0 0.0 0.0 0.0 0.0 0.0 0.0 0.0 0.0 0.0 0.0 0.0 0.0 
356 0.0 0.0 0.0 0.0 0.0 0.0 0.0 0.0 0.0 0.0 0.0 0.0 0.0 0.0 0.0 0.0 0.0 0.0 0.0 0.0 0.0 
357 0.0 0.0 0.0 0.0 0.0 0.0 0.0 0.0 0.0 0.0 0.0 0.0 0.0 0.0 0.0 0.0 0.0 0.0 0.0 0.0 0.0 
358 0.0 0.0 0.0 0.0 0.0 0.0 0.0 0.0 0.0 0.0 0.0 0.0 0.0 0.0 0.0 0.0 0.0 0.0 0.0 0.0 0.0 
359 0.0 0.0 0.0 0.0 0.0 0.0 0.0 0.0 0.0 0.0 0.0 0.0 0.0 0.0 0.0 0.0 0.0 0.0 0.0 0.0 0.0 
360 0.0 0.0 0.0 0.0 0.0 0.0 0.0 0.0 0.0 0.0 0.0 0.0 0.0 0.0 0.0 0.0 0.0 0.0 0.0 0.0 0.0 
361 0.0 0.0 0.0 0.0 0.0 0.0 0.0 0.0 0.0 0.0 0.0 0.0 0.0 0.0 0.0 0.0 0.0 0.0 0.0 0.0 0.0 
362 0.0 0.0 0.0 0.0 0.0 0.0 0.0 0.0 0.0 0.0 0.0 0.0 0.0 0.0 0.0 0.0 0.0 0.0 0.0 0.0 0.0 
363 0.0 0.0 0.0 0.0 0.0 0.0 0.0 0.0 0.0 0.0 0.0 0.0 0.0 0.0 0.0 0.0 0.0 0.0 0.0 0.0 0.0 
364 0.0 0.0 0.0 0.0 0.0 0.0 0.0 0.0 0.0 0.0 0.0 0.0 0.0 0.0 0.0 0.0 0.0 0.0 0.0 0.0 0.0 
365 0.0 0.0 0.0 0.0 0.0 0.0 0.0 0.0 0.0 0.0 0.0 0.0 0.0 0.0 0.0 0.0 0.0 0.0 0.0 0.0 0.0 
366 0.0 0.0 0.0 0.0 0.0 0.0 0.0 0.0 0.0 0.0 0.0 0.0 0.0 0.0 0.0 0.0 0.0 0.0 0.0 0.0 0.0 
367 0.0 0.0 0.0 0.0 0.0 0.0 0.0 0.0 0.0 0.0 0.0 0.0 0.0 0.0 0.0 0.0 0.0 0.0 0.0 0.0 0.0 
368 0.0 0.0 0.0 0.0 0.0 0.0 0.0 0.0 0.0 0.0 0.0 0.0 0.0 0.0 0.0 0.0 0.0 0.0 0.0 0.0 0.0 
369 0.0 0.0 0.0 0.0 0.0 0.0 0.0 0.0 0.0 0.0 0.0 0.0 0.0 0.0 0.0 0.0 0.0 0.0 0.0 0.0 0.0 
370 0.0 0.0 0.0 0.0 0.0 0.0 0.0 0.0 0.0 0.0 0.0 0.0 0.0 0.0 0.0 0.0 0.0 0.0 0.0 0.0 0.0 
371 0.0 0.0 0.0 0.0 0.0 0.0 0.0 0.0 0.0 0.0 0.0 0.0 0.0 0.0 0.0 0.0 0.0 0.0 0.0 0.0 0.0 
372 0.0 0.0 0.0 0.0 0.0 0.0 0.0 0.0 0.0 0.0 0.0 0.0 0.0 0.0 0.0 0.0 0.0 0.0 0.0 0.0 0.0 
373 0.0 0.0 0.0 0.0 0.0 0.0 0.0 0.0 0.0 0.0 0.0 0.0 0.0 0.0 0.0 0.0 0.0 0.0 0.0 0.0 0.0 
374 0.0 0.0 0.0 0.0 0.0 0.0 0.0 0.0 0.0 0.0 0.0 0.0 0.0 0.0 0.0 0.0 0.0 0.0 0.0 0.0 0.0 
375 0.0 0.0 0.0 0.0 0.0 0.0 0.0 0.0 0.0 0.0 0.0 0.0 0.0 0.0 0.0 0.0 0.0 0.0 0.0 0.0 0.0 
376 0.0 0.0 0.0 0.0 0.0 0.0 0.0 0.0 0.0 0.0 0.0 0.0 0.0 0.0 0.0 0.0 0.0 0.0 0.0 0.0 0.0 
377 0.0 0.0 0.0 0.0 0.0 0.0 0.0 0.0 0.0 0.0 0.0 0.0 0.0 0.0 0.0 0.0 0.0 0.0 0.0 0.0 0.0 
378 0.0 0.0 0.0 0.0 0.0 0.0 0.0 0.0 0.0 0.0 0.0 0.0 0.0 0.0 0.0 0.0 0.0 0.0 0.0 0.0 0.0 
379 0.0 0.0 0.0 0.0 0.0 0.0 0.0 0.0 0.0 0.0 0.0 0.0 0.0 0.0 0.0 0.0 0.0 0.0 0.0 0.0 0.0 
380 0.0 0.0 0.0 0.0 0.0 0.0 0.0 0.0 0.0 0.0 0.0 0.0 0.0 0.0 0.0 0.0 0.0 0.0 0.0 0.0 0.0 
381 0.0 0.0 0.0 0.0 0.0 0.0 0.0 0.0 0.0 0.0 0.0 0.0 0.0 0.0 0.0 0.0 0.0 0.0 0.0 0.0 0.0 
382 0.0 0.0 0.0 0.0 0.0 0.0 0.0 0.0 0.0 0.0 0.0 0.0 0.0 0.0 0.0 0.0 0.0 0.0 0.0 0.0 0.0 
383 0.0 0.0 0.0 0.0 0.0 0.0 0.0 0.0 0.0 0.0 0.0 0.0 0.0 0.0 0.0 0.0 0.0 0.0 0.0 0.0 0.0 
384 0.0 0.0 0.0 0.0 0.0 0.0 0.0 0.0 0.0 0.0 0.0 0.0 0.0 0.0 0.0 0.0 0.0 0.0 0.0 0.0 0.0 
385 0.0 0.0 0.0 0.0 0.0 0.0 0.0 0.0 0.0 0.0 0.0 0.0 0.0 0.0 0.0 0.0 0.0 0.0 0.0 0.0 0.0 
386 0.0 0.0 0.0 0.0 0.0 0.0 0.0 0.0 0.0 0.0 0.0 0.0 0.0 0.0 0.0 0.0 0.0 0.0 0.0 0.0 0.0 
387 0.0 0.0 0.0 0.0 0.0 0.0 0.0 0.0 0.0 0.0 0.0 0.0 0.0 0.0 0.0 0.0 0.0 0.0 0.0 0.0 0.0 
388 0.0 0.0 0.0 0.0 0.0 0.0 0.0 0.0 0.0 0.0 0.0 0.0 0.0 0.0 0.0 0.0 0.0 0.0 0.0 0.0 0.0 
389 0.0 0.0 0.0 0.0 0.0 0.0 0.0 0.0 0.0 0.0 0.0 0.0 0.0 0.0 0.0 0.0 0.0 0.0 0.0 0.0 0.0 
390 0.0 0.0 0.0 0.0 0.0 0.0 0.0 0.0 0.0 0.0 0.0 0.0 0.0 0.0 0.0 0.0 0.0 0.0 0.0 0.0 0.0 
391 0.0 0.0 0.0 0.0 0.0 0.0 0.0 0.0 0.0 0.0 0.0 0.0 0.0 0.0 0.0 0.0 0.0 0.0 0.0 0.0 0.0 
392 0.0 0.0 0.0 0.0 0.0 0.0 0.0 0.0 0.0 0.0 0.0 0.0 0.0 0.0 0.0 0.0 0.0 0.0 0.0 0.0 0.0 
393 0.0 0.0 0.0 0.0 0.0 0.0 0.0 0.0 0.0 0.0 0.0 0.0 0.0 0.0 0.0 0.0 0.0 0.0 0.0 0.0 0.0 
394 0.0 0.0 0.0 0.0 0.0 0.0 0.0 0.0 0.0 0.0 0.0 0.0 0.0 0.0 0.0 0.0 0.0 0.0 0.0 0.0 0.0 
395 0.0 0.0 0.0 0.0 0.0 0.0 0.0 0.0 0.0 0.0 0.0 0.0 0.0 0.0 0.0 0.0 0.0 0.0 0.0 0.0 0.0 
396 0.0 0.0 0.0 0.0 0.0 0.0 0.0 0.0 0.0 0.0 0.0 0.0 0.0 0.0 0.0 0.0 0.0 0.0 0.0 0.0 0.0 
397 0.0 0.0 0.0 0.0 0.0 0.0 0.0 0.0 0.0 0.0 0.0 0.0 0.0 0.0 0.0 0.0 0.0 0.0 0.0 0.0 0.0 
398 0.0 0.0 0.0 0.0 0.0 0.0 0.0 0.0 0.0 0.0 0.0 0.0 0.0 0.0 0.0 0.0 0.0 0.0 0.0 0.0 0.0 
399 0.0 0.0 0.0 0.0 0.0 0.0 0.0 0.0 0.0 0.0 0.0 0.0 0.0 0.0 0.0 0.0 0.0 0.0 0.0 0.0 0.0 
400 0.0 0.0 0.0 0.0 0.0 0.0 0.0 0.0 0.0 0.0 0.0 0.0 0.0 0.0 0.0 0.0 0.0 0.0 0.0 0.0 0.0 
401 0.0 0.0 0.0 0.0 0.0 0.0 0.0 0.0 0.0 0.0 0.0 0.0 0.0 0.0 0.0 0.0 0.0 0.0 0.0 0.0 0.0 
402 0.0 0.0 0.0 0.0 0.0 0.0 0.0 0.0 0.0 0.0 0.0 0.0 0.0 0.0 0.0 0.0 0.0 0.0 0.0 0.0 0.0 
403 0.0 0.0 0.0 0.0 0.0 0.0 0.0 0.0 0.0 0.0 0.0 0.0 0.0 0.0 0.0 0.0 0.0 0.0 0.0 0.0 0.0 
404 0.0 0.0 0.0 0.0 0.0 0.0 0.0 0.0 0.0 0.0 0.0 0.0 0.0 0.0 0.0 0.0 0.0 0.0 0.0 0.0 0.0 
405 0.0 0.0 0.0 0.0 0.0 0.0 0.0 0.0 0.0 0.0 0.0 0.0 0.0 0.0 0.0 0.0 0.0 0.0 0.0 0.0 0.0 
406 0.0 0.0 0.0 0.0 0.0 0.0 0.0 0.0 0.0 0.0 0.0 0.0 0.0 0.0 0.0 0.0 0.0 0.0 0.0 0.0 0.0 
407 0.0 0.0 0.0 0.0 0.0 0.0 0.0 0.0 0.0 0.0 0.0 0.0 0.0 0.0 0.0 0.0 0.0 0.0 0.0 0.0 0.0 
408 0.0 0.0 0.0 0.0 0.0 0.0 0.0 0.0 0.0 0.0 0.0 0.0 0.0 0.0 0.0 0.0 0.0 0.0 0.0 0.0 0.0 
409 0.0 0.0 0.0 0.0 0.0 0.0 0.0 0.0 0.0 0.0 0.0 0.0 0.0 0.0 0.0 0.0 0.0 0.0 0.0 0.0 0.0 
410 0.0 0.0 0.0 0.0 0.0 0.0 0.0 0.0 0.0 0.0 0.0 0.0 0.0 0.0 0.0 0.0 0.0 0.0 0.0 0.0 0.0 
411 0.0 0.0 0.0 0.0 0.0 0.0 0.0 0.0 0.0 0.0 0.0 0.0 0.0 0.0 0.0 0.0 0.0 0.0 0.0 0.0 0.0 
412 0.0 0.0 0.0 0.0 0.0 0.0 0.0 0.0 0.0 0.0 0.0 0.0 0.0 0.0 0.0 0.0 0.0 0.0 0.0 0.0 0.0 
413 0.0 0.0 0.0 0.0 0.0 0.0 0.0 0.0 0.0 0.0 0.0 0.0 0.0 0.0 0.0 0.0 0.0 0.0 0.0 0.0 0.0 
414 0.0 0.0 0.0 0.0 0.0 0.0 0.0 0.0 0.0 0.0 0.0 0.0 0.0 0.0 0.0 0.0 0.0 0.0 0.0 0.0 0.0 
415 0.0 0.0 0.0 0.0 0.0 0.0 0.0 0.0 0.0 0.0 0.0 0.0 0.0 0.0 0.0 0.0 0.0 0.0 0.0 0.0 0.0 
416 0.0 0.0 0.0 0.0 0.0 0.0 0.0 0.0 0.0 0.0 0.0 0.0 0.0 0.0 0.0 0.0 0.0 0.0 0.0 0.0 0.0 
417 0.0 0.0 0.0 0.0 0.0 0.0 0.0 0.0 0.0 0.0 0.0 0.0 0.0 0.0 0.0 0.0 0.0 0.0 0.0 0.0 0.0 
418 0.0 0.0 0.0 0.0 0.0 0.0 0.0 0.0 0.0 0.0 0.0 0.0 0.0 0.0 0.0 0.0 0.0 0.0 0.0 0.0 0.0 
419 0.0 0.0 0.0 0.0 0.0 0.0 0.0 0.0 0.0 0.0 0.0 0.0 0.0 0.0 0.0 0.0 0.0 0.0 0.0 0.0 0.0 
420 0.0 0.0 0.0 0.0 0.0 0.0 0.0 0.0 0.0 0.0 0.0 0.0 0.0 0.0 0.0 0.0 0.0 0.0 0.0 0.0 0.0 
421 0.0 0.0 0.0 0.0 0.0 0.0 0.0 0.0 0.0 0.0 0.0 0.0 0.0 0.0 0.0 0.0 0.0 0.0 0.0 0.0 0.0 
422 0.0 0.0 0.0 0.0 0.0 0.0 0.0 0.0 0.0 0.0 0.0 0.0 0.0 0.0 0.0 0.0 0.0 0.0 0.0 0.0 0.0 
423 0.0 0.0 0.0 0.0 0.0 0.0 0.0 0.0 0.0 0.0 0.0 0.0 0.0 0.0 0.0 0.0 0.0 0.0 0.0 0.0 0.0 
424 0.0 0.0 0.0 0.0 0.0 0.0 0.0 0.0 0.0 0.0 0.0 0.0 0.0 0.0 0.0 0.0 0.0 0.0 0.0 0.0 0.0 
425 0.0 0.0 0.0 0.0 0.0 0.0 0.0 0.0 0.0 0.0 0.0 0.0 0.0 0.0 0.0 0.0 0.0 0.0 0.0 0.0 0.0 
426 0.0 0.0 0.0 0.0 0.0 0.0 0.0 0.0 0.0 0.0 0.0 0.0 0.0 0.0 0.0 0.0 0.0 0.0 0.0 0.0 0.0 
427 0.0 0.0 0.0 0.0 0.0 0.0 0.0 0.0 0.0 0.0 0.0 0.0 0.0 0.0 0.0 0.0 0.0 0.0 0.0 0.0 0.0 
428 0.0 0.0 0.0 0.0 0.0 0.0 0.0 0.0 0.0 0.0 0.0 0.0 0.0 0.0 0.0 0.0 0.0 0.0 0.0 0.0 0.0 
429 0.0 0.0 0.0 0.0 0.0 0.0 0.0 0.0 0.0 0.0 0.0 0.0 0.0 0.0 0.0 0.0 0.0 0.0 0.0 0.0 0.0 
430 0.0 0.0 0.0 0.0 0.0 0.0 0.0 0.0 0.0 0.0 0.0 0.0 0.0 0.0 0.0 0.0 0.0 0.0 0.0 0.0 0.0 
431 0.0 0.0 0.0 0.0 0.0 0.0 0.0 0.0 0.0 0.0 0.0 0.0 0.0 0.0 0.0 0.0 0.0 0.0 0.0 0.0 0.0 
432 0.0 0.0 0.0 0.0 0.0 0.0 0.0 0.0 0.0 0.0 0.0 0.0 0.0 0.0 0.0 0.0 0.0 0.0 0.0 0.0 0.0 
433 0.0 0.0 0.0 0.0 0.0 0.0 0.0 0.0 0.0 0.0 0.0 0.0 0.0 0.0 0.0 0.0 0.0 0.0 0.0 0.0 0.0 
434 0.0 0.0 0.0 0.0 0.0 0.0 0.0 0.0 0.0 0.0 0.0 0.0 0.0 0.0 0.0 0.0 0.0 0.0 0.0 0.0 0.0 
435 0.0 0.0 0.0 0.0 0.0 0.0 0.0 0.0 0.0 0.0 0.0 0.0 0.0 0.0 0.0 0.0 0.0 0.0 0.0 0.0 0.0 
436 0.0 0.0 0.0 0.0 0.0 0.0 0.0 0.0 0.0 0.0 0.0 0.0 0.0 0.0 0.0 0.0 0.0 0.0 0.0 0.0 0.0 
437 0.0 0.0 0.0 0.0 0.0 0.0 0.0 0.0 0.0 0.0 0.0 0.0 0.0 0.0 0.0 0.0 0.0 0.0 0.0 0.0 0.0 
438 0.0 0.0 0.0 0.0 0.0 0.0 0.0 0.0 0.0 0.0 0.0 0.0 0.0 0.0 0.0 0.0 0.0 0.0 0.0 0.0 0.0 
439 0.0 0.0 0.0 0.0 0.0 0.0 0.0 0.0 0.0 0.0 0.0 0.0 0.0 0.0 0.0 0.0 0.0 0.0 0.0 0.0 0.0 
440 0.0 0.0 0.0 0.0 0.0 0.0 0.0 0.0 0.0 0.0 0.0 0.0 0.0 0.0 0.0 0.0 0.0 0.0 0.0 0.0 0.0 
441 0.0 0.0 0.0 0.0 0.0 0.0 0.0 0.0 0.0 0.0 0.0 0.0 0.0 0.0 0.0 0.0 0.0 0.0 0.0 0.0 0.0 
442 0.0 0.0 0.0 0.0 0.0 0.0 0.0 0.0 0.0 0.0 0.0 0.0 0.0 0.0 0.0 0.0 0.0 0.0 0.0 0.0 0.0 
443 0.0 0.0 0.0 0.0 0.0 0.0 0.0 0.0 0.0 0.0 0.0 0.0 0.0 0.0 0.0 0.0 0.0 0.0 0.0 0.0 0.0 
444 0.0 0.0 0.0 0.0 0.0 0.0 0.0 0.0 0.0 0.0 0.0 0.0 0.0 0.0 0.0 0.0 0.0 0.0 0.0 0.0 0.0 
445 0.0 0.0 0.0 0.0 0.0 0.0 0.0 0.0 0.0 0.0 0.0 0.0 0.0 0.0 0.0 0.0 0.0 0.0 0.0 0.0 0.0 
446 0.0 0.0 0.0 0.0 0.0 0.0 0.0 0.0 0.0 0.0 0.0 0.0 0.0 0.0 0.0 0.0 0.0 0.0 0.0 0.0 0.0 
447 0.0 0.0 0.0 0.0 0.0 0.0 0.0 0.0 0.0 0.0 0.0 0.0 0.0 0.0 0.0 0.0 0.0 0.0 0.0 0.0 0.0 
448 0.0 0.0 0.0 0.0 0.0 0.0 0.0 0.0 0.0 0.0 0.0 0.0 0.0 0.0 0.0 0.0 0.0 0.0 0.0 0.0 0.0 
449 0.0 0.0 0.0 0.0 0.0 0.0 0.0 0.0 0.0 0.0 0.0 0.0 0.0 0.0 0.0 0.0 0.0 0.0 0.0 0.0 0.0 
450 0.0 0.0 0.0 0.0 0.0 0.0 0.0 0.0 0.0 0.0 0.0 0.0 0.0 0.0 0.0 0.0 0.0 0.0 0.0 0.0 0.0 
451 0.0 0.0 0.0 0.0 0.0 0.0 0.0 0.0 0.0 0.0 0.0 0.0 0.0 0.0 0.0 0.0 0.0 0.0 0.0 0.0 0.0 
452 0.0 0.0 0.0 0.0 0.0 0.0 0.0 0.0 0.0 0.0 0.0 0.0 0.0 0.0 0.0 0.0 0.0 0.0 0.0 0.0 0.0 
453 0.0 0.0 0.0 0.0 0.0 0.0 0.0 0.0 0.0 0.0 0.0 0.0 0.0 0.0 0.0 0.0 0.0 0.0 0.0 0.0 0.0 
454 0.0 0.0 0.0 0.0 0.0 0.0 0.0 0.0 0.0 0.0 0.0 0.0 0.0 0.0 0.0 0.0 0.0 0.0 0.0 0.0 0.0 
455 0.0 0.0 0.0 0.0 0.0 0.0 0.0 0.0 0.0 0.0 0.0 0.0 0.0 0.0 0.0 0.0 0.0 0.0 0.0 0.0 0.0 
456 0.0 0.0 0.0 0.0 0.0 0.0 0.0 0.0 0.0 0.0 0.0 0.0 0.0 0.0 0.0 0.0 0.0 0.0 0.0 0.0 0.0 
457 0.0 0.0 0.0 0.0 0.0 0.0 0.0 0.0 0.0 0.0 0.0 0.0 0.0 0.0 0.0 0.0 0.0 0.0 0.0 0.0 0.0 
458 0.0 0.0 0.0 0.0 0.0 0.0 0.0 0.0 0.0 0.0 0.0 0.0 0.0 0.0 0.0 0.0 0.0 0.0 0.0 0.0 0.0 
459 0.0 0.0 0.0 0.0 0.0 0.0 0.0 0.0 0.0 0.0 0.0 0.0 0.0 0.0 0.0 0.0 0.0 0.0 0.0 0.0 0.0 
460 0.0 0.0 0.0 0.0 0.0 0.0 0.0 0.0 0.0 0.0 0.0 0.0 0.0 0.0 0.0 0.0 0.0 0.0 0.0 0.0 0.0 
461 0.0 0.0 0.0 0.0 0.0 0.0 0.0 0.0 0.0 0.0 0.0 0.0 0.0 0.0 0.0 0.0 0.0 0.0 0.0 0.0 0.0 
462 0.0 0.0 0.0 0.0 0.0 0.0 0.0 0.0 0.0 0.0 0.0 0.0 0.0 0.0 0.0 0.0 0.0 0.0 0.0 0.0 0.0 
463 0.0 0.0 0.0 0.0 0.0 0.0 0.0 0.0 0.0 0.0 0.0 0.0 0.0 0.0 0.0 0.0 0.0 0.0 0.0 0.0 0.0 
464 0.0 0.0 0.0 0.0 0.0 0.0 0.0 0.0 0.0 0.0 0.0 0.0 0.0 0.0 0.0 0.0 0.0 0.0 0.0 0.0 0.0 
465 0.0 0.0 0.0 0.0 0.0 0.0 0.0 0.0 0.0 0.0 0.0 0.0 0.0 0.0 0.0 0.0 0.0 0.0 0.0 0.0 0.0 
466 0.0 0.0 0.0 0.0 0.0 0.0 0.0 0.0 0.0 0.0 0.0 0.0 0.0 0.0 0.0 0.0 0.0 0.0 0.0 0.0 0.0 
467 0.0 0.0 0.0 0.0 0.0 0.0 0.0 0.0 0.0 0.0 0.0 0.0 0.0 0.0 0.0 0.0 0.0 0.0 0.0 0.0 0.0 
468 0.0 0.0 0.0 0.0 0.0 0.0 0.0 0.0 0.0 0.0 0.0 0.0 0.0 0.0 0.0 0.0 0.0 0.0 0.0 0.0 0.0 
469 0.0 0.0 0.0 0.0 0.0 0.0 0.0 0.0 0.0 0.0 0.0 0.0 0.0 0.0 0.0 0.0 0.0 0.0 0.0 0.0 0.0 
470 0.0 0.0 0.0 0.0 0.0 0.0 0.0 0.0 0.0 0.0 0.0 0.0 0.0 0.0 0.0 0.0 0.0 0.0 0.0 0.0 0.0 
471 0.0 0.0 0.0 0.0 0.0 0.0 0.0 0.0 0.0 0.0 0.0 0.0 0.0 0.0 0.0 0.0 0.0 0.0 0.0 0.0 0.0 
472 0.0 0.0 0.0 0.0 0.0 0.0 0.0 0.0 0.0 0.0 0.0 0.0 0.0 0.0 0.0 0.0 0.0 0.0 0.0 0.0 0.0 
473 0.0 0.0 0.0 0.0 0.0 0.0 0.0 0.0 0.0 0.0 0.0 0.0 0.0 0.0 0.0 0.0 0.0 0.0 0.0 0.0 0.0 
474 0.0 0.0 0.0 0.0 0.0 0.0 0.0 0.0 0.0 0.0 0.0 0.0 0.0 0.0 0.0 0.0 0.0 0.0 0.0 0.0 0.0 
475 0.0 0.0 0.0 0.0 0.0 0.0 0.0 0.0 0.0 0.0 0.0 0.0 0.0 0.0 0.0 0.0 0.0 0.0 0.0 0.0 0.0 
476 0.0 0.0 0.0 0.0 0.0 0.0 0.0 0.0 0.0 0.0 0.0 0.0 0.0 0.0 0.0 0.0 0.0 0.0 0.0 0.0 0.0 
477 0.0 0.0 0.0 0.0 0.0 0.0 0.0 0.0 0.0 0.0 0.0 0.0 0.0 0.0 0.0 0.0 0.0 0.0 0.0 0.0 0.0 
478 0.0 0.0 0.0 0.0 0.0 0.0 0.0 0.0 0.0 0.0 0.0 0.0 0.0 0.0 0.0 0.0 0.0 0.0 0.0 0.0 0.0 
479 0.0 0.0 0.0 0.0 0.0 0.0 0.0 0.0 0.0 0.0 0.0 0.0 0.0 0.0 0.0 0.0 0.0 0.0 0.0 0.0 0.0 
480 0.0 0.0 0.0 0.0 0.0 0.0 0.0 0.0 0.0 0.0 0.0 0.0 0.0 0.0 0.0 0.0 0.0 0.0 0.0 0.0 0.0 
481 0.0 0.0 0.0 0.0 0.0 0.0 0.0 0.0 0.0 0.0 0.0 0.0 0.0 0.0 0.0 0.0 0.0 0.0 0.0 0.0 0.0 
482 0.0 0.0 0.0 0.0 0.0 0.0 0.0 0.0 0.0 0.0 0.0 0.0 0.0 0.0 0.0 0.0 0.0 0.0 0.0 0.0 0.0 
483 0.0 0.0 0.0 0.0 0.0 0.0 0.0 0.0 0.0 0.0 0.0 0.0 0.0 0.0 0.0 0.0 0.0 0.0 0.0 0.0 0.0 
484 0.0 0.0 0.0 0.0 0.0 0.0 0.0 0.0 0.0 0.0 0.0 0.0 0.0 0.0 0.0 0.0 0.0 0.0 0.0 0.0 0.0 
485 0.0 0.0 0.0 0.0 0.0 0.0 0.0 0.0 0.0 0.0 0.0 0.0 0.0 0.0 0.0 0.0 0.0 0.0 0.0 0.0 0.0 
486 0.0 0.0 0.0 0.0 0.0 0.0 0.0 0.0 0.0 0.0 0.0 0.0 0.0 0.0 0.0 0.0 0.0 0.0 0.0 0.0 0.0 
487 0.0 0.0 0.0 0.0 0.0 0.0 0.0 0.0 0.0 0.0 0.0 0.0 0.0 0.0 0.0 0.0 0.0 0.0 0.0 0.0 0.0 
488 0.0 0.0 0.0 0.0 0.0 0.0 0.0 0.0 0.0 0.0 0.0 0.0 0.0 0.0 0.0 0.0 0.0 0.0 0.0 0.0 0.0 
489 0.0 0.0 0.0 0.0 0.0 0.0 0.0 0.0 0.0 0.0 0.0 0.0 0.0 0.0 0.0 0.0 0.0 0.0 0.0 0.0 0.0 
490 0.0 0.0 0.0 0.0 0.0 0.0 0.0 0.0 0.0 0.0 0.0 0.0 0.0 0.0 0.0 0.0 0.0 0.0 0.0 0.0 0.0 
491 0.0 0.0 0.0 0.0 0.0 0.0 0.0 0.0 0.0 0.0 0.0 0.0 0.0 0.0 0.0 0.0 0.0 0.0 0.0 0.0 0.0 
492 0.0 0.0 0.0 0.0 0.0 0.0 0.0 0.0 0.0 0.0 0.0 0.0 0.0 0.0 0.0 0.0 0.0 0.0 0.0 0.0 0.0 
493 0.0 0.0 0.0 0.0 0.0 0.0 0.0 0.0 0.0 0.0 0.0 0.0 0.0 0.0 0.0 0.0 0.0 0.0 0.0 0.0 0.0 
494 0.0 0.0 0.0 0.0 0.0 0.0 0.0 0.0 0.0 0.0 0.0 0.0 0.0 0.0 0.0 0.0 0.0 0.0 0.0 0.0 0.0 
495 0.0 0.0 0.0 0.0 0.0 0.0 0.0 0.0 0.0 0.0 0.0 0.0 0.0 0.0 0.0 0.0 0.0 0.0 0.0 0.0 0.0 
496 0.0 0.0 0.0 0.0 0.0 0.0 0.0 0.0 0.0 0.0 0.0 0.0 0.0 0.0 0.0 0.0 0.0 0.0 0.0 0.0 0.0 
497 0.0 0.0 0.0 0.0 0.0 0.0 0.0 0.0 0.0 0.0 0.0 0.0 0.0 0.0 0.0 0.0 0.0 0.0 0.0 0.0 0.0 
498 0.0 0.0 0.0 0.0 0.0 0.0 0.0 0.0 0.0 0.0 0.0 0.0 0.0 0.0 0.0 0.0 0.0 0.0 0.0 0.0 0.0 
499 0.0 0.0 0.0 0.0 0.0 0.0 0.0 0.0 0.0 0.0 0.0 0.0 0.0 0.0 0.0 0.0 0.0 0.0 0.0 0.0 0.0 
