0.0 0.0 100.0
0.0 100.0 19945.5
0.0 200.0 45565.7
0.0 300.0 71919.4
0.0 400.0 98913.15
0.0 500.0 125650.8
0.0 600.0 152744.75
0.0 700.0 180582.35
0.0 800.0 207380.35
0.0 900.0 234437.3
0.0 1000.0 262811.5

1.0 0.0 100.0
1.0 100.0 19747.4
1.0 200.0 44981.1
1.0 300.0 71466.6
1.0 400.0 98766.15
1.0 500.0 124859.1
1.0 600.0 152228.2
1.0 700.0 179673.6
1.0 800.0 206858.2
1.0 900.0 234207.65
1.0 1000.0 262081.05

2.0 0.0 100.0
2.0 100.0 18707.1
2.0 200.0 43867.75
2.0 300.0 69543.0
2.0 400.0 95732.15
2.0 500.0 122193.4
2.0 600.0 149131.75
2.0 700.0 174459.3
2.0 800.0 201590.2
2.0 900.0 228939.25
2.0 1000.0 256326.35

3.0 0.0 100.0
3.0 100.0 17733.85
3.0 200.0 41321.7
3.0 300.0 65793.35
3.0 400.0 91442.65
3.0 500.0 116814.8
3.0 600.0 143051.0
3.0 700.0 168597.7
3.0 800.0 194521.2
3.0 900.0 218691.85
3.0 1000.0 245799.25

4.0 0.0 100.0
4.0 100.0 15965.55
4.0 200.0 38281.3
4.0 300.0 61712.05
4.0 400.0 85447.7
4.0 500.0 109719.4
4.0 600.0 133936.5
4.0 700.0 158206.65
4.0 800.0 183597.55
4.0 900.0 208112.8
4.0 1000.0 231867.75

5.0 0.0 100.0
5.0 100.0 13914.25
5.0 200.0 34217.8
5.0 300.0 55299.05
5.0 400.0 77637.1
5.0 500.0 99847.25
5.0 600.0 123227.75
5.0 700.0 145583.25
5.0 800.0 167609.2
5.0 900.0 191761.25
5.0 1000.0 215047.3

6.0 0.0 100.0
6.0 100.0 11733.35
6.0 200.0 29499.45
6.0 300.0 48671.3
6.0 400.0 69139.85
6.0 500.0 89429.35
6.0 600.0 108724.3
6.0 700.0 129073.25
6.0 800.0 149930.8
6.0 900.0 171517.05
6.0 1000.0 190372.15

7.0 0.0 100.0
7.0 100.0 8952.35
7.0 200.0 23238.65
7.0 300.0 39422.55
7.0 400.0 56738.0
7.0 500.0 74219.2
7.0 600.0 91933.5
7.0 700.0 109376.2
7.0 800.0 127306.55
7.0 900.0 144083.95
7.0 1000.0 163141.95

8.0 0.0 100.0
8.0 100.0 5854.35
8.0 200.0 16435.5
8.0 300.0 28986.65
8.0 400.0 41841.7
8.0 500.0 55934.25
8.0 600.0 69482.3
8.0 700.0 83295.4
8.0 800.0 98293.6
8.0 900.0 112382.15
8.0 1000.0 126005.35

9.0 0.0 100.0
9.0 100.0 2523.65
9.0 200.0 8008.75
9.0 300.0 15004.65
9.0 400.0 22847.75
9.0 500.0 30959.75
9.0 600.0 39757.25
9.0 700.0 49034.45
9.0 800.0 58141.3
9.0 900.0 67273.75
9.0 1000.0 77410.95

10.0 0.0 100.0
10.0 100.0 100.0
10.0 200.0 100.0
10.0 300.0 100.0
10.0 400.0 100.0
10.0 500.0 100.0
10.0 600.0 100.0
10.0 700.0 100.0
10.0 800.0 100.0
10.0 900.0 100.0
10.0 1000.0 100.0

