0 100.85 510.3 509.85 508.6 502.45 506.95 499.3 508.55 504.75 502.15 503.65 505.2 500.5 491.75 502.35 494.4 503.25 504.05 507.15 502.2 508.3 
1 0.0 512.3 505.75 511.15 504.1 496.75 508.55 500.1 500.4 505.1 505.9 499.6 491.3 499.5 497.0 500.35 507.35 503.7 491.1 494.0 486.15 
2 0.0 506.95 505.35 504.45 502.6 503.05 511.25 504.65 500.75 508.7 493.7 495.5 499.2 504.8 491.7 507.5 495.55 500.2 501.45 498.15 498.0 
3 0.0 507.35 504.2 501.35 503.85 503.35 498.9 510.85 505.2 506.5 510.5 504.15 507.3 497.7 492.0 501.15 494.25 497.8 500.3 504.25 503.35 
4 0.0 501.05 505.4 498.25 495.3 505.8 510.5 503.0 502.55 498.25 498.9 506.6 509.4 499.1 504.75 494.9 503.55 498.4 498.7 501.3 505.45 
5 0.0 502.55 503.2 502.65 501.8 502.25 492.3 503.2 497.35 501.35 499.1 499.55 501.05 499.3 508.9 501.2 494.7 498.5 502.95 504.25 511.65 
6 0.0 500.75 508.3 509.55 502.9 501.6 495.95 501.9 507.9 492.35 502.6 497.35 494.3 505.65 502.9 501.7 505.7 495.2 502.4 502.55 509.95 
7 0.0 510.7 496.4 506.1 509.45 501.95 507.3 497.75 506.5 502.2 501.55 502.55 504.9 504.15 495.55 495.85 493.6 495.95 498.2 497.5 502.2 
8 0.0 495.1 503.15 496.75 507.6 504.0 503.75 496.95 500.4 498.5 502.5 496.85 504.55 502.5 509.6 497.95 499.4 499.1 501.55 504.55 502.7 
9 0.0 501.45 505.4 504.7 499.55 511.2 505.85 506.05 505.1 509.2 495.8 504.9 498.0 506.7 498.7 501.65 494.85 502.1 496.25 511.1 502.65 
10 0.0 502.25 500.75 502.65 510.05 505.4 502.2 505.35 498.1 499.35 502.1 503.9 496.45 499.05 503.1 499.8 499.05 510.9 507.7 495.45 500.6 
11 0.0 500.7 504.15 501.55 492.5 500.6 503.1 500.6 508.4 505.45 505.5 498.45 513.2 486.6 502.85 503.2 513.3 504.2 512.3 498.75 495.4 
12 0.0 501.1 501.2 498.9 514.5 501.8 502.3 503.4 494.05 498.85 498.8 495.75 491.9 503.45 507.65 499.4 500.65 508.0 502.8 501.9 497.55 
13 0.0 495.25 496.0 498.95 504.7 501.7 499.85 498.65 501.1 502.4 503.55 506.9 500.35 510.5 498.05 510.15 515.0 506.75 498.1 500.65 489.15 
14 0.0 504.7 500.2 502.4 495.8 495.3 503.3 507.0 498.45 498.9 502.95 494.2 504.95 503.75 503.7 501.6 503.45 500.5 498.75 508.95 507.3 
15 0.0 499.85 501.5 506.35 505.1 515.9 502.6 499.05 496.25 497.6 502.55 506.05 503.0 504.25 505.3 504.7 502.65 497.2 504.15 509.6 506.15 
16 0.0 505.0 500.0 501.15 507.5 501.55 502.35 498.8 497.55 500.5 499.15 499.95 504.0 506.5 499.65 508.45 504.0 506.0 511.15 503.45 502.7 
17 0.0 496.45 497.95 498.75 494.05 496.25 501.7 503.8 504.45 510.5 497.6 510.5 503.0 499.2 503.9 505.95 498.7 501.55 502.5 505.9 506.75 
18 0.0 499.6 502.85 494.15 499.4 501.45 508.2 498.4 504.45 500.65 505.05 505.95 503.45 501.5 503.0 505.95 504.4 502.9 507.2 494.85 502.1 
19 0.0 498.1 502.6 502.0 497.3 499.6 503.75 504.65 514.15 503.2 510.7 495.95 503.05 503.35 511.35 506.85 501.75 510.1 500.6 500.8 504.55 
20 0.0 492.3 501.85 501.35 499.55 499.15 500.7 504.9 504.35 506.15 498.3 510.65 498.1 501.2 503.65 506.7 501.65 500.8 495.8 496.5 500.6 
21 0.0 510.3 503.1 501.75 508.4 501.2 494.55 507.8 502.35 504.15 507.6 501.95 506.0 501.55 502.7 496.05 499.95 500.5 495.9 499.4 505.3 
22 0.0 505.45 497.6 500.7 500.25 503.0 500.25 493.7 501.2 497.85 501.55 500.15 500.45 499.6 502.6 496.75 502.55 497.35 499.75 500.65 494.75 
23 0.0 501.5 505.2 505.0 498.15 501.75 494.2 495.3 485.55 493.75 504.2 512.0 500.4 509.1 503.95 495.3 500.45 498.2 495.3 506.15 497.45 
24 0.0 496.3 499.7 492.45 499.45 502.05 500.45 496.3 497.35 509.55 495.3 497.05 500.2 499.95 498.75 507.0 504.8 494.6 503.2 500.95 501.2 
25 0.0 498.95 494.8 500.3 496.55 495.2 496.65 496.15 502.95 504.5 500.65 492.4 498.35 498.65 497.75 510.9 504.0 503.9 500.0 497.15 499.2 
26 0.0 494.5 495.5 501.05 498.15 495.45 499.65 506.3 508.9 494.7 501.7 502.6 504.5 502.25 502.2 495.85 502.0 497.85 498.65 499.15 491.5 
27 0.0 495.35 500.7 501.5 500.3 501.65 501.35 505.1 496.9 500.0 498.8 500.65 505.7 496.15 493.0 501.6 499.55 500.55 501.3 498.4 505.8 
28 0.0 494.2 501.05 500.0 505.8 500.45 504.7 495.0 495.9 497.6 501.85 499.45 495.05 505.3 501.35 505.2 494.4 506.65 496.1 496.7 510.85 
29 0.0 505.2 492.95 505.25 500.9 500.9 497.9 493.1 497.7 498.5 502.0 498.95 496.45 499.55 496.65 498.7 493.85 497.55 504.4 503.0 500.15 
30 0.0 506.6 490.9 496.35 498.15 492.15 502.4 499.5 507.6 499.25 498.4 503.85 499.05 501.15 494.5 484.8 499.65 494.05 506.05 503.75 494.8 
31 0.0 493.35 504.85 494.1 499.35 507.8 493.1 505.45 496.1 496.75 497.45 494.75 505.15 498.85 494.8 506.7 506.2 498.8 498.55 497.1 500.15 
32 0.0 493.5 498.1 495.85 488.65 490.8 496.7 493.55 496.9 494.6 498.3 501.2 494.85 497.7 503.85 492.15 502.15 507.25 510.25 498.6 503.0 
33 0.0 502.8 492.5 502.4 492.85 500.7 500.55 506.25 501.75 502.55 501.6 510.75 502.8 506.95 499.0 503.1 493.85 497.6 500.95 493.85 503.95 
34 0.0 504.9 502.8 488.85 495.75 497.9 501.95 494.5 505.15 512.25 501.05 506.3 511.5 501.7 501.5 497.1 502.65 501.4 496.95 506.8 496.5 
35 0.0 497.1 492.65 500.45 505.1 497.55 490.15 503.85 504.45 496.25 497.55 491.6 506.55 491.9 503.85 506.05 507.05 508.7 502.4 503.8 496.8 
36 0.0 491.0 496.0 503.4 501.65 494.15 501.1 498.1 496.1 496.0 496.8 499.4 494.35 507.6 496.35 500.7 505.95 511.3 503.25 513.1 498.1 
37 0.0 506.15 505.35 492.9 495.55 499.1 501.05 502.8 502.8 508.15 507.4 504.25 502.2 496.9 500.1 499.35 500.85 502.4 500.7 496.35 496.55 
38 0.0 509.05 504.0 500.1 497.2 501.4 504.05 501.9 506.15 495.25 497.85 497.45 503.2 503.15 506.05 502.8 500.6 505.5 507.6 502.05 496.05 
39 0.0 498.7 497.8 489.55 493.8 504.0 496.55 498.65 499.3 502.55 501.05 500.05 497.05 501.1 500.6 503.7 506.65 503.5 496.4 499.55 498.45 
40 0.0 498.0 504.95 503.75 512.45 504.05 493.55 500.8 495.85 501.8 494.45 494.95 491.9 495.5 502.85 496.6 498.7 494.05 496.65 492.05 508.95 
41 0.0 493.75 495.55 500.2 501.85 497.55 512.35 505.05 503.7 501.25 493.05 497.35 496.55 492.4 502.25 500.0 489.7 499.5 489.75 496.6 499.6 
42 0.0 501.15 504.05 495.9 503.3 503.85 498.95 504.85 502.95 494.5 503.45 496.45 494.25 493.4 495.4 494.25 499.75 484.3 501.1 501.7 503.05 
43 0.0 499.85 503.8 508.85 500.2 492.85 502.25 496.15 504.6 500.75 498.45 496.55 495.05 503.9 496.9 498.7 501.8 505.2 500.95 496.15 499.2 
44 0.0 504.75 500.75 505.15 499.6 507.25 503.25 505.3 497.35 495.45 496.3 494.5 496.35 496.35 500.0 498.65 492.4 499.8 491.45 489.5 497.65 
45 0.0 481.55 504.75 506.45 499.9 500.95 508.75 497.25 497.1 493.4 488.75 498.6 500.9 494.25 494.7 503.75 489.5 503.2 502.9 500.05 499.15 
46 0.0 303.4 495.9 502.65 503.65 500.2 495.75 495.9 493.35 509.2 511.25 503.85 497.7 511.8 491.45 488.15 500.55 487.05 487.55 499.05 503.2 
47 0.0 167.95 501.8 493.4 504.0 505.15 501.6 501.6 496.9 497.45 500.35 500.7 497.85 501.05 495.45 494.85 504.65 489.65 503.55 511.1 496.4 
48 0.0 48.55 509.85 497.85 490.1 498.15 498.3 495.65 491.55 497.45 505.65 495.25 498.2 493.45 495.4 502.95 496.15 495.1 500.5 500.15 502.75 
49 0.0 6.85 505.9 511.5 503.8 495.5 498.05 501.25 506.8 499.3 500.6 508.05 511.4 506.2 502.05 496.7 504.2 495.75 505.55 501.4 500.15 
50 0.0 0.6 492.55 501.65 502.6 495.45 490.05 500.45 503.65 502.0 496.2 499.05 492.85 502.25 502.8 493.25 491.4 507.25 498.7 496.9 501.8 
51 0.0 0.0 498.15 495.9 492.7 504.05 501.15 505.4 497.6 489.55 501.0 496.8 501.2 497.65 501.4 499.5 491.55 497.65 498.6 503.1 497.05 
52 0.0 0.0 500.75 495.85 496.8 501.1 499.4 498.6 505.95 491.8 488.7 503.75 499.25 490.9 497.1 503.5 493.5 497.65 498.2 493.6 486.25 
53 0.0 0.0 495.95 499.5 505.85 500.95 494.9 489.3 490.55 507.75 502.55 496.05 500.05 494.5 502.75 504.8 503.75 499.8 499.05 497.65 497.7 
54 0.0 0.0 499.2 492.85 495.85 492.2 505.0 494.85 491.5 502.4 487.25 486.2 495.85 504.65 497.15 490.75 502.45 496.7 498.35 496.75 500.55 
55 0.0 0.0 502.95 506.15 499.85 499.1 490.85 492.1 491.5 491.35 495.35 486.55 495.75 498.6 493.2 496.2 505.05 496.35 501.6 507.6 499.7 
56 0.0 0.0 491.9 500.3 500.9 494.4 498.75 497.6 503.85 489.6 496.75 499.4 497.8 497.75 500.4 501.65 497.25 498.4 493.65 494.75 503.95 
57 0.0 0.0 503.9 502.35 499.7 501.35 496.4 499.5 489.15 499.3 495.75 509.6 501.85 493.5 508.75 501.9 495.85 511.1 500.65 496.6 499.85 
58 0.0 0.0 497.25 496.95 503.3 504.95 496.6 496.95 495.85 508.9 498.1 500.85 500.95 506.35 492.15 491.2 495.35 500.55 501.6 499.45 492.8 
59 0.0 0.0 504.9 497.65 499.9 496.6 505.8 496.85 502.55 495.3 502.2 493.85 494.1 495.7 498.5 503.5 492.55 495.9 496.6 500.0 507.1 
60 0.0 0.0 495.35 499.4 498.6 498.75 501.15 505.25 497.9 498.7 506.65 493.6 505.4 507.95 501.75 493.1 503.0 497.45 496.0 502.9 498.05 
61 0.0 0.0 501.4 505.95 502.7 502.6 501.55 493.6 510.1 496.5 500.2 503.7 496.2 505.25 507.6 498.85 504.7 507.2 502.8 505.65 507.4 
62 0.0 0.0 498.3 498.2 491.45 498.25 501.9 504.35 498.65 504.0 503.7 502.4 499.95 499.95 493.85 501.7 499.25 493.35 500.5 499.0 503.15 
63 0.0 0.0 504.2 494.6 496.75 502.35 507.25 508.85 503.0 499.65 495.8 498.95 500.95 498.65 489.5 506.0 509.75 498.1 500.95 499.65 505.05 
64 0.0 0.0 500.15 498.25 501.4 496.1 495.65 500.95 502.15 505.9 500.55 499.6 499.15 497.35 508.1 505.25 499.05 504.9 502.15 487.85 498.8 
65 0.0 0.0 496.55 506.2 498.4 492.95 502.4 500.55 501.05 504.7 510.15 507.95 500.7 494.95 511.2 500.9 500.65 502.35 495.4 500.5 499.9 
66 0.0 0.0 496.25 497.5 502.4 507.7 499.75 501.3 505.25 507.7 509.7 513.0 508.6 496.2 494.35 506.4 495.75 505.15 504.0 500.95 494.6 
67 0.0 0.0 486.9 495.8 505.3 508.8 496.45 508.15 502.2 505.75 503.4 497.8 491.9 502.05 499.9 498.7 501.35 494.25 504.2 503.9 499.1 
68 0.0 0.0 508.55 497.9 503.2 497.5 504.45 504.75 500.0 499.55 505.6 498.1 503.0 501.5 498.05 503.3 504.1 499.35 499.15 506.25 496.9 
69 0.0 0.0 503.95 501.45 502.5 501.25 507.7 504.25 504.5 508.4 504.0 506.9 502.9 501.0 505.35 505.45 503.5 504.05 497.15 503.3 495.6 
70 0.0 0.0 494.55 497.0 490.1 503.05 500.05 498.8 500.9 504.6 502.05 506.7 505.7 496.55 506.15 495.55 499.9 506.75 502.25 497.75 509.9 
71 0.0 0.0 509.15 505.5 500.55 504.75 497.25 499.7 492.65 502.85 497.2 493.85 505.3 499.45 492.85 497.0 493.2 492.5 510.45 502.55 504.95 
72 0.0 0.0 491.95 500.5 505.3 500.45 497.65 491.85 503.15 487.55 499.2 504.8 502.5 504.5 491.6 508.7 502.7 497.55 500.4 499.45 496.75 
73 0.0 0.0 509.05 502.9 506.5 489.65 500.0 491.5 499.5 502.45 492.15 505.15 502.0 500.15 500.85 500.35 509.05 499.5 504.55 496.5 502.85 
74 0.0 0.0 496.6 500.0 496.9 494.65 502.75 492.95 497.85 498.8 498.3 494.4 503.05 500.45 510.05 495.7 500.5 503.95 498.0 498.95 498.6 
75 0.0 0.0 503.8 504.55 498.6 498.95 492.25 497.6 504.25 495.05 501.5 502.3 498.6 501.05 502.55 506.95 506.45 504.6 495.4 498.25 500.45 
76 0.0 0.0 494.55 490.7 492.25 497.7 496.8 506.2 496.85 496.65 494.0 498.45 498.1 507.15 507.75 506.5 499.2 494.85 491.25 504.45 499.1 
77 0.0 0.0 497.65 497.8 507.0 502.0 499.0 502.5 496.75 498.3 499.9 496.75 505.5 498.15 495.25 491.05 488.9 500.05 505.45 496.65 493.75 
78 0.0 0.0 503.8 494.35 495.7 500.15 492.9 500.4 499.9 499.7 510.3 494.5 493.6 498.75 505.9 498.85 500.05 497.45 495.6 491.3 491.7 
79 0.0 0.0 497.65 498.6 496.85 498.1 504.25 498.65 496.95 502.0 499.35 493.95 498.65 503.15 498.55 506.8 503.2 494.1 495.0 504.25 506.1 
80 0.0 0.0 498.95 497.25 492.2 498.9 505.35 494.05 501.6 501.35 497.35 501.0 500.8 504.75 499.9 506.85 503.65 503.25 503.95 500.05 495.65 
81 0.0 0.0 503.55 504.6 499.3 496.4 493.15 497.15 500.85 489.9 498.55 501.95 489.8 497.8 501.25 497.75 492.35 500.1 503.0 493.85 506.0 
82 0.0 0.0 494.45 507.55 498.7 493.7 501.15 494.5 501.55 501.4 493.4 502.3 500.8 495.0 492.3 487.05 498.15 494.55 502.85 508.65 494.4 
83 0.0 0.0 500.8 498.8 503.65 508.0 500.8 504.4 492.0 498.15 504.15 503.5 513.8 501.3 498.0 494.2 506.4 507.6 491.55 497.75 495.4 
84 0.0 0.0 503.1 513.75 499.9 498.2 500.05 498.95 497.9 499.45 502.55 493.15 497.9 489.8 494.8 495.4 504.6 511.85 498.9 494.25 505.4 
85 0.0 0.0 504.7 498.35 491.7 498.95 504.65 499.6 497.35 502.4 497.85 496.65 494.4 501.15 505.15 508.4 493.0 501.65 502.7 511.85 504.15 
86 0.0 0.0 457.95 496.6 513.6 505.6 491.3 499.25 498.45 506.05 502.95 495.3 496.25 494.75 502.05 496.3 490.05 494.05 496.05 494.95 496.6 
87 0.0 0.0 406.45 495.3 501.5 497.0 505.75 507.1 498.2 501.85 497.0 500.95 494.95 501.4 496.3 510.8 503.1 499.7 509.3 497.45 491.05 
88 0.0 0.0 315.5 499.0 498.3 504.6 495.45 495.2 503.95 494.5 497.5 499.1 503.7 497.9 500.6 507.7 498.3 495.3 507.2 499.55 501.8 
89 0.0 0.0 165.2 507.95 510.4 498.25 500.9 503.25 495.2 500.9 500.5 499.3 499.6 513.9 496.25 499.05 492.85 500.7 493.45 502.25 500.65 
90 0.0 0.0 82.25 499.3 491.7 498.1 502.55 493.6 498.0 500.4 504.8 505.6 507.9 495.75 499.15 495.1 497.45 499.6 499.65 496.7 506.5 
91 0.0 0.0 55.0 502.45 502.95 507.4 496.35 501.5 509.4 495.95 493.7 505.6 502.15 509.9 504.35 497.1 508.45 498.8 495.65 500.0 496.85 
92 0.0 0.0 30.3 496.9 507.25 499.4 500.7 505.2 497.55 500.8 508.15 509.25 497.4 501.9 504.15 499.25 502.4 494.05 498.95 502.4 496.2 
93 0.0 0.0 24.65 495.5 493.65 499.25 495.8 496.7 504.05 499.35 507.85 495.45 498.7 498.7 505.05 500.6 504.7 495.8 500.45 502.35 502.5 
94 0.0 0.0 4.85 500.15 497.65 493.45 492.9 494.5 503.05 502.75 503.9 504.65 496.55 497.6 490.55 500.65 500.75 509.1 496.45 500.7 508.5 
95 0.0 0.0 0.2 498.9 492.3 503.3 500.25 501.7 498.9 503.15 492.15 491.75 508.6 503.85 505.5 495.45 507.05 497.9 497.65 496.3 498.6 
96 0.0 0.0 0.0 496.8 502.0 496.55 506.6 509.1 502.85 507.45 496.9 498.65 501.65 500.8 503.7 498.95 494.25 507.4 503.95 498.55 488.45 
97 0.0 0.0 0.0 501.8 505.3 504.5 495.95 496.35 506.1 490.45 502.75 495.7 489.6 493.6 490.05 496.1 504.35 495.5 497.55 504.65 499.15 
98 0.0 0.0 0.0 496.55 498.25 499.3 505.85 498.9 498.65 493.35 489.05 501.55 496.15 500.7 503.0 495.2 494.0 495.25 496.1 492.85 500.35 
99 0.0 0.0 0.0 500.9 504.95 503.6 510.7 504.95 499.0 499.45 500.15 502.9 497.4 495.95 500.6 497.8 495.35 496.2 501.6 504.2 502.2 
100 0.0 0.0 0.0 497.6 493.45 496.05 496.65 499.35 498.55 505.1 498.4 496.35 505.05 497.35 498.9 503.05 501.1 510.7 506.25 488.9 503.4 
101 0.0 0.0 0.0 502.7 498.4 504.45 507.5 501.25 493.6 490.65 493.4 487.75 496.7 496.1 504.55 496.75 503.75 496.65 498.2 499.15 497.8 
102 0.0 0.0 0.0 507.45 508.7 506.55 498.9 499.75 497.25 499.7 502.2 510.0 502.05 498.5 500.7 498.4 500.15 498.1 499.75 504.75 497.2 
103 0.0 0.0 0.0 504.6 507.0 493.3 492.4 494.65 492.0 495.9 496.0 498.35 496.7 501.05 496.1 495.4 497.45 503.4 499.25 507.1 496.75 
104 0.0 0.0 0.0 504.35 499.55 508.35 501.85 499.05 502.95 508.3 502.0 507.95 503.25 510.0 510.8 512.3 504.7 496.6 506.45 493.75 499.0 
105 0.0 0.0 0.0 498.35 504.5 498.3 503.15 495.4 504.2 502.35 500.65 502.85 500.5 497.75 492.65 504.35 502.15 513.15 495.35 500.1 497.25 
106 0.0 0.0 0.0 499.35 494.7 496.55 488.95 504.4 497.0 503.8 496.3 497.25 498.85 501.7 499.8 500.35 503.15 500.65 504.45 498.9 504.05 
107 0.0 0.0 0.0 501.05 496.75 495.15 506.4 499.85 499.8 504.85 508.0 501.4 501.55 494.2 489.4 498.65 501.0 494.35 496.85 501.8 501.8 
108 0.0 0.0 0.0 488.8 501.6 498.6 499.8 503.15 507.4 497.85 495.1 497.85 496.45 502.4 509.3 501.05 490.85 496.05 497.0 496.55 501.95 
109 0.0 0.0 0.0 501.75 500.1 491.75 499.9 505.85 502.8 508.7 505.6 501.1 501.1 503.8 496.2 500.95 496.65 503.25 505.15 512.1 496.35 
110 0.0 0.0 0.0 493.35 491.2 506.15 495.75 500.8 508.65 496.85 505.3 497.85 501.0 498.25 511.65 507.0 499.85 498.9 493.4 501.45 495.3 
111 0.0 0.0 0.0 494.25 489.1 503.4 496.95 507.7 493.85 498.05 494.55 503.45 506.1 505.95 494.95 507.05 500.15 495.5 498.7 495.55 503.45 
112 0.0 0.0 0.0 503.4 498.1 493.5 503.45 494.0 498.4 496.75 499.0 501.9 507.75 493.5 507.75 500.6 500.45 497.4 495.75 497.5 502.95 
113 0.0 0.0 0.0 500.25 502.6 496.35 496.7 501.0 502.6 496.0 507.0 503.1 501.6 502.6 501.0 487.85 493.8 495.65 497.6 502.15 507.15 
114 0.0 0.0 0.0 495.95 501.5 504.0 503.0 496.95 501.35 510.0 509.0 507.05 492.9 495.15 499.3 496.3 500.95 496.95 502.5 497.6 502.95 
115 0.0 0.0 0.0 498.8 501.15 496.95 499.7 501.9 500.7 500.05 503.3 499.9 502.8 501.4 491.2 495.35 505.0 503.45 498.45 507.3 501.4 
116 0.0 0.0 0.0 502.8 496.95 499.25 501.65 494.65 505.9 499.2 499.15 498.7 507.4 507.05 492.9 502.05 492.1 501.0 507.75 493.8 504.55 
117 0.0 0.0 0.0 501.2 489.7 502.2 496.85 509.05 495.45 500.45 499.25 500.1 485.5 504.3 502.5 495.55 502.05 496.25 495.95 500.05 492.05 
118 0.0 0.0 0.0 493.35 497.65 492.6 496.55 498.4 508.25 503.1 493.9 496.65 510.25 484.55 493.15 501.9 491.8 503.1 506.6 498.35 502.85 
119 0.0 0.0 0.0 497.65 497.35 501.35 503.5 499.25 499.9 497.85 491.9 497.4 496.55 504.4 500.1 490.45 506.9 498.45 496.55 503.25 499.8 
120 0.0 0.0 0.0 509.6 495.2 502.0 497.65 502.55 505.45 501.95 496.4 497.75 489.15 496.15 495.65 500.6 503.6 498.7 499.7 498.75 490.65 
121 0.0 0.0 0.0 497.6 509.85 498.4 509.6 500.95 490.65 493.45 503.55 496.95 488.2 498.4 501.85 498.25 501.85 498.05 494.25 499.7 498.85 
122 0.0 0.0 0.0 493.65 509.75 499.2 506.15 505.15 505.2 511.9 497.95 499.45 502.05 502.25 494.5 496.6 495.7 505.3 505.45 504.85 504.15 
123 0.0 0.0 0.0 471.0 502.75 501.3 501.8 496.1 496.0 500.3 499.35 502.75 499.05 489.25 500.25 503.8 489.95 499.85 503.55 493.3 505.05 
124 0.0 0.0 0.0 435.1 503.4 499.0 502.7 498.35 497.5 494.95 506.6 494.05 499.0 501.2 505.5 498.9 504.85 500.9 489.25 499.65 497.8 
125 0.0 0.0 0.0 365.8 489.95 508.3 489.95 499.2 502.5 500.05 496.05 496.95 504.65 501.3 502.65 500.65 497.05 493.55 495.2 502.1 503.1 
126 0.0 0.0 0.0 216.35 500.1 498.2 495.9 497.35 492.8 483.75 495.0 500.65 510.05 498.65 493.7 493.4 499.95 506.8 510.45 504.45 500.0 
127 0.0 0.0 0.0 97.55 502.6 503.2 497.65 491.75 500.05 500.55 499.05 499.5 488.55 495.2 495.7 501.5 505.1 500.75 505.4 496.35 496.55 
128 0.0 0.0 0.0 59.35 505.3 495.45 498.95 505.65 493.0 501.2 506.45 493.85 502.15 506.9 502.45 507.0 503.15 497.35 503.7 496.75 499.15 
129 0.0 0.0 0.0 37.3 497.7 497.05 502.2 496.15 491.75 495.75 490.1 500.9 501.45 497.1 503.2 501.65 504.15 499.15 502.25 503.2 493.0 
130 0.0 0.0 0.0 7.55 499.5 497.7 497.55 496.85 495.85 495.2 500.5 491.7 506.85 508.05 497.4 510.2 494.9 503.4 491.85 495.55 504.75 
131 0.0 0.0 0.0 0.45 496.95 496.65 501.3 498.1 507.7 499.5 500.3 515.65 501.1 500.2 505.1 497.75 499.15 501.05 498.95 504.85 498.05 
132 0.0 0.0 0.0 0.0 503.2 503.1 492.65 495.25 503.1 496.0 500.3 492.85 501.75 493.1 512.1 508.85 502.55 513.8 508.8 501.9 506.65 
133 0.0 0.0 0.0 0.0 493.05 504.2 501.35 510.0 501.2 508.9 497.1 496.9 499.25 509.05 499.0 495.35 508.6 504.8 500.05 503.3 496.65 
134 0.0 0.0 0.0 0.0 508.1 491.9 498.45 495.85 495.3 501.15 500.15 504.65 506.35 498.55 496.55 501.65 511.9 498.3 497.7 503.45 503.75 
135 0.0 0.0 0.0 0.0 502.05 496.45 501.8 495.5 501.05 504.4 507.7 512.15 490.9 499.35 495.4 501.85 499.75 499.55 494.9 494.75 496.3 
136 0.0 0.0 0.0 0.0 505.1 501.35 495.55 499.4 492.2 482.3 500.95 495.95 492.35 498.75 502.65 507.1 499.25 500.05 504.85 500.2 499.35 
137 0.0 0.0 0.0 0.0 497.5 502.1 507.35 502.3 498.05 506.45 503.5 503.05 497.5 492.75 498.7 501.7 506.15 499.95 498.75 493.0 493.55 
138 0.0 0.0 0.0 0.0 495.1 491.0 500.2 505.55 502.0 505.9 494.85 497.4 497.7 499.5 506.0 501.45 501.25 493.6 494.6 501.5 508.1 
139 0.0 0.0 0.0 0.0 496.85 505.75 496.85 499.85 502.2 498.4 494.65 504.65 504.15 504.9 497.5 494.35 494.8 497.05 502.85 503.15 498.95 
140 0.0 0.0 0.0 0.0 498.35 500.05 502.85 493.35 500.1 498.1 500.05 495.65 504.9 506.25 500.7 497.8 504.3 503.6 498.05 505.3 498.1 
141 0.0 0.0 0.0 0.0 497.95 503.2 503.2 498.65 508.75 497.1 497.5 497.55 502.95 495.3 500.8 495.9 494.35 500.9 503.9 501.15 501.4 
142 0.0 0.0 0.0 0.0 503.4 497.3 490.5 497.3 493.05 498.4 493.6 493.5 500.1 504.35 501.5 504.5 498.05 496.25 500.3 496.3 492.15 
143 0.0 0.0 0.0 0.0 497.9 509.65 493.15 499.75 505.35 501.45 501.0 500.6 505.05 506.15 497.3 500.95 496.55 491.7 495.9 494.15 501.8 
144 0.0 0.0 0.0 0.0 500.95 496.8 504.2 504.7 495.2 506.05 502.6 505.65 499.35 501.4 498.2 492.9 503.2 491.3 497.2 495.4 502.75 
145 0.0 0.0 0.0 0.0 504.95 499.85 499.1 497.65 503.65 497.1 501.6 498.5 497.15 500.3 497.8 497.25 494.7 503.2 492.9 495.75 498.2 
146 0.0 0.0 0.0 0.0 500.7 503.25 506.3 504.15 498.75 506.65 494.0 496.0 498.75 486.9 505.05 489.95 489.85 510.55 503.75 502.45 500.35 
147 0.0 0.0 0.0 0.0 493.9 509.0 503.6 497.35 499.9 498.55 506.1 500.95 496.2 504.25 492.0 496.75 487.9 499.9 495.5 497.45 504.5 
148 0.0 0.0 0.0 0.0 499.85 493.35 501.8 497.9 494.6 495.2 502.05 495.45 502.2 502.75 497.35 503.4 500.45 496.95 502.7 501.5 494.65 
149 0.0 0.0 0.0 0.0 498.05 506.95 499.1 510.25 491.0 499.35 500.85 503.05 499.0 499.9 494.35 502.4 498.7 498.45 504.95 501.55 497.75 
150 0.0 0.0 0.0 0.0 508.8 499.65 494.15 491.05 501.6 498.25 493.85 501.45 498.1 493.5 493.25 493.5 503.25 491.2 489.9 500.25 500.75 
151 0.0 0.0 0.0 0.0 504.7 499.3 499.35 496.95 499.45 494.25 499.15 501.9 496.75 501.05 501.1 491.0 498.7 499.15 500.7 498.45 498.45 
152 0.0 0.0 0.0 0.0 493.4 490.4 502.1 499.75 496.65 497.4 491.6 492.65 497.4 493.05 496.7 501.55 504.45 497.2 497.15 494.6 502.65 
153 0.0 0.0 0.0 0.0 501.2 501.15 495.4 500.8 498.55 494.65 498.25 496.55 494.15 495.8 503.45 495.35 499.9 496.4 499.3 498.1 495.25 
154 0.0 0.0 0.0 0.0 496.1 497.55 502.45 497.4 500.2 497.1 498.45 493.85 497.75 495.55 497.75 501.6 493.55 507.55 498.15 503.15 498.05 
155 0.0 0.0 0.0 0.0 501.65 505.95 496.75 499.6 500.15 494.6 491.4 497.0 493.05 492.6 501.65 503.8 492.3 497.6 503.75 497.8 502.95 
156 0.0 0.0 0.0 0.0 493.25 496.5 502.1 490.85 505.45 505.7 509.25 489.05 500.75 503.7 501.75 499.05 494.3 491.1 492.95 500.8 494.35 
157 0.0 0.0 0.0 0.0 443.95 493.9 492.85 499.65 497.85 494.15 494.4 501.65 507.85 497.7 494.9 493.1 504.6 495.8 505.45 507.05 498.25 
158 0.0 0.0 0.0 0.0 383.6 500.1 506.65 498.65 493.0 503.05 502.8 496.65 496.0 505.1 501.85 495.5 498.65 493.9 494.1 496.0 496.25 
159 0.0 0.0 0.0 0.0 262.85 496.7 504.65 504.35 502.05 493.0 493.2 498.2 502.4 501.5 499.25 503.9 497.55 501.65 501.75 500.1 499.75 
160 0.0 0.0 0.0 0.0 111.65 497.5 494.9 503.5 502.0 504.2 497.85 508.85 499.3 504.6 495.95 503.6 504.4 498.0 500.25 496.55 514.05 
161 0.0 0.0 0.0 0.0 71.5 500.85 504.05 505.05 504.3 502.2 509.95 506.3 500.8 501.3 502.4 505.8 501.25 509.3 504.1 499.65 499.4 
162 0.0 0.0 0.0 0.0 43.5 502.45 493.25 483.6 498.8 499.75 503.35 499.15 492.25 503.5 498.25 497.8 498.65 503.15 499.8 497.15 496.3 
163 0.0 0.0 0.0 0.0 5.75 502.65 498.1 500.85 501.0 498.15 491.5 495.05 493.4 494.6 506.1 499.4 499.05 498.45 498.6 493.0 497.5 
164 0.0 0.0 0.0 0.0 0.45 495.55 492.25 503.85 489.65 502.65 498.3 499.15 497.25 506.35 504.55 502.5 499.85 502.25 498.4 494.55 502.9 
165 0.0 0.0 0.0 0.0 0.15 503.5 499.0 499.55 507.4 504.8 500.4 499.25 508.7 497.4 507.1 506.3 499.5 502.05 493.35 497.45 497.6 
166 0.0 0.0 0.0 0.0 0.0 491.85 501.55 502.65 506.15 510.4 510.25 504.9 507.7 505.45 503.8 503.4 510.6 484.0 499.5 505.55 503.95 
167 0.0 0.0 0.0 0.0 0.0 500.5 500.8 504.15 498.55 494.05 504.35 504.85 501.05 501.75 496.45 499.55 499.15 505.4 499.05 497.75 489.3 
168 0.0 0.0 0.0 0.0 0.0 500.95 496.65 499.1 507.45 500.25 499.75 493.2 502.0 493.3 503.95 490.2 500.4 500.45 505.45 504.0 501.75 
169 0.0 0.0 0.0 0.0 0.0 507.35 501.95 499.2 499.15 500.9 495.65 505.4 494.15 498.65 492.15 497.65 503.75 494.85 499.9 507.0 485.1 
170 0.0 0.0 0.0 0.0 0.0 494.5 505.75 499.95 505.15 495.15 504.65 501.55 499.8 499.0 492.8 497.45 506.6 509.6 497.15 502.15 496.05 
171 0.0 0.0 0.0 0.0 0.0 504.15 498.95 503.8 492.05 505.5 503.1 504.9 504.4 500.3 498.55 496.6 492.25 503.7 503.05 496.2 506.0 
172 0.0 0.0 0.0 0.0 0.0 497.3 502.7 493.5 505.0 501.35 498.5 505.4 501.7 493.95 503.3 497.35 504.0 492.85 502.85 493.9 501.9 
173 0.0 0.0 0.0 0.0 0.0 505.15 502.6 505.5 496.65 505.9 507.45 501.0 505.3 505.45 503.0 506.55 490.3 506.75 499.55 503.8 496.65 
174 0.0 0.0 0.0 0.0 0.0 499.8 497.95 500.6 499.45 494.05 506.0 503.4 498.1 505.25 500.85 502.2 497.05 508.85 502.65 497.0 499.65 
175 0.0 0.0 0.0 0.0 0.0 498.75 499.3 494.85 500.85 507.6 501.85 500.15 507.3 504.3 497.8 507.95 502.25 501.55 503.35 504.75 498.4 
176 0.0 0.0 0.0 0.0 0.0 500.75 497.8 495.75 492.85 493.25 499.05 499.8 494.3 496.2 496.65 500.6 497.75 496.95 499.65 499.65 505.1 
177 0.0 0.0 0.0 0.0 0.0 498.1 507.95 496.05 503.05 498.75 495.8 496.45 499.3 498.1 504.45 498.0 503.45 497.8 499.1 504.6 500.85 
178 0.0 0.0 0.0 0.0 0.0 502.35 503.2 503.25 500.6 503.9 496.2 496.1 503.95 503.35 497.0 497.45 504.6 491.3 498.65 497.1 501.05 
179 0.0 0.0 0.0 0.0 0.0 493.35 500.2 500.75 498.7 502.4 497.1 499.4 496.05 505.45 501.35 500.1 492.4 499.15 495.45 494.05 496.3 
180 0.0 0.0 0.0 0.0 0.0 501.6 494.55 505.9 500.95 506.25 498.95 496.5 497.0 491.75 500.3 497.0 501.6 507.0 504.6 500.7 497.2 
181 0.0 0.0 0.0 0.0 0.0 499.95 498.75 504.7 498.6 498.95 504.35 497.7 490.1 503.3 498.2 492.15 498.2 490.65 500.15 496.7 500.7 
182 0.0 0.0 0.0 0.0 0.0 502.9 500.2 497.55 495.65 492.45 499.25 511.4 506.6 491.0 490.75 497.85 497.2 502.35 489.15 496.4 493.4 
183 0.0 0.0 0.0 0.0 0.0 503.05 494.85 501.05 509.4 499.45 498.55 501.3 497.55 496.1 492.25 498.1 498.7 495.5 501.65 496.4 505.75 
184 0.0 0.0 0.0 0.0 0.0 496.4 500.4 503.9 501.0 501.15 501.3 495.1 501.1 488.4 499.4 496.25 493.15 500.95 495.85 497.55 500.65 
185 0.0 0.0 0.0 0.0 0.0 499.7 499.75 498.5 496.95 496.55 497.85 494.95 489.9 495.1 493.25 499.25 500.6 491.75 501.7 498.45 502.55 
186 0.0 0.0 0.0 0.0 0.0 503.2 500.45 502.25 506.3 502.65 499.35 500.95 500.3 493.35 502.95 504.45 507.2 502.9 504.95 507.0 498.8 
187 0.0 0.0 0.0 0.0 0.0 468.45 508.2 506.35 496.95 495.25 493.3 496.7 494.15 498.0 496.85 490.6 497.85 501.6 503.65 507.15 501.95 
188 0.0 0.0 0.0 0.0 0.0 415.65 494.95 490.1 493.2 497.25 499.6 488.85 501.55 498.75 512.3 497.25 500.4 499.05 495.75 496.65 500.4 
189 0.0 0.0 0.0 0.0 0.0 306.55 502.8 492.6 491.55 496.4 505.95 496.45 505.1 507.85 498.25 501.4 495.7 493.1 503.25 513.9 503.95 
190 0.0 0.0 0.0 0.0 0.0 240.5 490.1 499.25 499.35 501.05 498.9 496.75 493.05 495.65 499.25 500.1 497.05 502.35 493.45 494.2 497.55 
191 0.0 0.0 0.0 0.0 0.0 160.85 500.2 497.15 496.15 493.65 498.95 498.1 500.0 500.25 493.5 503.9 504.7 499.05 493.05 495.2 500.6 
192 0.0 0.0 0.0 0.0 0.0 81.5 494.55 483.8 492.3 499.15 492.05 500.35 501.75 492.6 502.35 499.9 502.7 503.35 498.5 493.6 498.25 
193 0.0 0.0 0.0 0.0 0.0 37.95 498.8 498.15 504.65 493.65 488.9 497.75 492.7 503.75 502.0 503.5 501.45 500.0 503.6 504.45 500.85 
194 0.0 0.0 0.0 0.0 0.0 5.05 497.75 494.7 497.45 494.65 505.4 499.25 494.25 506.0 500.1 498.65 492.0 502.85 498.7 502.45 506.65 
195 0.0 0.0 0.0 0.0 0.0 0.6 503.8 501.7 495.1 496.25 498.9 496.05 494.55 494.6 501.35 501.45 497.25 508.6 500.5 496.05 492.25 
196 0.0 0.0 0.0 0.0 0.0 0.05 493.0 505.7 502.35 502.85 502.7 496.8 501.55 496.75 489.95 500.85 503.5 505.1 501.0 490.25 502.1 
197 0.0 0.0 0.0 0.0 0.0 0.05 506.8 510.7 502.2 507.15 490.6 503.3 502.65 503.4 507.2 491.7 508.8 493.25 499.1 507.7 502.7 
198 0.0 0.0 0.0 0.0 0.0 0.0 499.9 501.6 508.4 502.5 503.55 498.35 507.2 504.45 499.05 506.2 492.4 500.55 500.25 506.65 502.95 
199 0.0 0.0 0.0 0.0 0.0 0.0 502.65 506.2 501.2 503.8 504.75 507.7 497.6 503.0 505.9 496.05 504.85 494.05 497.1 497.8 505.05 
200 0.0 0.0 0.0 0.0 0.0 0.0 509.05 506.75 501.95 499.1 508.35 498.9 502.6 501.7 496.7 501.15 492.5 503.2 511.6 505.75 499.65 
201 0.0 0.0 0.0 0.0 0.0 0.0 503.9 501.85 501.95 494.3 497.2 501.75 504.15 499.25 493.3 507.55 500.15 496.15 502.5 506.75 504.5 
202 0.0 0.0 0.0 0.0 0.0 0.0 493.25 495.25 501.05 498.8 488.5 500.0 507.7 505.1 502.9 502.8 499.0 502.7 498.8 500.05 496.3 
203 0.0 0.0 0.0 0.0 0.0 0.0 492.3 503.05 503.85 503.0 492.25 500.2 498.75 491.9 498.9 503.45 502.7 506.85 505.05 501.8 497.2 
204 0.0 0.0 0.0 0.0 0.0 0.0 501.55 501.6 494.0 507.4 503.2 503.95 507.4 502.4 504.75 497.6 509.45 495.35 498.15 504.85 499.0 
205 0.0 0.0 0.0 0.0 0.0 0.0 502.95 488.65 499.35 493.5 502.9 501.85 501.35 505.1 511.8 500.85 511.25 500.95 504.9 500.35 502.6 
206 0.0 0.0 0.0 0.0 0.0 0.0 500.75 493.55 504.7 489.6 507.85 506.15 494.3 504.75 495.55 508.6 493.55 502.15 506.9 499.2 497.6 
207 0.0 0.0 0.0 0.0 0.0 0.0 497.0 497.05 496.8 503.7 501.5 503.75 497.55 501.05 499.75 502.8 497.35 497.8 497.7 495.3 494.95 
208 0.0 0.0 0.0 0.0 0.0 0.0 501.0 501.4 495.55 498.75 499.1 504.55 509.15 505.25 501.7 499.65 513.65 501.5 498.7 501.55 502.6 
209 0.0 0.0 0.0 0.0 0.0 0.0 497.3 509.25 502.4 506.65 503.55 504.2 498.5 505.05 499.4 499.15 492.1 508.2 497.35 494.4 501.2 
210 0.0 0.0 0.0 0.0 0.0 0.0 503.05 501.85 496.55 503.15 495.8 494.95 501.7 492.45 504.0 496.65 491.55 505.2 494.75 495.85 500.45 
211 0.0 0.0 0.0 0.0 0.0 0.0 505.45 492.2 497.25 505.85 499.65 492.0 493.35 501.2 500.05 503.45 500.4 495.0 499.4 503.3 493.5 
212 0.0 0.0 0.0 0.0 0.0 0.0 495.65 510.45 501.35 494.7 498.45 498.05 497.7 499.4 495.25 511.9 505.0 496.6 496.95 499.0 493.85 
213 0.0 0.0 0.0 0.0 0.0 0.0 498.05 501.25 502.05 495.95 497.3 493.5 498.2 507.6 514.75 493.6 496.6 495.65 501.6 491.05 493.65 
214 0.0 0.0 0.0 0.0 0.0 0.0 502.45 497.7 500.4 506.6 508.8 509.0 507.85 493.35 511.95 501.65 505.1 509.0 491.25 501.4 505.5 
215 0.0 0.0 0.0 0.0 0.0 0.0 496.55 502.15 503.95 500.0 496.7 498.15 493.9 507.0 499.75 501.15 501.65 499.3 502.8 495.2 489.85 
216 0.0 0.0 0.0 0.0 0.0 0.0 435.15 499.35 495.3 504.85 506.4 500.65 502.5 498.95 492.35 496.9 497.8 493.15 498.9 489.3 508.95 
217 0.0 0.0 0.0 0.0 0.0 0.0 326.7 502.55 506.0 505.6 500.25 501.35 502.55 499.05 495.35 503.65 502.5 496.35 494.15 500.35 495.25 
218 0.0 0.0 0.0 0.0 0.0 0.0 264.55 505.25 503.8 496.4 503.6 497.35 502.85 501.95 502.3 495.1 498.05 492.3 498.6 495.7 498.45 
219 0.0 0.0 0.0 0.0 0.0 0.0 185.35 495.6 511.35 507.35 500.15 500.8 493.45 499.5 497.7 499.95 498.2 497.1 496.0 493.05 495.6 
220 0.0 0.0 0.0 0.0 0.0 0.0 97.85 498.4 506.0 495.2 497.3 499.75 498.7 497.4 498.55 506.65 494.4 501.85 499.9 497.95 494.05 
221 0.0 0.0 0.0 0.0 0.0 0.0 48.95 501.0 497.3 495.7 502.95 497.75 498.65 497.85 492.8 499.8 494.6 505.1 499.95 505.9 503.9 
222 0.0 0.0 0.0 0.0 0.0 0.0 21.3 504.55 499.8 503.5 505.7 506.35 502.6 498.1 499.35 496.4 502.1 498.35 501.9 504.15 499.9 
223 0.0 0.0 0.0 0.0 0.0 0.0 4.65 496.25 491.4 497.4 493.45 503.9 498.45 503.85 508.8 493.0 502.3 498.05 500.45 503.5 497.55 
224 0.0 0.0 0.0 0.0 0.0 0.0 0.5 499.35 492.9 499.4 491.5 494.3 501.5 497.4 491.8 498.35 501.05 492.1 498.7 498.4 517.2 
225 0.0 0.0 0.0 0.0 0.0 0.0 0.2 498.95 493.45 495.65 503.55 499.75 498.45 497.05 494.9 496.35 500.25 504.35 500.6 503.0 506.2 
226 0.0 0.0 0.0 0.0 0.0 0.0 0.0 500.25 497.15 511.5 501.2 495.1 493.3 501.75 493.45 495.1 501.3 497.45 498.8 505.1 503.35 
227 0.0 0.0 0.0 0.0 0.0 0.0 0.0 496.8 501.85 504.35 503.5 498.85 504.65 492.75 504.25 507.0 498.85 502.5 504.8 497.1 497.35 
228 0.0 0.0 0.0 0.0 0.0 0.0 0.0 491.5 497.55 494.5 499.35 505.05 499.0 500.2 496.85 505.55 502.7 508.35 503.35 516.7 501.4 
229 0.0 0.0 0.0 0.0 0.0 0.0 0.0 493.25 497.45 490.1 491.55 501.65 500.5 507.25 507.45 499.25 509.9 508.6 512.35 506.65 500.7 
230 0.0 0.0 0.0 0.0 0.0 0.0 0.0 498.75 500.0 492.55 504.8 496.1 502.05 493.65 497.0 498.95 498.2 496.2 501.0 496.05 505.95 
231 0.0 0.0 0.0 0.0 0.0 0.0 0.0 503.75 493.55 502.15 498.95 500.8 505.25 495.45 500.0 498.65 491.5 504.5 502.0 501.3 500.6 
232 0.0 0.0 0.0 0.0 0.0 0.0 0.0 505.0 499.35 495.95 495.15 503.3 492.55 501.85 497.3 496.8 499.9 502.25 496.05 494.25 503.75 
233 0.0 0.0 0.0 0.0 0.0 0.0 0.0 503.95 503.95 501.3 502.2 500.6 501.9 509.55 507.5 501.6 499.05 502.15 506.8 499.15 503.7 
234 0.0 0.0 0.0 0.0 0.0 0.0 0.0 502.25 505.7 497.65 505.1 503.45 496.8 493.85 501.65 499.4 507.7 496.15 492.45 501.95 501.15 
235 0.0 0.0 0.0 0.0 0.0 0.0 0.0 492.0 506.9 504.3 496.45 500.55 496.95 496.3 503.05 495.8 494.75 504.85 493.8 507.0 498.1 
236 0.0 0.0 0.0 0.0 0.0 0.0 0.0 504.4 510.45 501.8 499.7 496.8 502.7 509.0 494.6 499.15 501.5 496.4 510.6 497.8 498.3 
237 0.0 0.0 0.0 0.0 0.0 0.0 0.0 499.05 497.1 510.1 499.8 498.15 509.8 502.25 503.55 511.5 505.55 501.6 515.35 496.25 500.4 
238 0.0 0.0 0.0 0.0 0.0 0.0 0.0 493.35 497.25 501.75 496.5 508.45 504.7 504.05 493.8 493.9 499.35 497.5 502.3 498.4 498.4 
239 0.0 0.0 0.0 0.0 0.0 0.0 0.0 507.3 502.3 496.15 501.05 498.2 496.45 502.65 504.05 499.5 494.25 504.1 494.8 507.6 500.6 
240 0.0 0.0 0.0 0.0 0.0 0.0 0.0 500.25 501.7 503.35 508.2 501.0 500.5 505.05 500.75 513.5 509.1 495.65 494.2 500.85 497.9 
241 0.0 0.0 0.0 0.0 0.0 0.0 0.0 488.45 487.2 497.35 497.6 495.45 495.65 497.85 497.25 492.7 496.6 499.45 499.65 500.5 500.6 
242 0.0 0.0 0.0 0.0 0.0 0.0 0.0 475.65 501.7 506.8 503.2 504.2 506.0 488.1 509.9 499.25 507.65 498.8 497.2 505.15 493.5 
243 0.0 0.0 0.0 0.0 0.0 0.0 0.0 409.8 500.8 503.2 501.65 502.7 493.65 502.2 501.4 499.35 496.9 504.4 493.55 496.3 486.5 
244 0.0 0.0 0.0 0.0 0.0 0.0 0.0 317.9 499.2 510.75 496.65 501.4 497.8 499.4 502.2 504.45 496.95 501.2 493.05 499.65 510.35 
245 0.0 0.0 0.0 0.0 0.0 0.0 0.0 242.55 497.05 492.65 504.4 507.05 507.55 493.1 496.3 505.65 503.0 492.85 496.0 492.15 507.05 
246 0.0 0.0 0.0 0.0 0.0 0.0 0.0 140.9 508.6 493.8 503.15 486.0 494.9 510.6 497.0 504.9 498.4 502.45 499.8 497.4 501.75 
247 0.0 0.0 0.0 0.0 0.0 0.0 0.0 85.3 492.35 499.8 501.35 500.45 498.15 504.95 499.5 500.3 500.55 500.0 501.95 500.0 496.5 
248 0.0 0.0 0.0 0.0 0.0 0.0 0.0 36.65 500.7 496.2 496.05 498.5 503.3 502.55 499.2 495.05 500.55 501.65 499.75 503.05 500.5 
249 0.0 0.0 0.0 0.0 0.0 0.0 0.0 6.15 497.4 493.15 492.15 503.6 500.85 501.3 502.1 502.8 500.45 506.95 507.7 493.6 495.45 
250 0.0 0.0 0.0 0.0 0.0 0.0 0.0 0.8 494.25 503.25 497.25 502.1 495.3 489.8 501.15 497.5 493.35 500.75 504.3 498.75 502.55 
251 0.0 0.0 0.0 0.0 0.0 0.0 0.0 0.0 512.0 489.25 510.7 485.45 502.0 500.1 498.5 499.95 502.25 498.6 505.8 499.35 490.0 
252 0.0 0.0 0.0 0.0 0.0 0.0 0.0 0.0 500.35 494.15 491.55 505.9 502.5 509.35 503.85 493.8 502.1 495.95 506.55 497.8 498.9 
253 0.0 0.0 0.0 0.0 0.0 0.0 0.0 0.0 493.85 506.4 495.55 496.35 503.35 492.85 500.9 494.3 493.6 504.65 497.95 503.75 504.7 
254 0.0 0.0 0.0 0.0 0.0 0.0 0.0 0.0 494.2 493.6 498.45 500.15 500.0 504.9 497.95 489.55 494.75 492.35 493.9 492.65 497.0 
255 0.0 0.0 0.0 0.0 0.0 0.0 0.0 0.0 496.75 503.5 495.25 493.4 498.75 494.9 497.65 500.7 503.1 492.45 487.95 501.25 506.35 
256 0.0 0.0 0.0 0.0 0.0 0.0 0.0 0.0 496.95 508.2 501.1 504.5 504.05 503.25 498.1 502.7 501.75 495.15 499.95 499.45 502.25 
257 0.0 0.0 0.0 0.0 0.0 0.0 0.0 0.0 500.65 495.5 500.95 503.35 493.3 498.35 490.7 489.95 498.6 497.8 504.85 490.5 495.95 
258 0.0 0.0 0.0 0.0 0.0 0.0 0.0 0.0 497.8 492.85 502.25 495.65 504.35 492.9 499.35 498.25 493.6 498.6 488.75 498.45 500.05 
259 0.0 0.0 0.0 0.0 0.0 0.0 0.0 0.0 502.6 499.35 500.8 498.1 491.9 500.7 498.35 505.6 491.25 488.75 499.1 498.45 503.5 
260 0.0 0.0 0.0 0.0 0.0 0.0 0.0 0.0 509.0 506.15 503.15 499.55 496.7 502.1 499.2 503.6 492.8 497.05 497.35 507.95 495.05 
261 0.0 0.0 0.0 0.0 0.0 0.0 0.0 0.0 498.9 504.7 497.55 506.45 495.4 499.5 497.25 494.7 497.05 499.85 490.5 500.7 492.5 
262 0.0 0.0 0.0 0.0 0.0 0.0 0.0 0.0 502.8 500.75 504.0 501.4 500.75 493.4 505.65 501.05 497.5 504.6 495.6 496.45 504.85 
263 0.0 0.0 0.0 0.0 0.0 0.0 0.0 0.0 495.6 503.2 503.05 491.2 499.7 496.75 502.45 494.55 510.8 498.45 507.2 501.0 500.2 
264 0.0 0.0 0.0 0.0 0.0 0.0 0.0 0.0 497.7 499.5 492.6 496.15 496.1 491.55 498.9 491.95 504.4 500.9 499.3 496.3 504.75 
265 0.0 0.0 0.0 0.0 0.0 0.0 0.0 0.0 490.55 495.45 502.65 496.5 496.2 495.8 486.1 507.55 499.75 501.65 497.75 507.6 497.7 
266 0.0 0.0 0.0 0.0 0.0 0.0 0.0 0.0 468.65 494.05 501.65 505.1 493.65 498.1 496.75 502.2 499.3 509.45 509.8 500.0 496.95 
267 0.0 0.0 0.0 0.0 0.0 0.0 0.0 0.0 426.8 498.15 501.5 504.75 500.3 491.7 497.1 500.75 494.4 490.55 484.35 495.85 501.55 
268 0.0 0.0 0.0 0.0 0.0 0.0 0.0 0.0 376.25 501.05 490.0 498.4 497.35 501.25 498.3 500.85 504.15 499.5 505.8 503.25 498.35 
269 0.0 0.0 0.0 0.0 0.0 0.0 0.0 0.0 289.35 500.4 495.55 495.9 499.45 497.85 499.65 496.0 497.7 497.05 505.3 487.3 494.8 
270 0.0 0.0 0.0 0.0 0.0 0.0 0.0 0.0 216.8 501.4 498.95 501.0 504.55 503.05 507.15 490.95 494.45 499.7 502.75 500.9 494.8 
271 0.0 0.0 0.0 0.0 0.0 0.0 0.0 0.0 121.9 506.7 497.9 495.05 502.45 498.85 507.0 503.05 498.65 506.65 494.55 504.4 496.55 
272 0.0 0.0 0.0 0.0 0.0 0.0 0.0 0.0 46.4 492.1 502.75 503.75 503.25 502.5 492.35 499.65 492.95 498.85 504.95 503.95 500.25 
273 0.0 0.0 0.0 0.0 0.0 0.0 0.0 0.0 7.05 498.3 493.65 501.7 500.4 500.0 494.75 488.95 498.45 500.05 494.2 502.4 501.8 
274 0.0 0.0 0.0 0.0 0.0 0.0 0.0 0.0 0.9 495.05 500.75 491.75 500.85 494.55 490.4 493.15 493.3 491.55 491.5 495.5 497.65 
275 0.0 0.0 0.0 0.0 0.0 0.0 0.0 0.0 0.0 498.9 502.5 505.2 507.35 502.3 497.15 504.15 503.95 494.6 501.45 492.45 499.1 
276 0.0 0.0 0.0 0.0 0.0 0.0 0.0 0.0 0.0 499.6 503.95 499.4 489.45 503.0 505.45 506.75 492.95 499.85 498.05 493.6 497.95 
277 0.0 0.0 0.0 0.0 0.0 0.0 0.0 0.0 0.0 503.7 502.35 491.05 494.65 499.15 502.4 496.55 499.6 500.85 495.05 497.8 497.35 
278 0.0 0.0 0.0 0.0 0.0 0.0 0.0 0.0 0.0 496.5 502.05 499.25 497.0 509.05 499.5 498.15 505.45 496.75 495.5 500.6 496.95 
279 0.0 0.0 0.0 0.0 0.0 0.0 0.0 0.0 0.0 504.8 499.4 498.0 503.0 501.7 506.25 495.35 505.75 503.3 491.85 496.6 497.85 
280 0.0 0.0 0.0 0.0 0.0 0.0 0.0 0.0 0.0 498.5 502.35 502.05 498.3 495.1 499.75 507.05 500.8 500.05 506.8 500.15 502.05 
281 0.0 0.0 0.0 0.0 0.0 0.0 0.0 0.0 0.0 497.6 502.75 506.65 506.15 503.0 501.95 501.6 499.45 499.85 506.15 496.1 497.65 
282 0.0 0.0 0.0 0.0 0.0 0.0 0.0 0.0 0.0 505.4 498.7 505.25 501.5 495.85 504.15 510.75 498.85 499.75 501.25 497.3 497.5 
283 0.0 0.0 0.0 0.0 0.0 0.0 0.0 0.0 0.0 498.65 495.7 503.15 505.15 498.25 492.65 496.25 504.25 496.7 502.4 510.25 502.15 
284 0.0 0.0 0.0 0.0 0.0 0.0 0.0 0.0 0.0 498.75 494.6 502.4 500.95 503.5 500.4 503.5 504.85 506.4 509.45 503.2 495.65 
285 0.0 0.0 0.0 0.0 0.0 0.0 0.0 0.0 0.0 497.6 505.05 500.55 503.35 497.7 510.8 500.2 504.8 508.4 502.45 510.2 504.75 
286 0.0 0.0 0.0 0.0 0.0 0.0 0.0 0.0 0.0 503.25 502.1 495.95 499.2 502.0 506.25 501.85 492.15 498.8 497.7 498.55 495.1 
287 0.0 0.0 0.0 0.0 0.0 0.0 0.0 0.0 0.0 497.25 503.7 505.0 501.4 511.8 495.75 504.6 494.7 493.35 505.0 500.65 513.4 
288 0.0 0.0 0.0 0.0 0.0 0.0 0.0 0.0 0.0 488.65 502.55 505.5 501.15 504.25 503.45 498.65 499.5 494.4 502.3 509.0 497.9 
289 0.0 0.0 0.0 0.0 0.0 0.0 0.0 0.0 0.0 433.4 502.65 500.7 500.8 503.45 498.6 503.2 499.95 501.35 491.15 496.15 497.3 
290 0.0 0.0 0.0 0.0 0.0 0.0 0.0 0.0 0.0 416.65 504.2 498.95 495.0 500.45 499.75 501.7 504.45 506.0 500.35 497.5 512.65 
291 0.0 0.0 0.0 0.0 0.0 0.0 0.0 0.0 0.0 318.35 494.3 496.85 506.45 491.7 500.9 493.85 502.85 499.95 504.45 501.5 500.6 
292 0.0 0.0 0.0 0.0 0.0 0.0 0.0 0.0 0.0 275.75 493.0 497.05 497.9 498.05 497.2 490.35 503.9 508.35 496.45 493.1 504.65 
293 0.0 0.0 0.0 0.0 0.0 0.0 0.0 0.0 0.0 196.45 500.65 500.45 493.85 493.9 508.4 496.85 495.9 505.5 507.1 509.05 498.1 
294 0.0 0.0 0.0 0.0 0.0 0.0 0.0 0.0 0.0 108.45 495.95 491.75 497.1 501.85 495.1 505.35 501.05 497.9 497.4 498.1 508.6 
295 0.0 0.0 0.0 0.0 0.0 0.0 0.0 0.0 0.0 23.25 504.4 499.9 494.6 502.25 493.6 500.1 501.8 499.3 506.5 507.15 496.0 
296 0.0 0.0 0.0 0.0 0.0 0.0 0.0 0.0 0.0 5.2 499.65 508.0 503.6 502.25 499.65 503.65 494.5 493.75 496.85 503.15 500.55 
297 0.0 0.0 0.0 0.0 0.0 0.0 0.0 0.0 0.0 0.75 490.85 491.95 507.95 498.3 499.1 505.75 505.8 498.9 498.7 495.15 492.3 
298 0.0 0.0 0.0 0.0 0.0 0.0 0.0 0.0 0.0 0.1 495.5 501.9 499.5 502.15 503.85 501.0 504.3 501.5 498.95 495.15 492.65 
299 0.0 0.0 0.0 0.0 0.0 0.0 0.0 0.0 0.0 0.0 504.0 495.85 505.55 502.85 495.7 505.45 493.55 492.75 496.65 494.9 503.8 
300 0.0 0.0 0.0 0.0 0.0 0.0 0.0 0.0 0.0 0.0 497.45 505.65 498.3 497.95 495.15 491.55 505.6 503.4 500.3 499.9 498.4 
301 0.0 0.0 0.0 0.0 0.0 0.0 0.0 0.0 0.0 0.0 497.0 492.35 499.35 496.75 503.6 500.85 502.1 502.2 496.85 493.8 497.5 
302 0.0 0.0 0.0 0.0 0.0 0.0 0.0 0.0 0.0 0.0 495.55 504.35 496.7 494.25 495.95 499.9 494.55 506.0 497.1 495.95 499.65 
303 0.0 0.0 0.0 0.0 0.0 0.0 0.0 0.0 0.0 0.0 502.7 504.35 506.05 501.75 496.55 499.4 501.35 495.25 493.8 494.7 505.6 
304 0.0 0.0 0.0 0.0 0.0 0.0 0.0 0.0 0.0 0.0 499.9 498.0 499.55 499.45 506.55 493.9 501.2 506.05 498.95 497.25 496.75 
305 0.0 0.0 0.0 0.0 0.0 0.0 0.0 0.0 0.0 0.0 501.6 502.15 493.3 503.7 494.35 506.7 499.7 492.95 499.05 505.85 492.9 
306 0.0 0.0 0.0 0.0 0.0 0.0 0.0 0.0 0.0 0.0 502.05 505.1 501.05 491.6 505.85 493.55 491.05 494.65 497.9 499.15 488.95 
307 0.0 0.0 0.0 0.0 0.0 0.0 0.0 0.0 0.0 0.0 500.9 493.75 501.25 496.3 486.3 498.8 504.35 496.8 502.95 494.9 499.6 
308 0.0 0.0 0.0 0.0 0.0 0.0 0.0 0.0 0.0 0.0 502.25 500.55 493.6 491.75 496.45 503.45 493.75 493.95 500.35 506.15 497.9 
309 0.0 0.0 0.0 0.0 0.0 0.0 0.0 0.0 0.0 0.0 497.2 497.65 488.9 501.05 503.2 500.65 502.2 499.3 509.45 501.45 507.8 
310 0.0 0.0 0.0 0.0 0.0 0.0 0.0 0.0 0.0 0.0 491.1 500.05 499.05 498.3 500.75 494.7 500.55 506.9 491.1 500.75 504.85 
311 0.0 0.0 0.0 0.0 0.0 0.0 0.0 0.0 0.0 0.0 441.05 504.5 496.2 500.55 489.6 499.95 500.5 489.8 495.3 495.15 498.55 
312 0.0 0.0 0.0 0.0 0.0 0.0 0.0 0.0 0.0 0.0 404.75 494.0 494.35 502.25 507.05 494.35 497.55 503.45 498.8 496.55 503.15 
313 0.0 0.0 0.0 0.0 0.0 0.0 0.0 0.0 0.0 0.0 325.2 492.45 508.15 492.75 501.55 498.15 496.1 504.75 494.65 498.2 496.6 
314 0.0 0.0 0.0 0.0 0.0 0.0 0.0 0.0 0.0 0.0 253.15 498.95 497.5 497.35 501.05 497.65 494.1 494.15 503.3 500.4 494.55 
315 0.0 0.0 0.0 0.0 0.0 0.0 0.0 0.0 0.0 0.0 190.2 502.05 503.3 497.05 494.35 501.9 499.25 499.6 496.9 501.1 505.5 
316 0.0 0.0 0.0 0.0 0.0 0.0 0.0 0.0 0.0 0.0 82.55 498.2 501.75 507.2 496.75 503.45 497.05 499.5 496.6 503.1 493.7 
317 0.0 0.0 0.0 0.0 0.0 0.0 0.0 0.0 0.0 0.0 31.25 490.45 505.05 495.15 498.25 498.8 505.85 507.25 512.55 500.1 504.55 
318 0.0 0.0 0.0 0.0 0.0 0.0 0.0 0.0 0.0 0.0 6.3 504.55 491.55 505.25 502.15 498.75 501.7 499.45 496.5 504.85 501.9 
319 0.0 0.0 0.0 0.0 0.0 0.0 0.0 0.0 0.0 0.0 0.5 507.2 503.9 499.6 504.9 495.25 502.6 502.6 505.5 501.8 494.2 
320 0.0 0.0 0.0 0.0 0.0 0.0 0.0 0.0 0.0 0.0 0.05 499.85 500.7 508.75 502.65 507.05 501.6 500.25 502.8 493.8 497.0 
321 0.0 0.0 0.0 0.0 0.0 0.0 0.0 0.0 0.0 0.0 0.0 497.15 504.3 504.4 506.75 498.2 496.85 500.05 508.5 503.85 502.0 
322 0.0 0.0 0.0 0.0 0.0 0.0 0.0 0.0 0.0 0.0 0.0 488.95 501.25 502.8 501.95 501.55 498.0 501.15 495.35 497.25 506.8 
323 0.0 0.0 0.0 0.0 0.0 0.0 0.0 0.0 0.0 0.0 0.0 508.5 499.95 498.25 494.75 498.65 503.4 495.15 491.85 493.75 494.65 
324 0.0 0.0 0.0 0.0 0.0 0.0 0.0 0.0 0.0 0.0 0.0 497.6 496.35 504.8 501.35 497.55 504.3 497.75 503.45 501.75 501.95 
325 0.0 0.0 0.0 0.0 0.0 0.0 0.0 0.0 0.0 0.0 0.0 497.3 498.6 507.1 496.8 502.35 492.7 500.1 501.25 501.0 499.4 
326 0.0 0.0 0.0 0.0 0.0 0.0 0.0 0.0 0.0 0.0 0.0 503.4 495.55 495.5 498.35 493.85 505.2 501.0 491.4 506.3 493.1 
327 0.0 0.0 0.0 0.0 0.0 0.0 0.0 0.0 0.0 0.0 0.0 508.7 500.9 496.2 498.1 500.75 494.15 493.45 488.45 489.75 502.85 
328 0.0 0.0 0.0 0.0 0.0 0.0 0.0 0.0 0.0 0.0 0.0 498.6 500.6 494.7 499.6 496.75 497.05 498.4 505.15 495.3 491.4 
329 0.0 0.0 0.0 0.0 0.0 0.0 0.0 0.0 0.0 0.0 0.0 492.15 493.85 502.75 497.6 500.8 498.6 494.25 494.35 509.1 499.85 
330 0.0 0.0 0.0 0.0 0.0 0.0 0.0 0.0 0.0 0.0 0.0 500.0 503.85 495.45 506.15 500.05 502.9 496.25 498.8 491.6 504.05 
331 0.0 0.0 0.0 0.0 0.0 0.0 0.0 0.0 0.0 0.0 0.0 461.0 500.15 498.85 499.45 510.15 498.8 494.2 505.45 498.7 493.45 
332 0.0 0.0 0.0 0.0 0.0 0.0 0.0 0.0 0.0 0.0 0.0 422.75 498.3 493.15 502.6 497.0 492.85 505.25 506.2 508.4 506.15 
333 0.0 0.0 0.0 0.0 0.0 0.0 0.0 0.0 0.0 0.0 0.0 347.6 506.7 505.45 497.0 502.85 496.9 507.05 490.6 496.65 503.05 
334 0.0 0.0 0.0 0.0 0.0 0.0 0.0 0.0 0.0 0.0 0.0 275.85 495.8 495.05 501.1 498.95 499.65 505.65 505.1 501.5 502.1 
335 0.0 0.0 0.0 0.0 0.0 0.0 0.0 0.0 0.0 0.0 0.0 203.0 500.55 511.9 506.45 497.05 496.2 492.15 506.3 496.0 505.75 
336 0.0 0.0 0.0 0.0 0.0 0.0 0.0 0.0 0.0 0.0 0.0 92.75 497.85 500.85 501.55 496.85 509.6 502.85 496.7 498.8 501.05 
337 0.0 0.0 0.0 0.0 0.0 0.0 0.0 0.0 0.0 0.0 0.0 37.6 501.95 493.75 500.65 498.7 502.2 505.05 502.75 506.9 498.15 
338 0.0 0.0 0.0 0.0 0.0 0.0 0.0 0.0 0.0 0.0 0.0 8.9 505.75 493.35 495.2 496.1 498.4 499.05 500.05 496.0 497.5 
339 0.0 0.0 0.0 0.0 0.0 0.0 0.0 0.0 0.0 0.0 0.0 1.6 501.95 495.85 506.65 504.05 505.8 502.9 495.45 496.0 505.1 
340 0.0 0.0 0.0 0.0 0.0 0.0 0.0 0.0 0.0 0.0 0.0 0.2 491.5 502.05 499.6 500.9 505.45 497.9 493.0 500.85 493.2 
341 0.0 0.0 0.0 0.0 0.0 0.0 0.0 0.0 0.0 0.0 0.0 0.05 501.6 497.8 499.4 497.8 499.45 488.5 495.65 501.05 511.0 
342 0.0 0.0 0.0 0.0 0.0 0.0 0.0 0.0 0.0 0.0 0.0 0.0 506.1 492.35 493.4 494.7 495.55 506.15 496.25 489.65 485.2 
343 0.0 0.0 0.0 0.0 0.0 0.0 0.0 0.0 0.0 0.0 0.0 0.0 490.35 504.05 498.65 506.0 500.6 493.4 509.3 505.25 504.75 
344 0.0 0.0 0.0 0.0 0.0 0.0 0.0 0.0 0.0 0.0 0.0 0.0 494.85 501.5 500.15 498.5 493.15 501.25 498.35 504.75 498.4 
345 0.0 0.0 0.0 0.0 0.0 0.0 0.0 0.0 0.0 0.0 0.0 0.0 503.7 505.35 492.55 500.0 506.2 509.65 502.7 497.25 501.65 
346 0.0 0.0 0.0 0.0 0.0 0.0 0.0 0.0 0.0 0.0 0.0 0.0 502.15 499.35 500.75 497.3 506.8 503.85 500.0 507.45 505.7 
347 0.0 0.0 0.0 0.0 0.0 0.0 0.0 0.0 0.0 0.0 0.0 0.0 494.15 505.9 502.6 501.1 497.1 501.4 501.7 502.15 492.5 
348 0.0 0.0 0.0 0.0 0.0 0.0 0.0 0.0 0.0 0.0 0.0 0.0 500.35 506.85 496.25 506.35 496.9 498.0 505.75 507.55 503.75 
349 0.0 0.0 0.0 0.0 0.0 0.0 0.0 0.0 0.0 0.0 0.0 0.0 495.45 499.0 501.0 504.6 499.05 503.2 506.6 501.45 505.5 
350 0.0 0.0 0.0 0.0 0.0 0.0 0.0 0.0 0.0 0.0 0.0 0.0 475.9 500.8 503.0 495.9 501.95 500.25 505.25 496.15 495.85 
351 0.0 0.0 0.0 0.0 0.0 0.0 0.0 0.0 0.0 0.0 0.0 0.0 424.9 495.45 502.3 497.85 503.25 492.65 489.8 495.35 511.0 
352 0.0 0.0 0.0 0.0 0.0 0.0 0.0 0.0 0.0 0.0 0.0 0.0 359.8 494.4 503.75 497.85 499.7 506.35 500.55 501.2 502.9 
353 0.0 0.0 0.0 0.0 0.0 0.0 0.0 0.0 0.0 0.0 0.0 0.0 302.6 498.9 503.0 508.15 499.5 504.2 506.05 502.5 493.7 
354 0.0 0.0 0.0 0.0 0.0 0.0 0.0 0.0 0.0 0.0 0.0 0.0 218.7 506.0 502.2 500.2 492.2 497.45 499.3 505.3 491.8 
355 0.0 0.0 0.0 0.0 0.0 0.0 0.0 0.0 0.0 0.0 0.0 0.0 132.45 498.8 499.4 497.15 499.55 505.3 499.85 498.9 496.95 
356 0.0 0.0 0.0 0.0 0.0 0.0 0.0 0.0 0.0 0.0 0.0 0.0 62.9 504.35 499.4 502.95 505.25 506.1 498.3 501.1 505.95 
357 0.0 0.0 0.0 0.0 0.0 0.0 0.0 0.0 0.0 0.0 0.0 0.0 19.25 504.9 495.25 497.55 497.8 492.0 497.1 499.75 501.2 
358 0.0 0.0 0.0 0.0 0.0 0.0 0.0 0.0 0.0 0.0 0.0 0.0 4.3 491.15 488.6 502.2 496.8 490.9 510.0 494.15 497.65 
359 0.0 0.0 0.0 0.0 0.0 0.0 0.0 0.0 0.0 0.0 0.0 0.0 0.95 495.05 501.6 498.8 510.75 499.5 490.2 497.05 499.4 
360 0.0 0.0 0.0 0.0 0.0 0.0 0.0 0.0 0.0 0.0 0.0 0.0 0.15 501.85 502.75 507.3 496.4 501.3 496.85 493.85 501.05 
361 0.0 0.0 0.0 0.0 0.0 0.0 0.0 0.0 0.0 0.0 0.0 0.0 0.0 494.4 504.5 488.7 495.45 502.95 492.95 511.8 489.4 
362 0.0 0.0 0.0 0.0 0.0 0.0 0.0 0.0 0.0 0.0 0.0 0.0 0.0 502.35 499.0 491.75 491.95 493.65 502.95 503.3 496.2 
363 0.0 0.0 0.0 0.0 0.0 0.0 0.0 0.0 0.0 0.0 0.0 0.0 0.0 497.75 494.15 496.6 494.65 489.7 499.9 499.5 505.45 
364 0.0 0.0 0.0 0.0 0.0 0.0 0.0 0.0 0.0 0.0 0.0 0.0 0.0 491.6 496.45 506.9 503.35 500.75 500.25 498.15 504.1 
365 0.0 0.0 0.0 0.0 0.0 0.0 0.0 0.0 0.0 0.0 0.0 0.0 0.0 498.85 505.35 494.7 495.85 495.4 493.3 492.55 496.2 
366 0.0 0.0 0.0 0.0 0.0 0.0 0.0 0.0 0.0 0.0 0.0 0.0 0.0 505.25 498.6 504.9 500.15 499.8 503.2 493.0 504.7 
367 0.0 0.0 0.0 0.0 0.0 0.0 0.0 0.0 0.0 0.0 0.0 0.0 0.0 497.4 495.1 504.05 508.25 498.25 497.4 496.4 493.95 
368 0.0 0.0 0.0 0.0 0.0 0.0 0.0 0.0 0.0 0.0 0.0 0.0 0.0 492.4 497.7 501.9 507.4 506.25 493.9 504.25 500.0 
369 0.0 0.0 0.0 0.0 0.0 0.0 0.0 0.0 0.0 0.0 0.0 0.0 0.0 461.95 500.15 492.75 502.05 503.65 504.1 495.2 491.25 
370 0.0 0.0 0.0 0.0 0.0 0.0 0.0 0.0 0.0 0.0 0.0 0.0 0.0 392.2 502.9 504.6 498.3 501.7 504.35 497.2 498.95 
371 0.0 0.0 0.0 0.0 0.0 0.0 0.0 0.0 0.0 0.0 0.0 0.0 0.0 328.65 498.35 496.45 496.25 506.0 501.15 502.75 494.85 
372 0.0 0.0 0.0 0.0 0.0 0.0 0.0 0.0 0.0 0.0 0.0 0.0 0.0 292.55 500.6 499.9 491.75 503.65 498.95 498.9 503.15 
373 0.0 0.0 0.0 0.0 0.0 0.0 0.0 0.0 0.0 0.0 0.0 0.0 0.0 200.5 502.05 497.65 502.7 500.25 494.45 505.75 506.8 
374 0.0 0.0 0.0 0.0 0.0 0.0 0.0 0.0 0.0 0.0 0.0 0.0 0.0 96.55 501.1 499.55 497.05 495.4 510.3 504.2 505.75 
375 0.0 0.0 0.0 0.0 0.0 0.0 0.0 0.0 0.0 0.0 0.0 0.0 0.0 41.95 498.4 509.1 502.8 508.35 495.55 501.0 508.15 
376 0.0 0.0 0.0 0.0 0.0 0.0 0.0 0.0 0.0 0.0 0.0 0.0 0.0 9.4 501.25 499.85 503.9 502.5 505.45 501.85 502.05 
377 0.0 0.0 0.0 0.0 0.0 0.0 0.0 0.0 0.0 0.0 0.0 0.0 0.0 1.55 501.3 499.7 503.0 490.55 500.55 497.75 496.1 
378 0.0 0.0 0.0 0.0 0.0 0.0 0.0 0.0 0.0 0.0 0.0 0.0 0.0 0.2 500.6 500.5 501.2 497.2 505.25 502.0 505.85 
379 0.0 0.0 0.0 0.0 0.0 0.0 0.0 0.0 0.0 0.0 0.0 0.0 0.0 0.0 496.15 495.25 499.6 502.55 494.65 506.55 501.35 
380 0.0 0.0 0.0 0.0 0.0 0.0 0.0 0.0 0.0 0.0 0.0 0.0 0.0 0.0 497.65 491.05 494.4 494.3 500.0 493.75 503.85 
381 0.0 0.0 0.0 0.0 0.0 0.0 0.0 0.0 0.0 0.0 0.0 0.0 0.0 0.0 507.45 498.4 494.1 496.0 498.95 498.5 500.05 
382 0.0 0.0 0.0 0.0 0.0 0.0 0.0 0.0 0.0 0.0 0.0 0.0 0.0 0.0 494.35 497.1 499.3 505.6 503.75 503.95 498.0 
383 0.0 0.0 0.0 0.0 0.0 0.0 0.0 0.0 0.0 0.0 0.0 0.0 0.0 0.0 495.7 504.0 503.6 490.25 498.7 496.5 500.4 
384 0.0 0.0 0.0 0.0 0.0 0.0 0.0 0.0 0.0 0.0 0.0 0.0 0.0 0.0 492.6 503.7 498.7 504.4 496.7 499.3 494.85 
385 0.0 0.0 0.0 0.0 0.0 0.0 0.0 0.0 0.0 0.0 0.0 0.0 0.0 0.0 502.8 490.25 493.9 493.45 497.7 490.05 496.9 
386 0.0 0.0 0.0 0.0 0.0 0.0 0.0 0.0 0.0 0.0 0.0 0.0 0.0 0.0 495.25 500.35 499.55 501.75 498.15 500.8 496.95 
387 0.0 0.0 0.0 0.0 0.0 0.0 0.0 0.0 0.0 0.0 0.0 0.0 0.0 0.0 452.75 506.45 502.05 493.45 505.05 494.0 494.5 
388 0.0 0.0 0.0 0.0 0.0 0.0 0.0 0.0 0.0 0.0 0.0 0.0 0.0 0.0 376.95 500.4 491.65 505.4 498.15 507.6 497.4 
389 0.0 0.0 0.0 0.0 0.0 0.0 0.0 0.0 0.0 0.0 0.0 0.0 0.0 0.0 305.35 497.95 498.6 498.75 498.15 505.7 511.7 
390 0.0 0.0 0.0 0.0 0.0 0.0 0.0 0.0 0.0 0.0 0.0 0.0 0.0 0.0 249.05 503.05 496.05 503.2 501.0 516.7 492.15 
391 0.0 0.0 0.0 0.0 0.0 0.0 0.0 0.0 0.0 0.0 0.0 0.0 0.0 0.0 138.9 485.65 504.2 508.75 503.6 495.8 504.35 
392 0.0 0.0 0.0 0.0 0.0 0.0 0.0 0.0 0.0 0.0 0.0 0.0 0.0 0.0 69.55 499.6 505.9 500.5 496.55 500.0 505.75 
393 0.0 0.0 0.0 0.0 0.0 0.0 0.0 0.0 0.0 0.0 0.0 0.0 0.0 0.0 22.15 502.25 498.0 507.3 505.85 488.5 500.65 
394 0.0 0.0 0.0 0.0 0.0 0.0 0.0 0.0 0.0 0.0 0.0 0.0 0.0 0.0 5.7 504.75 504.25 494.2 495.6 499.25 497.15 
395 0.0 0.0 0.0 0.0 0.0 0.0 0.0 0.0 0.0 0.0 0.0 0.0 0.0 0.0 1.05 501.85 497.7 492.6 491.35 495.4 495.1 
396 0.0 0.0 0.0 0.0 0.0 0.0 0.0 0.0 0.0 0.0 0.0 0.0 0.0 0.0 0.1 501.45 499.15 499.5 495.4 491.8 493.8 
397 0.0 0.0 0.0 0.0 0.0 0.0 0.0 0.0 0.0 0.0 0.0 0.0 0.0 0.0 0.0 492.85 496.2 492.95 503.65 501.75 496.55 
398 0.0 0.0 0.0 0.0 0.0 0.0 0.0 0.0 0.0 0.0 0.0 0.0 0.0 0.0 0.0 502.05 494.5 502.95 498.25 502.65 492.2 
399 0.0 0.0 0.0 0.0 0.0 0.0 0.0 0.0 0.0 0.0 0.0 0.0 0.0 0.0 0.0 499.2 505.9 492.65 501.45 495.0 504.35 
400 0.0 0.0 0.0 0.0 0.0 0.0 0.0 0.0 0.0 0.0 0.0 0.0 0.0 0.0 0.0 502.2 492.9 497.75 502.2 496.15 501.75 
401 0.0 0.0 0.0 0.0 0.0 0.0 0.0 0.0 0.0 0.0 0.0 0.0 0.0 0.0 0.0 501.0 499.85 507.65 496.85 500.05 493.25 
402 0.0 0.0 0.0 0.0 0.0 0.0 0.0 0.0 0.0 0.0 0.0 0.0 0.0 0.0 0.0 492.95 500.6 507.1 495.5 499.45 498.7 
403 0.0 0.0 0.0 0.0 0.0 0.0 0.0 0.0 0.0 0.0 0.0 0.0 0.0 0.0 0.0 458.6 501.55 504.8 499.3 509.85 499.45 
404 0.0 0.0 0.0 0.0 0.0 0.0 0.0 0.0 0.0 0.0 0.0 0.0 0.0 0.0 0.0 423.6 493.55 491.95 499.8 488.95 494.8 
405 0.0 0.0 0.0 0.0 0.0 0.0 0.0 0.0 0.0 0.0 0.0 0.0 0.0 0.0 0.0 382.95 492.0 495.35 503.0 500.3 497.65 
406 0.0 0.0 0.0 0.0 0.0 0.0 0.0 0.0 0.0 0.0 0.0 0.0 0.0 0.0 0.0 312.7 510.55 501.5 504.55 495.15 501.4 
407 0.0 0.0 0.0 0.0 0.0 0.0 0.0 0.0 0.0 0.0 0.0 0.0 0.0 0.0 0.0 178.6 499.4 503.1 491.7 493.8 494.6 
408 0.0 0.0 0.0 0.0 0.0 0.0 0.0 0.0 0.0 0.0 0.0 0.0 0.0 0.0 0.0 90.8 502.35 497.1 497.6 507.2 502.45 
409 0.0 0.0 0.0 0.0 0.0 0.0 0.0 0.0 0.0 0.0 0.0 0.0 0.0 0.0 0.0 35.35 500.3 498.25 497.45 505.8 511.4 
410 0.0 0.0 0.0 0.0 0.0 0.0 0.0 0.0 0.0 0.0 0.0 0.0 0.0 0.0 0.0 10.75 505.6 504.15 508.65 502.0 497.2 
411 0.0 0.0 0.0 0.0 0.0 0.0 0.0 0.0 0.0 0.0 0.0 0.0 0.0 0.0 0.0 2.75 500.1 509.9 501.45 511.05 504.85 
412 0.0 0.0 0.0 0.0 0.0 0.0 0.0 0.0 0.0 0.0 0.0 0.0 0.0 0.0 0.0 0.35 508.9 498.9 512.0 499.85 497.8 
413 0.0 0.0 0.0 0.0 0.0 0.0 0.0 0.0 0.0 0.0 0.0 0.0 0.0 0.0 0.0 0.05 495.05 500.4 501.15 503.5 500.25 
414 0.0 0.0 0.0 0.0 0.0 0.0 0.0 0.0 0.0 0.0 0.0 0.0 0.0 0.0 0.0 0.0 503.9 494.85 491.15 500.5 501.45 
415 0.0 0.0 0.0 0.0 0.0 0.0 0.0 0.0 0.0 0.0 0.0 0.0 0.0 0.0 0.0 0.0 498.0 499.15 505.45 498.8 503.8 
416 0.0 0.0 0.0 0.0 0.0 0.0 0.0 0.0 0.0 0.0 0.0 0.0 0.0 0.0 0.0 0.0 495.2 499.75 493.55 494.25 499.3 
417 0.0 0.0 0.0 0.0 0.0 0.0 0.0 0.0 0.0 0.0 0.0 0.0 0.0 0.0 0.0 0.0 502.25 497.35 491.65 500.7 488.05 
418 0.0 0.0 0.0 0.0 0.0 0.0 0.0 0.0 0.0 0.0 0.0 0.0 0.0 0.0 0.0 0.0 496.2 498.75 501.45 492.2 503.65 
419 0.0 0.0 0.0 0.0 0.0 0.0 0.0 0.0 0.0 0.0 0.0 0.0 0.0 0.0 0.0 0.0 463.45 488.05 500.1 505.6 509.2 
420 0.0 0.0 0.0 0.0 0.0 0.0 0.0 0.0 0.0 0.0 0.0 0.0 0.0 0.0 0.0 0.0 428.55 500.05 499.0 499.5 501.85 
421 0.0 0.0 0.0 0.0 0.0 0.0 0.0 0.0 0.0 0.0 0.0 0.0 0.0 0.0 0.0 0.0 365.05 492.45 495.55 497.7 489.5 
422 0.0 0.0 0.0 0.0 0.0 0.0 0.0 0.0 0.0 0.0 0.0 0.0 0.0 0.0 0.0 0.0 291.0 507.05 508.95 502.8 495.5 
423 0.0 0.0 0.0 0.0 0.0 0.0 0.0 0.0 0.0 0.0 0.0 0.0 0.0 0.0 0.0 0.0 198.4 496.2 494.8 493.4 500.75 
424 0.0 0.0 0.0 0.0 0.0 0.0 0.0 0.0 0.0 0.0 0.0 0.0 0.0 0.0 0.0 0.0 83.95 499.7 497.15 504.4 509.1 
425 0.0 0.0 0.0 0.0 0.0 0.0 0.0 0.0 0.0 0.0 0.0 0.0 0.0 0.0 0.0 0.0 35.15 507.7 492.35 500.2 501.0 
426 0.0 0.0 0.0 0.0 0.0 0.0 0.0 0.0 0.0 0.0 0.0 0.0 0.0 0.0 0.0 0.0 9.4 501.6 498.8 491.4 497.9 
427 0.0 0.0 0.0 0.0 0.0 0.0 0.0 0.0 0.0 0.0 0.0 0.0 0.0 0.0 0.0 0.0 2.0 502.8 500.8 497.5 501.55 
428 0.0 0.0 0.0 0.0 0.0 0.0 0.0 0.0 0.0 0.0 0.0 0.0 0.0 0.0 0.0 0.0 0.5 498.6 502.0 502.95 502.7 
429 0.0 0.0 0.0 0.0 0.0 0.0 0.0 0.0 0.0 0.0 0.0 0.0 0.0 0.0 0.0 0.0 0.2 502.45 511.1 499.9 490.75 
430 0.0 0.0 0.0 0.0 0.0 0.0 0.0 0.0 0.0 0.0 0.0 0.0 0.0 0.0 0.0 0.0 0.0 501.55 500.8 502.3 504.95 
431 0.0 0.0 0.0 0.0 0.0 0.0 0.0 0.0 0.0 0.0 0.0 0.0 0.0 0.0 0.0 0.0 0.0 500.4 496.3 505.1 495.45 
432 0.0 0.0 0.0 0.0 0.0 0.0 0.0 0.0 0.0 0.0 0.0 0.0 0.0 0.0 0.0 0.0 0.0 489.45 494.25 500.45 494.95 
433 0.0 0.0 0.0 0.0 0.0 0.0 0.0 0.0 0.0 0.0 0.0 0.0 0.0 0.0 0.0 0.0 0.0 503.05 505.35 495.85 502.0 
434 0.0 0.0 0.0 0.0 0.0 0.0 0.0 0.0 0.0 0.0 0.0 0.0 0.0 0.0 0.0 0.0 0.0 489.0 506.55 499.35 507.05 
435 0.0 0.0 0.0 0.0 0.0 0.0 0.0 0.0 0.0 0.0 0.0 0.0 0.0 0.0 0.0 0.0 0.0 441.4 505.75 507.1 499.4 
436 0.0 0.0 0.0 0.0 0.0 0.0 0.0 0.0 0.0 0.0 0.0 0.0 0.0 0.0 0.0 0.0 0.0 393.15 489.6 500.85 495.75 
437 0.0 0.0 0.0 0.0 0.0 0.0 0.0 0.0 0.0 0.0 0.0 0.0 0.0 0.0 0.0 0.0 0.0 340.3 497.25 501.95 490.75 
438 0.0 0.0 0.0 0.0 0.0 0.0 0.0 0.0 0.0 0.0 0.0 0.0 0.0 0.0 0.0 0.0 0.0 245.4 497.95 494.5 499.05 
439 0.0 0.0 0.0 0.0 0.0 0.0 0.0 0.0 0.0 0.0 0.0 0.0 0.0 0.0 0.0 0.0 0.0 129.4 493.5 494.6 498.3 
440 0.0 0.0 0.0 0.0 0.0 0.0 0.0 0.0 0.0 0.0 0.0 0.0 0.0 0.0 0.0 0.0 0.0 63.1 496.75 497.65 508.2 
441 0.0 0.0 0.0 0.0 0.0 0.0 0.0 0.0 0.0 0.0 0.0 0.0 0.0 0.0 0.0 0.0 0.0 21.4 505.75 498.15 499.05 
442 0.0 0.0 0.0 0.0 0.0 0.0 0.0 0.0 0.0 0.0 0.0 0.0 0.0 0.0 0.0 0.0 0.0 4.3 492.25 492.4 498.0 
443 0.0 0.0 0.0 0.0 0.0 0.0 0.0 0.0 0.0 0.0 0.0 0.0 0.0 0.0 0.0 0.0 0.0 1.05 490.9 493.1 500.4 
444 0.0 0.0 0.0 0.0 0.0 0.0 0.0 0.0 0.0 0.0 0.0 0.0 0.0 0.0 0.0 0.0 0.0 0.3 498.65 500.8 492.95 
445 0.0 0.0 0.0 0.0 0.0 0.0 0.0 0.0 0.0 0.0 0.0 0.0 0.0 0.0 0.0 0.0 0.0 0.0 509.4 496.2 499.35 
446 0.0 0.0 0.0 0.0 0.0 0.0 0.0 0.0 0.0 0.0 0.0 0.0 0.0 0.0 0.0 0.0 0.0 0.0 501.15 504.4 502.1 
447 0.0 0.0 0.0 0.0 0.0 0.0 0.0 0.0 0.0 0.0 0.0 0.0 0.0 0.0 0.0 0.0 0.0 0.0 503.45 508.2 505.15 
448 0.0 0.0 0.0 0.0 0.0 0.0 0.0 0.0 0.0 0.0 0.0 0.0 0.0 0.0 0.0 0.0 0.0 0.0 498.95 500.0 499.0 
449 0.0 0.0 0.0 0.0 0.0 0.0 0.0 0.0 0.0 0.0 0.0 0.0 0.0 0.0 0.0 0.0 0.0 0.0 500.15 502.7 508.75 
450 0.0 0.0 0.0 0.0 0.0 0.0 0.0 0.0 0.0 0.0 0.0 0.0 0.0 0.0 0.0 0.0 0.0 0.0 452.85 501.45 493.65 
451 0.0 0.0 0.0 0.0 0.0 0.0 0.0 0.0 0.0 0.0 0.0 0.0 0.0 0.0 0.0 0.0 0.0 0.0 403.1 493.1 486.1 
452 0.0 0.0 0.0 0.0 0.0 0.0 0.0 0.0 0.0 0.0 0.0 0.0 0.0 0.0 0.0 0.0 0.0 0.0 323.9 496.7 494.95 
453 0.0 0.0 0.0 0.0 0.0 0.0 0.0 0.0 0.0 0.0 0.0 0.0 0.0 0.0 0.0 0.0 0.0 0.0 240.45 503.4 505.8 
454 0.0 0.0 0.0 0.0 0.0 0.0 0.0 0.0 0.0 0.0 0.0 0.0 0.0 0.0 0.0 0.0 0.0 0.0 119.45 500.35 498.3 
455 0.0 0.0 0.0 0.0 0.0 0.0 0.0 0.0 0.0 0.0 0.0 0.0 0.0 0.0 0.0 0.0 0.0 0.0 45.65 498.05 502.15 
456 0.0 0.0 0.0 0.0 0.0 0.0 0.0 0.0 0.0 0.0 0.0 0.0 0.0 0.0 0.0 0.0 0.0 0.0 14.45 495.45 499.15 
457 0.0 0.0 0.0 0.0 0.0 0.0 0.0 0.0 0.0 0.0 0.0 0.0 0.0 0.0 0.0 0.0 0.0 0.0 4.1 498.15 503.25 
458 0.0 0.0 0.0 0.0 0.0 0.0 0.0 0.0 0.0 0.0 0.0 0.0 0.0 0.0 0.0 0.0 0.0 0.0 1.0 498.6 508.4 
459 0.0 0.0 0.0 0.0 0.0 0.0 0.0 0.0 0.0 0.0 0.0 0.0 0.0 0.0 0.0 0.0 0.0 0.0 0.65 496.25 497.15 
460 0.0 0.0 0.0 0.0 0.0 0.0 0.0 0.0 0.0 0.0 0.0 0.0 0.0 0.0 0.0 0.0 0.0 0.0 0.1 502.45 501.4 
461 0.0 0.0 0.0 0.0 0.0 0.0 0.0 0.0 0.0 0.0 0.0 0.0 0.0 0.0 0.0 0.0 0.0 0.0 0.0 504.9 488.4 
462 0.0 0.0 0.0 0.0 0.0 0.0 0.0 0.0 0.0 0.0 0.0 0.0 0.0 0.0 0.0 0.0 0.0 0.0 0.0 502.55 499.75 
463 0.0 0.0 0.0 0.0 0.0 0.0 0.0 0.0 0.0 0.0 0.0 0.0 0.0 0.0 0.0 0.0 0.0 0.0 0.0 490.2 504.65 
464 0.0 0.0 0.0 0.0 0.0 0.0 0.0 0.0 0.0 0.0 0.0 0.0 0.0 0.0 0.0 0.0 0.0 0.0 0.0 455.35 503.7 
465 0.0 0.0 0.0 0.0 0.0 0.0 0.0 0.0 0.0 0.0 0.0 0.0 0.0 0.0 0.0 0.0 0.0 0.0 0.0 423.25 503.7 
466 0.0 0.0 0.0 0.0 0.0 0.0 0.0 0.0 0.0 0.0 0.0 0.0 0.0 0.0 0.0 0.0 0.0 0.0 0.0 330.35 503.4 
467 0.0 0.0 0.0 0.0 0.0 0.0 0.0 0.0 0.0 0.0 0.0 0.0 0.0 0.0 0.0 0.0 0.0 0.0 0.0 269.3 492.2 
468 0.0 0.0 0.0 0.0 0.0 0.0 0.0 0.0 0.0 0.0 0.0 0.0 0.0 0.0 0.0 0.0 0.0 0.0 0.0 173.75 498.9 
469 0.0 0.0 0.0 0.0 0.0 0.0 0.0 0.0 0.0 0.0 0.0 0.0 0.0 0.0 0.0 0.0 0.0 0.0 0.0 69.7 496.35 
470 0.0 0.0 0.0 0.0 0.0 0.0 0.0 0.0 0.0 0.0 0.0 0.0 0.0 0.0 0.0 0.0 0.0 0.0 0.0 26.5 492.3 
471 0.0 0.0 0.0 0.0 0.0 0.0 0.0 0.0 0.0 0.0 0.0 0.0 0.0 0.0 0.0 0.0 0.0 0.0 0.0 8.7 502.8 
472 0.0 0.0 0.0 0.0 0.0 0.0 0.0 0.0 0.0 0.0 0.0 0.0 0.0 0.0 0.0 0.0 0.0 0.0 0.0 2.15 490.6 
473 0.0 0.0 0.0 0.0 0.0 0.0 0.0 0.0 0.0 0.0 0.0 0.0 0.0 0.0 0.0 0.0 0.0 0.0 0.0 0.45 497.55 
474 0.0 0.0 0.0 0.0 0.0 0.0 0.0 0.0 0.0 0.0 0.0 0.0 0.0 0.0 0.0 0.0 0.0 0.0 0.0 0.05 502.45 
475 0.0 0.0 0.0 0.0 0.0 0.0 0.0 0.0 0.0 0.0 0.0 0.0 0.0 0.0 0.0 0.0 0.0 0.0 0.0 0.0 501.5 
476 0.0 0.0 0.0 0.0 0.0 0.0 0.0 0.0 0.0 0.0 0.0 0.0 0.0 0.0 0.0 0.0 0.0 0.0 0.0 0.0 490.35 
477 0.0 0.0 0.0 0.0 0.0 0.0 0.0 0.0 0.0 0.0 0.0 0.0 0.0 0.0 0.0 0.0 0.0 0.0 0.0 0.0 480.05 
478 0.0 0.0 0.0 0.0 0.0 0.0 0.0 0.0 0.0 0.0 0.0 0.0 0.0 0.0 0.0 0.0 0.0 0.0 0.0 0.0 438.6 
479 0.0 0.0 0.0 0.0 0.0 0.0 0.0 0.0 0.0 0.0 0.0 0.0 0.0 0.0 0.0 0.0 0.0 0.0 0.0 0.0 395.75 
480 0.0 0.0 0.0 0.0 0.0 0.0 0.0 0.0 0.0 0.0 0.0 0.0 0.0 0.0 0.0 0.0 0.0 0.0 0.0 0.0 317.15 
481 0.0 0.0 0.0 0.0 0.0 0.0 0.0 0.0 0.0 0.0 0.0 0.0 0.0 0.0 0.0 0.0 0.0 0.0 0.0 0.0 228.2 
482 0.0 0.0 0.0 0.0 0.0 0.0 0.0 0.0 0.0 0.0 0.0 0.0 0.0 0.0 0.0 0.0 0.0 0.0 0.0 0.0 122.25 
483 0.0 0.0 0.0 0.0 0.0 0.0 0.0 0.0 0.0 0.0 0.0 0.0 0.0 0.0 0.0 0.0 0.0 0.0 0.0 0.0 48.4 
484 0.0 0.0 0.0 0.0 0.0 0.0 0.0 0.0 0.0 0.0 0.0 0.0 0.0 0.0 0.0 0.0 0.0 0.0 0.0 0.0 17.1 
485 0.0 0.0 0.0 0.0 0.0 0.0 0.0 0.0 0.0 0.0 0.0 0.0 0.0 0.0 0.0 0.0 0.0 0.0 0.0 0.0 4.75 
486 0.0 0.0 0.0 0.0 0.0 0.0 0.0 0.0 0.0 0.0 0.0 0.0 0.0 0.0 0.0 0.0 0.0 0.0 0.0 0.0 1.1 
487 0.0 0.0 0.0 0.0 0.0 0.0 0.0 0.0 0.0 0.0 0.0 0.0 0.0 0.0 0.0 0.0 0.0 0.0 0.0 0.0 0.1 
488 0.0 0.0 0.0 0.0 0.0 0.0 0.0 0.0 0.0 0.0 0.0 0.0 0.0 0.0 0.0 0.0 0.0 0.0 0.0 0.0 0.05 
489 0.0 0.0 0.0 0.0 0.0 0.0 0.0 0.0 0.0 0.0 0.0 0.0 0.0 0.0 0.0 0.0 0.0 0.0 0.0 0.0 0.05 
490 0.0 0.0 0.0 0.0 0.0 0.0 0.0 0.0 0.0 0.0 0.0 0.0 0.0 0.0 0.0 0.0 0.0 0.0 0.0 0.0 0.0 
491 0.0 0.0 0.0 0.0 0.0 0.0 0.0 0.0 0.0 0.0 0.0 0.0 0.0 0.0 0.0 0.0 0.0 0.0 0.0 0.0 0.0 
492 0.0 0.0 0.0 0.0 0.0 0.0 0.0 0.0 0.0 0.0 0.0 0.0 0.0 0.0 0.0 0.0 0.0 0.0 0.0 0.0 0.0 
493 0.0 0.0 0.0 0.0 0.0 0.0 0.0 0.0 0.0 0.0 0.0 0.0 0.0 0.0 0.0 0.0 0.0 0.0 0.0 0.0 0.0 
494 0.0 0.0 0.0 0.0 0.0 0.0 0.0 0.0 0.0 0.0 0.0 0.0 0.0 0.0 0.0 0.0 0.0 0.0 0.0 0.0 0.0 
495 0.0 0.0 0.0 0.0 0.0 0.0 0.0 0.0 0.0 0.0 0.0 0.0 0.0 0.0 0.0 0.0 0.0 0.0 0.0 0.0 0.0 
496 0.0 0.0 0.0 0.0 0.0 0.0 0.0 0.0 0.0 0.0 0.0 0.0 0.0 0.0 0.0 0.0 0.0 0.0 0.0 0.0 0.0 
497 0.0 0.0 0.0 0.0 0.0 0.0 0.0 0.0 0.0 0.0 0.0 0.0 0.0 0.0 0.0 0.0 0.0 0.0 0.0 0.0 0.0 
498 0.0 0.0 0.0 0.0 0.0 0.0 0.0 0.0 0.0 0.0 0.0 0.0 0.0 0.0 0.0 0.0 0.0 0.0 0.0 0.0 0.0 
499 0.0 0.0 0.0 0.0 0.0 0.0 0.0 0.0 0.0 0.0 0.0 0.0 0.0 0.0 0.0 0.0 0.0 0.0 0.0 0.0 0.0 
