0 100.6 515.15 507.7 511.25 505.85 506.05 508.95 499.0 516.8 511.95 506.0 507.45 503.65 506.25 505.95 519.6 504.5 500.15 509.25 505.95 503.15 
1 0.1 512.45 504.4 502.8 508.9 513.45 509.5 505.8 503.45 506.9 502.0 511.85 509.7 500.15 512.1 502.4 506.25 504.5 503.55 502.7 503.05 
2 0.0 505.55 499.9 501.25 513.9 502.4 499.3 508.75 502.6 500.75 509.85 500.55 507.9 498.7 503.1 505.7 508.4 510.0 498.6 501.5 502.0 
3 0.0 504.1 505.9 497.95 503.85 499.2 508.5 498.5 504.5 503.7 510.3 505.6 502.65 517.1 504.7 506.75 500.85 495.05 510.35 507.05 504.85 
4 0.0 500.4 503.0 498.75 496.25 509.0 500.45 514.1 505.3 508.5 500.1 503.05 511.95 503.6 507.1 497.9 500.8 499.1 496.75 507.95 507.9 
5 0.0 509.8 507.05 506.5 503.5 498.8 499.9 502.35 503.25 498.9 497.4 505.1 499.2 513.35 494.4 504.25 505.85 502.1 510.95 503.3 507.95 
6 0.0 506.1 505.25 509.6 495.35 497.8 500.25 507.0 495.6 495.35 504.25 502.65 506.45 493.0 506.9 499.5 499.5 510.15 493.8 496.55 488.7 
7 0.0 490.55 497.45 512.35 501.1 502.0 502.55 506.2 502.05 503.65 505.65 502.4 498.6 499.55 503.1 499.7 503.15 508.6 502.3 498.95 510.45 
8 0.0 504.8 510.55 502.2 499.35 501.5 504.65 501.45 505.2 508.65 500.7 501.9 506.65 505.2 503.5 501.3 500.9 502.0 501.05 507.0 500.85 
9 0.0 497.05 501.8 496.7 498.45 503.65 503.75 499.7 502.7 506.4 499.4 498.65 507.9 501.95 502.85 499.55 507.05 504.2 506.5 511.35 504.05 
10 0.0 493.05 502.85 501.0 513.55 506.2 503.95 500.1 500.45 495.7 503.85 503.5 499.95 503.0 490.6 500.9 501.6 497.8 500.7 501.3 505.05 
11 0.0 498.55 502.0 503.2 515.8 507.55 499.7 501.35 495.0 503.1 500.2 502.75 491.9 499.3 507.95 492.15 495.6 502.45 508.65 502.25 510.3 
12 0.0 519.65 503.1 499.6 491.95 500.55 504.75 501.65 501.0 500.4 504.9 501.55 508.55 500.25 503.4 508.15 492.8 502.45 508.9 496.5 507.6 
13 0.0 496.15 497.0 503.05 497.9 497.95 495.8 492.75 508.95 499.0 500.8 502.75 489.55 495.45 484.6 502.05 502.55 506.85 500.3 497.55 493.05 
14 0.0 503.05 489.65 503.1 494.8 499.45 504.0 497.7 497.4 506.0 504.4 500.65 495.05 495.65 501.55 495.05 511.3 499.9 498.75 510.45 500.15 
15 0.0 492.8 508.65 495.75 498.95 496.25 502.75 502.8 500.75 501.15 495.5 498.25 505.6 494.25 506.1 496.4 501.65 504.3 500.5 509.3 502.3 
16 0.0 495.25 493.9 491.4 492.1 492.7 499.35 499.6 494.35 493.55 500.35 503.25 503.1 502.7 504.15 504.55 499.0 495.1 500.7 500.25 504.65 
17 0.0 501.2 501.6 498.3 510.8 498.3 494.55 503.1 507.65 498.85 500.7 498.1 495.5 503.75 503.4 510.2 507.55 502.4 507.05 499.1 494.45 
18 0.0 503.65 504.35 494.85 497.25 501.1 495.8 503.65 502.8 502.3 507.85 503.55 501.5 505.7 494.3 498.05 507.6 501.8 505.9 499.0 502.6 
19 0.0 495.95 504.95 506.95 503.95 507.4 501.25 498.7 500.45 511.45 500.55 495.75 500.85 500.25 498.9 501.45 500.5 499.9 498.65 510.55 497.15 
20 0.0 506.55 494.8 499.4 505.55 497.75 509.45 507.0 500.15 499.7 500.1 496.5 500.25 502.85 499.0 505.2 494.65 505.45 496.7 501.6 495.8 
21 0.0 496.3 491.0 502.0 495.75 503.75 503.9 493.85 505.35 497.15 489.7 500.25 499.75 499.35 509.3 498.65 502.55 502.1 502.3 490.6 500.6 
22 0.0 505.6 507.3 502.35 498.75 501.15 494.4 503.05 503.25 498.2 495.6 502.0 495.7 495.5 497.15 505.95 508.4 501.05 501.25 495.0 508.0 
23 0.0 498.15 503.7 509.3 497.7 500.75 497.3 501.7 496.65 499.1 509.15 500.4 497.9 504.7 499.05 496.0 490.1 505.9 499.55 497.45 507.75 
24 0.0 497.45 509.95 499.8 500.6 512.2 495.0 500.85 490.9 499.45 495.65 499.3 500.7 504.4 497.95 500.05 498.3 488.1 491.1 498.05 495.45 
25 0.0 497.45 490.9 504.9 499.0 495.0 505.95 500.65 489.4 495.35 510.3 503.45 504.1 498.55 500.95 500.2 501.15 503.9 496.15 500.35 500.2 
26 0.0 495.95 499.5 500.35 501.65 501.6 501.05 495.2 499.15 503.45 497.4 503.9 504.2 492.05 504.85 496.7 497.55 492.3 494.35 501.35 505.5 
27 0.0 505.7 506.95 501.1 498.15 490.7 500.15 505.4 502.2 499.7 497.45 502.5 494.4 500.65 498.85 500.3 503.4 499.8 498.9 500.15 506.5 
28 0.0 504.55 494.2 502.15 499.55 495.9 505.45 497.35 497.9 498.35 499.55 498.15 512.45 509.35 498.5 503.9 499.65 502.7 508.6 499.15 500.1 
29 0.0 501.5 501.5 490.4 499.9 500.1 498.65 501.35 499.95 499.6 499.5 496.75 499.35 502.55 504.2 495.5 498.9 507.05 502.05 497.1 493.55 
30 0.0 494.15 497.25 504.15 498.85 509.5 499.75 494.25 494.05 501.3 489.55 495.25 498.7 499.85 498.2 506.1 507.75 500.4 500.7 506.75 491.15 
31 0.0 496.35 499.0 500.65 498.1 497.45 497.05 494.7 505.55 499.5 494.75 498.75 504.9 501.5 506.1 510.85 493.6 500.2 502.85 501.4 494.9 
32 0.0 500.45 501.1 491.25 507.65 497.0 502.55 505.8 501.65 499.75 512.0 502.6 497.5 507.55 502.55 499.15 507.45 503.4 494.35 501.95 503.55 
33 0.0 500.95 505.55 502.95 501.05 502.7 499.5 499.05 501.3 496.55 500.6 497.8 492.85 502.9 500.75 503.15 498.95 504.25 505.05 507.25 499.65 
34 0.0 506.05 501.75 502.2 502.25 498.2 503.5 504.4 500.85 499.9 503.65 499.65 503.05 499.1 491.4 495.0 507.05 503.85 495.65 500.55 495.15 
35 0.0 503.5 507.45 505.05 500.45 497.9 496.25 498.35 501.9 503.9 500.0 507.55 499.2 495.8 498.35 503.45 505.35 495.25 498.8 498.5 504.95 
36 0.0 497.15 502.4 496.7 499.3 503.0 492.9 499.7 504.7 501.45 502.0 502.8 505.1 499.05 491.75 493.25 492.3 502.2 505.8 498.3 501.35 
37 0.0 496.1 493.75 497.05 496.3 497.8 500.8 496.95 505.55 503.55 505.05 501.8 498.1 494.8 506.8 499.9 498.75 497.0 500.55 491.9 500.15 
38 0.0 503.05 491.3 491.7 508.15 505.1 507.05 507.85 502.4 512.8 501.8 499.3 500.5 501.35 504.3 498.65 498.7 500.4 498.2 493.25 496.8 
39 0.0 499.55 498.55 503.7 494.85 506.55 500.6 497.9 497.3 503.05 498.95 496.85 508.4 499.95 509.3 502.5 497.05 501.7 492.85 496.5 496.95 
40 0.0 497.75 496.7 507.05 503.1 500.05 494.2 503.1 501.1 491.65 500.1 492.4 491.9 496.65 499.2 488.0 504.25 492.3 495.95 498.4 501.95 
41 0.0 497.8 508.75 503.85 495.35 494.65 500.9 501.15 501.15 489.65 497.85 497.95 500.8 498.55 503.25 508.0 504.0 499.75 500.75 494.2 495.35 
42 0.0 502.55 494.6 498.95 509.25 507.85 508.9 503.35 501.95 498.75 504.15 498.05 492.75 497.05 492.5 507.95 492.15 495.65 501.75 503.95 502.85 
43 0.0 497.75 502.8 501.1 494.0 493.35 496.55 502.05 494.1 497.0 494.15 499.35 497.2 506.25 503.9 496.1 489.6 498.15 496.95 492.85 500.4 
44 0.0 498.9 497.45 504.8 495.8 498.65 498.55 495.95 499.7 501.25 493.25 509.9 494.4 504.15 508.45 499.55 498.65 495.2 492.95 501.05 498.95 
45 0.0 502.8 500.1 490.45 495.3 505.2 497.65 498.45 501.5 497.6 499.55 493.15 499.85 500.6 495.6 494.85 494.9 499.6 496.2 495.55 500.55 
46 0.0 472.45 503.35 500.4 500.0 496.8 496.55 497.3 490.15 495.75 501.25 498.2 494.25 505.25 504.7 494.85 505.3 492.1 496.2 504.75 496.95 
47 0.0 429.25 494.15 496.9 498.7 502.05 502.15 497.85 499.85 504.3 507.35 503.1 508.65 499.05 494.85 506.05 492.0 500.0 500.55 503.05 503.75 
48 0.0 403.05 501.4 495.8 506.2 502.25 492.05 495.4 490.7 497.05 493.6 499.95 506.15 495.8 492.6 498.0 505.2 495.15 507.05 503.3 494.7 
49 0.0 269.3 491.15 497.35 504.5 492.4 494.6 501.7 495.2 494.0 498.55 508.65 506.6 509.95 494.4 501.7 502.85 509.35 501.5 498.75 496.45 
50 0.0 166.25 500.15 500.2 493.95 500.5 498.05 498.55 503.1 500.75 493.45 502.05 504.8 496.7 503.6 492.55 506.0 504.2 503.2 497.45 500.65 
51 0.0 81.75 504.3 504.55 506.25 496.4 500.9 492.25 501.2 507.85 506.5 506.85 503.0 502.15 496.8 506.1 502.9 498.7 496.6 503.2 496.75 
52 0.0 54.15 503.2 510.85 503.9 496.9 498.5 501.15 506.7 499.75 497.45 498.45 497.5 493.6 504.05 497.4 498.05 500.85 496.85 500.6 497.55 
53 0.0 33.95 499.6 498.25 499.15 502.55 493.5 497.45 504.25 503.75 497.85 493.4 497.2 497.8 501.8 507.1 498.55 491.2 500.7 499.9 505.05 
54 0.0 14.25 502.3 501.95 500.6 501.65 504.6 506.75 496.5 504.7 501.85 495.55 493.3 503.6 496.5 497.7 495.6 501.65 498.75 495.35 496.85 
55 0.0 1.6 501.55 492.1 503.25 498.55 510.25 497.6 504.5 506.3 498.25 503.95 500.2 495.85 500.7 497.15 495.65 507.55 492.25 500.5 496.85 
56 0.0 0.15 505.6 502.25 503.4 505.2 507.2 498.3 509.4 505.55 507.2 496.45 498.15 487.9 485.95 496.7 496.25 497.45 510.45 502.85 500.9 
57 0.0 0.0 495.2 503.55 506.0 499.25 508.0 508.95 502.4 500.55 496.8 494.75 491.3 495.0 490.65 497.05 504.1 490.1 497.8 507.65 502.0 
58 0.0 0.0 506.7 493.85 494.2 504.8 510.4 509.45 512.8 492.75 501.5 503.05 502.15 508.2 514.3 501.95 499.25 508.85 497.5 493.0 512.3 
59 0.0 0.0 494.2 499.45 498.65 507.6 498.0 500.4 487.35 490.55 498.7 494.8 497.8 502.55 506.3 496.6 496.05 501.1 502.05 499.35 497.4 
60 0.0 0.0 502.45 501.6 490.15 490.4 494.1 498.2 498.2 492.95 499.35 498.7 501.7 500.35 499.5 501.0 500.65 496.3 501.85 498.4 498.65 
61 0.0 0.0 496.6 494.8 496.5 489.5 493.3 498.35 498.1 502.15 496.35 505.3 498.3 504.2 500.7 504.75 499.85 502.4 496.5 503.2 499.35 
62 0.0 0.0 496.6 498.15 498.1 501.1 507.85 493.45 496.1 493.4 499.5 501.25 490.8 500.5 499.4 500.45 499.9 501.5 505.35 498.35 503.7 
63 0.0 0.0 499.35 500.0 501.25 497.4 495.5 497.9 495.6 503.0 495.45 489.7 497.4 508.9 508.3 506.2 508.8 498.5 505.65 508.85 496.65 
64 0.0 0.0 499.4 506.4 496.6 499.65 490.95 501.45 493.05 504.8 505.65 502.9 501.7 484.65 497.6 497.1 501.6 515.3 507.05 501.3 504.05 
65 0.0 0.0 499.7 511.5 502.65 499.15 492.1 497.65 494.0 496.4 508.8 497.95 507.4 499.1 498.6 499.05 497.3 504.5 500.0 505.85 504.2 
66 0.0 0.0 500.7 493.45 494.6 506.0 500.35 501.05 493.6 502.95 493.85 499.3 501.9 504.65 494.25 501.8 500.85 501.8 504.5 498.25 501.1 
67 0.0 0.0 498.2 505.0 508.05 494.0 497.95 488.35 505.45 503.05 492.8 507.7 503.2 496.55 498.5 504.7 507.05 495.45 509.25 505.5 497.65 
68 0.0 0.0 500.5 499.0 500.6 500.5 494.65 501.65 505.35 492.6 499.8 495.5 502.9 502.95 506.65 499.5 506.45 499.3 491.35 500.05 504.3 
69 0.0 0.0 502.45 494.1 499.1 498.9 507.75 511.5 506.2 496.05 497.3 495.7 503.25 501.95 490.7 498.65 503.2 501.65 505.75 500.2 505.5 
70 0.0 0.0 489.6 495.05 503.9 499.2 508.05 499.5 501.75 499.95 508.3 494.5 498.9 497.9 510.35 507.45 494.7 498.55 495.75 494.85 501.95 
71 0.0 0.0 497.05 500.6 501.4 509.8 499.95 494.3 505.95 501.2 495.1 494.6 494.1 497.65 505.65 503.15 492.0 497.4 499.85 498.8 502.25 
72 0.0 0.0 496.85 496.4 497.4 500.85 491.55 497.95 496.55 503.6 487.95 501.25 494.85 504.5 500.2 492.75 501.5 502.45 504.15 504.4 494.25 
73 0.0 0.0 510.4 502.65 498.7 499.5 502.2 504.3 493.9 497.1 508.95 513.2 499.0 501.95 493.4 498.65 503.65 489.05 496.65 493.65 498.85 
74 0.0 0.0 504.0 505.45 498.7 496.8 508.25 501.15 497.55 495.8 499.8 510.25 507.05 496.55 498.9 493.8 495.8 502.95 498.2 506.2 491.8 
75 0.0 0.0 503.75 503.3 504.8 506.0 505.4 500.4 500.3 504.5 503.5 494.55 507.0 495.75 502.55 501.8 500.95 502.65 495.9 499.1 498.3 
76 0.0 0.0 496.45 505.0 495.4 500.2 496.65 495.4 500.65 503.05 497.35 494.3 497.1 500.3 499.3 500.1 493.4 491.9 496.1 492.85 501.3 
77 0.0 0.0 500.5 501.05 508.6 499.25 498.95 495.3 506.95 502.6 503.8 497.15 501.95 499.95 496.65 490.45 492.4 498.05 501.1 500.0 501.2 
78 0.0 0.0 499.45 503.85 504.65 501.15 500.1 502.0 494.25 505.3 499.1 505.6 492.1 497.35 500.85 499.8 497.8 496.05 491.05 491.25 503.85 
79 0.0 0.0 497.3 498.9 501.45 500.0 493.25 496.75 504.55 500.5 498.95 495.5 503.95 498.85 504.65 493.25 495.95 497.85 495.95 501.05 488.3 
80 0.0 0.0 508.65 494.3 500.5 501.15 498.7 497.95 494.35 498.9 498.05 499.15 500.35 499.35 492.4 499.8 508.1 499.5 501.5 507.4 503.75 
81 0.0 0.0 492.1 491.45 493.85 495.5 495.65 494.85 502.4 504.9 492.35 495.6 503.2 496.65 489.05 499.2 489.5 501.5 491.15 497.5 500.95 
82 0.0 0.0 502.4 494.75 496.7 496.25 489.6 494.2 496.25 492.6 506.65 503.3 499.45 501.95 500.25 497.35 495.3 500.35 492.3 494.5 497.0 
83 0.0 0.0 501.75 497.2 505.25 497.5 499.6 508.8 496.05 489.6 493.25 498.5 495.7 492.05 486.0 499.5 498.1 493.05 512.95 490.85 499.25 
84 0.0 0.0 497.6 497.9 492.1 502.5 505.95 507.15 492.65 491.8 495.95 505.25 492.8 493.25 498.5 501.4 503.0 497.7 494.75 504.35 497.25 
85 0.0 0.0 496.9 494.3 491.75 507.0 510.1 503.75 509.55 506.15 496.35 492.35 496.0 496.45 507.6 492.55 499.8 496.55 499.4 499.35 496.35 
86 0.0 0.0 496.15 499.85 508.35 488.8 505.0 492.0 506.95 496.85 508.3 500.7 498.8 501.8 502.8 497.7 503.8 497.85 495.8 491.65 500.45 
87 0.0 0.0 501.25 507.3 487.55 498.25 498.7 504.9 495.0 501.45 499.95 495.1 500.65 498.6 499.85 503.1 496.25 504.05 500.95 501.2 499.0 
88 0.0 0.0 498.15 495.0 498.1 497.1 505.65 500.3 494.7 498.85 502.65 506.4 497.95 503.3 498.15 497.7 502.75 502.3 505.55 506.2 498.45 
89 0.0 0.0 501.95 499.1 499.2 500.75 500.6 499.15 506.8 506.45 503.0 510.25 498.95 503.7 494.45 501.85 491.8 500.0 499.15 498.35 500.45 
90 0.0 0.0 504.8 500.25 501.5 498.25 489.65 503.5 497.45 494.45 501.65 492.4 499.2 491.8 508.55 495.35 496.15 503.4 497.9 493.4 496.15 
91 0.0 0.0 501.75 500.85 500.5 504.3 497.55 503.65 495.85 500.5 501.7 493.95 496.2 504.55 500.75 497.3 498.15 499.9 498.9 505.1 497.55 
92 0.0 0.0 497.3 501.35 504.4 502.1 496.25 498.85 498.65 493.15 493.7 495.05 500.25 500.45 502.1 502.3 501.4 497.7 495.4 491.15 497.45 
93 0.0 0.0 473.25 492.95 495.1 499.5 496.35 498.3 508.75 510.25 495.45 491.45 507.0 496.65 506.35 492.95 493.75 497.1 501.25 499.35 501.45 
94 0.0 0.0 436.45 504.25 498.05 496.95 503.2 491.5 499.8 503.85 498.1 499.75 499.85 497.05 500.5 504.4 498.3 496.45 500.5 491.55 496.3 
95 0.0 0.0 339.1 498.55 500.25 500.05 498.95 500.8 498.4 493.05 493.1 497.4 489.35 508.4 492.35 492.3 501.45 489.4 497.6 501.25 499.25 
96 0.0 0.0 239.85 501.7 494.2 499.75 498.85 509.4 506.5 495.95 502.35 507.65 499.25 501.2 488.55 500.7 507.35 501.65 498.2 494.6 489.65 
97 0.0 0.0 114.85 501.75 506.5 501.95 501.35 502.9 509.05 497.05 494.7 502.65 497.2 494.6 492.65 494.7 496.9 502.5 492.85 493.8 500.95 
98 0.0 0.0 77.6 505.0 496.1 499.65 499.5 502.5 497.0 496.9 494.9 495.85 492.3 490.85 502.7 502.45 505.4 496.25 506.1 501.75 503.9 
99 0.0 0.0 48.8 491.8 498.65 503.1 509.0 500.75 503.15 502.6 510.15 496.8 500.4 496.25 505.35 501.95 497.8 501.65 498.85 500.2 493.9 
100 0.0 0.0 28.2 509.65 501.65 496.2 500.25 498.15 492.05 507.55 510.0 500.0 504.3 503.0 498.95 506.15 494.65 503.1 494.6 500.2 494.5 
101 0.0 0.0 25.6 494.85 494.8 499.6 494.95 500.4 497.0 493.85 497.15 507.5 502.7 496.85 494.55 501.35 500.25 495.55 497.0 508.5 498.65 
102 0.0 0.0 24.45 501.65 502.55 494.65 495.0 492.75 498.25 503.35 503.5 496.6 499.55 496.0 501.6 493.95 499.35 499.85 498.1 500.4 490.7 
103 0.0 0.0 19.5 511.0 505.05 500.9 498.65 503.0 505.75 501.3 508.35 503.9 507.25 508.25 503.65 509.2 511.35 505.6 501.0 498.25 503.9 
104 0.0 0.0 3.2 498.65 508.75 506.9 501.3 495.8 495.05 512.8 496.6 501.0 507.65 507.35 500.5 508.35 500.0 496.3 502.8 500.05 499.95 
105 0.0 0.0 0.05 503.45 497.1 501.7 501.55 499.35 497.25 502.35 504.1 502.25 504.25 502.4 503.95 498.95 500.35 497.6 507.2 503.85 513.8 
106 0.0 0.0 0.0 502.85 501.9 498.25 504.0 501.25 506.25 498.4 497.0 500.15 498.6 510.0 493.5 501.1 513.1 497.9 504.6 496.7 511.4 
107 0.0 0.0 0.0 501.9 501.25 502.3 505.15 504.55 507.0 497.4 493.7 497.75 500.25 498.15 510.2 499.65 496.6 510.4 495.2 506.0 494.6 
108 0.0 0.0 0.0 487.85 498.85 494.75 499.05 504.3 498.05 500.25 503.6 505.25 496.1 508.25 499.15 495.95 501.45 505.8 511.45 506.0 490.3 
109 0.0 0.0 0.0 495.4 499.9 501.95 507.4 501.85 498.1 499.1 499.15 500.7 500.15 498.0 504.3 499.35 493.5 505.15 492.85 499.55 501.3 
110 0.0 0.0 0.0 504.95 498.45 497.1 506.4 494.5 495.55 504.0 501.25 497.6 500.5 499.8 501.5 506.4 500.9 495.8 506.25 499.85 505.6 
111 0.0 0.0 0.0 505.5 498.2 495.85 494.6 505.25 500.6 491.7 502.85 503.45 512.15 505.1 503.0 502.9 501.65 501.3 495.45 495.35 493.5 
112 0.0 0.0 0.0 495.8 495.4 499.0 496.1 493.95 499.85 509.3 496.7 502.75 487.6 505.35 501.2 493.1 501.75 505.95 504.25 498.1 503.15 
113 0.0 0.0 0.0 496.5 499.85 498.7 503.45 501.55 495.1 501.4 511.65 504.2 500.25 491.0 499.05 506.3 495.95 489.7 496.45 497.85 491.8 
114 0.0 0.0 0.0 498.5 497.35 504.7 491.2 494.15 495.65 499.25 506.05 494.75 506.05 500.9 487.55 496.9 494.6 495.4 500.55 495.6 493.4 
115 0.0 0.0 0.0 499.95 501.7 499.2 498.85 503.15 509.55 505.6 497.3 509.05 501.8 489.85 500.2 495.5 501.6 492.3 493.1 492.35 489.1 
116 0.0 0.0 0.0 492.8 499.35 497.85 494.9 497.95 496.15 493.7 500.05 503.4 498.95 498.9 498.65 496.5 487.85 492.7 485.85 482.4 481.7 
117 0.0 0.0 0.0 501.05 502.2 495.95 484.75 501.0 506.2 502.4 498.95 493.65 495.95 492.8 496.35 494.95 502.25 487.8 486.7 481.35 493.15 
118 0.0 0.0 0.0 504.75 500.5 503.95 499.8 497.65 495.3 499.65 499.85 491.3 497.7 502.9 495.3 485.4 483.5 482.9 478.7 487.1 477.8 
119 0.0 0.0 0.0 503.8 495.4 495.0 505.8 500.6 508.1 502.5 501.75 495.0 492.75 496.65 491.9 491.2 488.9 482.6 480.2 475.55 482.05 
120 0.0 0.0 0.0 496.1 498.65 504.2 509.2 500.9 505.15 493.3 484.7 494.5 489.6 489.9 485.25 488.0 482.7 484.1 480.55 479.05 478.0 
121 0.0 0.0 0.0 496.6 501.85 504.95 510.6 504.45 499.9 498.95 500.95 498.1 497.7 492.15 495.1 486.9 481.05 481.65 479.3 477.05 478.65 
122 0.0 0.0 0.0 494.3 497.5 497.55 500.6 501.65 493.45 491.65 488.5 493.45 489.1 479.7 485.4 477.4 471.5 475.2 477.85 477.7 465.15 
123 0.0 0.0 0.0 500.55 506.15 508.7 500.5 495.95 492.85 495.5 483.05 486.75 483.4 478.4 477.9 476.35 478.15 475.45 466.9 465.55 461.45 
124 0.0 0.0 0.0 504.0 511.55 497.7 500.15 497.8 497.1 491.8 487.45 483.1 484.55 475.55 476.45 479.7 470.55 470.3 467.9 461.7 457.75 
125 0.0 0.0 0.0 499.7 501.2 508.15 502.05 501.15 498.4 493.3 486.8 479.05 489.15 479.8 465.6 468.75 462.15 457.75 457.15 454.7 452.65 
126 0.0 0.0 0.0 499.35 496.85 502.95 494.9 497.05 492.55 490.3 484.85 475.4 467.4 478.35 473.9 459.5 453.45 458.9 445.35 449.3 441.5 
127 0.0 0.0 0.0 501.4 501.45 494.65 495.95 487.55 485.55 480.45 481.65 478.25 465.85 466.4 470.8 457.0 454.05 447.25 446.25 435.9 432.2 
128 0.0 0.0 0.0 502.9 499.4 491.15 487.7 484.85 492.9 475.15 476.0 471.3 460.45 463.4 448.8 444.65 452.95 433.6 431.25 426.75 422.9 
129 0.0 0.0 0.0 503.55 490.95 497.05 490.7 488.5 483.25 477.85 461.0 464.1 458.1 448.0 437.35 440.45 428.25 437.4 421.25 416.1 418.6 
130 0.0 0.0 0.0 497.45 498.6 489.9 491.4 488.0 468.55 463.3 462.8 448.65 447.35 433.85 427.5 431.1 422.95 414.85 412.85 409.05 401.85 
131 0.0 0.0 0.0 498.0 490.95 490.5 481.4 467.4 463.2 451.65 449.0 443.95 431.6 425.05 416.55 411.55 413.05 400.05 402.95 398.35 396.25 
132 0.0 0.0 0.0 496.55 505.65 490.9 476.45 471.05 447.5 451.0 437.8 420.6 415.6 413.3 413.4 400.05 390.75 395.65 397.9 386.75 377.05 
133 0.0 0.0 0.0 502.75 495.5 485.75 475.65 460.95 442.55 431.75 424.55 412.75 409.35 405.3 389.65 389.0 390.6 384.15 380.4 377.0 371.9 
134 0.0 0.0 0.0 502.7 495.65 480.5 457.3 442.95 430.5 414.15 414.7 403.9 396.25 389.55 379.45 378.6 374.9 369.3 361.9 361.9 361.95 
135 0.0 0.0 0.0 483.25 493.6 469.95 444.45 426.5 419.75 406.75 396.65 388.2 374.55 368.75 365.3 363.85 360.05 356.3 357.15 357.9 353.45 
136 0.0 0.0 0.0 458.35 483.35 461.75 446.0 403.45 396.9 383.95 373.95 374.95 367.0 352.4 358.05 344.65 342.2 347.0 334.55 335.05 335.95 
137 0.0 0.0 0.0 390.3 475.95 433.65 401.8 387.65 374.0 361.15 360.8 355.6 345.3 342.25 331.55 328.45 328.9 322.9 312.9 315.9 316.45 
138 0.0 0.0 0.0 246.6 441.05 402.3 377.75 362.7 349.1 346.0 334.5 328.1 331.4 319.05 316.35 320.0 315.75 305.4 311.65 306.4 302.25 
139 0.0 0.0 0.0 127.65 405.35 365.35 346.55 331.9 323.05 319.1 309.45 310.0 302.6 300.7 306.95 298.0 299.0 290.3 283.95 285.85 285.55 
140 0.0 0.0 0.0 66.5 349.55 320.6 309.35 301.95 293.65 297.15 294.6 288.3 281.6 287.15 284.3 278.35 273.4 275.5 280.75 276.4 268.85 
141 0.0 0.0 0.0 49.45 296.75 276.05 270.15 270.7 271.4 270.8 267.75 262.85 264.95 264.15 263.7 260.15 254.45 259.1 255.55 260.4 257.35 
142 0.0 0.0 0.0 8.45 230.0 234.4 232.55 238.55 241.6 244.8 239.6 241.2 247.9 248.8 244.6 245.85 242.45 246.55 246.3 241.6 248.5 
143 0.0 0.0 0.0 1.6 162.0 185.95 199.5 212.7 211.95 218.0 211.5 225.05 223.1 223.6 229.05 226.75 231.5 227.75 233.2 224.95 227.5 
144 0.0 0.0 0.0 0.2 106.95 147.15 171.25 176.25 184.45 184.65 197.3 201.85 204.85 206.45 206.25 208.65 210.95 211.7 207.05 216.75 214.1 
145 0.0 0.0 0.0 0.0 65.65 109.3 131.0 148.95 156.95 162.3 174.3 173.45 176.15 183.2 185.95 189.0 195.15 194.2 196.2 199.2 205.45 
146 0.0 0.0 0.0 0.0 35.35 77.3 104.25 123.1 134.55 140.2 150.6 158.9 164.75 162.05 167.5 175.25 174.35 181.75 184.95 180.5 184.55 
147 0.0 0.0 0.0 0.0 17.5 54.7 77.0 98.95 109.55 124.25 127.75 136.5 144.3 145.05 153.95 155.1 158.3 158.75 169.0 166.35 169.4 
148 0.0 0.0 0.0 0.0 8.65 34.5 58.65 75.3 89.65 101.45 114.7 116.1 121.7 132.95 131.75 138.45 144.8 148.55 151.6 156.65 160.45 
149 0.0 0.0 0.0 0.0 3.2 24.65 44.4 57.35 75.0 85.35 91.65 102.4 106.8 113.5 118.2 124.8 127.2 135.4 135.35 141.55 143.3 
150 0.0 0.0 0.0 0.0 1.9 13.7 28.9 45.9 59.45 66.75 80.4 85.2 94.75 102.35 110.9 107.8 114.75 120.2 122.7 129.8 128.0 
151 0.0 0.0 0.0 0.0 0.75 7.6 21.45 32.1 44.05 56.65 67.1 72.55 78.75 87.0 91.2 100.95 105.6 105.85 111.75 113.95 116.15 
152 0.0 0.0 0.0 0.0 0.25 4.7 13.1 25.9 33.9 45.95 50.65 60.35 68.0 74.05 83.4 88.9 93.35 100.3 98.25 98.9 101.45 
153 0.0 0.0 0.0 0.0 0.2 3.1 9.15 16.7 24.05 34.95 42.4 49.85 57.7 60.85 68.1 74.3 82.15 85.55 88.6 93.75 95.45 
154 0.0 0.0 0.0 0.0 0.0 1.2 5.8 10.8 18.55 25.85 32.35 38.0 47.3 54.55 55.95 66.05 69.95 70.75 77.1 82.75 85.3 
155 0.0 0.0 0.0 0.0 0.0 0.5 2.65 7.65 13.6 20.25 26.8 33.1 39.0 43.85 52.1 56.35 58.0 63.5 70.4 70.7 76.9 
156 0.0 0.0 0.0 0.0 0.05 0.35 2.05 4.65 10.8 15.05 20.55 25.05 31.85 38.7 43.9 47.1 51.15 53.9 59.25 64.55 67.85 
157 0.0 0.0 0.0 0.0 0.0 0.15 1.6 3.8 7.2 11.45 16.25 22.35 25.4 31.1 34.45 38.85 42.55 49.75 52.05 54.8 58.4 
158 0.0 0.0 0.0 0.0 0.0 0.2 0.8 2.55 4.9 7.6 11.45 18.55 22.45 24.55 29.0 33.4 36.9 39.5 46.6 50.5 54.25 
159 0.0 0.0 0.0 0.0 0.0 0.0 0.4 1.5 3.55 6.05 9.1 12.15 15.75 20.1 24.15 27.15 31.55 36.8 39.75 41.85 46.55 
160 0.0 0.0 0.0 0.0 0.0 0.0 0.1 0.85 2.05 4.4 7.35 8.85 12.0 16.65 18.5 21.65 26.45 29.45 33.6 36.15 40.0 
161 0.0 0.0 0.0 0.0 0.0 0.0 0.05 0.85 1.75 2.9 5.3 6.95 10.4 12.55 16.0 20.95 20.85 24.0 28.2 31.45 34.95 
162 0.0 0.0 0.0 0.0 0.0 0.0 0.05 0.3 1.0 2.3 2.95 6.05 7.0 10.5 13.0 14.3 18.05 22.45 22.8 27.75 31.55 
163 0.0 0.0 0.0 0.0 0.0 0.0 0.05 0.3 0.75 1.2 2.65 4.7 6.15 7.25 8.5 12.6 14.2 16.55 20.9 23.25 24.75 
164 0.0 0.0 0.0 0.0 0.0 0.0 0.0 0.05 0.25 1.0 1.85 2.65 3.6 6.0 8.3 9.4 13.05 14.7 16.55 19.15 22.0 
165 0.0 0.0 0.0 0.0 0.0 0.0 0.0 0.1 0.5 0.8 0.7 1.65 3.75 4.8 6.5 7.75 10.4 11.45 13.55 16.55 17.3 
166 0.0 0.0 0.0 0.0 0.0 0.0 0.0 0.05 0.3 0.4 1.0 1.35 2.7 4.05 5.45 5.7 7.8 9.3 11.0 12.3 16.4 
167 0.0 0.0 0.0 0.0 0.0 0.0 0.0 0.0 0.1 0.3 0.65 0.9 1.6 2.4 3.55 6.4 6.0 6.6 9.35 10.9 12.05 
168 0.0 0.0 0.0 0.0 0.0 0.0 0.0 0.05 0.1 0.3 0.5 1.3 1.1 1.95 3.3 4.25 4.95 6.25 6.1 8.7 11.7 
169 0.0 0.0 0.0 0.0 0.0 0.0 0.0 0.0 0.05 0.1 0.4 0.35 1.0 1.2 2.45 3.3 4.55 6.45 6.9 7.45 8.55 
170 0.0 0.0 0.0 0.0 0.0 0.0 0.0 0.0 0.0 0.0 0.1 0.5 0.65 1.15 1.85 2.15 3.6 4.3 4.65 6.45 6.75 
171 0.0 0.0 0.0 0.0 0.0 0.0 0.0 0.0 0.0 0.05 0.05 0.15 0.45 0.95 0.95 1.9 2.35 2.65 4.65 5.05 6.1 
172 0.0 0.0 0.0 0.0 0.0 0.0 0.0 0.0 0.0 0.0 0.1 0.25 0.2 0.85 1.1 1.65 1.7 2.9 2.9 3.55 4.8 
173 0.0 0.0 0.0 0.0 0.0 0.0 0.0 0.0 0.0 0.05 0.1 0.15 0.3 0.3 0.65 0.85 1.8 2.35 3.0 3.25 2.85 
174 0.0 0.0 0.0 0.0 0.0 0.0 0.0 0.0 0.0 0.0 0.0 0.0 0.2 0.5 0.35 0.7 1.5 1.9 2.25 2.6 3.0 
175 0.0 0.0 0.0 0.0 0.0 0.0 0.0 0.0 0.0 0.0 0.0 0.05 0.15 0.2 0.4 0.55 0.6 1.2 1.65 2.45 2.55 
176 0.0 0.0 0.0 0.0 0.0 0.0 0.0 0.0 0.0 0.0 0.0 0.0 0.1 0.15 0.25 0.25 0.55 1.1 1.55 2.0 2.5 
177 0.0 0.0 0.0 0.0 0.0 0.0 0.0 0.0 0.0 0.0 0.0 0.05 0.1 0.1 0.15 0.25 0.45 0.85 0.8 1.2 1.6 
178 0.0 0.0 0.0 0.0 0.0 0.0 0.0 0.0 0.0 0.0 0.0 0.0 0.05 0.05 0.05 0.4 0.15 0.5 0.75 1.0 1.3 
179 0.0 0.0 0.0 0.0 0.0 0.0 0.0 0.0 0.0 0.0 0.0 0.1 0.0 0.0 0.3 0.1 0.3 0.3 0.65 0.65 0.8 
180 0.0 0.0 0.0 0.0 0.0 0.0 0.0 0.0 0.0 0.0 0.0 0.0 0.0 0.0 0.0 0.1 0.25 0.25 0.65 0.5 1.1 
181 0.0 0.0 0.0 0.0 0.0 0.0 0.0 0.0 0.0 0.0 0.0 0.0 0.0 0.0 0.0 0.0 0.15 0.15 0.3 0.55 0.45 
182 0.0 0.0 0.0 0.0 0.0 0.0 0.0 0.0 0.0 0.0 0.0 0.0 0.0 0.0 0.0 0.0 0.05 0.3 0.25 0.25 0.55 
183 0.0 0.0 0.0 0.0 0.0 0.0 0.0 0.0 0.0 0.0 0.0 0.0 0.0 0.0 0.0 0.05 0.05 0.05 0.1 0.35 0.35 
184 0.0 0.0 0.0 0.0 0.0 0.0 0.0 0.0 0.0 0.0 0.0 0.0 0.0 0.0 0.0 0.05 0.0 0.25 0.05 0.1 0.2 
185 0.0 0.0 0.0 0.0 0.0 0.0 0.0 0.0 0.0 0.0 0.0 0.0 0.0 0.0 0.0 0.0 0.0 0.05 0.1 0.05 0.4 
186 0.0 0.0 0.0 0.0 0.0 0.0 0.0 0.0 0.0 0.0 0.0 0.0 0.0 0.0 0.0 0.05 0.0 0.0 0.1 0.15 0.15 
187 0.0 0.0 0.0 0.0 0.0 0.0 0.0 0.0 0.0 0.0 0.0 0.0 0.0 0.0 0.0 0.0 0.05 0.0 0.0 0.15 0.25 
188 0.0 0.0 0.0 0.0 0.0 0.0 0.0 0.0 0.0 0.0 0.0 0.0 0.0 0.0 0.0 0.0 0.0 0.0 0.05 0.05 0.15 
189 0.0 0.0 0.0 0.0 0.0 0.0 0.0 0.0 0.0 0.0 0.0 0.0 0.0 0.0 0.0 0.0 0.0 0.0 0.0 0.05 0.05 
190 0.0 0.0 0.0 0.0 0.0 0.0 0.0 0.0 0.0 0.0 0.0 0.0 0.0 0.0 0.0 0.0 0.0 0.0 0.0 0.0 0.05 
191 0.0 0.0 0.0 0.0 0.0 0.0 0.0 0.0 0.0 0.0 0.0 0.0 0.0 0.0 0.0 0.0 0.0 0.0 0.0 0.05 0.0 
192 0.0 0.0 0.0 0.0 0.0 0.0 0.0 0.0 0.0 0.0 0.0 0.0 0.0 0.0 0.0 0.0 0.0 0.0 0.0 0.05 0.0 
193 0.0 0.0 0.0 0.0 0.0 0.0 0.0 0.0 0.0 0.0 0.0 0.0 0.0 0.0 0.0 0.0 0.0 0.0 0.0 0.0 0.05 
194 0.0 0.0 0.0 0.0 0.0 0.0 0.0 0.0 0.0 0.0 0.0 0.0 0.0 0.0 0.0 0.0 0.0 0.0 0.0 0.0 0.0 
195 0.0 0.0 0.0 0.0 0.0 0.0 0.0 0.0 0.0 0.0 0.0 0.0 0.0 0.0 0.0 0.0 0.0 0.0 0.0 0.0 0.0 
196 0.0 0.0 0.0 0.0 0.0 0.0 0.0 0.0 0.0 0.0 0.0 0.0 0.0 0.0 0.0 0.0 0.0 0.0 0.0 0.0 0.0 
197 0.0 0.0 0.0 0.0 0.0 0.0 0.0 0.0 0.0 0.0 0.0 0.0 0.0 0.0 0.0 0.0 0.0 0.0 0.0 0.0 0.0 
198 0.0 0.0 0.0 0.0 0.0 0.0 0.0 0.0 0.0 0.0 0.0 0.0 0.0 0.0 0.0 0.0 0.0 0.0 0.0 0.0 0.0 
199 0.0 0.0 0.0 0.0 0.0 0.0 0.0 0.0 0.0 0.0 0.0 0.0 0.0 0.0 0.0 0.0 0.0 0.0 0.0 0.0 0.0 
200 0.0 0.0 0.0 0.0 0.0 0.0 0.0 0.0 0.0 0.0 0.0 0.0 0.0 0.0 0.0 0.0 0.0 0.0 0.0 0.0 0.0 
201 0.0 0.0 0.0 0.0 0.0 0.0 0.0 0.0 0.0 0.0 0.0 0.0 0.0 0.0 0.0 0.0 0.0 0.0 0.0 0.0 0.0 
202 0.0 0.0 0.0 0.0 0.0 0.0 0.0 0.0 0.0 0.0 0.0 0.0 0.0 0.0 0.0 0.0 0.0 0.0 0.0 0.0 0.0 
203 0.0 0.0 0.0 0.0 0.0 0.0 0.0 0.0 0.0 0.0 0.0 0.0 0.0 0.0 0.0 0.0 0.0 0.0 0.0 0.0 0.0 
204 0.0 0.0 0.0 0.0 0.0 0.0 0.0 0.0 0.0 0.0 0.0 0.0 0.0 0.0 0.0 0.0 0.0 0.0 0.0 0.0 0.0 
205 0.0 0.0 0.0 0.0 0.0 0.0 0.0 0.0 0.0 0.0 0.0 0.0 0.0 0.0 0.0 0.0 0.0 0.0 0.0 0.0 0.0 
206 0.0 0.0 0.0 0.0 0.0 0.0 0.0 0.0 0.0 0.0 0.0 0.0 0.0 0.0 0.0 0.0 0.0 0.0 0.0 0.0 0.0 
207 0.0 0.0 0.0 0.0 0.0 0.0 0.0 0.0 0.0 0.0 0.0 0.0 0.0 0.0 0.0 0.0 0.0 0.0 0.0 0.0 0.0 
208 0.0 0.0 0.0 0.0 0.0 0.0 0.0 0.0 0.0 0.0 0.0 0.0 0.0 0.0 0.0 0.0 0.0 0.0 0.0 0.0 0.0 
209 0.0 0.0 0.0 0.0 0.0 0.0 0.0 0.0 0.0 0.0 0.0 0.0 0.0 0.0 0.0 0.0 0.0 0.0 0.0 0.0 0.0 
210 0.0 0.0 0.0 0.0 0.0 0.0 0.0 0.0 0.0 0.0 0.0 0.0 0.0 0.0 0.0 0.0 0.0 0.0 0.0 0.0 0.0 
211 0.0 0.0 0.0 0.0 0.0 0.0 0.0 0.0 0.0 0.0 0.0 0.0 0.0 0.0 0.0 0.0 0.0 0.0 0.0 0.0 0.0 
212 0.0 0.0 0.0 0.0 0.0 0.0 0.0 0.0 0.0 0.0 0.0 0.0 0.0 0.0 0.0 0.0 0.0 0.0 0.0 0.0 0.0 
213 0.0 0.0 0.0 0.0 0.0 0.0 0.0 0.0 0.0 0.0 0.0 0.0 0.0 0.0 0.0 0.0 0.0 0.0 0.0 0.0 0.0 
214 0.0 0.0 0.0 0.0 0.0 0.0 0.0 0.0 0.0 0.0 0.0 0.0 0.0 0.0 0.0 0.0 0.0 0.0 0.0 0.0 0.0 
215 0.0 0.0 0.0 0.0 0.0 0.0 0.0 0.0 0.0 0.0 0.0 0.0 0.0 0.0 0.0 0.0 0.0 0.0 0.0 0.0 0.0 
216 0.0 0.0 0.0 0.0 0.0 0.0 0.0 0.0 0.0 0.0 0.0 0.0 0.0 0.0 0.0 0.0 0.0 0.0 0.0 0.0 0.0 
217 0.0 0.0 0.0 0.0 0.0 0.0 0.0 0.0 0.0 0.0 0.0 0.0 0.0 0.0 0.0 0.0 0.0 0.0 0.0 0.0 0.0 
218 0.0 0.0 0.0 0.0 0.0 0.0 0.0 0.0 0.0 0.0 0.0 0.0 0.0 0.0 0.0 0.0 0.0 0.0 0.0 0.0 0.0 
219 0.0 0.0 0.0 0.0 0.0 0.0 0.0 0.0 0.0 0.0 0.0 0.0 0.0 0.0 0.0 0.0 0.0 0.0 0.0 0.0 0.0 
220 0.0 0.0 0.0 0.0 0.0 0.0 0.0 0.0 0.0 0.0 0.0 0.0 0.0 0.0 0.0 0.0 0.0 0.0 0.0 0.0 0.0 
221 0.0 0.0 0.0 0.0 0.0 0.0 0.0 0.0 0.0 0.0 0.0 0.0 0.0 0.0 0.0 0.0 0.0 0.0 0.0 0.0 0.0 
222 0.0 0.0 0.0 0.0 0.0 0.0 0.0 0.0 0.0 0.0 0.0 0.0 0.0 0.0 0.0 0.0 0.0 0.0 0.0 0.0 0.0 
223 0.0 0.0 0.0 0.0 0.0 0.0 0.0 0.0 0.0 0.0 0.0 0.0 0.0 0.0 0.0 0.0 0.0 0.0 0.0 0.0 0.0 
224 0.0 0.0 0.0 0.0 0.0 0.0 0.0 0.0 0.0 0.0 0.0 0.0 0.0 0.0 0.0 0.0 0.0 0.0 0.0 0.0 0.0 
225 0.0 0.0 0.0 0.0 0.0 0.0 0.0 0.0 0.0 0.0 0.0 0.0 0.0 0.0 0.0 0.0 0.0 0.0 0.0 0.0 0.0 
226 0.0 0.0 0.0 0.0 0.0 0.0 0.0 0.0 0.0 0.0 0.0 0.0 0.0 0.0 0.0 0.0 0.0 0.0 0.0 0.0 0.0 
227 0.0 0.0 0.0 0.0 0.0 0.0 0.0 0.0 0.0 0.0 0.0 0.0 0.0 0.0 0.0 0.0 0.0 0.0 0.0 0.0 0.0 
228 0.0 0.0 0.0 0.0 0.0 0.0 0.0 0.0 0.0 0.0 0.0 0.0 0.0 0.0 0.0 0.0 0.0 0.0 0.0 0.0 0.0 
229 0.0 0.0 0.0 0.0 0.0 0.0 0.0 0.0 0.0 0.0 0.0 0.0 0.0 0.0 0.0 0.0 0.0 0.0 0.0 0.0 0.0 
230 0.0 0.0 0.0 0.0 0.0 0.0 0.0 0.0 0.0 0.0 0.0 0.0 0.0 0.0 0.0 0.0 0.0 0.0 0.0 0.0 0.0 
231 0.0 0.0 0.0 0.0 0.0 0.0 0.0 0.0 0.0 0.0 0.0 0.0 0.0 0.0 0.0 0.0 0.0 0.0 0.0 0.0 0.0 
232 0.0 0.0 0.0 0.0 0.0 0.0 0.0 0.0 0.0 0.0 0.0 0.0 0.0 0.0 0.0 0.0 0.0 0.0 0.0 0.0 0.0 
233 0.0 0.0 0.0 0.0 0.0 0.0 0.0 0.0 0.0 0.0 0.0 0.0 0.0 0.0 0.0 0.0 0.0 0.0 0.0 0.0 0.0 
234 0.0 0.0 0.0 0.0 0.0 0.0 0.0 0.0 0.0 0.0 0.0 0.0 0.0 0.0 0.0 0.0 0.0 0.0 0.0 0.0 0.0 
235 0.0 0.0 0.0 0.0 0.0 0.0 0.0 0.0 0.0 0.0 0.0 0.0 0.0 0.0 0.0 0.0 0.0 0.0 0.0 0.0 0.0 
236 0.0 0.0 0.0 0.0 0.0 0.0 0.0 0.0 0.0 0.0 0.0 0.0 0.0 0.0 0.0 0.0 0.0 0.0 0.0 0.0 0.0 
237 0.0 0.0 0.0 0.0 0.0 0.0 0.0 0.0 0.0 0.0 0.0 0.0 0.0 0.0 0.0 0.0 0.0 0.0 0.0 0.0 0.0 
238 0.0 0.0 0.0 0.0 0.0 0.0 0.0 0.0 0.0 0.0 0.0 0.0 0.0 0.0 0.0 0.0 0.0 0.0 0.0 0.0 0.0 
239 0.0 0.0 0.0 0.0 0.0 0.0 0.0 0.0 0.0 0.0 0.0 0.0 0.0 0.0 0.0 0.0 0.0 0.0 0.0 0.0 0.0 
240 0.0 0.0 0.0 0.0 0.0 0.0 0.0 0.0 0.0 0.0 0.0 0.0 0.0 0.0 0.0 0.0 0.0 0.0 0.0 0.0 0.0 
241 0.0 0.0 0.0 0.0 0.0 0.0 0.0 0.0 0.0 0.0 0.0 0.0 0.0 0.0 0.0 0.0 0.0 0.0 0.0 0.0 0.0 
242 0.0 0.0 0.0 0.0 0.0 0.0 0.0 0.0 0.0 0.0 0.0 0.0 0.0 0.0 0.0 0.0 0.0 0.0 0.0 0.0 0.0 
243 0.0 0.0 0.0 0.0 0.0 0.0 0.0 0.0 0.0 0.0 0.0 0.0 0.0 0.0 0.0 0.0 0.0 0.0 0.0 0.0 0.0 
244 0.0 0.0 0.0 0.0 0.0 0.0 0.0 0.0 0.0 0.0 0.0 0.0 0.0 0.0 0.0 0.0 0.0 0.0 0.0 0.0 0.0 
245 0.0 0.0 0.0 0.0 0.0 0.0 0.0 0.0 0.0 0.0 0.0 0.0 0.0 0.0 0.0 0.0 0.0 0.0 0.0 0.0 0.0 
246 0.0 0.0 0.0 0.0 0.0 0.0 0.0 0.0 0.0 0.0 0.0 0.0 0.0 0.0 0.0 0.0 0.0 0.0 0.0 0.0 0.0 
247 0.0 0.0 0.0 0.0 0.0 0.0 0.0 0.0 0.0 0.0 0.0 0.0 0.0 0.0 0.0 0.0 0.0 0.0 0.0 0.0 0.0 
248 0.0 0.0 0.0 0.0 0.0 0.0 0.0 0.0 0.0 0.0 0.0 0.0 0.0 0.0 0.0 0.0 0.0 0.0 0.0 0.0 0.0 
249 0.0 0.0 0.0 0.0 0.0 0.0 0.0 0.0 0.0 0.0 0.0 0.0 0.0 0.0 0.0 0.0 0.0 0.0 0.0 0.0 0.0 
250 0.0 0.0 0.0 0.0 0.0 0.0 0.0 0.0 0.0 0.0 0.0 0.0 0.0 0.0 0.0 0.0 0.0 0.0 0.0 0.0 0.0 
251 0.0 0.0 0.0 0.0 0.0 0.0 0.0 0.0 0.0 0.0 0.0 0.0 0.0 0.0 0.0 0.0 0.0 0.0 0.0 0.0 0.0 
252 0.0 0.0 0.0 0.0 0.0 0.0 0.0 0.0 0.0 0.0 0.0 0.0 0.0 0.0 0.0 0.0 0.0 0.0 0.0 0.0 0.0 
253 0.0 0.0 0.0 0.0 0.0 0.0 0.0 0.0 0.0 0.0 0.0 0.0 0.0 0.0 0.0 0.0 0.0 0.0 0.0 0.0 0.0 
254 0.0 0.0 0.0 0.0 0.0 0.0 0.0 0.0 0.0 0.0 0.0 0.0 0.0 0.0 0.0 0.0 0.0 0.0 0.0 0.0 0.0 
255 0.0 0.0 0.0 0.0 0.0 0.0 0.0 0.0 0.0 0.0 0.0 0.0 0.0 0.0 0.0 0.0 0.0 0.0 0.0 0.0 0.0 
256 0.0 0.0 0.0 0.0 0.0 0.0 0.0 0.0 0.0 0.0 0.0 0.0 0.0 0.0 0.0 0.0 0.0 0.0 0.0 0.0 0.0 
257 0.0 0.0 0.0 0.0 0.0 0.0 0.0 0.0 0.0 0.0 0.0 0.0 0.0 0.0 0.0 0.0 0.0 0.0 0.0 0.0 0.0 
258 0.0 0.0 0.0 0.0 0.0 0.0 0.0 0.0 0.0 0.0 0.0 0.0 0.0 0.0 0.0 0.0 0.0 0.0 0.0 0.0 0.0 
259 0.0 0.0 0.0 0.0 0.0 0.0 0.0 0.0 0.0 0.0 0.0 0.0 0.0 0.0 0.0 0.0 0.0 0.0 0.0 0.0 0.0 
260 0.0 0.0 0.0 0.0 0.0 0.0 0.0 0.0 0.0 0.0 0.0 0.0 0.0 0.0 0.0 0.0 0.0 0.0 0.0 0.0 0.0 
261 0.0 0.0 0.0 0.0 0.0 0.0 0.0 0.0 0.0 0.0 0.0 0.0 0.0 0.0 0.0 0.0 0.0 0.0 0.0 0.0 0.0 
262 0.0 0.0 0.0 0.0 0.0 0.0 0.0 0.0 0.0 0.0 0.0 0.0 0.0 0.0 0.0 0.0 0.0 0.0 0.0 0.0 0.0 
263 0.0 0.0 0.0 0.0 0.0 0.0 0.0 0.0 0.0 0.0 0.0 0.0 0.0 0.0 0.0 0.0 0.0 0.0 0.0 0.0 0.0 
264 0.0 0.0 0.0 0.0 0.0 0.0 0.0 0.0 0.0 0.0 0.0 0.0 0.0 0.0 0.0 0.0 0.0 0.0 0.0 0.0 0.0 
265 0.0 0.0 0.0 0.0 0.0 0.0 0.0 0.0 0.0 0.0 0.0 0.0 0.0 0.0 0.0 0.0 0.0 0.0 0.0 0.0 0.0 
266 0.0 0.0 0.0 0.0 0.0 0.0 0.0 0.0 0.0 0.0 0.0 0.0 0.0 0.0 0.0 0.0 0.0 0.0 0.0 0.0 0.0 
267 0.0 0.0 0.0 0.0 0.0 0.0 0.0 0.0 0.0 0.0 0.0 0.0 0.0 0.0 0.0 0.0 0.0 0.0 0.0 0.0 0.0 
268 0.0 0.0 0.0 0.0 0.0 0.0 0.0 0.0 0.0 0.0 0.0 0.0 0.0 0.0 0.0 0.0 0.0 0.0 0.0 0.0 0.0 
269 0.0 0.0 0.0 0.0 0.0 0.0 0.0 0.0 0.0 0.0 0.0 0.0 0.0 0.0 0.0 0.0 0.0 0.0 0.0 0.0 0.0 
270 0.0 0.0 0.0 0.0 0.0 0.0 0.0 0.0 0.0 0.0 0.0 0.0 0.0 0.0 0.0 0.0 0.0 0.0 0.0 0.0 0.0 
271 0.0 0.0 0.0 0.0 0.0 0.0 0.0 0.0 0.0 0.0 0.0 0.0 0.0 0.0 0.0 0.0 0.0 0.0 0.0 0.0 0.0 
272 0.0 0.0 0.0 0.0 0.0 0.0 0.0 0.0 0.0 0.0 0.0 0.0 0.0 0.0 0.0 0.0 0.0 0.0 0.0 0.0 0.0 
273 0.0 0.0 0.0 0.0 0.0 0.0 0.0 0.0 0.0 0.0 0.0 0.0 0.0 0.0 0.0 0.0 0.0 0.0 0.0 0.0 0.0 
274 0.0 0.0 0.0 0.0 0.0 0.0 0.0 0.0 0.0 0.0 0.0 0.0 0.0 0.0 0.0 0.0 0.0 0.0 0.0 0.0 0.0 
275 0.0 0.0 0.0 0.0 0.0 0.0 0.0 0.0 0.0 0.0 0.0 0.0 0.0 0.0 0.0 0.0 0.0 0.0 0.0 0.0 0.0 
276 0.0 0.0 0.0 0.0 0.0 0.0 0.0 0.0 0.0 0.0 0.0 0.0 0.0 0.0 0.0 0.0 0.0 0.0 0.0 0.0 0.0 
277 0.0 0.0 0.0 0.0 0.0 0.0 0.0 0.0 0.0 0.0 0.0 0.0 0.0 0.0 0.0 0.0 0.0 0.0 0.0 0.0 0.0 
278 0.0 0.0 0.0 0.0 0.0 0.0 0.0 0.0 0.0 0.0 0.0 0.0 0.0 0.0 0.0 0.0 0.0 0.0 0.0 0.0 0.0 
279 0.0 0.0 0.0 0.0 0.0 0.0 0.0 0.0 0.0 0.0 0.0 0.0 0.0 0.0 0.0 0.0 0.0 0.0 0.0 0.0 0.0 
280 0.0 0.0 0.0 0.0 0.0 0.0 0.0 0.0 0.0 0.0 0.0 0.0 0.0 0.0 0.0 0.0 0.0 0.0 0.0 0.0 0.0 
281 0.0 0.0 0.0 0.0 0.0 0.0 0.0 0.0 0.0 0.0 0.0 0.0 0.0 0.0 0.0 0.0 0.0 0.0 0.0 0.0 0.0 
282 0.0 0.0 0.0 0.0 0.0 0.0 0.0 0.0 0.0 0.0 0.0 0.0 0.0 0.0 0.0 0.0 0.0 0.0 0.0 0.0 0.0 
283 0.0 0.0 0.0 0.0 0.0 0.0 0.0 0.0 0.0 0.0 0.0 0.0 0.0 0.0 0.0 0.0 0.0 0.0 0.0 0.0 0.0 
284 0.0 0.0 0.0 0.0 0.0 0.0 0.0 0.0 0.0 0.0 0.0 0.0 0.0 0.0 0.0 0.0 0.0 0.0 0.0 0.0 0.0 
285 0.0 0.0 0.0 0.0 0.0 0.0 0.0 0.0 0.0 0.0 0.0 0.0 0.0 0.0 0.0 0.0 0.0 0.0 0.0 0.0 0.0 
286 0.0 0.0 0.0 0.0 0.0 0.0 0.0 0.0 0.0 0.0 0.0 0.0 0.0 0.0 0.0 0.0 0.0 0.0 0.0 0.0 0.0 
287 0.0 0.0 0.0 0.0 0.0 0.0 0.0 0.0 0.0 0.0 0.0 0.0 0.0 0.0 0.0 0.0 0.0 0.0 0.0 0.0 0.0 
288 0.0 0.0 0.0 0.0 0.0 0.0 0.0 0.0 0.0 0.0 0.0 0.0 0.0 0.0 0.0 0.0 0.0 0.0 0.0 0.0 0.0 
289 0.0 0.0 0.0 0.0 0.0 0.0 0.0 0.0 0.0 0.0 0.0 0.0 0.0 0.0 0.0 0.0 0.0 0.0 0.0 0.0 0.0 
290 0.0 0.0 0.0 0.0 0.0 0.0 0.0 0.0 0.0 0.0 0.0 0.0 0.0 0.0 0.0 0.0 0.0 0.0 0.0 0.0 0.0 
291 0.0 0.0 0.0 0.0 0.0 0.0 0.0 0.0 0.0 0.0 0.0 0.0 0.0 0.0 0.0 0.0 0.0 0.0 0.0 0.0 0.0 
292 0.0 0.0 0.0 0.0 0.0 0.0 0.0 0.0 0.0 0.0 0.0 0.0 0.0 0.0 0.0 0.0 0.0 0.0 0.0 0.0 0.0 
293 0.0 0.0 0.0 0.0 0.0 0.0 0.0 0.0 0.0 0.0 0.0 0.0 0.0 0.0 0.0 0.0 0.0 0.0 0.0 0.0 0.0 
294 0.0 0.0 0.0 0.0 0.0 0.0 0.0 0.0 0.0 0.0 0.0 0.0 0.0 0.0 0.0 0.0 0.0 0.0 0.0 0.0 0.0 
295 0.0 0.0 0.0 0.0 0.0 0.0 0.0 0.0 0.0 0.0 0.0 0.0 0.0 0.0 0.0 0.0 0.0 0.0 0.0 0.0 0.0 
296 0.0 0.0 0.0 0.0 0.0 0.0 0.0 0.0 0.0 0.0 0.0 0.0 0.0 0.0 0.0 0.0 0.0 0.0 0.0 0.0 0.0 
297 0.0 0.0 0.0 0.0 0.0 0.0 0.0 0.0 0.0 0.0 0.0 0.0 0.0 0.0 0.0 0.0 0.0 0.0 0.0 0.0 0.0 
298 0.0 0.0 0.0 0.0 0.0 0.0 0.0 0.0 0.0 0.0 0.0 0.0 0.0 0.0 0.0 0.0 0.0 0.0 0.0 0.0 0.0 
299 0.0 0.0 0.0 0.0 0.0 0.0 0.0 0.0 0.0 0.0 0.0 0.0 0.0 0.0 0.0 0.0 0.0 0.0 0.0 0.0 0.0 
300 0.0 0.0 0.0 0.0 0.0 0.0 0.0 0.0 0.0 0.0 0.0 0.0 0.0 0.0 0.0 0.0 0.0 0.0 0.0 0.0 0.0 
301 0.0 0.0 0.0 0.0 0.0 0.0 0.0 0.0 0.0 0.0 0.0 0.0 0.0 0.0 0.0 0.0 0.0 0.0 0.0 0.0 0.0 
302 0.0 0.0 0.0 0.0 0.0 0.0 0.0 0.0 0.0 0.0 0.0 0.0 0.0 0.0 0.0 0.0 0.0 0.0 0.0 0.0 0.0 
303 0.0 0.0 0.0 0.0 0.0 0.0 0.0 0.0 0.0 0.0 0.0 0.0 0.0 0.0 0.0 0.0 0.0 0.0 0.0 0.0 0.0 
304 0.0 0.0 0.0 0.0 0.0 0.0 0.0 0.0 0.0 0.0 0.0 0.0 0.0 0.0 0.0 0.0 0.0 0.0 0.0 0.0 0.0 
305 0.0 0.0 0.0 0.0 0.0 0.0 0.0 0.0 0.0 0.0 0.0 0.0 0.0 0.0 0.0 0.0 0.0 0.0 0.0 0.0 0.0 
306 0.0 0.0 0.0 0.0 0.0 0.0 0.0 0.0 0.0 0.0 0.0 0.0 0.0 0.0 0.0 0.0 0.0 0.0 0.0 0.0 0.0 
307 0.0 0.0 0.0 0.0 0.0 0.0 0.0 0.0 0.0 0.0 0.0 0.0 0.0 0.0 0.0 0.0 0.0 0.0 0.0 0.0 0.0 
308 0.0 0.0 0.0 0.0 0.0 0.0 0.0 0.0 0.0 0.0 0.0 0.0 0.0 0.0 0.0 0.0 0.0 0.0 0.0 0.0 0.0 
309 0.0 0.0 0.0 0.0 0.0 0.0 0.0 0.0 0.0 0.0 0.0 0.0 0.0 0.0 0.0 0.0 0.0 0.0 0.0 0.0 0.0 
310 0.0 0.0 0.0 0.0 0.0 0.0 0.0 0.0 0.0 0.0 0.0 0.0 0.0 0.0 0.0 0.0 0.0 0.0 0.0 0.0 0.0 
311 0.0 0.0 0.0 0.0 0.0 0.0 0.0 0.0 0.0 0.0 0.0 0.0 0.0 0.0 0.0 0.0 0.0 0.0 0.0 0.0 0.0 
312 0.0 0.0 0.0 0.0 0.0 0.0 0.0 0.0 0.0 0.0 0.0 0.0 0.0 0.0 0.0 0.0 0.0 0.0 0.0 0.0 0.0 
313 0.0 0.0 0.0 0.0 0.0 0.0 0.0 0.0 0.0 0.0 0.0 0.0 0.0 0.0 0.0 0.0 0.0 0.0 0.0 0.0 0.0 
314 0.0 0.0 0.0 0.0 0.0 0.0 0.0 0.0 0.0 0.0 0.0 0.0 0.0 0.0 0.0 0.0 0.0 0.0 0.0 0.0 0.0 
315 0.0 0.0 0.0 0.0 0.0 0.0 0.0 0.0 0.0 0.0 0.0 0.0 0.0 0.0 0.0 0.0 0.0 0.0 0.0 0.0 0.0 
316 0.0 0.0 0.0 0.0 0.0 0.0 0.0 0.0 0.0 0.0 0.0 0.0 0.0 0.0 0.0 0.0 0.0 0.0 0.0 0.0 0.0 
317 0.0 0.0 0.0 0.0 0.0 0.0 0.0 0.0 0.0 0.0 0.0 0.0 0.0 0.0 0.0 0.0 0.0 0.0 0.0 0.0 0.0 
318 0.0 0.0 0.0 0.0 0.0 0.0 0.0 0.0 0.0 0.0 0.0 0.0 0.0 0.0 0.0 0.0 0.0 0.0 0.0 0.0 0.0 
319 0.0 0.0 0.0 0.0 0.0 0.0 0.0 0.0 0.0 0.0 0.0 0.0 0.0 0.0 0.0 0.0 0.0 0.0 0.0 0.0 0.0 
320 0.0 0.0 0.0 0.0 0.0 0.0 0.0 0.0 0.0 0.0 0.0 0.0 0.0 0.0 0.0 0.0 0.0 0.0 0.0 0.0 0.0 
321 0.0 0.0 0.0 0.0 0.0 0.0 0.0 0.0 0.0 0.0 0.0 0.0 0.0 0.0 0.0 0.0 0.0 0.0 0.0 0.0 0.0 
322 0.0 0.0 0.0 0.0 0.0 0.0 0.0 0.0 0.0 0.0 0.0 0.0 0.0 0.0 0.0 0.0 0.0 0.0 0.0 0.0 0.0 
323 0.0 0.0 0.0 0.0 0.0 0.0 0.0 0.0 0.0 0.0 0.0 0.0 0.0 0.0 0.0 0.0 0.0 0.0 0.0 0.0 0.0 
324 0.0 0.0 0.0 0.0 0.0 0.0 0.0 0.0 0.0 0.0 0.0 0.0 0.0 0.0 0.0 0.0 0.0 0.0 0.0 0.0 0.0 
325 0.0 0.0 0.0 0.0 0.0 0.0 0.0 0.0 0.0 0.0 0.0 0.0 0.0 0.0 0.0 0.0 0.0 0.0 0.0 0.0 0.0 
326 0.0 0.0 0.0 0.0 0.0 0.0 0.0 0.0 0.0 0.0 0.0 0.0 0.0 0.0 0.0 0.0 0.0 0.0 0.0 0.0 0.0 
327 0.0 0.0 0.0 0.0 0.0 0.0 0.0 0.0 0.0 0.0 0.0 0.0 0.0 0.0 0.0 0.0 0.0 0.0 0.0 0.0 0.0 
328 0.0 0.0 0.0 0.0 0.0 0.0 0.0 0.0 0.0 0.0 0.0 0.0 0.0 0.0 0.0 0.0 0.0 0.0 0.0 0.0 0.0 
329 0.0 0.0 0.0 0.0 0.0 0.0 0.0 0.0 0.0 0.0 0.0 0.0 0.0 0.0 0.0 0.0 0.0 0.0 0.0 0.0 0.0 
330 0.0 0.0 0.0 0.0 0.0 0.0 0.0 0.0 0.0 0.0 0.0 0.0 0.0 0.0 0.0 0.0 0.0 0.0 0.0 0.0 0.0 
331 0.0 0.0 0.0 0.0 0.0 0.0 0.0 0.0 0.0 0.0 0.0 0.0 0.0 0.0 0.0 0.0 0.0 0.0 0.0 0.0 0.0 
332 0.0 0.0 0.0 0.0 0.0 0.0 0.0 0.0 0.0 0.0 0.0 0.0 0.0 0.0 0.0 0.0 0.0 0.0 0.0 0.0 0.0 
333 0.0 0.0 0.0 0.0 0.0 0.0 0.0 0.0 0.0 0.0 0.0 0.0 0.0 0.0 0.0 0.0 0.0 0.0 0.0 0.0 0.0 
334 0.0 0.0 0.0 0.0 0.0 0.0 0.0 0.0 0.0 0.0 0.0 0.0 0.0 0.0 0.0 0.0 0.0 0.0 0.0 0.0 0.0 
335 0.0 0.0 0.0 0.0 0.0 0.0 0.0 0.0 0.0 0.0 0.0 0.0 0.0 0.0 0.0 0.0 0.0 0.0 0.0 0.0 0.0 
336 0.0 0.0 0.0 0.0 0.0 0.0 0.0 0.0 0.0 0.0 0.0 0.0 0.0 0.0 0.0 0.0 0.0 0.0 0.0 0.0 0.0 
337 0.0 0.0 0.0 0.0 0.0 0.0 0.0 0.0 0.0 0.0 0.0 0.0 0.0 0.0 0.0 0.0 0.0 0.0 0.0 0.0 0.0 
338 0.0 0.0 0.0 0.0 0.0 0.0 0.0 0.0 0.0 0.0 0.0 0.0 0.0 0.0 0.0 0.0 0.0 0.0 0.0 0.0 0.0 
339 0.0 0.0 0.0 0.0 0.0 0.0 0.0 0.0 0.0 0.0 0.0 0.0 0.0 0.0 0.0 0.0 0.0 0.0 0.0 0.0 0.0 
340 0.0 0.0 0.0 0.0 0.0 0.0 0.0 0.0 0.0 0.0 0.0 0.0 0.0 0.0 0.0 0.0 0.0 0.0 0.0 0.0 0.0 
341 0.0 0.0 0.0 0.0 0.0 0.0 0.0 0.0 0.0 0.0 0.0 0.0 0.0 0.0 0.0 0.0 0.0 0.0 0.0 0.0 0.0 
342 0.0 0.0 0.0 0.0 0.0 0.0 0.0 0.0 0.0 0.0 0.0 0.0 0.0 0.0 0.0 0.0 0.0 0.0 0.0 0.0 0.0 
343 0.0 0.0 0.0 0.0 0.0 0.0 0.0 0.0 0.0 0.0 0.0 0.0 0.0 0.0 0.0 0.0 0.0 0.0 0.0 0.0 0.0 
344 0.0 0.0 0.0 0.0 0.0 0.0 0.0 0.0 0.0 0.0 0.0 0.0 0.0 0.0 0.0 0.0 0.0 0.0 0.0 0.0 0.0 
345 0.0 0.0 0.0 0.0 0.0 0.0 0.0 0.0 0.0 0.0 0.0 0.0 0.0 0.0 0.0 0.0 0.0 0.0 0.0 0.0 0.0 
346 0.0 0.0 0.0 0.0 0.0 0.0 0.0 0.0 0.0 0.0 0.0 0.0 0.0 0.0 0.0 0.0 0.0 0.0 0.0 0.0 0.0 
347 0.0 0.0 0.0 0.0 0.0 0.0 0.0 0.0 0.0 0.0 0.0 0.0 0.0 0.0 0.0 0.0 0.0 0.0 0.0 0.0 0.0 
348 0.0 0.0 0.0 0.0 0.0 0.0 0.0 0.0 0.0 0.0 0.0 0.0 0.0 0.0 0.0 0.0 0.0 0.0 0.0 0.0 0.0 
349 0.0 0.0 0.0 0.0 0.0 0.0 0.0 0.0 0.0 0.0 0.0 0.0 0.0 0.0 0.0 0.0 0.0 0.0 0.0 0.0 0.0 
350 0.0 0.0 0.0 0.0 0.0 0.0 0.0 0.0 0.0 0.0 0.0 0.0 0.0 0.0 0.0 0.0 0.0 0.0 0.0 0.0 0.0 
351 0.0 0.0 0.0 0.0 0.0 0.0 0.0 0.0 0.0 0.0 0.0 0.0 0.0 0.0 0.0 0.0 0.0 0.0 0.0 0.0 0.0 
352 0.0 0.0 0.0 0.0 0.0 0.0 0.0 0.0 0.0 0.0 0.0 0.0 0.0 0.0 0.0 0.0 0.0 0.0 0.0 0.0 0.0 
353 0.0 0.0 0.0 0.0 0.0 0.0 0.0 0.0 0.0 0.0 0.0 0.0 0.0 0.0 0.0 0.0 0.0 0.0 0.0 0.0 0.0 
354 0.0 0.0 0.0 0.0 0.0 0.0 0.0 0.0 0.0 0.0 0.0 0.0 0.0 0.0 0.0 0.0 0.0 0.0 0.0 0.0 0.0 
355 0.0 0.0 0.0 0.0 0.0 0.0 0.0 0.0 0.0 0.0 0.0 0.0 0.0 0.0 0.0 0.0 0.0 0.0 0.0 0.0 0.0 
356 0.0 0.0 0.0 0.0 0.0 0.0 0.0 0.0 0.0 0.0 0.0 0.0 0.0 0.0 0.0 0.0 0.0 0.0 0.0 0.0 0.0 
357 0.0 0.0 0.0 0.0 0.0 0.0 0.0 0.0 0.0 0.0 0.0 0.0 0.0 0.0 0.0 0.0 0.0 0.0 0.0 0.0 0.0 
358 0.0 0.0 0.0 0.0 0.0 0.0 0.0 0.0 0.0 0.0 0.0 0.0 0.0 0.0 0.0 0.0 0.0 0.0 0.0 0.0 0.0 
359 0.0 0.0 0.0 0.0 0.0 0.0 0.0 0.0 0.0 0.0 0.0 0.0 0.0 0.0 0.0 0.0 0.0 0.0 0.0 0.0 0.0 
360 0.0 0.0 0.0 0.0 0.0 0.0 0.0 0.0 0.0 0.0 0.0 0.0 0.0 0.0 0.0 0.0 0.0 0.0 0.0 0.0 0.0 
361 0.0 0.0 0.0 0.0 0.0 0.0 0.0 0.0 0.0 0.0 0.0 0.0 0.0 0.0 0.0 0.0 0.0 0.0 0.0 0.0 0.0 
362 0.0 0.0 0.0 0.0 0.0 0.0 0.0 0.0 0.0 0.0 0.0 0.0 0.0 0.0 0.0 0.0 0.0 0.0 0.0 0.0 0.0 
363 0.0 0.0 0.0 0.0 0.0 0.0 0.0 0.0 0.0 0.0 0.0 0.0 0.0 0.0 0.0 0.0 0.0 0.0 0.0 0.0 0.0 
364 0.0 0.0 0.0 0.0 0.0 0.0 0.0 0.0 0.0 0.0 0.0 0.0 0.0 0.0 0.0 0.0 0.0 0.0 0.0 0.0 0.0 
365 0.0 0.0 0.0 0.0 0.0 0.0 0.0 0.0 0.0 0.0 0.0 0.0 0.0 0.0 0.0 0.0 0.0 0.0 0.0 0.0 0.0 
366 0.0 0.0 0.0 0.0 0.0 0.0 0.0 0.0 0.0 0.0 0.0 0.0 0.0 0.0 0.0 0.0 0.0 0.0 0.0 0.0 0.0 
367 0.0 0.0 0.0 0.0 0.0 0.0 0.0 0.0 0.0 0.0 0.0 0.0 0.0 0.0 0.0 0.0 0.0 0.0 0.0 0.0 0.0 
368 0.0 0.0 0.0 0.0 0.0 0.0 0.0 0.0 0.0 0.0 0.0 0.0 0.0 0.0 0.0 0.0 0.0 0.0 0.0 0.0 0.0 
369 0.0 0.0 0.0 0.0 0.0 0.0 0.0 0.0 0.0 0.0 0.0 0.0 0.0 0.0 0.0 0.0 0.0 0.0 0.0 0.0 0.0 
370 0.0 0.0 0.0 0.0 0.0 0.0 0.0 0.0 0.0 0.0 0.0 0.0 0.0 0.0 0.0 0.0 0.0 0.0 0.0 0.0 0.0 
371 0.0 0.0 0.0 0.0 0.0 0.0 0.0 0.0 0.0 0.0 0.0 0.0 0.0 0.0 0.0 0.0 0.0 0.0 0.0 0.0 0.0 
372 0.0 0.0 0.0 0.0 0.0 0.0 0.0 0.0 0.0 0.0 0.0 0.0 0.0 0.0 0.0 0.0 0.0 0.0 0.0 0.0 0.0 
373 0.0 0.0 0.0 0.0 0.0 0.0 0.0 0.0 0.0 0.0 0.0 0.0 0.0 0.0 0.0 0.0 0.0 0.0 0.0 0.0 0.0 
374 0.0 0.0 0.0 0.0 0.0 0.0 0.0 0.0 0.0 0.0 0.0 0.0 0.0 0.0 0.0 0.0 0.0 0.0 0.0 0.0 0.0 
375 0.0 0.0 0.0 0.0 0.0 0.0 0.0 0.0 0.0 0.0 0.0 0.0 0.0 0.0 0.0 0.0 0.0 0.0 0.0 0.0 0.0 
376 0.0 0.0 0.0 0.0 0.0 0.0 0.0 0.0 0.0 0.0 0.0 0.0 0.0 0.0 0.0 0.0 0.0 0.0 0.0 0.0 0.0 
377 0.0 0.0 0.0 0.0 0.0 0.0 0.0 0.0 0.0 0.0 0.0 0.0 0.0 0.0 0.0 0.0 0.0 0.0 0.0 0.0 0.0 
378 0.0 0.0 0.0 0.0 0.0 0.0 0.0 0.0 0.0 0.0 0.0 0.0 0.0 0.0 0.0 0.0 0.0 0.0 0.0 0.0 0.0 
379 0.0 0.0 0.0 0.0 0.0 0.0 0.0 0.0 0.0 0.0 0.0 0.0 0.0 0.0 0.0 0.0 0.0 0.0 0.0 0.0 0.0 
380 0.0 0.0 0.0 0.0 0.0 0.0 0.0 0.0 0.0 0.0 0.0 0.0 0.0 0.0 0.0 0.0 0.0 0.0 0.0 0.0 0.0 
381 0.0 0.0 0.0 0.0 0.0 0.0 0.0 0.0 0.0 0.0 0.0 0.0 0.0 0.0 0.0 0.0 0.0 0.0 0.0 0.0 0.0 
382 0.0 0.0 0.0 0.0 0.0 0.0 0.0 0.0 0.0 0.0 0.0 0.0 0.0 0.0 0.0 0.0 0.0 0.0 0.0 0.0 0.0 
383 0.0 0.0 0.0 0.0 0.0 0.0 0.0 0.0 0.0 0.0 0.0 0.0 0.0 0.0 0.0 0.0 0.0 0.0 0.0 0.0 0.0 
384 0.0 0.0 0.0 0.0 0.0 0.0 0.0 0.0 0.0 0.0 0.0 0.0 0.0 0.0 0.0 0.0 0.0 0.0 0.0 0.0 0.0 
385 0.0 0.0 0.0 0.0 0.0 0.0 0.0 0.0 0.0 0.0 0.0 0.0 0.0 0.0 0.0 0.0 0.0 0.0 0.0 0.0 0.0 
386 0.0 0.0 0.0 0.0 0.0 0.0 0.0 0.0 0.0 0.0 0.0 0.0 0.0 0.0 0.0 0.0 0.0 0.0 0.0 0.0 0.0 
387 0.0 0.0 0.0 0.0 0.0 0.0 0.0 0.0 0.0 0.0 0.0 0.0 0.0 0.0 0.0 0.0 0.0 0.0 0.0 0.0 0.0 
388 0.0 0.0 0.0 0.0 0.0 0.0 0.0 0.0 0.0 0.0 0.0 0.0 0.0 0.0 0.0 0.0 0.0 0.0 0.0 0.0 0.0 
389 0.0 0.0 0.0 0.0 0.0 0.0 0.0 0.0 0.0 0.0 0.0 0.0 0.0 0.0 0.0 0.0 0.0 0.0 0.0 0.0 0.0 
390 0.0 0.0 0.0 0.0 0.0 0.0 0.0 0.0 0.0 0.0 0.0 0.0 0.0 0.0 0.0 0.0 0.0 0.0 0.0 0.0 0.0 
391 0.0 0.0 0.0 0.0 0.0 0.0 0.0 0.0 0.0 0.0 0.0 0.0 0.0 0.0 0.0 0.0 0.0 0.0 0.0 0.0 0.0 
392 0.0 0.0 0.0 0.0 0.0 0.0 0.0 0.0 0.0 0.0 0.0 0.0 0.0 0.0 0.0 0.0 0.0 0.0 0.0 0.0 0.0 
393 0.0 0.0 0.0 0.0 0.0 0.0 0.0 0.0 0.0 0.0 0.0 0.0 0.0 0.0 0.0 0.0 0.0 0.0 0.0 0.0 0.0 
394 0.0 0.0 0.0 0.0 0.0 0.0 0.0 0.0 0.0 0.0 0.0 0.0 0.0 0.0 0.0 0.0 0.0 0.0 0.0 0.0 0.0 
395 0.0 0.0 0.0 0.0 0.0 0.0 0.0 0.0 0.0 0.0 0.0 0.0 0.0 0.0 0.0 0.0 0.0 0.0 0.0 0.0 0.0 
396 0.0 0.0 0.0 0.0 0.0 0.0 0.0 0.0 0.0 0.0 0.0 0.0 0.0 0.0 0.0 0.0 0.0 0.0 0.0 0.0 0.0 
397 0.0 0.0 0.0 0.0 0.0 0.0 0.0 0.0 0.0 0.0 0.0 0.0 0.0 0.0 0.0 0.0 0.0 0.0 0.0 0.0 0.0 
398 0.0 0.0 0.0 0.0 0.0 0.0 0.0 0.0 0.0 0.0 0.0 0.0 0.0 0.0 0.0 0.0 0.0 0.0 0.0 0.0 0.0 
399 0.0 0.0 0.0 0.0 0.0 0.0 0.0 0.0 0.0 0.0 0.0 0.0 0.0 0.0 0.0 0.0 0.0 0.0 0.0 0.0 0.0 
400 0.0 0.0 0.0 0.0 0.0 0.0 0.0 0.0 0.0 0.0 0.0 0.0 0.0 0.0 0.0 0.0 0.0 0.0 0.0 0.0 0.0 
401 0.0 0.0 0.0 0.0 0.0 0.0 0.0 0.0 0.0 0.0 0.0 0.0 0.0 0.0 0.0 0.0 0.0 0.0 0.0 0.0 0.0 
402 0.0 0.0 0.0 0.0 0.0 0.0 0.0 0.0 0.0 0.0 0.0 0.0 0.0 0.0 0.0 0.0 0.0 0.0 0.0 0.0 0.0 
403 0.0 0.0 0.0 0.0 0.0 0.0 0.0 0.0 0.0 0.0 0.0 0.0 0.0 0.0 0.0 0.0 0.0 0.0 0.0 0.0 0.0 
404 0.0 0.0 0.0 0.0 0.0 0.0 0.0 0.0 0.0 0.0 0.0 0.0 0.0 0.0 0.0 0.0 0.0 0.0 0.0 0.0 0.0 
405 0.0 0.0 0.0 0.0 0.0 0.0 0.0 0.0 0.0 0.0 0.0 0.0 0.0 0.0 0.0 0.0 0.0 0.0 0.0 0.0 0.0 
406 0.0 0.0 0.0 0.0 0.0 0.0 0.0 0.0 0.0 0.0 0.0 0.0 0.0 0.0 0.0 0.0 0.0 0.0 0.0 0.0 0.0 
407 0.0 0.0 0.0 0.0 0.0 0.0 0.0 0.0 0.0 0.0 0.0 0.0 0.0 0.0 0.0 0.0 0.0 0.0 0.0 0.0 0.0 
408 0.0 0.0 0.0 0.0 0.0 0.0 0.0 0.0 0.0 0.0 0.0 0.0 0.0 0.0 0.0 0.0 0.0 0.0 0.0 0.0 0.0 
409 0.0 0.0 0.0 0.0 0.0 0.0 0.0 0.0 0.0 0.0 0.0 0.0 0.0 0.0 0.0 0.0 0.0 0.0 0.0 0.0 0.0 
410 0.0 0.0 0.0 0.0 0.0 0.0 0.0 0.0 0.0 0.0 0.0 0.0 0.0 0.0 0.0 0.0 0.0 0.0 0.0 0.0 0.0 
411 0.0 0.0 0.0 0.0 0.0 0.0 0.0 0.0 0.0 0.0 0.0 0.0 0.0 0.0 0.0 0.0 0.0 0.0 0.0 0.0 0.0 
412 0.0 0.0 0.0 0.0 0.0 0.0 0.0 0.0 0.0 0.0 0.0 0.0 0.0 0.0 0.0 0.0 0.0 0.0 0.0 0.0 0.0 
413 0.0 0.0 0.0 0.0 0.0 0.0 0.0 0.0 0.0 0.0 0.0 0.0 0.0 0.0 0.0 0.0 0.0 0.0 0.0 0.0 0.0 
414 0.0 0.0 0.0 0.0 0.0 0.0 0.0 0.0 0.0 0.0 0.0 0.0 0.0 0.0 0.0 0.0 0.0 0.0 0.0 0.0 0.0 
415 0.0 0.0 0.0 0.0 0.0 0.0 0.0 0.0 0.0 0.0 0.0 0.0 0.0 0.0 0.0 0.0 0.0 0.0 0.0 0.0 0.0 
416 0.0 0.0 0.0 0.0 0.0 0.0 0.0 0.0 0.0 0.0 0.0 0.0 0.0 0.0 0.0 0.0 0.0 0.0 0.0 0.0 0.0 
417 0.0 0.0 0.0 0.0 0.0 0.0 0.0 0.0 0.0 0.0 0.0 0.0 0.0 0.0 0.0 0.0 0.0 0.0 0.0 0.0 0.0 
418 0.0 0.0 0.0 0.0 0.0 0.0 0.0 0.0 0.0 0.0 0.0 0.0 0.0 0.0 0.0 0.0 0.0 0.0 0.0 0.0 0.0 
419 0.0 0.0 0.0 0.0 0.0 0.0 0.0 0.0 0.0 0.0 0.0 0.0 0.0 0.0 0.0 0.0 0.0 0.0 0.0 0.0 0.0 
420 0.0 0.0 0.0 0.0 0.0 0.0 0.0 0.0 0.0 0.0 0.0 0.0 0.0 0.0 0.0 0.0 0.0 0.0 0.0 0.0 0.0 
421 0.0 0.0 0.0 0.0 0.0 0.0 0.0 0.0 0.0 0.0 0.0 0.0 0.0 0.0 0.0 0.0 0.0 0.0 0.0 0.0 0.0 
422 0.0 0.0 0.0 0.0 0.0 0.0 0.0 0.0 0.0 0.0 0.0 0.0 0.0 0.0 0.0 0.0 0.0 0.0 0.0 0.0 0.0 
423 0.0 0.0 0.0 0.0 0.0 0.0 0.0 0.0 0.0 0.0 0.0 0.0 0.0 0.0 0.0 0.0 0.0 0.0 0.0 0.0 0.0 
424 0.0 0.0 0.0 0.0 0.0 0.0 0.0 0.0 0.0 0.0 0.0 0.0 0.0 0.0 0.0 0.0 0.0 0.0 0.0 0.0 0.0 
425 0.0 0.0 0.0 0.0 0.0 0.0 0.0 0.0 0.0 0.0 0.0 0.0 0.0 0.0 0.0 0.0 0.0 0.0 0.0 0.0 0.0 
426 0.0 0.0 0.0 0.0 0.0 0.0 0.0 0.0 0.0 0.0 0.0 0.0 0.0 0.0 0.0 0.0 0.0 0.0 0.0 0.0 0.0 
427 0.0 0.0 0.0 0.0 0.0 0.0 0.0 0.0 0.0 0.0 0.0 0.0 0.0 0.0 0.0 0.0 0.0 0.0 0.0 0.0 0.0 
428 0.0 0.0 0.0 0.0 0.0 0.0 0.0 0.0 0.0 0.0 0.0 0.0 0.0 0.0 0.0 0.0 0.0 0.0 0.0 0.0 0.0 
429 0.0 0.0 0.0 0.0 0.0 0.0 0.0 0.0 0.0 0.0 0.0 0.0 0.0 0.0 0.0 0.0 0.0 0.0 0.0 0.0 0.0 
430 0.0 0.0 0.0 0.0 0.0 0.0 0.0 0.0 0.0 0.0 0.0 0.0 0.0 0.0 0.0 0.0 0.0 0.0 0.0 0.0 0.0 
431 0.0 0.0 0.0 0.0 0.0 0.0 0.0 0.0 0.0 0.0 0.0 0.0 0.0 0.0 0.0 0.0 0.0 0.0 0.0 0.0 0.0 
432 0.0 0.0 0.0 0.0 0.0 0.0 0.0 0.0 0.0 0.0 0.0 0.0 0.0 0.0 0.0 0.0 0.0 0.0 0.0 0.0 0.0 
433 0.0 0.0 0.0 0.0 0.0 0.0 0.0 0.0 0.0 0.0 0.0 0.0 0.0 0.0 0.0 0.0 0.0 0.0 0.0 0.0 0.0 
434 0.0 0.0 0.0 0.0 0.0 0.0 0.0 0.0 0.0 0.0 0.0 0.0 0.0 0.0 0.0 0.0 0.0 0.0 0.0 0.0 0.0 
435 0.0 0.0 0.0 0.0 0.0 0.0 0.0 0.0 0.0 0.0 0.0 0.0 0.0 0.0 0.0 0.0 0.0 0.0 0.0 0.0 0.0 
436 0.0 0.0 0.0 0.0 0.0 0.0 0.0 0.0 0.0 0.0 0.0 0.0 0.0 0.0 0.0 0.0 0.0 0.0 0.0 0.0 0.0 
437 0.0 0.0 0.0 0.0 0.0 0.0 0.0 0.0 0.0 0.0 0.0 0.0 0.0 0.0 0.0 0.0 0.0 0.0 0.0 0.0 0.0 
438 0.0 0.0 0.0 0.0 0.0 0.0 0.0 0.0 0.0 0.0 0.0 0.0 0.0 0.0 0.0 0.0 0.0 0.0 0.0 0.0 0.0 
439 0.0 0.0 0.0 0.0 0.0 0.0 0.0 0.0 0.0 0.0 0.0 0.0 0.0 0.0 0.0 0.0 0.0 0.0 0.0 0.0 0.0 
440 0.0 0.0 0.0 0.0 0.0 0.0 0.0 0.0 0.0 0.0 0.0 0.0 0.0 0.0 0.0 0.0 0.0 0.0 0.0 0.0 0.0 
441 0.0 0.0 0.0 0.0 0.0 0.0 0.0 0.0 0.0 0.0 0.0 0.0 0.0 0.0 0.0 0.0 0.0 0.0 0.0 0.0 0.0 
442 0.0 0.0 0.0 0.0 0.0 0.0 0.0 0.0 0.0 0.0 0.0 0.0 0.0 0.0 0.0 0.0 0.0 0.0 0.0 0.0 0.0 
443 0.0 0.0 0.0 0.0 0.0 0.0 0.0 0.0 0.0 0.0 0.0 0.0 0.0 0.0 0.0 0.0 0.0 0.0 0.0 0.0 0.0 
444 0.0 0.0 0.0 0.0 0.0 0.0 0.0 0.0 0.0 0.0 0.0 0.0 0.0 0.0 0.0 0.0 0.0 0.0 0.0 0.0 0.0 
445 0.0 0.0 0.0 0.0 0.0 0.0 0.0 0.0 0.0 0.0 0.0 0.0 0.0 0.0 0.0 0.0 0.0 0.0 0.0 0.0 0.0 
446 0.0 0.0 0.0 0.0 0.0 0.0 0.0 0.0 0.0 0.0 0.0 0.0 0.0 0.0 0.0 0.0 0.0 0.0 0.0 0.0 0.0 
447 0.0 0.0 0.0 0.0 0.0 0.0 0.0 0.0 0.0 0.0 0.0 0.0 0.0 0.0 0.0 0.0 0.0 0.0 0.0 0.0 0.0 
448 0.0 0.0 0.0 0.0 0.0 0.0 0.0 0.0 0.0 0.0 0.0 0.0 0.0 0.0 0.0 0.0 0.0 0.0 0.0 0.0 0.0 
449 0.0 0.0 0.0 0.0 0.0 0.0 0.0 0.0 0.0 0.0 0.0 0.0 0.0 0.0 0.0 0.0 0.0 0.0 0.0 0.0 0.0 
450 0.0 0.0 0.0 0.0 0.0 0.0 0.0 0.0 0.0 0.0 0.0 0.0 0.0 0.0 0.0 0.0 0.0 0.0 0.0 0.0 0.0 
451 0.0 0.0 0.0 0.0 0.0 0.0 0.0 0.0 0.0 0.0 0.0 0.0 0.0 0.0 0.0 0.0 0.0 0.0 0.0 0.0 0.0 
452 0.0 0.0 0.0 0.0 0.0 0.0 0.0 0.0 0.0 0.0 0.0 0.0 0.0 0.0 0.0 0.0 0.0 0.0 0.0 0.0 0.0 
453 0.0 0.0 0.0 0.0 0.0 0.0 0.0 0.0 0.0 0.0 0.0 0.0 0.0 0.0 0.0 0.0 0.0 0.0 0.0 0.0 0.0 
454 0.0 0.0 0.0 0.0 0.0 0.0 0.0 0.0 0.0 0.0 0.0 0.0 0.0 0.0 0.0 0.0 0.0 0.0 0.0 0.0 0.0 
455 0.0 0.0 0.0 0.0 0.0 0.0 0.0 0.0 0.0 0.0 0.0 0.0 0.0 0.0 0.0 0.0 0.0 0.0 0.0 0.0 0.0 
456 0.0 0.0 0.0 0.0 0.0 0.0 0.0 0.0 0.0 0.0 0.0 0.0 0.0 0.0 0.0 0.0 0.0 0.0 0.0 0.0 0.0 
457 0.0 0.0 0.0 0.0 0.0 0.0 0.0 0.0 0.0 0.0 0.0 0.0 0.0 0.0 0.0 0.0 0.0 0.0 0.0 0.0 0.0 
458 0.0 0.0 0.0 0.0 0.0 0.0 0.0 0.0 0.0 0.0 0.0 0.0 0.0 0.0 0.0 0.0 0.0 0.0 0.0 0.0 0.0 
459 0.0 0.0 0.0 0.0 0.0 0.0 0.0 0.0 0.0 0.0 0.0 0.0 0.0 0.0 0.0 0.0 0.0 0.0 0.0 0.0 0.0 
460 0.0 0.0 0.0 0.0 0.0 0.0 0.0 0.0 0.0 0.0 0.0 0.0 0.0 0.0 0.0 0.0 0.0 0.0 0.0 0.0 0.0 
461 0.0 0.0 0.0 0.0 0.0 0.0 0.0 0.0 0.0 0.0 0.0 0.0 0.0 0.0 0.0 0.0 0.0 0.0 0.0 0.0 0.0 
462 0.0 0.0 0.0 0.0 0.0 0.0 0.0 0.0 0.0 0.0 0.0 0.0 0.0 0.0 0.0 0.0 0.0 0.0 0.0 0.0 0.0 
463 0.0 0.0 0.0 0.0 0.0 0.0 0.0 0.0 0.0 0.0 0.0 0.0 0.0 0.0 0.0 0.0 0.0 0.0 0.0 0.0 0.0 
464 0.0 0.0 0.0 0.0 0.0 0.0 0.0 0.0 0.0 0.0 0.0 0.0 0.0 0.0 0.0 0.0 0.0 0.0 0.0 0.0 0.0 
465 0.0 0.0 0.0 0.0 0.0 0.0 0.0 0.0 0.0 0.0 0.0 0.0 0.0 0.0 0.0 0.0 0.0 0.0 0.0 0.0 0.0 
466 0.0 0.0 0.0 0.0 0.0 0.0 0.0 0.0 0.0 0.0 0.0 0.0 0.0 0.0 0.0 0.0 0.0 0.0 0.0 0.0 0.0 
467 0.0 0.0 0.0 0.0 0.0 0.0 0.0 0.0 0.0 0.0 0.0 0.0 0.0 0.0 0.0 0.0 0.0 0.0 0.0 0.0 0.0 
468 0.0 0.0 0.0 0.0 0.0 0.0 0.0 0.0 0.0 0.0 0.0 0.0 0.0 0.0 0.0 0.0 0.0 0.0 0.0 0.0 0.0 
469 0.0 0.0 0.0 0.0 0.0 0.0 0.0 0.0 0.0 0.0 0.0 0.0 0.0 0.0 0.0 0.0 0.0 0.0 0.0 0.0 0.0 
470 0.0 0.0 0.0 0.0 0.0 0.0 0.0 0.0 0.0 0.0 0.0 0.0 0.0 0.0 0.0 0.0 0.0 0.0 0.0 0.0 0.0 
471 0.0 0.0 0.0 0.0 0.0 0.0 0.0 0.0 0.0 0.0 0.0 0.0 0.0 0.0 0.0 0.0 0.0 0.0 0.0 0.0 0.0 
472 0.0 0.0 0.0 0.0 0.0 0.0 0.0 0.0 0.0 0.0 0.0 0.0 0.0 0.0 0.0 0.0 0.0 0.0 0.0 0.0 0.0 
473 0.0 0.0 0.0 0.0 0.0 0.0 0.0 0.0 0.0 0.0 0.0 0.0 0.0 0.0 0.0 0.0 0.0 0.0 0.0 0.0 0.0 
474 0.0 0.0 0.0 0.0 0.0 0.0 0.0 0.0 0.0 0.0 0.0 0.0 0.0 0.0 0.0 0.0 0.0 0.0 0.0 0.0 0.0 
475 0.0 0.0 0.0 0.0 0.0 0.0 0.0 0.0 0.0 0.0 0.0 0.0 0.0 0.0 0.0 0.0 0.0 0.0 0.0 0.0 0.0 
476 0.0 0.0 0.0 0.0 0.0 0.0 0.0 0.0 0.0 0.0 0.0 0.0 0.0 0.0 0.0 0.0 0.0 0.0 0.0 0.0 0.0 
477 0.0 0.0 0.0 0.0 0.0 0.0 0.0 0.0 0.0 0.0 0.0 0.0 0.0 0.0 0.0 0.0 0.0 0.0 0.0 0.0 0.0 
478 0.0 0.0 0.0 0.0 0.0 0.0 0.0 0.0 0.0 0.0 0.0 0.0 0.0 0.0 0.0 0.0 0.0 0.0 0.0 0.0 0.0 
479 0.0 0.0 0.0 0.0 0.0 0.0 0.0 0.0 0.0 0.0 0.0 0.0 0.0 0.0 0.0 0.0 0.0 0.0 0.0 0.0 0.0 
480 0.0 0.0 0.0 0.0 0.0 0.0 0.0 0.0 0.0 0.0 0.0 0.0 0.0 0.0 0.0 0.0 0.0 0.0 0.0 0.0 0.0 
481 0.0 0.0 0.0 0.0 0.0 0.0 0.0 0.0 0.0 0.0 0.0 0.0 0.0 0.0 0.0 0.0 0.0 0.0 0.0 0.0 0.0 
482 0.0 0.0 0.0 0.0 0.0 0.0 0.0 0.0 0.0 0.0 0.0 0.0 0.0 0.0 0.0 0.0 0.0 0.0 0.0 0.0 0.0 
483 0.0 0.0 0.0 0.0 0.0 0.0 0.0 0.0 0.0 0.0 0.0 0.0 0.0 0.0 0.0 0.0 0.0 0.0 0.0 0.0 0.0 
484 0.0 0.0 0.0 0.0 0.0 0.0 0.0 0.0 0.0 0.0 0.0 0.0 0.0 0.0 0.0 0.0 0.0 0.0 0.0 0.0 0.0 
485 0.0 0.0 0.0 0.0 0.0 0.0 0.0 0.0 0.0 0.0 0.0 0.0 0.0 0.0 0.0 0.0 0.0 0.0 0.0 0.0 0.0 
486 0.0 0.0 0.0 0.0 0.0 0.0 0.0 0.0 0.0 0.0 0.0 0.0 0.0 0.0 0.0 0.0 0.0 0.0 0.0 0.0 0.0 
487 0.0 0.0 0.0 0.0 0.0 0.0 0.0 0.0 0.0 0.0 0.0 0.0 0.0 0.0 0.0 0.0 0.0 0.0 0.0 0.0 0.0 
488 0.0 0.0 0.0 0.0 0.0 0.0 0.0 0.0 0.0 0.0 0.0 0.0 0.0 0.0 0.0 0.0 0.0 0.0 0.0 0.0 0.0 
489 0.0 0.0 0.0 0.0 0.0 0.0 0.0 0.0 0.0 0.0 0.0 0.0 0.0 0.0 0.0 0.0 0.0 0.0 0.0 0.0 0.0 
490 0.0 0.0 0.0 0.0 0.0 0.0 0.0 0.0 0.0 0.0 0.0 0.0 0.0 0.0 0.0 0.0 0.0 0.0 0.0 0.0 0.0 
491 0.0 0.0 0.0 0.0 0.0 0.0 0.0 0.0 0.0 0.0 0.0 0.0 0.0 0.0 0.0 0.0 0.0 0.0 0.0 0.0 0.0 
492 0.0 0.0 0.0 0.0 0.0 0.0 0.0 0.0 0.0 0.0 0.0 0.0 0.0 0.0 0.0 0.0 0.0 0.0 0.0 0.0 0.0 
493 0.0 0.0 0.0 0.0 0.0 0.0 0.0 0.0 0.0 0.0 0.0 0.0 0.0 0.0 0.0 0.0 0.0 0.0 0.0 0.0 0.0 
494 0.0 0.0 0.0 0.0 0.0 0.0 0.0 0.0 0.0 0.0 0.0 0.0 0.0 0.0 0.0 0.0 0.0 0.0 0.0 0.0 0.0 
495 0.0 0.0 0.0 0.0 0.0 0.0 0.0 0.0 0.0 0.0 0.0 0.0 0.0 0.0 0.0 0.0 0.0 0.0 0.0 0.0 0.0 
496 0.0 0.0 0.0 0.0 0.0 0.0 0.0 0.0 0.0 0.0 0.0 0.0 0.0 0.0 0.0 0.0 0.0 0.0 0.0 0.0 0.0 
497 0.0 0.0 0.0 0.0 0.0 0.0 0.0 0.0 0.0 0.0 0.0 0.0 0.0 0.0 0.0 0.0 0.0 0.0 0.0 0.0 0.0 
498 0.0 0.0 0.0 0.0 0.0 0.0 0.0 0.0 0.0 0.0 0.0 0.0 0.0 0.0 0.0 0.0 0.0 0.0 0.0 0.0 0.0 
499 0.0 0.0 0.0 0.0 0.0 0.0 0.0 0.0 0.0 0.0 0.0 0.0 0.0 0.0 0.0 0.0 0.0 0.0 0.0 0.0 0.0 
