0 100.0 6554.2 5937.1 5737.1 5593.0 5567.2 5509.6 5456.4 5420.9 5416.3 5389.6 5369.5 5349.4 5310.0 5334.7 5286.1 5314.4 5322.0 5244.5 5257.5 5283.3 
1 0.0 11838.9 11555.6 11345.5 11168.8 11030.2 10953.6 10898.9 10832.3 10784.7 10741.1 10713.7 10636.6 10653.0 10595.1 10577.1 10582.9 10550.9 10608.9 10571.6 10525.2 
2 0.0 10653.5 11022.3 10965.5 10968.6 10897.3 10827.6 10801.1 10696.9 10658.4 10630.3 10598.2 10625.2 10581.3 10566.2 10580.9 10550.3 10580.1 10517.1 10521.8 10483.7 
3 0.0 10097.0 10453.3 10627.3 10654.9 10662.7 10659.1 10613.7 10614.2 10633.0 10564.0 10574.6 10512.6 10525.4 10522.5 10570.5 10498.7 10442.2 10484.8 10502.7 10504.5 
4 0.0 10043.4 10206.8 10326.4 10420.3 10442.2 10484.3 10480.1 10498.9 10454.4 10491.6 10490.7 10502.1 10493.8 10502.5 10476.6 10493.1 10501.0 10464.4 10462.9 10462.5 
5 0.0 10003.3 10012.1 10086.8 10176.5 10221.6 10319.5 10285.8 10400.2 10371.6 10384.1 10339.6 10442.7 10419.5 10390.8 10425.5 10356.6 10371.9 10389.0 10360.8 10319.0 
6 0.0 10022.0 10010.0 10085.2 10084.8 10121.4 10169.4 10297.2 10279.2 10324.9 10329.8 10366.0 10307.9 10366.3 10344.8 10254.7 10340.2 10262.3 10296.9 10275.1 10341.5 
7 0.0 10026.4 10005.4 10021.3 10073.8 10130.3 10133.7 10149.4 10252.9 10260.9 10247.9 10257.6 10280.2 10243.9 10269.0 10297.5 10240.1 10239.4 10294.8 10287.3 10278.7 
8 0.0 9998.7 10029.8 10043.5 10033.4 10081.9 10072.0 10057.7 10051.5 10089.2 10153.5 10170.9 10189.1 10210.9 10222.2 10219.4 10232.5 10259.9 10192.8 10243.1 10197.9 
9 0.0 9088.5 9975.6 9931.7 10004.6 10026.4 10028.7 10102.1 10065.8 10079.1 10130.6 10138.7 10113.2 10164.8 10114.6 10155.9 10162.9 10175.2 10171.4 10170.3 10206.5 
10 0.0 2102.2 10012.9 10002.9 10007.8 9995.1 10048.6 10013.6 10009.7 10042.6 10037.8 10082.1 10088.5 10072.1 10131.5 10114.5 10132.7 10152.5 10128.2 10123.4 10142.2 
11 0.0 264.8 10027.5 10055.4 9999.3 10012.1 9963.9 9998.7 10034.3 10043.6 10028.4 10016.7 10056.5 10051.9 10058.3 10116.4 10103.8 10123.7 10104.0 10145.2 10127.1 
12 0.0 22.4 9982.9 9997.7 10036.1 10002.1 10049.3 10033.7 10030.1 10061.2 10019.7 10028.4 10021.4 10083.1 10099.7 10031.4 10038.4 10052.5 10102.9 10049.9 10094.6 
13 0.0 2.4 9999.1 10011.3 9996.0 10033.9 10004.1 10015.6 10019.5 9930.5 10038.7 10025.5 10031.3 9982.5 10007.2 10013.7 10041.2 10089.7 10086.3 10165.1 10109.4 
14 0.0 0.0 9958.5 10021.3 10031.1 9985.5 10019.1 10036.5 10021.2 10040.7 10064.8 10039.9 10021.1 10000.8 9934.8 10005.4 10020.0 10003.8 10054.1 9998.6 10043.3 
15 0.0 0.0 10017.1 10015.0 10004.9 10006.6 9987.5 10015.6 9968.5 10026.0 9955.9 10013.7 10005.7 10027.5 10016.6 9990.4 10000.3 10022.6 9992.2 10021.3 10016.9 
16 0.0 0.0 10022.8 9963.2 10014.1 10003.9 10017.7 9971.5 9997.7 9965.5 9964.1 9993.4 10012.3 9962.4 10026.2 10042.8 10034.0 10013.1 10022.5 9989.4 10027.1 
17 0.0 0.0 10024.4 9954.8 9968.2 9993.7 9976.4 9981.4 10014.2 10036.8 10003.4 9956.8 9965.4 9982.4 9997.3 9996.8 10013.8 10025.5 9983.5 10032.8 10055.4 
18 0.0 0.0 9944.4 9953.0 9946.6 9966.3 9944.3 9967.1 10016.0 10012.9 10033.1 9992.1 9981.3 10010.7 10009.5 9950.5 10049.3 9991.7 10003.2 10025.5 10008.5 
19 0.0 0.0 10012.9 10019.0 9994.8 9981.5 10035.5 10032.2 10009.4 10011.4 9975.9 10029.2 10034.1 10002.3 10041.1 10051.4 10009.2 9970.8 10011.3 9955.2 9899.7 
20 0.0 0.0 9491.4 10011.2 10018.0 9998.1 9950.2 9967.0 9955.4 9984.2 10004.7 9965.9 10008.0 10046.6 9987.2 10002.1 10002.2 10002.2 9991.2 9981.7 10020.2 
21 0.0 0.0 3697.5 10053.1 10000.1 10013.1 9985.1 9988.4 9986.3 9968.6 9966.7 10063.7 10032.8 10019.3 9999.0 10029.0 9995.1 9998.3 10024.0 10016.7 10029.3 
22 0.0 0.0 826.4 9979.9 10026.8 9964.6 10021.7 9947.6 10012.0 9955.4 9996.5 9961.0 10002.9 9973.1 9995.1 9977.0 9924.5 10001.1 9973.0 10030.7 9938.7 
23 0.0 0.0 91.7 9961.6 9988.4 10104.5 10017.7 10090.4 10016.1 10023.7 10021.6 9986.5 9963.6 10005.4 10001.3 9998.4 9987.3 10013.5 9981.5 10000.2 10014.5 
24 0.0 0.0 5.1 9980.8 9977.3 9932.9 9969.3 9955.7 9959.6 10007.9 9976.3 10001.4 9943.8 9969.9 10013.1 9994.9 10039.2 9974.3 10032.6 9989.5 10013.1 
25 0.0 0.0 0.0 10046.5 9967.7 9978.0 9990.8 10005.6 10017.0 9995.4 10004.0 10009.6 9977.8 9953.9 9954.1 10020.6 10005.8 10081.2 10019.2 10010.0 10023.0 
26 0.0 0.0 0.0 9970.1 10020.6 10025.9 10028.9 10036.4 10036.9 9987.5 10012.9 9978.5 10064.2 9979.8 10019.3 9968.6 10027.3 9990.6 10037.1 10022.8 10080.0 
27 0.0 0.0 0.0 10025.3 10037.8 10020.9 10007.6 9961.8 9977.5 10004.7 10014.5 9990.1 9973.8 10015.7 9995.9 10017.9 10004.7 9993.4 10008.7 9976.2 9979.9 
28 0.0 0.0 0.0 9957.7 9961.4 9952.9 10018.9 9962.1 9948.8 9990.2 10027.0 10008.7 10045.2 10030.7 10031.3 10023.6 9997.2 10047.7 10005.4 10057.3 10002.0 
29 0.0 0.0 0.0 10032.6 9983.8 10032.7 9930.0 10075.5 10000.4 10005.6 9951.3 9979.9 9978.0 9993.3 10014.4 9985.5 10006.4 9996.5 10021.4 10008.6 10049.1 
30 0.0 0.0 0.0 10057.2 10018.1 9971.9 10061.3 9927.2 9997.7 9971.7 10046.9 10062.2 10009.2 10026.5 9995.6 9977.2 10002.5 9968.1 10003.0 10058.2 10029.7 
31 0.0 0.0 0.0 9086.9 9988.1 10017.6 9975.5 10048.4 10034.4 10034.3 10018.3 9987.8 9961.4 9985.6 10003.3 10001.7 9958.8 10020.2 10049.9 9972.9 9988.4 
32 0.0 0.0 0.0 4545.7 10007.1 10022.5 10004.9 9994.6 10015.8 10040.1 10020.7 10013.1 10040.2 10031.4 9999.7 10035.4 10028.2 10018.8 9932.2 9940.7 9918.2 
33 0.0 0.0 0.0 791.0 10018.8 10019.0 10042.9 10017.1 9959.2 9980.4 9932.8 10000.1 9970.6 10047.6 9990.9 10021.7 10056.4 10001.0 9995.5 9968.7 9998.0 
34 0.0 0.0 0.0 67.9 9969.5 9973.7 9972.7 9991.2 10011.5 10017.8 10021.1 9979.1 10022.2 9982.3 10024.4 10006.6 9967.3 9986.2 9981.1 9980.9 9945.5 
35 0.0 0.0 0.0 6.0 10036.9 9973.3 9993.4 9990.0 10000.8 9970.9 9957.2 10016.4 10020.8 9996.2 10002.6 10005.1 10019.0 9965.4 9975.7 10011.3 9974.9 
36 0.0 0.0 0.0 0.0 9989.7 9999.2 9976.4 9991.7 10028.1 10007.6 10051.0 9987.8 9957.4 9964.7 9966.3 9979.8 9968.0 9989.0 10016.8 9988.1 10036.5 
37 0.0 0.0 0.0 0.0 9988.0 10002.6 10013.1 10010.8 9988.4 10008.7 10008.1 10053.0 10024.3 10004.3 9975.0 9961.9 9972.0 9973.4 10022.2 10045.1 10013.1 
38 0.0 0.0 0.0 0.0 10033.1 10042.5 10007.9 10050.9 10046.1 10045.1 10024.6 10055.3 10040.8 10036.9 10022.0 10012.9 10019.5 10001.9 9956.2 10017.3 10024.9 
39 0.0 0.0 0.0 0.0 9991.7 10025.6 10042.7 10015.3 10014.4 10009.9 9988.3 9941.4 10042.4 9945.0 10007.3 9999.0 9985.1 10010.7 10015.6 9940.0 9984.3 
40 0.0 0.0 0.0 0.0 10027.0 9993.5 10024.0 9991.5 10039.7 10008.6 10060.9 10006.0 9934.8 10024.5 9988.2 9949.8 9963.5 9967.5 9990.9 10003.3 9985.7 
41 0.0 0.0 0.0 0.0 10017.4 9974.1 9991.3 10009.4 9975.3 9997.6 9960.7 9944.5 9995.1 10041.2 10013.8 10057.3 10012.9 9994.6 9987.1 10027.0 10005.5 
42 0.0 0.0 0.0 0.0 9364.0 9983.3 9951.1 10006.5 10011.3 10029.1 9998.2 10011.0 10021.5 10005.2 10028.8 9971.8 10036.8 10019.0 9988.2 9988.5 9988.1 
43 0.0 0.0 0.0 0.0 4785.7 9997.0 10011.4 9987.4 9991.6 9941.2 9997.6 10010.1 10006.8 9985.4 9997.9 10016.3 9992.4 10010.9 9964.2 9945.5 9987.6 
44 0.0 0.0 0.0 0.0 1860.5 9987.6 10015.4 10021.2 9950.9 9992.3 10024.7 10037.0 10000.9 10001.3 9982.5 10011.1 10013.3 9977.5 9988.5 10020.1 9968.3 
45 0.0 0.0 0.0 0.0 281.9 10013.3 10046.5 9975.2 10077.2 9984.9 9958.5 9975.2 9987.4 9996.0 9977.3 9997.7 10015.3 10072.6 10019.1 9965.6 10014.8 
46 0.0 0.0 0.0 0.0 29.7 10025.9 9958.0 10003.2 9954.0 10013.2 10009.9 9995.5 10048.3 9974.3 10040.9 10042.2 9989.7 9953.8 10038.3 10027.3 10027.7 
47 0.0 0.0 0.0 0.0 1.8 9988.5 9987.8 9984.8 9999.9 10016.8 9972.3 10004.6 9924.1 10014.9 10002.3 9988.5 10012.6 10003.0 10018.7 10023.7 9961.0 
48 0.0 0.0 0.0 0.0 0.0 10023.0 10027.1 9970.0 9978.9 9982.6 9972.0 9958.3 10019.7 9960.4 9974.1 9971.5 9945.7 9946.1 9962.9 10021.4 10047.2 
49 0.0 0.0 0.0 0.0 0.0 10052.1 10014.0 10026.3 9986.9 9948.4 9957.2 9999.8 9958.7 10022.0 9966.8 9929.6 10028.2 10032.4 10006.2 10028.1 9990.6 
50 0.0 0.0 0.0 0.0 0.0 9953.1 9970.8 10002.9 9959.4 9982.5 10039.5 10057.9 10032.5 10012.2 10014.8 10092.4 9987.0 10040.1 10018.3 9954.0 10039.9 
51 0.0 0.0 0.0 0.0 0.0 9966.2 9987.7 9995.3 9990.4 10048.0 10001.6 9965.0 10039.9 10043.2 10116.0 10034.7 9989.4 9998.4 10040.1 10044.5 9994.2 
52 0.0 0.0 0.0 0.0 0.0 10004.4 9977.4 10023.0 9983.8 9988.5 10005.3 10025.8 10055.3 10051.9 10022.9 10015.7 10054.2 10007.7 10028.1 9992.0 10019.9 
53 0.0 0.0 0.0 0.0 0.0 9796.8 10017.2 9970.4 10058.1 10039.4 10028.6 10026.3 9986.0 10010.4 9983.1 9996.1 10016.9 10027.5 9956.3 9974.7 10004.1 
54 0.0 0.0 0.0 0.0 0.0 5576.5 10015.7 9995.3 10006.8 9958.5 9996.6 9980.5 10002.4 9957.7 9920.6 10011.2 10025.1 9997.7 10012.9 9999.6 9953.8 
55 0.0 0.0 0.0 0.0 0.0 2225.7 9987.8 9979.1 9971.0 10031.7 9990.8 9965.6 9986.8 9971.4 10013.5 9982.8 9972.4 9975.9 10048.1 10062.9 10077.7 
56 0.0 0.0 0.0 0.0 0.0 454.9 10073.5 10022.3 10018.2 9962.6 10012.9 10018.3 9984.1 10002.6 10013.1 9985.0 9982.3 10029.8 9993.2 10046.1 10032.3 
57 0.0 0.0 0.0 0.0 0.0 39.1 10001.4 10005.6 9983.8 10031.9 10008.7 9994.8 10049.6 10020.3 10016.2 9987.9 9996.9 10009.9 9996.0 9967.4 9955.5 
58 0.0 0.0 0.0 0.0 0.0 2.9 9942.4 9982.8 10006.3 9979.3 9968.1 9966.1 9942.5 10009.6 9978.6 10009.6 10006.8 9957.4 9988.1 9967.6 10002.3 
59 0.0 0.0 0.0 0.0 0.0 0.0 10005.8 10022.8 10015.5 10012.0 10020.7 10070.9 9973.0 9948.7 10029.3 10010.2 10034.0 9980.6 9986.6 10008.1 9965.5 
60 0.0 0.0 0.0 0.0 0.0 0.0 9989.2 10033.1 10016.0 10039.7 10037.6 9981.9 10001.2 9977.4 9991.7 10018.9 10005.1 10036.4 10012.0 10007.2 10051.0 
61 0.0 0.0 0.0 0.0 0.0 0.0 10011.7 9935.2 9989.6 9967.6 9967.8 9975.4 10034.4 10053.6 10051.5 10032.8 10021.4 10060.4 10032.7 10002.5 10013.5 
62 0.0 0.0 0.0 0.0 0.0 0.0 9959.1 10019.4 9948.7 9996.4 9999.7 9974.9 10005.1 10017.4 9978.1 9996.2 10011.3 10041.5 9987.9 10037.3 9987.9 
63 0.0 0.0 0.0 0.0 0.0 0.0 10038.7 9971.4 10026.3 9977.6 9961.8 10012.4 9990.1 9952.4 9969.0 9997.4 9982.2 9983.0 10011.2 10000.7 10000.8 
64 0.0 0.0 0.0 0.0 0.0 0.0 9589.1 10017.2 10008.3 10072.4 10052.8 10023.1 10011.4 10016.7 9991.6 10015.4 10036.1 9991.2 9990.6 9998.3 9980.0 
65 0.0 0.0 0.0 0.0 0.0 0.0 6918.7 10006.4 10025.4 9980.7 10014.3 10012.8 9922.3 9975.8 9998.3 9992.4 9994.2 9960.2 9995.8 9983.7 10001.2 
66 0.0 0.0 0.0 0.0 0.0 0.0 3081.0 9996.7 10037.9 10008.0 9955.9 10000.4 10027.2 10025.9 10031.4 10006.8 9973.2 9996.4 10013.3 9993.4 10037.2 
67 0.0 0.0 0.0 0.0 0.0 0.0 1059.7 10006.3 9970.3 9988.0 9992.1 9992.9 10044.8 10061.7 10023.6 9963.1 10034.3 9981.5 10038.9 9960.8 9992.0 
68 0.0 0.0 0.0 0.0 0.0 0.0 141.0 10035.9 9993.8 9988.5 10040.7 9989.8 10003.8 9998.7 9964.0 10025.2 9963.6 10055.2 9945.3 10010.0 9940.4 
69 0.0 0.0 0.0 0.0 0.0 0.0 12.9 10013.9 10056.3 9993.3 9956.2 10041.9 10053.7 10009.7 10013.1 9968.3 9984.1 9965.7 10062.2 10009.2 10036.0 
70 0.0 0.0 0.0 0.0 0.0 0.0 1.2 9999.9 9975.2 10005.7 10023.1 9981.3 9962.4 9984.9 10063.4 10055.6 10042.5 10053.2 10033.9 10050.7 10032.7 
71 0.0 0.0 0.0 0.0 0.0 0.0 0.1 9965.5 9936.3 9966.0 10022.0 9990.4 10015.6 10005.5 9971.2 10026.6 9999.3 9990.2 9935.9 10011.5 10019.1 
72 0.0 0.0 0.0 0.0 0.0 0.0 0.0 9991.9 10035.3 10009.7 10031.6 10041.4 9971.5 10006.6 10002.1 9992.8 10008.3 10022.0 10017.7 9974.6 10023.4 
73 0.0 0.0 0.0 0.0 0.0 0.0 0.0 9995.1 9994.9 10037.0 9994.1 10017.2 10030.2 10002.7 9978.2 9956.9 10013.2 10024.9 9992.2 9997.4 9996.0 
74 0.0 0.0 0.0 0.0 0.0 0.0 0.0 10010.0 9971.0 10034.0 9971.7 10026.0 10028.0 9997.5 9978.4 9991.4 9988.1 10023.2 10046.2 10032.5 10008.7 
75 0.0 0.0 0.0 0.0 0.0 0.0 0.0 10018.3 9995.6 9966.7 10015.7 9961.4 10001.1 9940.9 9940.2 9995.2 10000.0 9960.6 10008.2 9997.9 10008.7 
76 0.0 0.0 0.0 0.0 0.0 0.0 0.0 7150.4 10024.4 10011.6 10011.6 9988.7 9931.8 9991.1 10021.0 10005.2 9983.2 9981.3 10008.2 10008.6 10023.2 
77 0.0 0.0 0.0 0.0 0.0 0.0 0.0 3802.0 10018.3 10008.0 10000.6 9965.9 10014.6 10029.2 10049.0 9966.7 9964.9 9978.6 9959.6 9979.7 9960.7 
78 0.0 0.0 0.0 0.0 0.0 0.0 0.0 1728.0 9968.0 10003.7 9967.3 10015.6 10006.7 10005.3 9983.3 10002.0 9989.9 9988.5 9960.3 9980.1 9936.9 
79 0.0 0.0 0.0 0.0 0.0 0.0 0.0 372.9 10015.8 9978.8 10001.0 10019.3 9994.8 10005.1 9967.3 9997.4 9996.5 9996.5 9981.2 9948.8 9967.4 
80 0.0 0.0 0.0 0.0 0.0 0.0 0.0 33.0 9976.6 9956.8 10004.3 9967.3 9938.2 9965.0 10011.3 9957.2 9974.8 9968.6 9966.3 9974.3 9993.9 
81 0.0 0.0 0.0 0.0 0.0 0.0 0.0 2.9 10029.3 10015.5 9949.4 9980.2 10034.0 9999.3 9957.0 10037.3 9967.1 9940.4 9981.5 10014.6 10014.0 
82 0.0 0.0 0.0 0.0 0.0 0.0 0.0 0.4 9987.5 10002.5 10033.2 9978.5 10010.2 9989.8 9990.2 9975.8 10022.4 9958.9 10033.8 10014.4 10025.1 
83 0.0 0.0 0.0 0.0 0.0 0.0 0.0 0.0 9987.1 10054.5 10021.5 10042.5 9972.3 9957.5 9973.0 9996.0 9945.2 9988.0 9897.5 9979.5 9978.1 
84 0.0 0.0 0.0 0.0 0.0 0.0 0.0 0.0 10026.5 9977.2 9996.6 9998.8 10009.0 10057.8 10023.8 9994.7 10020.4 9998.6 9986.4 9989.0 9937.7 
85 0.0 0.0 0.0 0.0 0.0 0.0 0.0 0.0 10020.4 9984.6 10037.6 10029.0 9976.1 10009.9 10032.9 9992.5 10015.1 10009.9 9999.4 9971.9 9957.8 
86 0.0 0.0 0.0 0.0 0.0 0.0 0.0 0.0 10066.4 9985.5 9968.1 9969.0 10052.8 9964.2 9978.2 9977.0 9988.6 10020.0 10032.5 9940.8 9986.0 
87 0.0 0.0 0.0 0.0 0.0 0.0 0.0 0.0 7988.4 10038.3 9956.9 9969.0 9953.5 10056.2 10010.9 9988.5 10028.5 10006.4 9981.3 9967.2 10001.4 
88 0.0 0.0 0.0 0.0 0.0 0.0 0.0 0.0 4456.5 9945.4 10006.4 10003.4 10007.7 10010.6 9998.4 10000.9 9919.3 9944.6 9985.2 10106.6 10045.2 
89 0.0 0.0 0.0 0.0 0.0 0.0 0.0 0.0 2128.7 9988.1 10006.1 10008.2 9996.0 9944.3 10021.2 10037.9 10046.2 10033.3 10057.7 9990.1 10025.3 
90 0.0 0.0 0.0 0.0 0.0 0.0 0.0 0.0 940.3 10042.0 9969.6 9932.2 9986.5 10008.0 9976.9 10015.9 9996.0 10040.8 9990.9 10003.0 9990.9 
91 0.0 0.0 0.0 0.0 0.0 0.0 0.0 0.0 126.0 9960.1 10017.1 9982.8 9917.9 9965.0 9936.1 9937.5 10017.2 10009.8 9979.8 9977.7 9995.8 
92 0.0 0.0 0.0 0.0 0.0 0.0 0.0 0.0 10.0 10026.6 9992.1 10014.7 9950.7 9931.1 9953.7 9948.0 9979.6 10005.9 10013.0 9963.0 9958.7 
93 0.0 0.0 0.0 0.0 0.0 0.0 0.0 0.0 0.7 9979.5 10016.3 10045.6 10068.9 9975.2 10001.8 10065.9 9983.7 9937.0 10021.2 10041.7 10019.9 
94 0.0 0.0 0.0 0.0 0.0 0.0 0.0 0.0 0.1 10057.5 10007.9 10002.3 10036.7 10050.8 10042.6 9984.3 10027.7 9991.7 9978.8 9974.7 9989.4 
95 0.0 0.0 0.0 0.0 0.0 0.0 0.0 0.0 0.0 9976.8 10038.3 10015.1 10017.0 10001.6 9965.0 9998.9 9979.6 9999.3 9952.2 10003.0 10021.2 
96 0.0 0.0 0.0 0.0 0.0 0.0 0.0 0.0 0.0 9970.3 9926.9 9982.5 10002.9 9999.5 10036.3 9955.3 9984.4 10046.8 9995.2 9984.9 9973.1 
97 0.0 0.0 0.0 0.0 0.0 0.0 0.0 0.0 0.0 10076.2 9995.2 9989.8 9951.7 10028.7 10052.6 10003.8 9985.1 9966.8 9999.8 9966.7 9973.1 
98 0.0 0.0 0.0 0.0 0.0 0.0 0.0 0.0 0.0 8656.1 10023.3 10035.6 10047.0 9990.3 10011.9 10057.9 10024.6 9990.5 10021.0 10032.8 10013.3 
99 0.0 0.0 0.0 0.0 0.0 0.0 0.0 0.0 0.0 5610.8 9986.9 9926.7 9988.2 10001.4 9962.5 10002.0 10051.2 10049.3 10048.5 10078.6 9996.2 
100 0.0 0.0 0.0 0.0 0.0 0.0 0.0 0.0 0.0 2637.7 9969.5 10014.9 9952.0 9955.1 9981.6 10009.1 9990.5 9986.1 10006.1 9984.2 10053.2 
101 0.0 0.0 0.0 0.0 0.0 0.0 0.0 0.0 0.0 1208.4 10000.8 10018.8 10006.7 9998.8 10025.9 10030.2 10000.7 10000.3 9996.2 9999.4 10024.2 
102 0.0 0.0 0.0 0.0 0.0 0.0 0.0 0.0 0.0 209.4 10036.6 9991.4 10014.5 10032.9 9961.5 9989.6 9999.0 10053.3 10024.8 9996.6 9988.0 
103 0.0 0.0 0.0 0.0 0.0 0.0 0.0 0.0 0.0 23.5 10033.3 9969.6 10034.2 9990.2 10073.7 9997.3 10014.8 9995.8 9982.3 10000.5 10035.1 
104 0.0 0.0 0.0 0.0 0.0 0.0 0.0 0.0 0.0 0.9 9972.0 10050.5 10029.5 10082.1 9996.2 10013.4 9981.3 9992.1 10013.0 9989.3 9985.7 
105 0.0 0.0 0.0 0.0 0.0 0.0 0.0 0.0 0.0 0.3 9969.7 10022.5 9977.2 9967.0 9992.1 9989.4 9963.7 9957.8 9978.3 10009.0 10003.4 
106 0.0 0.0 0.0 0.0 0.0 0.0 0.0 0.0 0.0 0.0 10057.6 9983.7 10039.6 9955.4 9988.8 9973.7 9982.0 9974.0 9981.3 10035.9 10022.6 
107 0.0 0.0 0.0 0.0 0.0 0.0 0.0 0.0 0.0 0.0 9990.7 10006.7 9963.0 10011.3 9986.0 10012.1 10030.3 9999.9 9983.9 9979.0 9992.0 
108 0.0 0.0 0.0 0.0 0.0 0.0 0.0 0.0 0.0 0.0 10030.2 9996.2 9991.7 10003.8 9997.2 9983.6 10027.1 10032.0 10011.8 9987.9 9968.4 
109 0.0 0.0 0.0 0.0 0.0 0.0 0.0 0.0 0.0 0.0 8476.5 10000.1 10035.0 10004.3 9986.7 10017.0 9961.1 9996.1 10014.4 10043.2 10001.4 
110 0.0 0.0 0.0 0.0 0.0 0.0 0.0 0.0 0.0 0.0 5245.7 10012.8 9950.2 10032.6 10041.8 10009.5 10067.0 10032.2 10027.6 9976.9 9993.5 
111 0.0 0.0 0.0 0.0 0.0 0.0 0.0 0.0 0.0 0.0 2950.3 9994.6 9993.9 10007.7 9981.8 10027.7 10030.9 10016.5 10002.3 10025.6 10039.2 
112 0.0 0.0 0.0 0.0 0.0 0.0 0.0 0.0 0.0 0.0 1436.6 10000.4 10008.8 10022.3 10021.7 10043.4 10004.3 10017.0 10081.6 10015.3 10000.7 
113 0.0 0.0 0.0 0.0 0.0 0.0 0.0 0.0 0.0 0.0 356.1 10005.5 10028.3 9971.2 9979.4 9966.1 9952.2 10048.4 9962.3 9941.3 9984.2 
114 0.0 0.0 0.0 0.0 0.0 0.0 0.0 0.0 0.0 0.0 35.0 10009.8 9994.2 10006.2 10018.7 9985.0 10018.0 9983.8 9997.2 10095.9 10005.9 
115 0.0 0.0 0.0 0.0 0.0 0.0 0.0 0.0 0.0 0.0 2.2 9992.2 10020.9 10013.6 10045.9 9993.6 9959.5 9942.1 9973.5 9992.4 10054.2 
116 0.0 0.0 0.0 0.0 0.0 0.0 0.0 0.0 0.0 0.0 0.2 10022.7 9980.3 9965.7 9987.0 10009.6 10016.5 10005.7 9991.4 9973.3 10022.2 
117 0.0 0.0 0.0 0.0 0.0 0.0 0.0 0.0 0.0 0.0 0.0 10026.4 10016.6 10040.7 10004.3 10005.3 10007.1 9988.4 9993.0 10008.3 10011.0 
118 0.0 0.0 0.0 0.0 0.0 0.0 0.0 0.0 0.0 0.0 0.0 9961.6 9989.9 9995.2 9994.1 10032.9 10022.4 10032.5 10037.5 9991.0 10028.7 
119 0.0 0.0 0.0 0.0 0.0 0.0 0.0 0.0 0.0 0.0 0.0 9952.1 9984.1 9965.4 10014.8 10018.0 9988.9 10022.0 10026.4 10033.1 9965.9 
120 0.0 0.0 0.0 0.0 0.0 0.0 0.0 0.0 0.0 0.0 0.0 8515.8 10052.9 10028.3 10045.8 9984.7 10036.8 9997.6 10009.0 10044.8 10015.7 
121 0.0 0.0 0.0 0.0 0.0 0.0 0.0 0.0 0.0 0.0 0.0 6247.9 9956.3 10028.7 9975.2 9989.4 10021.2 9987.4 9965.9 9985.4 9977.3 
122 0.0 0.0 0.0 0.0 0.0 0.0 0.0 0.0 0.0 0.0 0.0 3194.5 10026.7 9982.3 10002.1 10002.4 9969.5 10020.8 10010.7 9978.2 9965.0 
123 0.0 0.0 0.0 0.0 0.0 0.0 0.0 0.0 0.0 0.0 0.0 1307.9 10026.5 10046.3 9981.2 9988.3 9948.4 9955.3 9935.4 9991.3 10025.6 
124 0.0 0.0 0.0 0.0 0.0 0.0 0.0 0.0 0.0 0.0 0.0 554.1 9980.6 9972.4 9976.4 10034.0 10027.8 9994.1 10001.7 9962.0 9996.7 
125 0.0 0.0 0.0 0.0 0.0 0.0 0.0 0.0 0.0 0.0 0.0 53.3 9990.7 9970.7 10002.1 9999.0 9957.3 9966.7 10013.7 10026.6 10001.5 
126 0.0 0.0 0.0 0.0 0.0 0.0 0.0 0.0 0.0 0.0 0.0 14.0 10016.6 9979.6 9979.6 9939.1 10043.8 10041.5 10028.5 9974.5 9972.5 
127 0.0 0.0 0.0 0.0 0.0 0.0 0.0 0.0 0.0 0.0 0.0 0.7 9950.8 9981.3 9992.3 9954.2 9940.7 9971.1 9957.9 9977.1 10033.7 
128 0.0 0.0 0.0 0.0 0.0 0.0 0.0 0.0 0.0 0.0 0.0 0.1 9983.3 9959.3 9960.8 10011.8 9997.7 10014.6 10046.4 9977.2 9926.2 
129 0.0 0.0 0.0 0.0 0.0 0.0 0.0 0.0 0.0 0.0 0.0 0.0 10043.5 10053.4 10043.6 9977.2 10016.3 9960.7 10004.2 10020.3 9979.1 
130 0.0 0.0 0.0 0.0 0.0 0.0 0.0 0.0 0.0 0.0 0.0 0.0 9995.4 9995.1 10002.7 10031.4 9966.4 10029.3 9984.8 9952.4 9989.9 
131 0.0 0.0 0.0 0.0 0.0 0.0 0.0 0.0 0.0 0.0 0.0 0.0 9186.9 10012.3 10000.2 9992.9 10047.7 10003.1 9976.6 10051.5 9953.6 
132 0.0 0.0 0.0 0.0 0.0 0.0 0.0 0.0 0.0 0.0 0.0 0.0 7599.2 9972.8 9924.6 10035.8 10003.7 10001.0 10003.8 9963.8 10058.0 
133 0.0 0.0 0.0 0.0 0.0 0.0 0.0 0.0 0.0 0.0 0.0 0.0 3774.3 10009.2 9984.2 9963.7 9995.8 10013.5 9983.7 9965.4 9939.9 
134 0.0 0.0 0.0 0.0 0.0 0.0 0.0 0.0 0.0 0.0 0.0 0.0 1299.5 10019.7 10077.8 9980.7 9994.7 9972.2 9980.5 9972.1 9956.6 
135 0.0 0.0 0.0 0.0 0.0 0.0 0.0 0.0 0.0 0.0 0.0 0.0 769.5 10008.8 10017.8 10014.9 10011.7 10007.6 9945.6 9910.5 9805.7 
136 0.0 0.0 0.0 0.0 0.0 0.0 0.0 0.0 0.0 0.0 0.0 0.0 102.1 9956.5 9988.3 9999.2 9965.4 9934.6 9875.7 9790.7 9721.6 
137 0.0 0.0 0.0 0.0 0.0 0.0 0.0 0.0 0.0 0.0 0.0 0.0 8.5 10015.0 10029.1 10045.2 10024.3 9889.1 9775.1 9621.3 9473.2 
138 0.0 0.0 0.0 0.0 0.0 0.0 0.0 0.0 0.0 0.0 0.0 0.0 0.2 10033.3 9979.7 9993.0 9851.6 9756.6 9548.9 9321.8 9063.9 
139 0.0 0.0 0.0 0.0 0.0 0.0 0.0 0.0 0.0 0.0 0.0 0.0 0.0 9970.6 9982.4 9869.2 9635.9 9351.1 9056.9 8751.1 8414.9 
140 0.0 0.0 0.0 0.0 0.0 0.0 0.0 0.0 0.0 0.0 0.0 0.0 0.0 10012.0 9921.5 9633.0 9232.9 8714.4 8212.7 7750.2 7367.6 
141 0.0 0.0 0.0 0.0 0.0 0.0 0.0 0.0 0.0 0.0 0.0 0.0 0.0 10018.9 9735.4 8985.4 8258.1 7520.6 6914.3 6436.2 5979.5 
142 0.0 0.0 0.0 0.0 0.0 0.0 0.0 0.0 0.0 0.0 0.0 0.0 0.0 9337.5 8958.4 7681.7 6516.5 5699.3 5072.4 4626.9 4287.9 
143 0.0 0.0 0.0 0.0 0.0 0.0 0.0 0.0 0.0 0.0 0.0 0.0 0.0 7490.8 7156.4 5241.3 4067.6 3350.3 2926.7 2583.7 2330.5 
144 0.0 0.0 0.0 0.0 0.0 0.0 0.0 0.0 0.0 0.0 0.0 0.0 0.0 4011.2 5543.7 3201.0 2145.2 1659.4 1373.7 1189.1 1063.3 
145 0.0 0.0 0.0 0.0 0.0 0.0 0.0 0.0 0.0 0.0 0.0 0.0 0.0 1393.0 4456.6 1903.4 1036.0 708.4 568.2 487.8 421.6 
146 0.0 0.0 0.0 0.0 0.0 0.0 0.0 0.0 0.0 0.0 0.0 0.0 0.0 677.6 3687.6 1143.6 461.4 270.5 200.5 159.4 142.1 
147 0.0 0.0 0.0 0.0 0.0 0.0 0.0 0.0 0.0 0.0 0.0 0.0 0.0 94.1 3344.9 725.5 206.9 94.7 62.0 47.3 43.9 
148 0.0 0.0 0.0 0.0 0.0 0.0 0.0 0.0 0.0 0.0 0.0 0.0 0.0 5.9 3174.2 476.8 95.9 33.8 17.1 16.2 12.6 
149 0.0 0.0 0.0 0.0 0.0 0.0 0.0 0.0 0.0 0.0 0.0 0.0 0.0 0.6 3243.9 339.4 46.9 11.6 5.2 2.7 2.6 
150 0.0 0.0 0.0 0.0 0.0 0.0 0.0 0.0 0.0 0.0 0.0 0.0 0.0 0.0 3483.1 252.4 22.2 3.1 0.9 0.7 0.8 
151 0.0 0.0 0.0 0.0 0.0 0.0 0.0 0.0 0.0 0.0 0.0 0.0 0.0 0.0 4037.6 209.9 10.7 0.7 0.5 0.1 0.1 
152 0.0 0.0 0.0 0.0 0.0 0.0 0.0 0.0 0.0 0.0 0.0 0.0 0.0 0.0 4862.5 172.0 8.0 0.4 0.0 0.0 0.1 
153 0.0 0.0 0.0 0.0 0.0 0.0 0.0 0.0 0.0 0.0 0.0 0.0 0.0 0.0 6470.3 157.4 4.1 0.3 0.0 0.1 0.0 
154 0.0 0.0 0.0 0.0 0.0 0.0 0.0 0.0 0.0 0.0 0.0 0.0 0.0 0.0 6329.4 160.7 3.3 0.1 0.0 0.0 0.0 
155 0.0 0.0 0.0 0.0 0.0 0.0 0.0 0.0 0.0 0.0 0.0 0.0 0.0 0.0 3812.4 169.0 1.2 0.2 0.0 0.0 0.0 
156 0.0 0.0 0.0 0.0 0.0 0.0 0.0 0.0 0.0 0.0 0.0 0.0 0.0 0.0 1209.0 186.5 1.9 0.0 0.0 0.0 0.0 
157 0.0 0.0 0.0 0.0 0.0 0.0 0.0 0.0 0.0 0.0 0.0 0.0 0.0 0.0 984.6 223.0 1.9 0.0 0.0 0.0 0.0 
158 0.0 0.0 0.0 0.0 0.0 0.0 0.0 0.0 0.0 0.0 0.0 0.0 0.0 0.0 162.9 270.1 1.4 0.0 0.0 0.0 0.0 
159 0.0 0.0 0.0 0.0 0.0 0.0 0.0 0.0 0.0 0.0 0.0 0.0 0.0 0.0 15.7 367.4 1.1 0.0 0.0 0.0 0.0 
160 0.0 0.0 0.0 0.0 0.0 0.0 0.0 0.0 0.0 0.0 0.0 0.0 0.0 0.0 0.3 512.4 1.3 0.0 0.0 0.0 0.0 
161 0.0 0.0 0.0 0.0 0.0 0.0 0.0 0.0 0.0 0.0 0.0 0.0 0.0 0.0 0.0 799.3 1.4 0.0 0.0 0.0 0.0 
162 0.0 0.0 0.0 0.0 0.0 0.0 0.0 0.0 0.0 0.0 0.0 0.0 0.0 0.0 0.0 1274.2 1.6 0.0 0.0 0.0 0.0 
163 0.0 0.0 0.0 0.0 0.0 0.0 0.0 0.0 0.0 0.0 0.0 0.0 0.0 0.0 0.0 2186.3 1.9 0.0 0.0 0.0 0.0 
164 0.0 0.0 0.0 0.0 0.0 0.0 0.0 0.0 0.0 0.0 0.0 0.0 0.0 0.0 0.0 4029.6 3.4 0.1 0.3 0.2 0.0 
165 0.0 0.0 0.0 0.0 0.0 0.0 0.0 0.0 0.0 0.0 0.0 0.0 0.0 0.0 0.0 6211.9 8.7 2.4 1.4 0.6 0.1 
166 0.0 0.0 0.0 0.0 0.0 0.0 0.0 0.0 0.0 0.0 0.0 0.0 0.0 0.0 0.0 3309.0 56.0 25.8 11.7 4.4 1.7 
167 0.0 0.0 0.0 0.0 0.0 0.0 0.0 0.0 0.0 0.0 0.0 0.0 0.0 0.0 0.0 1190.7 515.1 229.9 103.6 48.7 20.7 
168 0.0 0.0 0.0 0.0 0.0 0.0 0.0 0.0 0.0 0.0 0.0 0.0 0.0 0.0 0.0 1047.1 5188.4 2401.4 1078.2 473.2 207.8 
169 0.0 0.0 0.0 0.0 0.0 0.0 0.0 0.0 0.0 0.0 0.0 0.0 0.0 0.0 0.0 465.9 6551.0 3066.8 1378.7 597.6 250.3 
170 0.0 0.0 0.0 0.0 0.0 0.0 0.0 0.0 0.0 0.0 0.0 0.0 0.0 0.0 0.0 69.6 6292.9 2755.5 1136.1 482.9 204.7 
171 0.0 0.0 0.0 0.0 0.0 0.0 0.0 0.0 0.0 0.0 0.0 0.0 0.0 0.0 0.0 7.8 5937.7 2102.0 776.3 294.3 118.3 
172 0.0 0.0 0.0 0.0 0.0 0.0 0.0 0.0 0.0 0.0 0.0 0.0 0.0 0.0 0.0 0.1 5765.9 1560.5 465.0 165.2 62.2 
173 0.0 0.0 0.0 0.0 0.0 0.0 0.0 0.0 0.0 0.0 0.0 0.0 0.0 0.0 0.0 0.0 5914.3 1208.7 274.5 81.1 26.7 
174 0.0 0.0 0.0 0.0 0.0 0.0 0.0 0.0 0.0 0.0 0.0 0.0 0.0 0.0 0.0 0.0 6375.8 956.9 164.7 33.2 10.6 
175 0.0 0.0 0.0 0.0 0.0 0.0 0.0 0.0 0.0 0.0 0.0 0.0 0.0 0.0 0.0 0.0 7186.9 792.4 95.4 16.7 4.8 
176 0.0 0.0 0.0 0.0 0.0 0.0 0.0 0.0 0.0 0.0 0.0 0.0 0.0 0.0 0.0 0.0 7536.6 703.2 60.4 7.6 1.8 
177 0.0 0.0 0.0 0.0 0.0 0.0 0.0 0.0 0.0 0.0 0.0 0.0 0.0 0.0 0.0 0.0 4361.4 663.9 39.4 3.2 0.3 
178 0.0 0.0 0.0 0.0 0.0 0.0 0.0 0.0 0.0 0.0 0.0 0.0 0.0 0.0 0.0 0.0 1644.1 666.3 27.6 1.4 0.2 
179 0.0 0.0 0.0 0.0 0.0 0.0 0.0 0.0 0.0 0.0 0.0 0.0 0.0 0.0 0.0 0.0 1007.5 693.2 23.1 0.2 0.1 
180 0.0 0.0 0.0 0.0 0.0 0.0 0.0 0.0 0.0 0.0 0.0 0.0 0.0 0.0 0.0 0.0 431.3 758.6 17.3 0.3 0.1 
181 0.0 0.0 0.0 0.0 0.0 0.0 0.0 0.0 0.0 0.0 0.0 0.0 0.0 0.0 0.0 0.0 50.4 932.3 15.4 0.3 0.0 
182 0.0 0.0 0.0 0.0 0.0 0.0 0.0 0.0 0.0 0.0 0.0 0.0 0.0 0.0 0.0 0.0 5.0 1119.9 13.6 0.0 0.0 
183 0.0 0.0 0.0 0.0 0.0 0.0 0.0 0.0 0.0 0.0 0.0 0.0 0.0 0.0 0.0 0.0 0.2 1524.7 12.7 0.2 0.0 
184 0.0 0.0 0.0 0.0 0.0 0.0 0.0 0.0 0.0 0.0 0.0 0.0 0.0 0.0 0.0 0.0 0.0 2089.9 14.9 0.3 0.1 
185 0.0 0.0 0.0 0.0 0.0 0.0 0.0 0.0 0.0 0.0 0.0 0.0 0.0 0.0 0.0 0.0 0.0 3061.6 16.8 1.4 0.5 
186 0.0 0.0 0.0 0.0 0.0 0.0 0.0 0.0 0.0 0.0 0.0 0.0 0.0 0.0 0.0 0.0 0.0 4848.7 28.9 7.3 3.3 
187 0.0 0.0 0.0 0.0 0.0 0.0 0.0 0.0 0.0 0.0 0.0 0.0 0.0 0.0 0.0 0.0 0.0 5934.0 114.5 52.6 28.1 
188 0.0 0.0 0.0 0.0 0.0 0.0 0.0 0.0 0.0 0.0 0.0 0.0 0.0 0.0 0.0 0.0 0.0 3730.3 727.1 380.0 199.1 
189 0.0 0.0 0.0 0.0 0.0 0.0 0.0 0.0 0.0 0.0 0.0 0.0 0.0 0.0 0.0 0.0 0.0 1932.3 5535.8 2986.4 1568.6 
190 0.0 0.0 0.0 0.0 0.0 0.0 0.0 0.0 0.0 0.0 0.0 0.0 0.0 0.0 0.0 0.0 0.0 1099.3 6899.2 3796.9 2014.7 
191 0.0 0.0 0.0 0.0 0.0 0.0 0.0 0.0 0.0 0.0 0.0 0.0 0.0 0.0 0.0 0.0 0.0 514.5 6676.2 3437.1 1706.1 
192 0.0 0.0 0.0 0.0 0.0 0.0 0.0 0.0 0.0 0.0 0.0 0.0 0.0 0.0 0.0 0.0 0.0 67.1 6036.8 2654.6 1186.9 
193 0.0 0.0 0.0 0.0 0.0 0.0 0.0 0.0 0.0 0.0 0.0 0.0 0.0 0.0 0.0 0.0 0.0 4.7 5619.7 1936.2 738.8 
194 0.0 0.0 0.0 0.0 0.0 0.0 0.0 0.0 0.0 0.0 0.0 0.0 0.0 0.0 0.0 0.0 0.0 0.2 5513.8 1438.4 430.4 
195 0.0 0.0 0.0 0.0 0.0 0.0 0.0 0.0 0.0 0.0 0.0 0.0 0.0 0.0 0.0 0.0 0.0 0.0 5659.6 1131.7 252.2 
196 0.0 0.0 0.0 0.0 0.0 0.0 0.0 0.0 0.0 0.0 0.0 0.0 0.0 0.0 0.0 0.0 0.0 0.0 6211.8 910.5 148.5 
197 0.0 0.0 0.0 0.0 0.0 0.0 0.0 0.0 0.0 0.0 0.0 0.0 0.0 0.0 0.0 0.0 0.0 0.0 7082.0 760.5 89.7 
198 0.0 0.0 0.0 0.0 0.0 0.0 0.0 0.0 0.0 0.0 0.0 0.0 0.0 0.0 0.0 0.0 0.0 0.0 7857.4 701.9 58.7 
199 0.0 0.0 0.0 0.0 0.0 0.0 0.0 0.0 0.0 0.0 0.0 0.0 0.0 0.0 0.0 0.0 0.0 0.0 4785.9 681.4 43.4 
200 0.0 0.0 0.0 0.0 0.0 0.0 0.0 0.0 0.0 0.0 0.0 0.0 0.0 0.0 0.0 0.0 0.0 0.0 2130.3 654.6 31.0 
201 0.0 0.0 0.0 0.0 0.0 0.0 0.0 0.0 0.0 0.0 0.0 0.0 0.0 0.0 0.0 0.0 0.0 0.0 1110.9 691.9 24.7 
202 0.0 0.0 0.0 0.0 0.0 0.0 0.0 0.0 0.0 0.0 0.0 0.0 0.0 0.0 0.0 0.0 0.0 0.0 331.4 766.6 17.6 
203 0.0 0.0 0.0 0.0 0.0 0.0 0.0 0.0 0.0 0.0 0.0 0.0 0.0 0.0 0.0 0.0 0.0 0.0 26.7 910.9 19.5 
204 0.0 0.0 0.0 0.0 0.0 0.0 0.0 0.0 0.0 0.0 0.0 0.0 0.0 0.0 0.0 0.0 0.0 0.0 1.0 1099.6 21.8 
205 0.0 0.0 0.0 0.0 0.0 0.0 0.0 0.0 0.0 0.0 0.0 0.0 0.0 0.0 0.0 0.0 0.0 0.0 0.3 1410.4 33.0 
206 0.0 0.0 0.0 0.0 0.0 0.0 0.0 0.0 0.0 0.0 0.0 0.0 0.0 0.0 0.0 0.0 0.0 0.0 0.0 1991.3 113.7 
207 0.0 0.0 0.0 0.0 0.0 0.0 0.0 0.0 0.0 0.0 0.0 0.0 0.0 0.0 0.0 0.0 0.0 0.0 0.0 3294.0 638.4 
208 0.0 0.0 0.0 0.0 0.0 0.0 0.0 0.0 0.0 0.0 0.0 0.0 0.0 0.0 0.0 0.0 0.0 0.0 0.0 8801.6 4020.3 
209 0.0 0.0 0.0 0.0 0.0 0.0 0.0 0.0 0.0 0.0 0.0 0.0 0.0 0.0 0.0 0.0 0.0 0.0 0.0 9697.9 5109.7 
210 0.0 0.0 0.0 0.0 0.0 0.0 0.0 0.0 0.0 0.0 0.0 0.0 0.0 0.0 0.0 0.0 0.0 0.0 0.0 6066.4 4888.2 
211 0.0 0.0 0.0 0.0 0.0 0.0 0.0 0.0 0.0 0.0 0.0 0.0 0.0 0.0 0.0 0.0 0.0 0.0 0.0 2648.2 4296.3 
212 0.0 0.0 0.0 0.0 0.0 0.0 0.0 0.0 0.0 0.0 0.0 0.0 0.0 0.0 0.0 0.0 0.0 0.0 0.0 1259.2 3827.2 
213 0.0 0.0 0.0 0.0 0.0 0.0 0.0 0.0 0.0 0.0 0.0 0.0 0.0 0.0 0.0 0.0 0.0 0.0 0.0 228.4 3505.7 
214 0.0 0.0 0.0 0.0 0.0 0.0 0.0 0.0 0.0 0.0 0.0 0.0 0.0 0.0 0.0 0.0 0.0 0.0 0.0 26.5 3386.7 
215 0.0 0.0 0.0 0.0 0.0 0.0 0.0 0.0 0.0 0.0 0.0 0.0 0.0 0.0 0.0 0.0 0.0 0.0 0.0 1.7 3463.8 
216 0.0 0.0 0.0 0.0 0.0 0.0 0.0 0.0 0.0 0.0 0.0 0.0 0.0 0.0 0.0 0.0 0.0 0.0 0.0 0.0 3642.3 
217 0.0 0.0 0.0 0.0 0.0 0.0 0.0 0.0 0.0 0.0 0.0 0.0 0.0 0.0 0.0 0.0 0.0 0.0 0.0 0.0 4122.8 
218 0.0 0.0 0.0 0.0 0.0 0.0 0.0 0.0 0.0 0.0 0.0 0.0 0.0 0.0 0.0 0.0 0.0 0.0 0.0 0.0 4891.5 
219 0.0 0.0 0.0 0.0 0.0 0.0 0.0 0.0 0.0 0.0 0.0 0.0 0.0 0.0 0.0 0.0 0.0 0.0 0.0 0.0 6021.0 
220 0.0 0.0 0.0 0.0 0.0 0.0 0.0 0.0 0.0 0.0 0.0 0.0 0.0 0.0 0.0 0.0 0.0 0.0 0.0 0.0 6933.3 
221 0.0 0.0 0.0 0.0 0.0 0.0 0.0 0.0 0.0 0.0 0.0 0.0 0.0 0.0 0.0 0.0 0.0 0.0 0.0 0.0 4645.0 
222 0.0 0.0 0.0 0.0 0.0 0.0 0.0 0.0 0.0 0.0 0.0 0.0 0.0 0.0 0.0 0.0 0.0 0.0 0.0 0.0 2207.5 
223 0.0 0.0 0.0 0.0 0.0 0.0 0.0 0.0 0.0 0.0 0.0 0.0 0.0 0.0 0.0 0.0 0.0 0.0 0.0 0.0 924.0 
224 0.0 0.0 0.0 0.0 0.0 0.0 0.0 0.0 0.0 0.0 0.0 0.0 0.0 0.0 0.0 0.0 0.0 0.0 0.0 0.0 145.2 
225 0.0 0.0 0.0 0.0 0.0 0.0 0.0 0.0 0.0 0.0 0.0 0.0 0.0 0.0 0.0 0.0 0.0 0.0 0.0 0.0 12.3 
226 0.0 0.0 0.0 0.0 0.0 0.0 0.0 0.0 0.0 0.0 0.0 0.0 0.0 0.0 0.0 0.0 0.0 0.0 0.0 0.0 0.1 
227 0.0 0.0 0.0 0.0 0.0 0.0 0.0 0.0 0.0 0.0 0.0 0.0 0.0 0.0 0.0 0.0 0.0 0.0 0.0 0.0 0.0 
228 0.0 0.0 0.0 0.0 0.0 0.0 0.0 0.0 0.0 0.0 0.0 0.0 0.0 0.0 0.0 0.0 0.0 0.0 0.0 0.0 0.0 
229 0.0 0.0 0.0 0.0 0.0 0.0 0.0 0.0 0.0 0.0 0.0 0.0 0.0 0.0 0.0 0.0 0.0 0.0 0.0 0.0 0.0 
230 0.0 0.0 0.0 0.0 0.0 0.0 0.0 0.0 0.0 0.0 0.0 0.0 0.0 0.0 0.0 0.0 0.0 0.0 0.0 0.0 0.0 
231 0.0 0.0 0.0 0.0 0.0 0.0 0.0 0.0 0.0 0.0 0.0 0.0 0.0 0.0 0.0 0.0 0.0 0.0 0.0 0.0 0.0 
232 0.0 0.0 0.0 0.0 0.0 0.0 0.0 0.0 0.0 0.0 0.0 0.0 0.0 0.0 0.0 0.0 0.0 0.0 0.0 0.0 0.0 
233 0.0 0.0 0.0 0.0 0.0 0.0 0.0 0.0 0.0 0.0 0.0 0.0 0.0 0.0 0.0 0.0 0.0 0.0 0.0 0.0 0.0 
234 0.0 0.0 0.0 0.0 0.0 0.0 0.0 0.0 0.0 0.0 0.0 0.0 0.0 0.0 0.0 0.0 0.0 0.0 0.0 0.0 0.0 
235 0.0 0.0 0.0 0.0 0.0 0.0 0.0 0.0 0.0 0.0 0.0 0.0 0.0 0.0 0.0 0.0 0.0 0.0 0.0 0.0 0.0 
236 0.0 0.0 0.0 0.0 0.0 0.0 0.0 0.0 0.0 0.0 0.0 0.0 0.0 0.0 0.0 0.0 0.0 0.0 0.0 0.0 0.0 
237 0.0 0.0 0.0 0.0 0.0 0.0 0.0 0.0 0.0 0.0 0.0 0.0 0.0 0.0 0.0 0.0 0.0 0.0 0.0 0.0 0.0 
238 0.0 0.0 0.0 0.0 0.0 0.0 0.0 0.0 0.0 0.0 0.0 0.0 0.0 0.0 0.0 0.0 0.0 0.0 0.0 0.0 0.0 
239 0.0 0.0 0.0 0.0 0.0 0.0 0.0 0.0 0.0 0.0 0.0 0.0 0.0 0.0 0.0 0.0 0.0 0.0 0.0 0.0 0.0 
240 0.0 0.0 0.0 0.0 0.0 0.0 0.0 0.0 0.0 0.0 0.0 0.0 0.0 0.0 0.0 0.0 0.0 0.0 0.0 0.0 0.0 
241 0.0 0.0 0.0 0.0 0.0 0.0 0.0 0.0 0.0 0.0 0.0 0.0 0.0 0.0 0.0 0.0 0.0 0.0 0.0 0.0 0.0 
242 0.0 0.0 0.0 0.0 0.0 0.0 0.0 0.0 0.0 0.0 0.0 0.0 0.0 0.0 0.0 0.0 0.0 0.0 0.0 0.0 0.0 
243 0.0 0.0 0.0 0.0 0.0 0.0 0.0 0.0 0.0 0.0 0.0 0.0 0.0 0.0 0.0 0.0 0.0 0.0 0.0 0.0 0.0 
244 0.0 0.0 0.0 0.0 0.0 0.0 0.0 0.0 0.0 0.0 0.0 0.0 0.0 0.0 0.0 0.0 0.0 0.0 0.0 0.0 0.0 
245 0.0 0.0 0.0 0.0 0.0 0.0 0.0 0.0 0.0 0.0 0.0 0.0 0.0 0.0 0.0 0.0 0.0 0.0 0.0 0.0 0.0 
246 0.0 0.0 0.0 0.0 0.0 0.0 0.0 0.0 0.0 0.0 0.0 0.0 0.0 0.0 0.0 0.0 0.0 0.0 0.0 0.0 0.0 
247 0.0 0.0 0.0 0.0 0.0 0.0 0.0 0.0 0.0 0.0 0.0 0.0 0.0 0.0 0.0 0.0 0.0 0.0 0.0 0.0 0.0 
248 0.0 0.0 0.0 0.0 0.0 0.0 0.0 0.0 0.0 0.0 0.0 0.0 0.0 0.0 0.0 0.0 0.0 0.0 0.0 0.0 0.0 
249 0.0 0.0 0.0 0.0 0.0 0.0 0.0 0.0 0.0 0.0 0.0 0.0 0.0 0.0 0.0 0.0 0.0 0.0 0.0 0.0 0.0 
250 0.0 0.0 0.0 0.0 0.0 0.0 0.0 0.0 0.0 0.0 0.0 0.0 0.0 0.0 0.0 0.0 0.0 0.0 0.0 0.0 0.0 
251 0.0 0.0 0.0 0.0 0.0 0.0 0.0 0.0 0.0 0.0 0.0 0.0 0.0 0.0 0.0 0.0 0.0 0.0 0.0 0.0 0.0 
252 0.0 0.0 0.0 0.0 0.0 0.0 0.0 0.0 0.0 0.0 0.0 0.0 0.0 0.0 0.0 0.0 0.0 0.0 0.0 0.0 0.0 
253 0.0 0.0 0.0 0.0 0.0 0.0 0.0 0.0 0.0 0.0 0.0 0.0 0.0 0.0 0.0 0.0 0.0 0.0 0.0 0.0 0.0 
254 0.0 0.0 0.0 0.0 0.0 0.0 0.0 0.0 0.0 0.0 0.0 0.0 0.0 0.0 0.0 0.0 0.0 0.0 0.0 0.0 0.0 
255 0.0 0.0 0.0 0.0 0.0 0.0 0.0 0.0 0.0 0.0 0.0 0.0 0.0 0.0 0.0 0.0 0.0 0.0 0.0 0.0 0.0 
256 0.0 0.0 0.0 0.0 0.0 0.0 0.0 0.0 0.0 0.0 0.0 0.0 0.0 0.0 0.0 0.0 0.0 0.0 0.0 0.0 0.0 
257 0.0 0.0 0.0 0.0 0.0 0.0 0.0 0.0 0.0 0.0 0.0 0.0 0.0 0.0 0.0 0.0 0.0 0.0 0.0 0.0 0.0 
258 0.0 0.0 0.0 0.0 0.0 0.0 0.0 0.0 0.0 0.0 0.0 0.0 0.0 0.0 0.0 0.0 0.0 0.0 0.0 0.0 0.0 
259 0.0 0.0 0.0 0.0 0.0 0.0 0.0 0.0 0.0 0.0 0.0 0.0 0.0 0.0 0.0 0.0 0.0 0.0 0.0 0.0 0.0 
260 0.0 0.0 0.0 0.0 0.0 0.0 0.0 0.0 0.0 0.0 0.0 0.0 0.0 0.0 0.0 0.0 0.0 0.0 0.0 0.0 0.0 
261 0.0 0.0 0.0 0.0 0.0 0.0 0.0 0.0 0.0 0.0 0.0 0.0 0.0 0.0 0.0 0.0 0.0 0.0 0.0 0.0 0.0 
262 0.0 0.0 0.0 0.0 0.0 0.0 0.0 0.0 0.0 0.0 0.0 0.0 0.0 0.0 0.0 0.0 0.0 0.0 0.0 0.0 0.0 
263 0.0 0.0 0.0 0.0 0.0 0.0 0.0 0.0 0.0 0.0 0.0 0.0 0.0 0.0 0.0 0.0 0.0 0.0 0.0 0.0 0.0 
264 0.0 0.0 0.0 0.0 0.0 0.0 0.0 0.0 0.0 0.0 0.0 0.0 0.0 0.0 0.0 0.0 0.0 0.0 0.0 0.0 0.0 
265 0.0 0.0 0.0 0.0 0.0 0.0 0.0 0.0 0.0 0.0 0.0 0.0 0.0 0.0 0.0 0.0 0.0 0.0 0.0 0.0 0.0 
266 0.0 0.0 0.0 0.0 0.0 0.0 0.0 0.0 0.0 0.0 0.0 0.0 0.0 0.0 0.0 0.0 0.0 0.0 0.0 0.0 0.0 
267 0.0 0.0 0.0 0.0 0.0 0.0 0.0 0.0 0.0 0.0 0.0 0.0 0.0 0.0 0.0 0.0 0.0 0.0 0.0 0.0 0.0 
268 0.0 0.0 0.0 0.0 0.0 0.0 0.0 0.0 0.0 0.0 0.0 0.0 0.0 0.0 0.0 0.0 0.0 0.0 0.0 0.0 0.0 
269 0.0 0.0 0.0 0.0 0.0 0.0 0.0 0.0 0.0 0.0 0.0 0.0 0.0 0.0 0.0 0.0 0.0 0.0 0.0 0.0 0.0 
270 0.0 0.0 0.0 0.0 0.0 0.0 0.0 0.0 0.0 0.0 0.0 0.0 0.0 0.0 0.0 0.0 0.0 0.0 0.0 0.0 0.0 
271 0.0 0.0 0.0 0.0 0.0 0.0 0.0 0.0 0.0 0.0 0.0 0.0 0.0 0.0 0.0 0.0 0.0 0.0 0.0 0.0 0.0 
272 0.0 0.0 0.0 0.0 0.0 0.0 0.0 0.0 0.0 0.0 0.0 0.0 0.0 0.0 0.0 0.0 0.0 0.0 0.0 0.0 0.0 
273 0.0 0.0 0.0 0.0 0.0 0.0 0.0 0.0 0.0 0.0 0.0 0.0 0.0 0.0 0.0 0.0 0.0 0.0 0.0 0.0 0.0 
274 0.0 0.0 0.0 0.0 0.0 0.0 0.0 0.0 0.0 0.0 0.0 0.0 0.0 0.0 0.0 0.0 0.0 0.0 0.0 0.0 0.0 
275 0.0 0.0 0.0 0.0 0.0 0.0 0.0 0.0 0.0 0.0 0.0 0.0 0.0 0.0 0.0 0.0 0.0 0.0 0.0 0.0 0.0 
276 0.0 0.0 0.0 0.0 0.0 0.0 0.0 0.0 0.0 0.0 0.0 0.0 0.0 0.0 0.0 0.0 0.0 0.0 0.0 0.0 0.0 
277 0.0 0.0 0.0 0.0 0.0 0.0 0.0 0.0 0.0 0.0 0.0 0.0 0.0 0.0 0.0 0.0 0.0 0.0 0.0 0.0 0.0 
278 0.0 0.0 0.0 0.0 0.0 0.0 0.0 0.0 0.0 0.0 0.0 0.0 0.0 0.0 0.0 0.0 0.0 0.0 0.0 0.0 0.0 
279 0.0 0.0 0.0 0.0 0.0 0.0 0.0 0.0 0.0 0.0 0.0 0.0 0.0 0.0 0.0 0.0 0.0 0.0 0.0 0.0 0.0 
280 0.0 0.0 0.0 0.0 0.0 0.0 0.0 0.0 0.0 0.0 0.0 0.0 0.0 0.0 0.0 0.0 0.0 0.0 0.0 0.0 0.0 
281 0.0 0.0 0.0 0.0 0.0 0.0 0.0 0.0 0.0 0.0 0.0 0.0 0.0 0.0 0.0 0.0 0.0 0.0 0.0 0.0 0.0 
282 0.0 0.0 0.0 0.0 0.0 0.0 0.0 0.0 0.0 0.0 0.0 0.0 0.0 0.0 0.0 0.0 0.0 0.0 0.0 0.0 0.0 
283 0.0 0.0 0.0 0.0 0.0 0.0 0.0 0.0 0.0 0.0 0.0 0.0 0.0 0.0 0.0 0.0 0.0 0.0 0.0 0.0 0.0 
284 0.0 0.0 0.0 0.0 0.0 0.0 0.0 0.0 0.0 0.0 0.0 0.0 0.0 0.0 0.0 0.0 0.0 0.0 0.0 0.0 0.0 
285 0.0 0.0 0.0 0.0 0.0 0.0 0.0 0.0 0.0 0.0 0.0 0.0 0.0 0.0 0.0 0.0 0.0 0.0 0.0 0.0 0.0 
286 0.0 0.0 0.0 0.0 0.0 0.0 0.0 0.0 0.0 0.0 0.0 0.0 0.0 0.0 0.0 0.0 0.0 0.0 0.0 0.0 0.0 
287 0.0 0.0 0.0 0.0 0.0 0.0 0.0 0.0 0.0 0.0 0.0 0.0 0.0 0.0 0.0 0.0 0.0 0.0 0.0 0.0 0.0 
288 0.0 0.0 0.0 0.0 0.0 0.0 0.0 0.0 0.0 0.0 0.0 0.0 0.0 0.0 0.0 0.0 0.0 0.0 0.0 0.0 0.0 
289 0.0 0.0 0.0 0.0 0.0 0.0 0.0 0.0 0.0 0.0 0.0 0.0 0.0 0.0 0.0 0.0 0.0 0.0 0.0 0.0 0.0 
290 0.0 0.0 0.0 0.0 0.0 0.0 0.0 0.0 0.0 0.0 0.0 0.0 0.0 0.0 0.0 0.0 0.0 0.0 0.0 0.0 0.0 
291 0.0 0.0 0.0 0.0 0.0 0.0 0.0 0.0 0.0 0.0 0.0 0.0 0.0 0.0 0.0 0.0 0.0 0.0 0.0 0.0 0.0 
292 0.0 0.0 0.0 0.0 0.0 0.0 0.0 0.0 0.0 0.0 0.0 0.0 0.0 0.0 0.0 0.0 0.0 0.0 0.0 0.0 0.0 
293 0.0 0.0 0.0 0.0 0.0 0.0 0.0 0.0 0.0 0.0 0.0 0.0 0.0 0.0 0.0 0.0 0.0 0.0 0.0 0.0 0.0 
294 0.0 0.0 0.0 0.0 0.0 0.0 0.0 0.0 0.0 0.0 0.0 0.0 0.0 0.0 0.0 0.0 0.0 0.0 0.0 0.0 0.0 
295 0.0 0.0 0.0 0.0 0.0 0.0 0.0 0.0 0.0 0.0 0.0 0.0 0.0 0.0 0.0 0.0 0.0 0.0 0.0 0.0 0.0 
296 0.0 0.0 0.0 0.0 0.0 0.0 0.0 0.0 0.0 0.0 0.0 0.0 0.0 0.0 0.0 0.0 0.0 0.0 0.0 0.0 0.0 
297 0.0 0.0 0.0 0.0 0.0 0.0 0.0 0.0 0.0 0.0 0.0 0.0 0.0 0.0 0.0 0.0 0.0 0.0 0.0 0.0 0.0 
298 0.0 0.0 0.0 0.0 0.0 0.0 0.0 0.0 0.0 0.0 0.0 0.0 0.0 0.0 0.0 0.0 0.0 0.0 0.0 0.0 0.0 
299 0.0 0.0 0.0 0.0 0.0 0.0 0.0 0.0 0.0 0.0 0.0 0.0 0.0 0.0 0.0 0.0 0.0 0.0 0.0 0.0 0.0 
300 0.0 0.0 0.0 0.0 0.0 0.0 0.0 0.0 0.0 0.0 0.0 0.0 0.0 0.0 0.0 0.0 0.0 0.0 0.0 0.0 0.0 
301 0.0 0.0 0.0 0.0 0.0 0.0 0.0 0.0 0.0 0.0 0.0 0.0 0.0 0.0 0.0 0.0 0.0 0.0 0.0 0.0 0.0 
302 0.0 0.0 0.0 0.0 0.0 0.0 0.0 0.0 0.0 0.0 0.0 0.0 0.0 0.0 0.0 0.0 0.0 0.0 0.0 0.0 0.0 
303 0.0 0.0 0.0 0.0 0.0 0.0 0.0 0.0 0.0 0.0 0.0 0.0 0.0 0.0 0.0 0.0 0.0 0.0 0.0 0.0 0.0 
304 0.0 0.0 0.0 0.0 0.0 0.0 0.0 0.0 0.0 0.0 0.0 0.0 0.0 0.0 0.0 0.0 0.0 0.0 0.0 0.0 0.0 
305 0.0 0.0 0.0 0.0 0.0 0.0 0.0 0.0 0.0 0.0 0.0 0.0 0.0 0.0 0.0 0.0 0.0 0.0 0.0 0.0 0.0 
306 0.0 0.0 0.0 0.0 0.0 0.0 0.0 0.0 0.0 0.0 0.0 0.0 0.0 0.0 0.0 0.0 0.0 0.0 0.0 0.0 0.0 
307 0.0 0.0 0.0 0.0 0.0 0.0 0.0 0.0 0.0 0.0 0.0 0.0 0.0 0.0 0.0 0.0 0.0 0.0 0.0 0.0 0.0 
308 0.0 0.0 0.0 0.0 0.0 0.0 0.0 0.0 0.0 0.0 0.0 0.0 0.0 0.0 0.0 0.0 0.0 0.0 0.0 0.0 0.0 
309 0.0 0.0 0.0 0.0 0.0 0.0 0.0 0.0 0.0 0.0 0.0 0.0 0.0 0.0 0.0 0.0 0.0 0.0 0.0 0.0 0.0 
310 0.0 0.0 0.0 0.0 0.0 0.0 0.0 0.0 0.0 0.0 0.0 0.0 0.0 0.0 0.0 0.0 0.0 0.0 0.0 0.0 0.0 
311 0.0 0.0 0.0 0.0 0.0 0.0 0.0 0.0 0.0 0.0 0.0 0.0 0.0 0.0 0.0 0.0 0.0 0.0 0.0 0.0 0.0 
312 0.0 0.0 0.0 0.0 0.0 0.0 0.0 0.0 0.0 0.0 0.0 0.0 0.0 0.0 0.0 0.0 0.0 0.0 0.0 0.0 0.0 
313 0.0 0.0 0.0 0.0 0.0 0.0 0.0 0.0 0.0 0.0 0.0 0.0 0.0 0.0 0.0 0.0 0.0 0.0 0.0 0.0 0.0 
314 0.0 0.0 0.0 0.0 0.0 0.0 0.0 0.0 0.0 0.0 0.0 0.0 0.0 0.0 0.0 0.0 0.0 0.0 0.0 0.0 0.0 
315 0.0 0.0 0.0 0.0 0.0 0.0 0.0 0.0 0.0 0.0 0.0 0.0 0.0 0.0 0.0 0.0 0.0 0.0 0.0 0.0 0.0 
316 0.0 0.0 0.0 0.0 0.0 0.0 0.0 0.0 0.0 0.0 0.0 0.0 0.0 0.0 0.0 0.0 0.0 0.0 0.0 0.0 0.0 
317 0.0 0.0 0.0 0.0 0.0 0.0 0.0 0.0 0.0 0.0 0.0 0.0 0.0 0.0 0.0 0.0 0.0 0.0 0.0 0.0 0.0 
318 0.0 0.0 0.0 0.0 0.0 0.0 0.0 0.0 0.0 0.0 0.0 0.0 0.0 0.0 0.0 0.0 0.0 0.0 0.0 0.0 0.0 
319 0.0 0.0 0.0 0.0 0.0 0.0 0.0 0.0 0.0 0.0 0.0 0.0 0.0 0.0 0.0 0.0 0.0 0.0 0.0 0.0 0.0 
320 0.0 0.0 0.0 0.0 0.0 0.0 0.0 0.0 0.0 0.0 0.0 0.0 0.0 0.0 0.0 0.0 0.0 0.0 0.0 0.0 0.0 
321 0.0 0.0 0.0 0.0 0.0 0.0 0.0 0.0 0.0 0.0 0.0 0.0 0.0 0.0 0.0 0.0 0.0 0.0 0.0 0.0 0.0 
322 0.0 0.0 0.0 0.0 0.0 0.0 0.0 0.0 0.0 0.0 0.0 0.0 0.0 0.0 0.0 0.0 0.0 0.0 0.0 0.0 0.0 
323 0.0 0.0 0.0 0.0 0.0 0.0 0.0 0.0 0.0 0.0 0.0 0.0 0.0 0.0 0.0 0.0 0.0 0.0 0.0 0.0 0.0 
324 0.0 0.0 0.0 0.0 0.0 0.0 0.0 0.0 0.0 0.0 0.0 0.0 0.0 0.0 0.0 0.0 0.0 0.0 0.0 0.0 0.0 
325 0.0 0.0 0.0 0.0 0.0 0.0 0.0 0.0 0.0 0.0 0.0 0.0 0.0 0.0 0.0 0.0 0.0 0.0 0.0 0.0 0.0 
326 0.0 0.0 0.0 0.0 0.0 0.0 0.0 0.0 0.0 0.0 0.0 0.0 0.0 0.0 0.0 0.0 0.0 0.0 0.0 0.0 0.0 
327 0.0 0.0 0.0 0.0 0.0 0.0 0.0 0.0 0.0 0.0 0.0 0.0 0.0 0.0 0.0 0.0 0.0 0.0 0.0 0.0 0.0 
328 0.0 0.0 0.0 0.0 0.0 0.0 0.0 0.0 0.0 0.0 0.0 0.0 0.0 0.0 0.0 0.0 0.0 0.0 0.0 0.0 0.0 
329 0.0 0.0 0.0 0.0 0.0 0.0 0.0 0.0 0.0 0.0 0.0 0.0 0.0 0.0 0.0 0.0 0.0 0.0 0.0 0.0 0.0 
330 0.0 0.0 0.0 0.0 0.0 0.0 0.0 0.0 0.0 0.0 0.0 0.0 0.0 0.0 0.0 0.0 0.0 0.0 0.0 0.0 0.0 
331 0.0 0.0 0.0 0.0 0.0 0.0 0.0 0.0 0.0 0.0 0.0 0.0 0.0 0.0 0.0 0.0 0.0 0.0 0.0 0.0 0.0 
332 0.0 0.0 0.0 0.0 0.0 0.0 0.0 0.0 0.0 0.0 0.0 0.0 0.0 0.0 0.0 0.0 0.0 0.0 0.0 0.0 0.0 
333 0.0 0.0 0.0 0.0 0.0 0.0 0.0 0.0 0.0 0.0 0.0 0.0 0.0 0.0 0.0 0.0 0.0 0.0 0.0 0.0 0.0 
334 0.0 0.0 0.0 0.0 0.0 0.0 0.0 0.0 0.0 0.0 0.0 0.0 0.0 0.0 0.0 0.0 0.0 0.0 0.0 0.0 0.0 
335 0.0 0.0 0.0 0.0 0.0 0.0 0.0 0.0 0.0 0.0 0.0 0.0 0.0 0.0 0.0 0.0 0.0 0.0 0.0 0.0 0.0 
336 0.0 0.0 0.0 0.0 0.0 0.0 0.0 0.0 0.0 0.0 0.0 0.0 0.0 0.0 0.0 0.0 0.0 0.0 0.0 0.0 0.0 
337 0.0 0.0 0.0 0.0 0.0 0.0 0.0 0.0 0.0 0.0 0.0 0.0 0.0 0.0 0.0 0.0 0.0 0.0 0.0 0.0 0.0 
338 0.0 0.0 0.0 0.0 0.0 0.0 0.0 0.0 0.0 0.0 0.0 0.0 0.0 0.0 0.0 0.0 0.0 0.0 0.0 0.0 0.0 
339 0.0 0.0 0.0 0.0 0.0 0.0 0.0 0.0 0.0 0.0 0.0 0.0 0.0 0.0 0.0 0.0 0.0 0.0 0.0 0.0 0.0 
340 0.0 0.0 0.0 0.0 0.0 0.0 0.0 0.0 0.0 0.0 0.0 0.0 0.0 0.0 0.0 0.0 0.0 0.0 0.0 0.0 0.0 
341 0.0 0.0 0.0 0.0 0.0 0.0 0.0 0.0 0.0 0.0 0.0 0.0 0.0 0.0 0.0 0.0 0.0 0.0 0.0 0.0 0.0 
342 0.0 0.0 0.0 0.0 0.0 0.0 0.0 0.0 0.0 0.0 0.0 0.0 0.0 0.0 0.0 0.0 0.0 0.0 0.0 0.0 0.0 
343 0.0 0.0 0.0 0.0 0.0 0.0 0.0 0.0 0.0 0.0 0.0 0.0 0.0 0.0 0.0 0.0 0.0 0.0 0.0 0.0 0.0 
344 0.0 0.0 0.0 0.0 0.0 0.0 0.0 0.0 0.0 0.0 0.0 0.0 0.0 0.0 0.0 0.0 0.0 0.0 0.0 0.0 0.0 
345 0.0 0.0 0.0 0.0 0.0 0.0 0.0 0.0 0.0 0.0 0.0 0.0 0.0 0.0 0.0 0.0 0.0 0.0 0.0 0.0 0.0 
346 0.0 0.0 0.0 0.0 0.0 0.0 0.0 0.0 0.0 0.0 0.0 0.0 0.0 0.0 0.0 0.0 0.0 0.0 0.0 0.0 0.0 
347 0.0 0.0 0.0 0.0 0.0 0.0 0.0 0.0 0.0 0.0 0.0 0.0 0.0 0.0 0.0 0.0 0.0 0.0 0.0 0.0 0.0 
348 0.0 0.0 0.0 0.0 0.0 0.0 0.0 0.0 0.0 0.0 0.0 0.0 0.0 0.0 0.0 0.0 0.0 0.0 0.0 0.0 0.0 
349 0.0 0.0 0.0 0.0 0.0 0.0 0.0 0.0 0.0 0.0 0.0 0.0 0.0 0.0 0.0 0.0 0.0 0.0 0.0 0.0 0.0 
350 0.0 0.0 0.0 0.0 0.0 0.0 0.0 0.0 0.0 0.0 0.0 0.0 0.0 0.0 0.0 0.0 0.0 0.0 0.0 0.0 0.0 
351 0.0 0.0 0.0 0.0 0.0 0.0 0.0 0.0 0.0 0.0 0.0 0.0 0.0 0.0 0.0 0.0 0.0 0.0 0.0 0.0 0.0 
352 0.0 0.0 0.0 0.0 0.0 0.0 0.0 0.0 0.0 0.0 0.0 0.0 0.0 0.0 0.0 0.0 0.0 0.0 0.0 0.0 0.0 
353 0.0 0.0 0.0 0.0 0.0 0.0 0.0 0.0 0.0 0.0 0.0 0.0 0.0 0.0 0.0 0.0 0.0 0.0 0.0 0.0 0.0 
354 0.0 0.0 0.0 0.0 0.0 0.0 0.0 0.0 0.0 0.0 0.0 0.0 0.0 0.0 0.0 0.0 0.0 0.0 0.0 0.0 0.0 
355 0.0 0.0 0.0 0.0 0.0 0.0 0.0 0.0 0.0 0.0 0.0 0.0 0.0 0.0 0.0 0.0 0.0 0.0 0.0 0.0 0.0 
356 0.0 0.0 0.0 0.0 0.0 0.0 0.0 0.0 0.0 0.0 0.0 0.0 0.0 0.0 0.0 0.0 0.0 0.0 0.0 0.0 0.0 
357 0.0 0.0 0.0 0.0 0.0 0.0 0.0 0.0 0.0 0.0 0.0 0.0 0.0 0.0 0.0 0.0 0.0 0.0 0.0 0.0 0.0 
358 0.0 0.0 0.0 0.0 0.0 0.0 0.0 0.0 0.0 0.0 0.0 0.0 0.0 0.0 0.0 0.0 0.0 0.0 0.0 0.0 0.0 
359 0.0 0.0 0.0 0.0 0.0 0.0 0.0 0.0 0.0 0.0 0.0 0.0 0.0 0.0 0.0 0.0 0.0 0.0 0.0 0.0 0.0 
360 0.0 0.0 0.0 0.0 0.0 0.0 0.0 0.0 0.0 0.0 0.0 0.0 0.0 0.0 0.0 0.0 0.0 0.0 0.0 0.0 0.0 
361 0.0 0.0 0.0 0.0 0.0 0.0 0.0 0.0 0.0 0.0 0.0 0.0 0.0 0.0 0.0 0.0 0.0 0.0 0.0 0.0 0.0 
362 0.0 0.0 0.0 0.0 0.0 0.0 0.0 0.0 0.0 0.0 0.0 0.0 0.0 0.0 0.0 0.0 0.0 0.0 0.0 0.0 0.0 
363 0.0 0.0 0.0 0.0 0.0 0.0 0.0 0.0 0.0 0.0 0.0 0.0 0.0 0.0 0.0 0.0 0.0 0.0 0.0 0.0 0.0 
364 0.0 0.0 0.0 0.0 0.0 0.0 0.0 0.0 0.0 0.0 0.0 0.0 0.0 0.0 0.0 0.0 0.0 0.0 0.0 0.0 0.0 
365 0.0 0.0 0.0 0.0 0.0 0.0 0.0 0.0 0.0 0.0 0.0 0.0 0.0 0.0 0.0 0.0 0.0 0.0 0.0 0.0 0.0 
366 0.0 0.0 0.0 0.0 0.0 0.0 0.0 0.0 0.0 0.0 0.0 0.0 0.0 0.0 0.0 0.0 0.0 0.0 0.0 0.0 0.0 
367 0.0 0.0 0.0 0.0 0.0 0.0 0.0 0.0 0.0 0.0 0.0 0.0 0.0 0.0 0.0 0.0 0.0 0.0 0.0 0.0 0.0 
368 0.0 0.0 0.0 0.0 0.0 0.0 0.0 0.0 0.0 0.0 0.0 0.0 0.0 0.0 0.0 0.0 0.0 0.0 0.0 0.0 0.0 
369 0.0 0.0 0.0 0.0 0.0 0.0 0.0 0.0 0.0 0.0 0.0 0.0 0.0 0.0 0.0 0.0 0.0 0.0 0.0 0.0 0.0 
370 0.0 0.0 0.0 0.0 0.0 0.0 0.0 0.0 0.0 0.0 0.0 0.0 0.0 0.0 0.0 0.0 0.0 0.0 0.0 0.0 0.0 
371 0.0 0.0 0.0 0.0 0.0 0.0 0.0 0.0 0.0 0.0 0.0 0.0 0.0 0.0 0.0 0.0 0.0 0.0 0.0 0.0 0.0 
372 0.0 0.0 0.0 0.0 0.0 0.0 0.0 0.0 0.0 0.0 0.0 0.0 0.0 0.0 0.0 0.0 0.0 0.0 0.0 0.0 0.0 
373 0.0 0.0 0.0 0.0 0.0 0.0 0.0 0.0 0.0 0.0 0.0 0.0 0.0 0.0 0.0 0.0 0.0 0.0 0.0 0.0 0.0 
374 0.0 0.0 0.0 0.0 0.0 0.0 0.0 0.0 0.0 0.0 0.0 0.0 0.0 0.0 0.0 0.0 0.0 0.0 0.0 0.0 0.0 
375 0.0 0.0 0.0 0.0 0.0 0.0 0.0 0.0 0.0 0.0 0.0 0.0 0.0 0.0 0.0 0.0 0.0 0.0 0.0 0.0 0.0 
376 0.0 0.0 0.0 0.0 0.0 0.0 0.0 0.0 0.0 0.0 0.0 0.0 0.0 0.0 0.0 0.0 0.0 0.0 0.0 0.0 0.0 
377 0.0 0.0 0.0 0.0 0.0 0.0 0.0 0.0 0.0 0.0 0.0 0.0 0.0 0.0 0.0 0.0 0.0 0.0 0.0 0.0 0.0 
378 0.0 0.0 0.0 0.0 0.0 0.0 0.0 0.0 0.0 0.0 0.0 0.0 0.0 0.0 0.0 0.0 0.0 0.0 0.0 0.0 0.0 
379 0.0 0.0 0.0 0.0 0.0 0.0 0.0 0.0 0.0 0.0 0.0 0.0 0.0 0.0 0.0 0.0 0.0 0.0 0.0 0.0 0.0 
380 0.0 0.0 0.0 0.0 0.0 0.0 0.0 0.0 0.0 0.0 0.0 0.0 0.0 0.0 0.0 0.0 0.0 0.0 0.0 0.0 0.0 
381 0.0 0.0 0.0 0.0 0.0 0.0 0.0 0.0 0.0 0.0 0.0 0.0 0.0 0.0 0.0 0.0 0.0 0.0 0.0 0.0 0.0 
382 0.0 0.0 0.0 0.0 0.0 0.0 0.0 0.0 0.0 0.0 0.0 0.0 0.0 0.0 0.0 0.0 0.0 0.0 0.0 0.0 0.0 
383 0.0 0.0 0.0 0.0 0.0 0.0 0.0 0.0 0.0 0.0 0.0 0.0 0.0 0.0 0.0 0.0 0.0 0.0 0.0 0.0 0.0 
384 0.0 0.0 0.0 0.0 0.0 0.0 0.0 0.0 0.0 0.0 0.0 0.0 0.0 0.0 0.0 0.0 0.0 0.0 0.0 0.0 0.0 
385 0.0 0.0 0.0 0.0 0.0 0.0 0.0 0.0 0.0 0.0 0.0 0.0 0.0 0.0 0.0 0.0 0.0 0.0 0.0 0.0 0.0 
386 0.0 0.0 0.0 0.0 0.0 0.0 0.0 0.0 0.0 0.0 0.0 0.0 0.0 0.0 0.0 0.0 0.0 0.0 0.0 0.0 0.0 
387 0.0 0.0 0.0 0.0 0.0 0.0 0.0 0.0 0.0 0.0 0.0 0.0 0.0 0.0 0.0 0.0 0.0 0.0 0.0 0.0 0.0 
388 0.0 0.0 0.0 0.0 0.0 0.0 0.0 0.0 0.0 0.0 0.0 0.0 0.0 0.0 0.0 0.0 0.0 0.0 0.0 0.0 0.0 
389 0.0 0.0 0.0 0.0 0.0 0.0 0.0 0.0 0.0 0.0 0.0 0.0 0.0 0.0 0.0 0.0 0.0 0.0 0.0 0.0 0.0 
390 0.0 0.0 0.0 0.0 0.0 0.0 0.0 0.0 0.0 0.0 0.0 0.0 0.0 0.0 0.0 0.0 0.0 0.0 0.0 0.0 0.0 
391 0.0 0.0 0.0 0.0 0.0 0.0 0.0 0.0 0.0 0.0 0.0 0.0 0.0 0.0 0.0 0.0 0.0 0.0 0.0 0.0 0.0 
392 0.0 0.0 0.0 0.0 0.0 0.0 0.0 0.0 0.0 0.0 0.0 0.0 0.0 0.0 0.0 0.0 0.0 0.0 0.0 0.0 0.0 
393 0.0 0.0 0.0 0.0 0.0 0.0 0.0 0.0 0.0 0.0 0.0 0.0 0.0 0.0 0.0 0.0 0.0 0.0 0.0 0.0 0.0 
394 0.0 0.0 0.0 0.0 0.0 0.0 0.0 0.0 0.0 0.0 0.0 0.0 0.0 0.0 0.0 0.0 0.0 0.0 0.0 0.0 0.0 
395 0.0 0.0 0.0 0.0 0.0 0.0 0.0 0.0 0.0 0.0 0.0 0.0 0.0 0.0 0.0 0.0 0.0 0.0 0.0 0.0 0.0 
396 0.0 0.0 0.0 0.0 0.0 0.0 0.0 0.0 0.0 0.0 0.0 0.0 0.0 0.0 0.0 0.0 0.0 0.0 0.0 0.0 0.0 
397 0.0 0.0 0.0 0.0 0.0 0.0 0.0 0.0 0.0 0.0 0.0 0.0 0.0 0.0 0.0 0.0 0.0 0.0 0.0 0.0 0.0 
398 0.0 0.0 0.0 0.0 0.0 0.0 0.0 0.0 0.0 0.0 0.0 0.0 0.0 0.0 0.0 0.0 0.0 0.0 0.0 0.0 0.0 
399 0.0 0.0 0.0 0.0 0.0 0.0 0.0 0.0 0.0 0.0 0.0 0.0 0.0 0.0 0.0 0.0 0.0 0.0 0.0 0.0 0.0 
400 0.0 0.0 0.0 0.0 0.0 0.0 0.0 0.0 0.0 0.0 0.0 0.0 0.0 0.0 0.0 0.0 0.0 0.0 0.0 0.0 0.0 
401 0.0 0.0 0.0 0.0 0.0 0.0 0.0 0.0 0.0 0.0 0.0 0.0 0.0 0.0 0.0 0.0 0.0 0.0 0.0 0.0 0.0 
402 0.0 0.0 0.0 0.0 0.0 0.0 0.0 0.0 0.0 0.0 0.0 0.0 0.0 0.0 0.0 0.0 0.0 0.0 0.0 0.0 0.0 
403 0.0 0.0 0.0 0.0 0.0 0.0 0.0 0.0 0.0 0.0 0.0 0.0 0.0 0.0 0.0 0.0 0.0 0.0 0.0 0.0 0.0 
404 0.0 0.0 0.0 0.0 0.0 0.0 0.0 0.0 0.0 0.0 0.0 0.0 0.0 0.0 0.0 0.0 0.0 0.0 0.0 0.0 0.0 
405 0.0 0.0 0.0 0.0 0.0 0.0 0.0 0.0 0.0 0.0 0.0 0.0 0.0 0.0 0.0 0.0 0.0 0.0 0.0 0.0 0.0 
406 0.0 0.0 0.0 0.0 0.0 0.0 0.0 0.0 0.0 0.0 0.0 0.0 0.0 0.0 0.0 0.0 0.0 0.0 0.0 0.0 0.0 
407 0.0 0.0 0.0 0.0 0.0 0.0 0.0 0.0 0.0 0.0 0.0 0.0 0.0 0.0 0.0 0.0 0.0 0.0 0.0 0.0 0.0 
408 0.0 0.0 0.0 0.0 0.0 0.0 0.0 0.0 0.0 0.0 0.0 0.0 0.0 0.0 0.0 0.0 0.0 0.0 0.0 0.0 0.0 
409 0.0 0.0 0.0 0.0 0.0 0.0 0.0 0.0 0.0 0.0 0.0 0.0 0.0 0.0 0.0 0.0 0.0 0.0 0.0 0.0 0.0 
410 0.0 0.0 0.0 0.0 0.0 0.0 0.0 0.0 0.0 0.0 0.0 0.0 0.0 0.0 0.0 0.0 0.0 0.0 0.0 0.0 0.0 
411 0.0 0.0 0.0 0.0 0.0 0.0 0.0 0.0 0.0 0.0 0.0 0.0 0.0 0.0 0.0 0.0 0.0 0.0 0.0 0.0 0.0 
412 0.0 0.0 0.0 0.0 0.0 0.0 0.0 0.0 0.0 0.0 0.0 0.0 0.0 0.0 0.0 0.0 0.0 0.0 0.0 0.0 0.0 
413 0.0 0.0 0.0 0.0 0.0 0.0 0.0 0.0 0.0 0.0 0.0 0.0 0.0 0.0 0.0 0.0 0.0 0.0 0.0 0.0 0.0 
414 0.0 0.0 0.0 0.0 0.0 0.0 0.0 0.0 0.0 0.0 0.0 0.0 0.0 0.0 0.0 0.0 0.0 0.0 0.0 0.0 0.0 
415 0.0 0.0 0.0 0.0 0.0 0.0 0.0 0.0 0.0 0.0 0.0 0.0 0.0 0.0 0.0 0.0 0.0 0.0 0.0 0.0 0.0 
416 0.0 0.0 0.0 0.0 0.0 0.0 0.0 0.0 0.0 0.0 0.0 0.0 0.0 0.0 0.0 0.0 0.0 0.0 0.0 0.0 0.0 
417 0.0 0.0 0.0 0.0 0.0 0.0 0.0 0.0 0.0 0.0 0.0 0.0 0.0 0.0 0.0 0.0 0.0 0.0 0.0 0.0 0.0 
418 0.0 0.0 0.0 0.0 0.0 0.0 0.0 0.0 0.0 0.0 0.0 0.0 0.0 0.0 0.0 0.0 0.0 0.0 0.0 0.0 0.0 
419 0.0 0.0 0.0 0.0 0.0 0.0 0.0 0.0 0.0 0.0 0.0 0.0 0.0 0.0 0.0 0.0 0.0 0.0 0.0 0.0 0.0 
420 0.0 0.0 0.0 0.0 0.0 0.0 0.0 0.0 0.0 0.0 0.0 0.0 0.0 0.0 0.0 0.0 0.0 0.0 0.0 0.0 0.0 
421 0.0 0.0 0.0 0.0 0.0 0.0 0.0 0.0 0.0 0.0 0.0 0.0 0.0 0.0 0.0 0.0 0.0 0.0 0.0 0.0 0.0 
422 0.0 0.0 0.0 0.0 0.0 0.0 0.0 0.0 0.0 0.0 0.0 0.0 0.0 0.0 0.0 0.0 0.0 0.0 0.0 0.0 0.0 
423 0.0 0.0 0.0 0.0 0.0 0.0 0.0 0.0 0.0 0.0 0.0 0.0 0.0 0.0 0.0 0.0 0.0 0.0 0.0 0.0 0.0 
424 0.0 0.0 0.0 0.0 0.0 0.0 0.0 0.0 0.0 0.0 0.0 0.0 0.0 0.0 0.0 0.0 0.0 0.0 0.0 0.0 0.0 
425 0.0 0.0 0.0 0.0 0.0 0.0 0.0 0.0 0.0 0.0 0.0 0.0 0.0 0.0 0.0 0.0 0.0 0.0 0.0 0.0 0.0 
426 0.0 0.0 0.0 0.0 0.0 0.0 0.0 0.0 0.0 0.0 0.0 0.0 0.0 0.0 0.0 0.0 0.0 0.0 0.0 0.0 0.0 
427 0.0 0.0 0.0 0.0 0.0 0.0 0.0 0.0 0.0 0.0 0.0 0.0 0.0 0.0 0.0 0.0 0.0 0.0 0.0 0.0 0.0 
428 0.0 0.0 0.0 0.0 0.0 0.0 0.0 0.0 0.0 0.0 0.0 0.0 0.0 0.0 0.0 0.0 0.0 0.0 0.0 0.0 0.0 
429 0.0 0.0 0.0 0.0 0.0 0.0 0.0 0.0 0.0 0.0 0.0 0.0 0.0 0.0 0.0 0.0 0.0 0.0 0.0 0.0 0.0 
430 0.0 0.0 0.0 0.0 0.0 0.0 0.0 0.0 0.0 0.0 0.0 0.0 0.0 0.0 0.0 0.0 0.0 0.0 0.0 0.0 0.0 
431 0.0 0.0 0.0 0.0 0.0 0.0 0.0 0.0 0.0 0.0 0.0 0.0 0.0 0.0 0.0 0.0 0.0 0.0 0.0 0.0 0.0 
432 0.0 0.0 0.0 0.0 0.0 0.0 0.0 0.0 0.0 0.0 0.0 0.0 0.0 0.0 0.0 0.0 0.0 0.0 0.0 0.0 0.0 
433 0.0 0.0 0.0 0.0 0.0 0.0 0.0 0.0 0.0 0.0 0.0 0.0 0.0 0.0 0.0 0.0 0.0 0.0 0.0 0.0 0.0 
434 0.0 0.0 0.0 0.0 0.0 0.0 0.0 0.0 0.0 0.0 0.0 0.0 0.0 0.0 0.0 0.0 0.0 0.0 0.0 0.0 0.0 
435 0.0 0.0 0.0 0.0 0.0 0.0 0.0 0.0 0.0 0.0 0.0 0.0 0.0 0.0 0.0 0.0 0.0 0.0 0.0 0.0 0.0 
436 0.0 0.0 0.0 0.0 0.0 0.0 0.0 0.0 0.0 0.0 0.0 0.0 0.0 0.0 0.0 0.0 0.0 0.0 0.0 0.0 0.0 
437 0.0 0.0 0.0 0.0 0.0 0.0 0.0 0.0 0.0 0.0 0.0 0.0 0.0 0.0 0.0 0.0 0.0 0.0 0.0 0.0 0.0 
438 0.0 0.0 0.0 0.0 0.0 0.0 0.0 0.0 0.0 0.0 0.0 0.0 0.0 0.0 0.0 0.0 0.0 0.0 0.0 0.0 0.0 
439 0.0 0.0 0.0 0.0 0.0 0.0 0.0 0.0 0.0 0.0 0.0 0.0 0.0 0.0 0.0 0.0 0.0 0.0 0.0 0.0 0.0 
440 0.0 0.0 0.0 0.0 0.0 0.0 0.0 0.0 0.0 0.0 0.0 0.0 0.0 0.0 0.0 0.0 0.0 0.0 0.0 0.0 0.0 
441 0.0 0.0 0.0 0.0 0.0 0.0 0.0 0.0 0.0 0.0 0.0 0.0 0.0 0.0 0.0 0.0 0.0 0.0 0.0 0.0 0.0 
442 0.0 0.0 0.0 0.0 0.0 0.0 0.0 0.0 0.0 0.0 0.0 0.0 0.0 0.0 0.0 0.0 0.0 0.0 0.0 0.0 0.0 
443 0.0 0.0 0.0 0.0 0.0 0.0 0.0 0.0 0.0 0.0 0.0 0.0 0.0 0.0 0.0 0.0 0.0 0.0 0.0 0.0 0.0 
444 0.0 0.0 0.0 0.0 0.0 0.0 0.0 0.0 0.0 0.0 0.0 0.0 0.0 0.0 0.0 0.0 0.0 0.0 0.0 0.0 0.0 
445 0.0 0.0 0.0 0.0 0.0 0.0 0.0 0.0 0.0 0.0 0.0 0.0 0.0 0.0 0.0 0.0 0.0 0.0 0.0 0.0 0.0 
446 0.0 0.0 0.0 0.0 0.0 0.0 0.0 0.0 0.0 0.0 0.0 0.0 0.0 0.0 0.0 0.0 0.0 0.0 0.0 0.0 0.0 
447 0.0 0.0 0.0 0.0 0.0 0.0 0.0 0.0 0.0 0.0 0.0 0.0 0.0 0.0 0.0 0.0 0.0 0.0 0.0 0.0 0.0 
448 0.0 0.0 0.0 0.0 0.0 0.0 0.0 0.0 0.0 0.0 0.0 0.0 0.0 0.0 0.0 0.0 0.0 0.0 0.0 0.0 0.0 
449 0.0 0.0 0.0 0.0 0.0 0.0 0.0 0.0 0.0 0.0 0.0 0.0 0.0 0.0 0.0 0.0 0.0 0.0 0.0 0.0 0.0 
450 0.0 0.0 0.0 0.0 0.0 0.0 0.0 0.0 0.0 0.0 0.0 0.0 0.0 0.0 0.0 0.0 0.0 0.0 0.0 0.0 0.0 
451 0.0 0.0 0.0 0.0 0.0 0.0 0.0 0.0 0.0 0.0 0.0 0.0 0.0 0.0 0.0 0.0 0.0 0.0 0.0 0.0 0.0 
452 0.0 0.0 0.0 0.0 0.0 0.0 0.0 0.0 0.0 0.0 0.0 0.0 0.0 0.0 0.0 0.0 0.0 0.0 0.0 0.0 0.0 
453 0.0 0.0 0.0 0.0 0.0 0.0 0.0 0.0 0.0 0.0 0.0 0.0 0.0 0.0 0.0 0.0 0.0 0.0 0.0 0.0 0.0 
454 0.0 0.0 0.0 0.0 0.0 0.0 0.0 0.0 0.0 0.0 0.0 0.0 0.0 0.0 0.0 0.0 0.0 0.0 0.0 0.0 0.0 
455 0.0 0.0 0.0 0.0 0.0 0.0 0.0 0.0 0.0 0.0 0.0 0.0 0.0 0.0 0.0 0.0 0.0 0.0 0.0 0.0 0.0 
456 0.0 0.0 0.0 0.0 0.0 0.0 0.0 0.0 0.0 0.0 0.0 0.0 0.0 0.0 0.0 0.0 0.0 0.0 0.0 0.0 0.0 
457 0.0 0.0 0.0 0.0 0.0 0.0 0.0 0.0 0.0 0.0 0.0 0.0 0.0 0.0 0.0 0.0 0.0 0.0 0.0 0.0 0.0 
458 0.0 0.0 0.0 0.0 0.0 0.0 0.0 0.0 0.0 0.0 0.0 0.0 0.0 0.0 0.0 0.0 0.0 0.0 0.0 0.0 0.0 
459 0.0 0.0 0.0 0.0 0.0 0.0 0.0 0.0 0.0 0.0 0.0 0.0 0.0 0.0 0.0 0.0 0.0 0.0 0.0 0.0 0.0 
460 0.0 0.0 0.0 0.0 0.0 0.0 0.0 0.0 0.0 0.0 0.0 0.0 0.0 0.0 0.0 0.0 0.0 0.0 0.0 0.0 0.0 
461 0.0 0.0 0.0 0.0 0.0 0.0 0.0 0.0 0.0 0.0 0.0 0.0 0.0 0.0 0.0 0.0 0.0 0.0 0.0 0.0 0.0 
462 0.0 0.0 0.0 0.0 0.0 0.0 0.0 0.0 0.0 0.0 0.0 0.0 0.0 0.0 0.0 0.0 0.0 0.0 0.0 0.0 0.0 
463 0.0 0.0 0.0 0.0 0.0 0.0 0.0 0.0 0.0 0.0 0.0 0.0 0.0 0.0 0.0 0.0 0.0 0.0 0.0 0.0 0.0 
464 0.0 0.0 0.0 0.0 0.0 0.0 0.0 0.0 0.0 0.0 0.0 0.0 0.0 0.0 0.0 0.0 0.0 0.0 0.0 0.0 0.0 
465 0.0 0.0 0.0 0.0 0.0 0.0 0.0 0.0 0.0 0.0 0.0 0.0 0.0 0.0 0.0 0.0 0.0 0.0 0.0 0.0 0.0 
466 0.0 0.0 0.0 0.0 0.0 0.0 0.0 0.0 0.0 0.0 0.0 0.0 0.0 0.0 0.0 0.0 0.0 0.0 0.0 0.0 0.0 
467 0.0 0.0 0.0 0.0 0.0 0.0 0.0 0.0 0.0 0.0 0.0 0.0 0.0 0.0 0.0 0.0 0.0 0.0 0.0 0.0 0.0 
468 0.0 0.0 0.0 0.0 0.0 0.0 0.0 0.0 0.0 0.0 0.0 0.0 0.0 0.0 0.0 0.0 0.0 0.0 0.0 0.0 0.0 
469 0.0 0.0 0.0 0.0 0.0 0.0 0.0 0.0 0.0 0.0 0.0 0.0 0.0 0.0 0.0 0.0 0.0 0.0 0.0 0.0 0.0 
470 0.0 0.0 0.0 0.0 0.0 0.0 0.0 0.0 0.0 0.0 0.0 0.0 0.0 0.0 0.0 0.0 0.0 0.0 0.0 0.0 0.0 
471 0.0 0.0 0.0 0.0 0.0 0.0 0.0 0.0 0.0 0.0 0.0 0.0 0.0 0.0 0.0 0.0 0.0 0.0 0.0 0.0 0.0 
472 0.0 0.0 0.0 0.0 0.0 0.0 0.0 0.0 0.0 0.0 0.0 0.0 0.0 0.0 0.0 0.0 0.0 0.0 0.0 0.0 0.0 
473 0.0 0.0 0.0 0.0 0.0 0.0 0.0 0.0 0.0 0.0 0.0 0.0 0.0 0.0 0.0 0.0 0.0 0.0 0.0 0.0 0.0 
474 0.0 0.0 0.0 0.0 0.0 0.0 0.0 0.0 0.0 0.0 0.0 0.0 0.0 0.0 0.0 0.0 0.0 0.0 0.0 0.0 0.0 
475 0.0 0.0 0.0 0.0 0.0 0.0 0.0 0.0 0.0 0.0 0.0 0.0 0.0 0.0 0.0 0.0 0.0 0.0 0.0 0.0 0.0 
476 0.0 0.0 0.0 0.0 0.0 0.0 0.0 0.0 0.0 0.0 0.0 0.0 0.0 0.0 0.0 0.0 0.0 0.0 0.0 0.0 0.0 
477 0.0 0.0 0.0 0.0 0.0 0.0 0.0 0.0 0.0 0.0 0.0 0.0 0.0 0.0 0.0 0.0 0.0 0.0 0.0 0.0 0.0 
478 0.0 0.0 0.0 0.0 0.0 0.0 0.0 0.0 0.0 0.0 0.0 0.0 0.0 0.0 0.0 0.0 0.0 0.0 0.0 0.0 0.0 
479 0.0 0.0 0.0 0.0 0.0 0.0 0.0 0.0 0.0 0.0 0.0 0.0 0.0 0.0 0.0 0.0 0.0 0.0 0.0 0.0 0.0 
480 0.0 0.0 0.0 0.0 0.0 0.0 0.0 0.0 0.0 0.0 0.0 0.0 0.0 0.0 0.0 0.0 0.0 0.0 0.0 0.0 0.0 
481 0.0 0.0 0.0 0.0 0.0 0.0 0.0 0.0 0.0 0.0 0.0 0.0 0.0 0.0 0.0 0.0 0.0 0.0 0.0 0.0 0.0 
482 0.0 0.0 0.0 0.0 0.0 0.0 0.0 0.0 0.0 0.0 0.0 0.0 0.0 0.0 0.0 0.0 0.0 0.0 0.0 0.0 0.0 
483 0.0 0.0 0.0 0.0 0.0 0.0 0.0 0.0 0.0 0.0 0.0 0.0 0.0 0.0 0.0 0.0 0.0 0.0 0.0 0.0 0.0 
484 0.0 0.0 0.0 0.0 0.0 0.0 0.0 0.0 0.0 0.0 0.0 0.0 0.0 0.0 0.0 0.0 0.0 0.0 0.0 0.0 0.0 
485 0.0 0.0 0.0 0.0 0.0 0.0 0.0 0.0 0.0 0.0 0.0 0.0 0.0 0.0 0.0 0.0 0.0 0.0 0.0 0.0 0.0 
486 0.0 0.0 0.0 0.0 0.0 0.0 0.0 0.0 0.0 0.0 0.0 0.0 0.0 0.0 0.0 0.0 0.0 0.0 0.0 0.0 0.0 
487 0.0 0.0 0.0 0.0 0.0 0.0 0.0 0.0 0.0 0.0 0.0 0.0 0.0 0.0 0.0 0.0 0.0 0.0 0.0 0.0 0.0 
488 0.0 0.0 0.0 0.0 0.0 0.0 0.0 0.0 0.0 0.0 0.0 0.0 0.0 0.0 0.0 0.0 0.0 0.0 0.0 0.0 0.0 
489 0.0 0.0 0.0 0.0 0.0 0.0 0.0 0.0 0.0 0.0 0.0 0.0 0.0 0.0 0.0 0.0 0.0 0.0 0.0 0.0 0.0 
490 0.0 0.0 0.0 0.0 0.0 0.0 0.0 0.0 0.0 0.0 0.0 0.0 0.0 0.0 0.0 0.0 0.0 0.0 0.0 0.0 0.0 
491 0.0 0.0 0.0 0.0 0.0 0.0 0.0 0.0 0.0 0.0 0.0 0.0 0.0 0.0 0.0 0.0 0.0 0.0 0.0 0.0 0.0 
492 0.0 0.0 0.0 0.0 0.0 0.0 0.0 0.0 0.0 0.0 0.0 0.0 0.0 0.0 0.0 0.0 0.0 0.0 0.0 0.0 0.0 
493 0.0 0.0 0.0 0.0 0.0 0.0 0.0 0.0 0.0 0.0 0.0 0.0 0.0 0.0 0.0 0.0 0.0 0.0 0.0 0.0 0.0 
494 0.0 0.0 0.0 0.0 0.0 0.0 0.0 0.0 0.0 0.0 0.0 0.0 0.0 0.0 0.0 0.0 0.0 0.0 0.0 0.0 0.0 
495 0.0 0.0 0.0 0.0 0.0 0.0 0.0 0.0 0.0 0.0 0.0 0.0 0.0 0.0 0.0 0.0 0.0 0.0 0.0 0.0 0.0 
496 0.0 0.0 0.0 0.0 0.0 0.0 0.0 0.0 0.0 0.0 0.0 0.0 0.0 0.0 0.0 0.0 0.0 0.0 0.0 0.0 0.0 
497 0.0 0.0 0.0 0.0 0.0 0.0 0.0 0.0 0.0 0.0 0.0 0.0 0.0 0.0 0.0 0.0 0.0 0.0 0.0 0.0 0.0 
498 0.0 0.0 0.0 0.0 0.0 0.0 0.0 0.0 0.0 0.0 0.0 0.0 0.0 0.0 0.0 0.0 0.0 0.0 0.0 0.0 0.0 
499 0.0 0.0 0.0 0.0 0.0 0.0 0.0 0.0 0.0 0.0 0.0 0.0 0.0 0.0 0.0 0.0 0.0 0.0 0.0 0.0 0.0 
