0 100.05 293.85 274.85 270.3 269.7 263.3 268.05 262.8 262.8 263.4 260.5 255.55 260.75 256.6 260.4 258.75 257.8 254.95 261.55 258.9 254.1 
1 0.1 562.2 554.2 543.25 526.7 528.0 525.8 533.55 527.35 527.75 530.95 526.2 530.7 524.95 521.05 517.0 517.35 528.05 520.05 517.0 524.15 
2 0.0 566.55 540.25 540.85 528.05 539.35 534.75 534.85 532.65 525.2 517.7 529.5 520.25 522.5 527.7 522.2 523.9 520.3 513.95 526.1 518.35 
3 0.0 550.65 546.7 532.9 538.55 526.35 534.55 532.05 521.6 523.4 523.2 522.95 525.35 528.2 517.9 518.95 517.5 516.65 524.3 519.8 517.4 
4 0.0 532.05 539.55 527.1 540.95 533.5 519.85 522.25 521.6 528.1 524.1 523.95 523.05 526.95 517.75 533.75 521.35 514.75 525.15 523.4 513.9 
5 0.0 518.8 525.35 530.6 527.3 532.4 517.55 518.95 519.2 517.35 525.15 521.05 528.7 520.1 531.6 511.3 521.8 518.75 528.6 515.45 515.45 
6 0.0 509.4 527.85 535.45 523.9 524.7 523.45 521.1 523.55 522.2 519.1 517.25 509.5 521.1 506.0 521.85 515.9 520.65 509.6 518.1 520.0 
7 0.0 507.2 512.35 511.95 522.35 517.15 522.6 518.4 520.4 517.9 515.5 519.95 520.7 514.1 521.55 520.35 522.35 523.8 513.55 520.4 517.85 
8 0.0 497.3 517.05 512.35 525.0 519.1 528.25 520.3 522.35 516.05 526.5 506.25 513.05 513.5 524.15 527.0 518.55 516.25 510.5 518.45 521.4 
9 0.0 507.7 505.6 508.85 515.25 516.05 524.0 512.5 513.35 513.35 502.1 520.1 513.95 518.55 516.7 520.0 516.1 518.7 514.65 509.15 513.7 
10 0.0 507.95 497.45 523.2 517.0 512.6 516.35 509.3 515.75 508.5 515.35 515.8 509.55 512.6 516.1 515.75 521.75 519.0 512.65 515.3 516.65 
11 0.0 505.25 504.8 503.1 505.45 512.0 502.45 519.75 515.6 514.2 510.15 513.05 518.7 514.7 514.85 501.65 511.6 513.55 516.6 514.85 512.7 
12 0.0 496.5 501.55 508.25 498.75 507.05 500.75 510.25 505.6 514.6 521.95 512.55 510.2 510.75 512.25 508.3 513.45 512.25 513.05 509.9 513.85 
13 0.0 502.65 498.9 511.1 508.4 510.6 511.3 500.8 507.95 517.5 506.85 516.05 514.45 509.45 519.5 513.95 506.7 501.85 516.05 504.55 511.3 
14 0.0 494.55 499.25 499.8 503.6 504.5 503.05 501.9 503.8 500.5 519.7 514.8 511.85 514.0 501.55 512.0 507.3 506.55 512.4 512.4 506.7 
15 0.0 506.6 498.55 499.7 502.85 503.75 499.7 509.9 513.6 511.55 511.3 512.4 511.35 515.8 510.5 513.1 507.0 514.55 507.1 508.9 512.2 
16 0.0 496.75 506.25 492.95 493.25 503.35 501.85 503.5 502.8 504.65 511.5 502.3 502.25 503.55 510.2 518.1 509.3 511.35 508.0 505.95 507.4 
17 0.0 502.1 504.0 493.75 504.65 504.7 510.55 501.4 504.8 515.6 505.65 505.2 504.9 502.2 500.4 503.5 520.7 508.55 508.9 502.35 504.7 
18 0.0 496.85 497.05 499.1 493.45 494.7 512.05 505.65 507.35 502.45 508.6 504.1 506.4 502.4 509.8 490.25 507.85 503.2 506.55 504.35 508.2 
19 0.0 492.8 504.9 498.7 498.4 499.0 502.8 509.0 498.45 500.95 492.1 509.85 507.15 514.35 497.95 506.35 499.8 507.95 503.05 507.8 503.65 
20 0.0 496.9 495.75 508.75 501.45 498.85 496.8 510.25 493.45 495.6 494.35 499.6 499.9 502.45 504.9 503.95 499.95 505.6 509.5 503.9 505.95 
21 0.0 501.55 499.85 494.05 503.65 496.6 502.05 503.9 514.75 504.9 502.75 495.15 511.15 505.25 509.5 503.0 499.65 502.95 500.4 512.7 500.85 
22 0.0 505.8 495.1 500.25 495.15 508.1 502.85 498.0 503.6 496.05 490.4 495.1 496.45 496.3 502.85 511.15 509.85 497.05 498.05 500.95 506.2 
23 0.0 505.6 497.1 502.7 502.7 495.55 489.55 501.75 497.95 499.0 505.1 503.05 503.9 501.05 500.2 495.45 497.8 504.9 504.5 497.65 507.65 
24 0.0 487.9 508.7 503.2 502.0 494.65 500.7 495.35 493.2 498.45 501.45 505.95 498.5 499.45 491.2 508.65 503.6 508.65 498.8 508.2 509.6 
25 0.0 504.35 504.25 497.4 495.85 509.7 502.75 494.05 498.8 501.1 501.8 498.35 500.55 501.5 498.55 495.5 502.65 500.45 508.85 505.2 505.0 
26 0.0 502.0 493.45 499.0 506.2 496.65 493.55 489.6 499.4 499.3 499.2 502.6 498.3 504.0 508.3 505.6 493.15 507.65 509.45 505.85 498.45 
27 0.0 498.05 499.75 498.85 506.1 499.35 506.65 501.8 507.4 507.05 505.6 495.5 506.95 493.5 500.15 495.75 501.9 501.25 505.65 506.9 503.5 
28 0.0 490.4 501.5 501.1 493.7 499.35 498.25 492.85 494.5 492.25 509.3 513.9 503.5 500.5 497.45 500.85 507.8 506.9 514.45 505.95 515.3 
29 0.0 498.7 495.4 503.1 496.5 501.45 495.85 499.25 499.55 507.55 498.1 497.15 496.85 510.7 501.75 493.75 502.95 499.5 495.7 505.7 506.65 
30 0.0 498.7 503.4 499.65 494.95 496.4 497.65 501.6 503.0 502.3 502.85 495.55 501.85 509.6 500.45 503.35 499.85 494.75 499.6 508.2 495.05 
31 0.0 495.05 497.8 506.65 505.4 490.75 498.15 500.6 494.75 498.3 500.4 496.2 497.85 508.0 511.65 504.95 498.85 502.2 497.75 492.85 501.4 
32 0.0 508.45 508.0 498.5 496.35 501.55 494.9 501.7 503.05 502.8 494.75 498.15 511.65 502.75 507.4 506.85 502.05 499.55 497.05 500.5 505.45 
33 0.0 505.85 497.0 501.55 504.8 501.15 496.7 506.6 500.8 499.95 497.75 503.55 499.45 498.95 490.65 496.45 501.65 505.6 499.5 504.75 498.2 
34 0.0 498.9 493.25 497.1 498.85 500.7 500.55 499.25 504.7 504.2 496.8 500.35 485.7 500.85 495.05 496.7 503.15 495.25 502.05 497.9 500.85 
35 0.0 501.85 506.7 497.2 506.5 504.6 506.65 497.0 496.35 497.45 501.75 501.35 500.8 490.55 500.05 504.2 495.4 494.9 502.45 495.95 497.75 
36 0.0 504.2 490.85 496.1 502.95 498.0 505.0 507.8 507.45 499.6 492.95 499.5 499.5 489.15 498.7 508.85 506.65 502.45 505.0 501.0 494.7 
37 0.0 501.25 500.35 495.15 488.35 495.5 493.55 494.35 507.05 504.3 495.8 495.15 491.95 497.9 511.05 498.1 493.75 495.8 494.1 499.7 504.95 
38 0.0 496.7 502.7 503.05 492.15 494.15 498.9 499.55 499.85 497.05 505.3 500.4 508.55 494.4 496.25 494.7 506.0 498.1 497.1 502.35 497.6 
39 0.0 499.1 497.3 495.9 503.65 497.55 502.3 507.9 499.1 504.05 503.7 509.5 496.2 506.95 505.2 495.1 499.5 497.2 492.1 502.9 504.45 
40 0.0 496.2 500.2 501.3 497.0 504.15 507.6 505.0 502.65 506.25 505.15 500.3 500.9 496.1 501.95 494.15 497.35 498.85 501.65 498.95 500.85 
41 0.0 501.4 502.95 500.2 498.7 504.65 504.05 504.95 501.1 494.7 503.6 497.05 506.65 493.65 495.4 504.1 493.05 500.5 500.6 494.2 495.2 
42 0.0 501.7 500.3 503.95 516.1 504.9 500.0 500.75 495.9 502.4 499.35 496.7 502.55 504.9 497.05 498.0 494.1 497.3 489.35 487.25 494.05 
43 0.0 501.9 503.25 500.45 493.85 498.75 496.15 494.35 494.9 503.15 503.75 504.0 504.4 502.95 498.0 496.45 498.25 501.5 505.6 496.6 497.65 
44 0.0 501.1 497.85 495.25 497.8 509.6 505.6 504.65 500.95 495.05 490.25 499.75 497.8 494.6 504.65 504.45 503.45 500.5 501.15 500.05 494.35 
45 0.0 496.1 507.15 504.6 497.8 502.4 498.4 500.2 495.2 501.65 505.1 503.6 501.55 499.7 495.9 493.7 494.4 502.75 500.25 508.7 498.9 
46 0.0 503.3 492.05 499.95 505.05 498.5 493.75 498.8 502.3 505.35 495.85 503.45 491.1 502.05 486.55 507.5 500.8 505.45 498.1 504.3 493.25 
47 0.0 496.15 500.05 498.75 502.3 498.0 504.3 490.5 501.8 499.95 503.7 502.25 488.85 496.1 510.75 491.8 498.25 492.85 495.9 501.5 511.1 
48 0.0 481.6 502.4 498.35 491.2 497.75 508.05 507.55 505.7 500.65 501.15 491.95 500.95 498.5 496.6 497.45 499.5 497.2 500.0 504.1 506.6 
49 0.0 382.35 503.0 507.3 504.55 497.85 499.9 501.55 504.35 502.55 497.15 498.65 496.55 498.0 504.35 502.05 507.65 488.2 492.0 496.7 515.7 
50 0.0 214.1 509.7 504.35 506.6 498.2 504.9 499.85 501.6 496.9 502.75 506.55 503.1 500.65 493.85 498.3 499.8 503.5 500.6 492.65 493.6 
51 0.0 110.15 500.6 503.05 502.15 509.7 498.15 507.65 505.7 501.8 505.45 496.55 502.55 496.1 493.55 500.5 503.85 506.4 503.55 499.15 490.0 
52 0.0 24.0 500.2 505.4 505.9 498.25 497.55 497.0 506.3 496.5 503.45 502.85 504.0 499.95 502.45 498.45 497.1 497.4 495.15 497.2 500.8 
53 0.0 1.5 494.35 502.2 498.85 500.3 495.9 502.4 495.4 498.55 510.75 500.15 495.45 501.8 502.05 507.6 496.6 502.4 499.7 496.5 497.95 
54 0.0 0.0 491.8 493.15 500.7 501.35 502.65 494.7 490.55 504.8 491.95 506.5 495.8 497.4 500.45 493.15 508.7 509.7 500.45 502.8 497.95 
55 0.0 0.0 496.4 496.85 504.3 499.8 491.6 504.5 499.8 501.7 500.85 491.25 508.5 505.45 496.9 499.9 496.3 484.05 503.2 496.85 497.0 
56 0.0 0.0 503.5 500.25 494.45 499.9 499.95 493.05 493.55 508.65 491.4 499.05 494.9 500.9 493.9 499.85 497.0 501.7 494.4 506.9 492.6 
57 0.0 0.0 504.3 502.35 501.2 503.0 500.2 498.8 495.1 491.45 501.3 502.95 499.0 501.1 505.5 498.2 505.1 503.4 500.15 493.65 496.6 
58 0.0 0.0 495.95 505.65 496.5 496.7 505.95 491.9 498.85 491.15 492.8 510.25 506.45 500.25 497.5 505.1 497.4 512.6 504.7 508.45 503.5 
59 0.0 0.0 500.15 494.3 503.65 500.4 506.35 504.65 498.85 492.75 503.9 491.65 501.6 497.4 503.85 498.6 501.6 504.85 502.7 490.35 497.95 
60 0.0 0.0 504.95 494.35 500.2 505.5 501.25 500.85 495.7 497.75 492.95 498.5 499.9 503.35 498.6 499.05 501.4 495.9 504.6 510.5 505.15 
61 0.0 0.0 499.75 500.95 507.6 503.05 504.9 507.7 502.05 498.25 492.85 497.7 495.75 500.9 507.25 500.95 494.65 500.0 505.55 500.45 504.3 
62 0.0 0.0 492.5 495.2 498.65 502.3 491.15 494.2 502.15 495.3 500.85 500.7 502.3 510.1 496.2 497.7 493.55 503.1 498.85 507.7 502.1 
63 0.0 0.0 500.4 507.7 500.85 500.7 504.4 506.95 499.25 500.55 502.35 493.3 499.65 498.7 500.15 496.9 503.35 504.25 506.6 494.55 501.35 
64 0.0 0.0 494.5 497.65 496.4 498.15 493.05 499.25 500.25 501.4 493.05 499.1 494.45 497.1 498.75 501.0 502.6 493.25 505.8 501.1 498.05 
65 0.0 0.0 500.85 502.8 499.4 493.75 502.55 498.5 501.5 503.15 500.15 506.7 498.65 501.05 501.25 502.85 502.95 501.85 490.6 496.45 498.0 
66 0.0 0.0 508.4 499.1 496.4 501.5 497.05 492.7 495.15 505.6 497.85 490.5 501.6 500.7 504.85 504.85 503.5 491.9 494.75 496.6 498.85 
67 0.0 0.0 496.85 501.1 501.3 506.35 506.85 499.2 502.5 497.25 500.1 498.5 499.3 499.25 502.15 505.65 501.65 494.15 499.75 496.8 504.75 
68 0.0 0.0 502.25 497.5 498.35 498.05 499.85 500.95 498.35 497.1 506.2 490.05 500.2 492.9 496.35 504.8 499.3 503.35 499.5 493.7 489.5 
69 0.0 0.0 504.3 504.25 502.7 496.9 495.85 496.65 507.1 504.35 494.2 504.4 503.25 503.85 497.5 497.6 493.3 505.2 497.45 503.5 496.05 
70 0.0 0.0 500.2 501.25 500.3 492.95 497.6 512.5 514.45 497.85 509.8 496.05 501.15 509.55 501.0 500.0 497.6 495.65 500.55 505.55 497.9 
71 0.0 0.0 504.9 494.05 503.1 499.9 489.3 502.2 499.25 505.55 508.65 507.15 497.5 498.9 494.9 500.2 505.45 498.4 496.95 492.0 497.4 
72 0.0 0.0 505.55 504.7 500.1 504.35 507.85 501.7 501.9 506.65 503.8 503.8 497.2 500.95 497.7 498.35 498.75 503.5 505.75 502.9 492.25 
73 0.0 0.0 497.1 503.1 500.15 501.15 498.65 499.45 498.65 504.7 499.1 505.6 513.05 490.2 508.05 494.5 490.5 499.5 501.55 500.3 506.3 
74 0.0 0.0 498.35 497.35 493.85 500.95 501.95 497.8 501.9 493.55 500.35 504.8 495.7 493.8 490.85 494.15 499.8 511.65 501.25 504.05 500.0 
75 0.0 0.0 485.0 501.8 504.25 499.1 504.1 498.9 492.4 504.3 496.5 499.45 503.45 499.55 498.25 498.75 497.9 493.25 496.9 501.1 503.0 
76 0.0 0.0 505.95 492.95 499.95 496.6 498.3 495.55 493.75 497.15 496.55 500.5 500.7 503.35 493.6 499.4 501.15 496.6 497.0 500.95 506.7 
77 0.0 0.0 502.3 502.65 502.4 494.85 490.4 494.15 501.9 500.05 505.35 501.7 494.0 495.85 501.55 495.4 498.75 502.5 501.7 495.4 503.6 
78 0.0 0.0 496.6 493.35 502.25 505.9 499.7 499.25 502.3 498.2 502.1 499.05 503.9 501.0 504.7 499.5 504.6 491.6 502.1 500.3 509.15 
79 0.0 0.0 505.55 497.15 494.45 495.8 506.6 503.45 501.1 501.4 505.55 498.95 497.3 490.8 504.2 502.4 499.8 497.2 495.4 491.8 493.85 
80 0.0 0.0 503.35 500.55 500.45 503.55 503.8 502.6 504.3 501.15 499.1 494.45 493.3 498.05 489.6 492.85 499.15 499.25 501.0 502.5 489.6 
81 0.0 0.0 491.7 501.4 496.1 506.5 497.0 499.1 499.65 501.25 493.65 496.8 494.8 506.15 500.6 494.85 495.65 497.55 498.0 498.1 493.4 
82 0.0 0.0 501.35 504.35 494.9 502.65 497.5 511.75 504.9 498.7 493.65 494.2 500.9 504.95 496.5 495.5 497.15 497.35 492.6 498.4 498.55 
83 0.0 0.0 506.75 494.8 501.0 498.55 498.65 498.45 497.4 504.35 499.0 500.75 501.9 491.25 500.35 502.15 501.75 498.4 496.25 501.05 503.85 
84 0.0 0.0 496.05 495.2 500.85 497.95 513.65 502.4 500.65 493.5 501.95 501.55 503.8 493.35 498.65 505.3 500.15 491.0 489.25 495.35 501.6 
85 0.0 0.0 503.15 503.35 499.75 502.9 496.8 492.4 501.65 496.35 493.6 498.8 490.6 500.65 505.25 504.5 491.4 491.05 500.25 494.55 501.05 
86 0.0 0.0 494.8 496.0 493.95 492.9 501.05 497.25 495.05 492.15 497.4 496.8 506.05 499.85 495.5 495.95 496.55 501.35 496.3 503.0 494.6 
87 0.0 0.0 492.9 502.1 499.6 502.7 497.8 494.3 494.35 500.85 495.35 505.1 499.2 498.6 506.6 504.5 502.55 499.85 507.7 509.0 504.1 
88 0.0 0.0 499.8 504.55 495.35 494.55 493.9 493.9 501.65 495.4 500.45 503.25 501.7 504.25 491.3 499.7 504.35 503.55 498.15 493.65 497.9 
89 0.0 0.0 507.7 490.45 500.4 502.7 495.7 492.5 491.9 500.1 505.0 496.2 491.9 502.75 499.85 499.6 496.5 508.3 500.8 492.75 503.05 
90 0.0 0.0 490.25 494.6 505.85 501.95 498.75 508.2 504.65 500.1 498.1 495.8 501.3 496.4 500.8 500.5 497.15 489.35 498.75 503.25 495.0 
91 0.0 0.0 503.15 505.15 502.75 498.75 506.95 504.4 492.65 500.65 502.3 502.15 498.6 501.25 504.3 496.85 498.05 501.55 500.25 493.1 498.8 
92 0.0 0.0 502.55 498.7 504.65 497.45 505.8 497.35 502.25 496.25 500.45 502.7 497.35 501.35 506.15 497.95 503.4 499.65 505.85 505.0 488.9 
93 0.0 0.0 497.55 509.75 502.2 497.75 497.45 499.85 498.15 496.2 504.55 502.2 496.75 496.25 506.8 500.85 506.0 498.95 491.2 495.8 500.5 
94 0.0 0.0 495.95 497.3 500.35 498.6 491.7 499.45 496.05 499.75 491.65 507.15 507.15 494.2 496.95 503.5 502.95 501.4 509.25 506.85 501.9 
95 0.0 0.0 508.95 502.65 491.95 493.95 500.35 489.4 485.6 498.45 499.1 499.1 499.95 499.95 490.8 511.7 509.75 509.0 497.7 501.05 505.7 
96 0.0 0.0 494.1 500.15 503.1 499.9 497.95 497.4 503.25 502.85 505.7 493.6 508.1 520.0 499.5 500.95 495.15 504.4 502.85 501.5 497.85 
97 0.0 0.0 499.05 504.95 494.4 502.55 492.25 497.55 506.45 500.25 496.0 497.05 494.5 492.85 497.65 504.7 500.15 501.3 507.8 494.4 504.75 
98 0.0 0.0 459.1 494.85 503.5 505.9 501.85 501.95 503.6 503.15 505.1 500.95 499.95 503.2 504.85 491.5 502.05 503.0 496.7 501.35 505.8 
99 0.0 0.0 390.35 499.55 495.85 491.95 501.65 507.35 503.1 496.4 499.95 498.65 501.65 496.2 505.35 497.0 496.7 499.15 500.8 505.3 502.45 
100 0.0 0.0 313.2 496.45 502.95 498.75 498.1 503.7 504.05 504.9 504.95 502.15 498.2 495.15 494.75 502.65 497.65 501.3 510.15 489.75 505.3 
101 0.0 0.0 218.3 502.35 499.25 495.3 501.2 500.85 497.65 504.85 496.1 497.65 494.35 502.95 507.9 501.1 499.4 500.15 495.35 502.25 488.4 
102 0.0 0.0 132.0 499.25 497.75 498.0 490.05 504.4 499.7 495.4 497.2 502.35 503.3 506.15 513.65 500.2 509.45 501.7 503.4 503.55 500.15 
103 0.0 0.0 50.0 495.7 496.4 499.7 496.5 487.45 499.5 501.55 497.8 496.25 499.65 492.8 497.95 504.65 496.4 507.2 497.15 501.35 509.5 
104 0.0 0.0 8.05 505.8 497.55 498.1 504.7 502.95 505.85 503.4 504.35 510.75 505.6 494.7 496.7 496.55 498.25 497.9 496.4 502.85 494.1 
105 0.0 0.0 0.4 506.2 503.55 500.35 496.5 500.05 500.05 494.8 491.15 496.4 498.85 504.65 493.45 500.2 503.05 499.9 492.95 497.25 497.9 
106 0.0 0.0 0.0 497.95 504.45 509.3 500.0 497.85 502.4 494.0 506.25 494.85 496.55 505.7 494.85 505.1 502.65 501.0 499.9 505.0 509.15 
107 0.0 0.0 0.0 500.8 490.7 494.3 507.75 501.7 487.35 502.7 497.85 502.05 505.3 500.35 502.15 503.15 495.45 501.3 503.8 490.05 494.45 
108 0.0 0.0 0.0 496.6 499.95 500.3 499.1 501.05 493.1 499.0 502.05 496.2 502.05 505.75 500.6 496.55 505.95 506.9 499.6 494.85 500.3 
109 0.0 0.0 0.0 497.75 501.65 501.25 512.75 501.85 501.3 501.75 502.0 503.2 494.05 496.35 498.3 502.65 500.25 494.75 498.75 507.85 490.2 
110 0.0 0.0 0.0 502.15 509.7 508.15 502.05 505.45 504.55 499.85 503.5 504.35 497.15 503.1 488.4 496.45 499.55 497.7 494.55 494.2 494.7 
111 0.0 0.0 0.0 499.95 504.3 509.6 497.85 496.7 508.8 502.55 494.4 499.35 501.1 500.85 502.85 493.45 492.6 490.75 496.5 489.5 491.55 
112 0.0 0.0 0.0 492.95 496.0 488.4 500.4 497.9 502.8 497.85 507.15 502.45 503.35 500.75 504.7 493.75 500.95 490.3 493.65 495.5 496.75 
113 0.0 0.0 0.0 505.75 512.45 502.45 502.05 501.75 495.55 506.3 498.7 503.55 513.0 493.4 496.1 498.8 489.95 495.0 492.0 498.75 484.65 
114 0.0 0.0 0.0 497.75 505.7 505.75 501.45 496.85 494.1 498.5 497.1 502.8 500.0 513.2 506.05 502.2 491.0 498.35 493.35 483.0 486.15 
115 0.0 0.0 0.0 501.3 502.35 502.25 490.25 495.15 498.9 503.9 499.65 498.3 503.15 498.3 498.6 488.3 487.45 492.1 480.8 488.8 493.55 
116 0.0 0.0 0.0 506.2 494.0 502.15 500.0 502.0 496.1 497.75 497.75 512.1 504.0 494.15 493.95 498.05 490.5 485.7 492.05 484.55 475.85 
117 0.0 0.0 0.0 504.7 485.4 494.1 505.2 502.35 507.6 499.35 503.8 487.1 483.35 490.8 500.55 502.3 496.45 492.5 492.9 489.55 486.95 
118 0.0 0.0 0.0 496.95 497.65 504.8 498.2 505.0 495.25 496.75 502.7 499.1 494.95 492.9 499.8 486.65 480.6 479.7 489.65 479.25 475.7 
119 0.0 0.0 0.0 503.9 494.05 496.6 493.75 501.2 498.75 496.25 508.0 492.35 495.3 495.15 486.3 486.95 496.35 484.6 476.65 470.85 459.7 
120 0.0 0.0 0.0 497.5 495.05 497.25 498.7 491.4 503.6 499.45 497.1 493.2 498.3 494.7 487.45 496.55 485.55 477.25 473.55 470.65 466.65 
121 0.0 0.0 0.0 491.9 507.1 490.8 500.5 501.9 506.85 501.15 490.75 494.4 497.25 491.4 485.0 477.85 474.05 472.1 467.4 472.25 460.3 
122 0.0 0.0 0.0 494.4 501.5 503.1 506.05 505.85 490.35 502.45 499.6 497.55 492.0 490.15 485.95 477.1 478.2 465.3 468.45 456.1 455.0 
123 0.0 0.0 0.0 502.65 505.1 494.75 493.55 494.45 502.2 499.9 494.5 493.3 487.05 484.6 476.65 469.5 476.1 466.0 461.55 461.15 454.55 
124 0.0 0.0 0.0 497.7 503.0 507.15 496.5 492.9 492.2 488.8 484.95 489.5 478.8 482.1 467.6 466.2 454.95 459.05 446.85 455.25 439.95 
125 0.0 0.0 0.0 502.85 496.85 499.8 502.9 497.45 500.55 492.3 491.2 480.25 474.85 467.7 461.0 459.3 451.5 453.6 446.05 424.5 434.45 
126 0.0 0.0 0.0 498.65 506.35 503.7 496.25 502.5 491.85 495.7 475.5 477.7 477.25 463.2 454.5 451.5 440.6 444.15 421.65 422.9 421.6 
127 0.0 0.0 0.0 503.2 494.6 489.35 498.15 503.15 501.0 482.75 486.3 467.95 462.7 457.35 455.9 434.6 434.15 425.6 423.05 411.55 396.75 
128 0.0 0.0 0.0 500.05 501.9 498.15 510.35 492.9 482.55 473.3 466.75 459.75 454.3 437.35 431.5 428.3 426.7 408.0 407.65 393.9 390.1 
129 0.0 0.0 0.0 493.7 489.95 503.15 494.5 485.0 481.25 477.5 459.8 449.15 450.6 431.65 422.3 414.45 409.45 396.45 387.05 376.65 378.45 
130 0.0 0.0 0.0 497.35 502.3 501.75 494.1 489.5 486.6 464.95 455.6 444.45 423.9 420.4 414.55 399.0 384.15 379.75 370.9 365.85 355.85 
131 0.0 0.0 0.0 508.3 498.5 482.05 492.65 478.85 466.3 450.25 441.9 435.3 416.85 397.9 393.05 379.25 369.05 367.25 359.3 343.25 335.7 
132 0.0 0.0 0.0 493.95 493.25 504.95 482.15 472.75 449.85 442.5 420.25 407.25 390.6 390.45 371.05 364.4 354.55 345.3 330.75 326.4 315.6 
133 0.0 0.0 0.0 503.9 513.55 490.75 478.25 469.8 438.4 422.1 411.65 395.2 372.55 363.15 358.0 337.65 326.2 313.6 309.85 304.8 296.75 
134 0.0 0.0 0.0 499.6 497.55 494.35 475.95 444.9 417.85 400.35 389.3 366.9 350.1 341.75 323.95 314.7 310.0 304.05 284.95 285.55 275.4 
135 0.0 0.0 0.0 500.7 495.15 481.2 445.45 427.65 406.75 379.25 360.75 338.6 322.65 318.35 303.4 296.0 292.9 269.1 270.5 259.8 256.8 
136 0.0 0.0 0.0 504.65 489.0 455.75 428.15 395.2 368.95 354.25 323.4 313.7 308.25 281.55 273.35 271.8 253.1 248.6 237.9 237.35 229.4 
137 0.0 0.0 0.0 499.8 480.3 442.3 404.4 365.95 340.9 318.9 294.65 281.7 270.85 254.8 250.6 237.7 227.75 221.85 220.25 211.15 204.4 
138 0.0 0.0 0.0 504.45 468.7 416.2 360.35 319.15 293.85 281.25 268.15 251.2 233.95 225.3 216.25 210.35 198.7 186.4 190.65 185.75 181.3 
139 0.0 0.0 0.0 499.1 442.65 373.05 317.6 288.85 256.35 234.3 218.85 207.75 198.1 192.3 183.9 177.65 168.9 167.9 155.95 152.05 150.0 
140 0.0 0.0 0.0 501.9 406.4 312.35 266.4 231.25 214.65 197.6 183.1 171.1 162.0 159.15 146.65 140.75 135.85 131.75 127.25 124.0 118.3 
141 0.0 0.0 0.0 490.95 326.7 242.2 204.4 176.85 167.75 148.15 140.85 129.2 126.5 113.0 110.45 109.1 100.9 97.55 95.65 95.55 88.95 
142 0.0 0.0 0.0 457.05 237.95 165.55 142.5 125.75 110.6 94.3 90.4 87.8 78.45 77.7 74.45 69.35 70.0 66.2 63.45 59.75 60.9 
143 0.0 0.0 0.0 405.9 133.0 94.45 70.2 63.7 56.4 54.95 47.0 42.85 42.15 40.4 41.15 39.7 35.5 36.3 32.85 31.6 30.3 
144 0.0 0.0 0.0 349.4 59.1 38.0 33.45 28.6 24.05 23.15 21.6 18.45 20.0 19.1 16.9 15.2 16.15 14.0 13.95 11.4 14.0 
145 0.0 0.0 0.0 306.95 25.2 16.3 12.35 10.75 9.6 7.75 7.95 7.25 7.0 5.9 5.65 6.15 6.15 5.45 6.15 5.55 5.6 
146 0.0 0.0 0.0 287.9 8.8 4.85 3.7 4.0 2.8 2.6 2.1 2.2 1.95 2.1 1.5 1.75 1.65 1.75 1.5 1.35 1.95 
147 0.0 0.0 0.0 258.75 2.35 1.55 1.35 1.15 1.15 0.9 0.8 0.55 0.6 0.45 0.55 0.8 0.45 0.6 0.45 0.7 0.6 
148 0.0 0.0 0.0 261.2 0.65 0.55 0.2 0.3 0.3 0.1 0.2 0.15 0.3 0.1 0.2 0.15 0.15 0.1 0.2 0.05 0.15 
149 0.0 0.0 0.0 264.25 0.25 0.1 0.05 0.1 0.0 0.0 0.05 0.0 0.0 0.05 0.05 0.0 0.1 0.05 0.05 0.05 0.0 
150 0.0 0.0 0.0 208.6 0.0 0.05 0.05 0.0 0.0 0.0 0.05 0.05 0.0 0.0 0.0 0.0 0.0 0.0 0.0 0.05 0.0 
151 0.0 0.0 0.0 150.8 0.1 0.0 0.0 0.0 0.0 0.0 0.0 0.0 0.0 0.0 0.0 0.0 0.0 0.0 0.0 0.0 0.0 
152 0.0 0.0 0.0 144.7 0.05 0.0 0.0 0.0 0.0 0.0 0.0 0.0 0.0 0.0 0.0 0.0 0.0 0.0 0.0 0.0 0.0 
153 0.0 0.0 0.0 107.85 0.0 0.0 0.0 0.0 0.0 0.0 0.0 0.0 0.0 0.0 0.0 0.0 0.0 0.0 0.0 0.0 0.0 
154 0.0 0.0 0.0 37.85 0.0 0.0 0.0 0.0 0.0 0.0 0.0 0.0 0.0 0.0 0.0 0.0 0.0 0.0 0.0 0.0 0.0 
155 0.0 0.0 0.0 23.5 0.0 0.0 0.0 0.0 0.0 0.0 0.0 0.0 0.0 0.0 0.0 0.0 0.0 0.0 0.0 0.0 0.0 
156 0.0 0.0 0.0 14.15 0.0 0.0 0.0 0.0 0.0 0.0 0.0 0.0 0.0 0.0 0.0 0.0 0.0 0.0 0.0 0.0 0.0 
157 0.0 0.0 0.0 3.3 0.0 0.0 0.0 0.0 0.0 0.0 0.0 0.0 0.0 0.0 0.0 0.0 0.0 0.0 0.0 0.0 0.0 
158 0.0 0.0 0.0 0.6 0.0 0.0 0.0 0.0 0.0 0.0 0.0 0.0 0.0 0.0 0.0 0.0 0.0 0.0 0.0 0.0 0.0 
159 0.0 0.0 0.0 0.0 0.0 0.0 0.0 0.0 0.0 0.0 0.0 0.0 0.0 0.0 0.0 0.0 0.0 0.0 0.0 0.0 0.0 
160 0.0 0.0 0.0 0.0 0.0 0.0 0.0 0.0 0.0 0.0 0.0 0.0 0.0 0.0 0.0 0.0 0.0 0.0 0.0 0.0 0.0 
161 0.0 0.0 0.0 0.0 0.0 0.0 0.0 0.0 0.0 0.0 0.0 0.0 0.0 0.0 0.0 0.0 0.0 0.0 0.0 0.0 0.0 
162 0.0 0.0 0.0 0.0 0.0 0.0 0.0 0.0 0.0 0.0 0.0 0.0 0.0 0.0 0.0 0.0 0.0 0.0 0.0 0.0 0.0 
163 0.0 0.0 0.0 0.0 0.0 0.0 0.0 0.0 0.0 0.0 0.0 0.0 0.0 0.0 0.0 0.0 0.0 0.0 0.0 0.0 0.0 
164 0.0 0.0 0.0 0.0 0.0 0.0 0.0 0.0 0.0 0.0 0.0 0.0 0.0 0.0 0.0 0.0 0.0 0.0 0.0 0.0 0.0 
165 0.0 0.0 0.0 0.0 0.0 0.0 0.0 0.0 0.0 0.0 0.0 0.0 0.0 0.0 0.0 0.0 0.0 0.0 0.0 0.0 0.0 
166 0.0 0.0 0.0 0.0 0.0 0.0 0.0 0.0 0.0 0.0 0.0 0.0 0.0 0.0 0.0 0.0 0.0 0.0 0.0 0.0 0.0 
167 0.0 0.0 0.0 0.0 0.5 0.0 0.0 0.0 0.0 0.0 0.0 0.0 0.0 0.0 0.0 0.0 0.0 0.0 0.0 0.0 0.0 
168 0.0 0.0 0.0 0.0 6.15 0.2 0.0 0.0 0.0 0.0 0.0 0.0 0.0 0.0 0.0 0.0 0.0 0.0 0.0 0.0 0.0 
169 0.0 0.0 0.0 0.0 72.55 1.7 0.1 0.0 0.0 0.0 0.0 0.0 0.0 0.0 0.0 0.0 0.0 0.0 0.0 0.0 0.0 
170 0.0 0.0 0.0 0.0 88.3 2.5 0.0 0.0 0.0 0.0 0.0 0.0 0.0 0.0 0.0 0.0 0.0 0.0 0.0 0.0 0.0 
171 0.0 0.0 0.0 0.0 71.85 1.55 0.05 0.0 0.0 0.0 0.0 0.0 0.0 0.0 0.0 0.0 0.0 0.0 0.0 0.0 0.0 
172 0.0 0.0 0.0 0.0 46.65 1.2 0.0 0.0 0.0 0.0 0.0 0.0 0.0 0.0 0.0 0.0 0.0 0.0 0.0 0.0 0.0 
173 0.0 0.0 0.0 0.0 29.5 0.45 0.0 0.0 0.0 0.0 0.0 0.0 0.0 0.0 0.0 0.0 0.0 0.0 0.0 0.0 0.0 
174 0.0 0.0 0.0 0.0 14.9 0.1 0.05 0.0 0.0 0.0 0.0 0.0 0.0 0.0 0.0 0.0 0.0 0.0 0.0 0.0 0.0 
175 0.0 0.0 0.0 0.0 9.9 0.1 0.0 0.0 0.0 0.0 0.0 0.0 0.0 0.0 0.0 0.0 0.0 0.0 0.0 0.0 0.0 
176 0.0 0.0 0.0 0.0 4.8 0.05 0.0 0.0 0.0 0.0 0.0 0.0 0.0 0.0 0.0 0.0 0.0 0.0 0.0 0.0 0.0 
177 0.0 0.0 0.0 0.0 3.05 0.05 0.0 0.0 0.0 0.0 0.0 0.0 0.0 0.0 0.0 0.0 0.0 0.0 0.0 0.0 0.0 
178 0.0 0.0 0.0 0.0 2.25 0.0 0.0 0.0 0.0 0.0 0.0 0.0 0.0 0.0 0.0 0.0 0.0 0.0 0.0 0.0 0.0 
179 0.0 0.0 0.0 0.0 1.6 0.0 0.0 0.0 0.0 0.0 0.0 0.0 0.0 0.0 0.0 0.0 0.0 0.0 0.0 0.0 0.0 
180 0.0 0.0 0.0 0.0 0.75 0.0 0.0 0.0 0.0 0.0 0.0 0.0 0.0 0.0 0.0 0.0 0.0 0.0 0.0 0.0 0.0 
181 0.0 0.0 0.0 0.0 0.9 0.0 0.0 0.0 0.0 0.0 0.0 0.0 0.0 0.0 0.0 0.0 0.0 0.0 0.0 0.0 0.0 
182 0.0 0.0 0.0 0.0 1.25 0.0 0.0 0.0 0.0 0.0 0.0 0.0 0.0 0.0 0.0 0.0 0.0 0.0 0.0 0.0 0.0 
183 0.0 0.0 0.0 0.0 0.6 0.0 0.0 0.0 0.0 0.0 0.0 0.0 0.0 0.0 0.0 0.0 0.0 0.0 0.0 0.0 0.0 
184 0.0 0.0 0.0 0.0 0.7 0.0 0.0 0.0 0.0 0.0 0.0 0.0 0.0 0.0 0.0 0.0 0.0 0.0 0.0 0.0 0.0 
185 0.0 0.0 0.0 0.0 0.95 0.0 0.0 0.0 0.0 0.0 0.0 0.0 0.0 0.0 0.0 0.0 0.0 0.0 0.0 0.0 0.0 
186 0.0 0.0 0.0 0.0 1.25 0.0 0.0 0.0 0.0 0.0 0.0 0.0 0.0 0.0 0.0 0.0 0.0 0.0 0.0 0.0 0.0 
187 0.0 0.0 0.0 0.0 1.75 0.0 0.0 0.0 0.0 0.0 0.0 0.0 0.0 0.0 0.0 0.0 0.0 0.0 0.0 0.0 0.0 
188 0.0 0.0 0.0 0.0 2.55 0.0 0.0 0.0 0.0 0.0 0.0 0.0 0.0 0.0 0.0 0.0 0.0 0.0 0.0 0.0 0.0 
189 0.0 0.0 0.0 0.0 5.85 0.0 0.0 0.0 0.0 0.0 0.0 0.0 0.0 0.0 0.0 0.0 0.0 0.0 0.0 0.0 0.0 
190 0.0 0.0 0.0 0.0 17.0 0.15 0.0 0.0 0.0 0.0 0.0 0.0 0.0 0.0 0.0 0.0 0.0 0.0 0.0 0.0 0.0 
191 0.0 0.0 0.0 0.0 84.05 1.0 0.0 0.0 0.0 0.0 0.0 0.0 0.0 0.0 0.0 0.0 0.0 0.0 0.0 0.0 0.0 
192 0.0 0.0 0.0 0.0 304.2 6.4 0.05 0.0 0.0 0.0 0.0 0.0 0.0 0.0 0.0 0.0 0.0 0.0 0.0 0.0 0.0 
193 0.0 0.0 0.0 0.0 351.05 8.65 0.3 0.0 0.0 0.0 0.0 0.0 0.0 0.0 0.0 0.0 0.0 0.0 0.0 0.0 0.0 
194 0.0 0.0 0.0 0.0 337.6 6.5 0.15 0.0 0.0 0.0 0.0 0.0 0.0 0.0 0.0 0.0 0.0 0.0 0.0 0.0 0.0 
195 0.0 0.0 0.0 0.0 328.95 5.0 0.05 0.0 0.0 0.0 0.0 0.0 0.0 0.0 0.0 0.0 0.0 0.0 0.0 0.0 0.0 
196 0.0 0.0 0.0 0.0 279.25 1.9 0.05 0.0 0.0 0.0 0.0 0.0 0.0 0.0 0.0 0.0 0.0 0.0 0.0 0.0 0.0 
197 0.0 0.0 0.0 0.0 228.55 0.75 0.0 0.0 0.0 0.0 0.0 0.0 0.0 0.0 0.0 0.0 0.0 0.0 0.0 0.0 0.0 
198 0.0 0.0 0.0 0.0 230.35 0.35 0.0 0.0 0.0 0.0 0.0 0.0 0.0 0.0 0.0 0.0 0.0 0.0 0.0 0.0 0.0 
199 0.0 0.0 0.0 0.0 225.65 0.1 0.0 0.0 0.0 0.0 0.0 0.0 0.0 0.0 0.0 0.0 0.0 0.0 0.0 0.0 0.0 
200 0.0 0.0 0.0 0.0 217.5 0.15 0.0 0.0 0.0 0.0 0.0 0.0 0.0 0.0 0.0 0.0 0.0 0.0 0.0 0.0 0.0 
201 0.0 0.0 0.0 0.0 169.85 0.0 0.0 0.0 0.0 0.0 0.0 0.0 0.0 0.0 0.0 0.0 0.0 0.0 0.0 0.0 0.0 
202 0.0 0.0 0.0 0.0 150.65 0.0 0.0 0.0 0.0 0.0 0.0 0.0 0.0 0.0 0.0 0.0 0.0 0.0 0.0 0.0 0.0 
203 0.0 0.0 0.0 0.0 100.7 0.0 0.0 0.0 0.0 0.0 0.0 0.0 0.0 0.0 0.0 0.0 0.0 0.0 0.0 0.0 0.0 
204 0.0 0.0 0.0 0.0 50.45 0.0 0.0 0.0 0.0 0.0 0.0 0.0 0.0 0.0 0.0 0.0 0.0 0.0 0.0 0.0 0.0 
205 0.0 0.0 0.0 0.0 43.4 0.0 0.0 0.0 0.0 0.0 0.0 0.0 0.0 0.0 0.0 0.0 0.0 0.0 0.0 0.0 0.0 
206 0.0 0.0 0.0 0.0 20.0 0.0 0.0 0.0 0.0 0.0 0.0 0.0 0.0 0.0 0.0 0.0 0.0 0.0 0.0 0.0 0.0 
207 0.0 0.0 0.0 0.0 3.95 0.0 0.05 0.0 0.0 0.0 0.0 0.0 0.0 0.0 0.0 0.0 0.0 0.0 0.0 0.0 0.0 
208 0.0 0.0 0.0 0.0 0.15 0.0 0.0 0.0 0.0 0.0 0.0 0.0 0.0 0.0 0.0 0.0 0.0 0.0 0.0 0.0 0.0 
209 0.0 0.0 0.0 0.0 0.0 1.0 0.05 0.0 0.0 0.0 0.0 0.0 0.0 0.0 0.0 0.0 0.0 0.0 0.0 0.0 0.0 
210 0.0 0.0 0.0 0.0 0.0 6.1 0.2 0.0 0.0 0.0 0.0 0.0 0.0 0.0 0.0 0.0 0.0 0.0 0.0 0.0 0.0 
211 0.0 0.0 0.0 0.0 0.0 41.15 1.4 0.0 0.0 0.0 0.0 0.0 0.0 0.0 0.0 0.0 0.0 0.0 0.0 0.0 0.0 
212 0.0 0.0 0.0 0.0 0.0 52.5 1.85 0.05 0.0 0.0 0.0 0.0 0.0 0.0 0.0 0.0 0.0 0.0 0.0 0.0 0.0 
213 0.0 0.0 0.0 0.0 0.0 47.3 1.4 0.05 0.0 0.0 0.0 0.0 0.0 0.0 0.0 0.0 0.0 0.0 0.0 0.0 0.0 
214 0.0 0.0 0.0 0.0 0.0 27.8 0.75 0.15 0.0 0.0 0.0 0.0 0.0 0.0 0.0 0.0 0.0 0.0 0.0 0.0 0.0 
215 0.0 0.0 0.0 0.0 0.0 17.6 0.75 0.05 0.0 0.0 0.0 0.0 0.0 0.0 0.0 0.0 0.0 0.0 0.0 0.0 0.0 
216 0.0 0.0 0.0 0.0 0.0 9.8 0.2 0.0 0.0 0.0 0.0 0.0 0.0 0.0 0.0 0.0 0.0 0.0 0.0 0.0 0.0 
217 0.0 0.0 0.0 0.0 0.0 4.55 0.05 0.0 0.0 0.0 0.0 0.0 0.0 0.0 0.0 0.0 0.0 0.0 0.0 0.0 0.0 
218 0.0 0.0 0.0 0.0 0.0 2.7 0.1 0.0 0.0 0.0 0.0 0.0 0.0 0.0 0.0 0.0 0.0 0.0 0.0 0.0 0.0 
219 0.0 0.0 0.0 0.0 0.0 1.2 0.0 0.0 0.0 0.0 0.0 0.0 0.0 0.0 0.0 0.0 0.0 0.0 0.0 0.0 0.0 
220 0.0 0.0 0.0 0.0 0.0 0.95 0.0 0.0 0.0 0.0 0.0 0.0 0.0 0.0 0.0 0.0 0.0 0.0 0.0 0.0 0.0 
221 0.0 0.0 0.0 0.0 0.0 0.55 0.0 0.0 0.0 0.0 0.0 0.0 0.0 0.0 0.0 0.0 0.0 0.0 0.0 0.0 0.0 
222 0.0 0.0 0.0 0.0 0.0 0.6 0.0 0.0 0.0 0.0 0.0 0.0 0.0 0.0 0.0 0.0 0.0 0.0 0.0 0.0 0.0 
223 0.0 0.0 0.0 0.0 0.0 0.4 0.0 0.0 0.0 0.0 0.0 0.0 0.0 0.0 0.0 0.0 0.0 0.0 0.0 0.0 0.0 
224 0.0 0.0 0.0 0.0 0.0 0.2 0.0 0.0 0.0 0.0 0.0 0.0 0.0 0.0 0.0 0.0 0.0 0.0 0.0 0.0 0.0 
225 0.0 0.0 0.0 0.0 0.0 0.85 0.0 0.0 0.0 0.0 0.0 0.0 0.0 0.0 0.0 0.0 0.0 0.0 0.0 0.0 0.0 
226 0.0 0.0 0.0 0.0 0.0 4.75 0.1 0.0 0.0 0.0 0.0 0.0 0.0 0.0 0.0 0.0 0.0 0.0 0.0 0.0 0.0 
227 0.0 0.0 0.0 0.0 0.0 22.1 0.8 0.05 0.0 0.0 0.0 0.0 0.0 0.0 0.0 0.0 0.0 0.0 0.0 0.0 0.0 
228 0.0 0.0 0.0 0.0 0.0 126.6 3.45 0.05 0.0 0.0 0.0 0.0 0.0 0.0 0.0 0.0 0.0 0.0 0.0 0.0 0.0 
229 0.0 0.0 0.0 0.0 0.0 157.35 4.9 0.1 0.0 0.0 0.0 0.0 0.0 0.0 0.0 0.0 0.0 0.0 0.0 0.0 0.0 
230 0.0 0.0 0.0 0.0 0.0 137.05 3.2 0.15 0.0 0.0 0.0 0.0 0.0 0.0 0.0 0.0 0.0 0.0 0.0 0.0 0.0 
231 0.0 0.0 0.0 0.0 0.0 108.45 2.1 0.05 0.0 0.0 0.0 0.0 0.0 0.0 0.0 0.0 0.0 0.0 0.0 0.0 0.0 
232 0.0 0.0 0.0 0.0 0.0 83.0 0.9 0.0 0.0 0.0 0.0 0.0 0.0 0.0 0.0 0.0 0.0 0.0 0.0 0.0 0.0 
233 0.0 0.0 0.0 0.0 0.0 63.65 0.35 0.0 0.0 0.0 0.0 0.0 0.0 0.0 0.0 0.0 0.0 0.0 0.0 0.0 0.0 
234 0.0 0.0 0.0 0.0 0.0 50.8 0.45 0.0 0.0 0.0 0.0 0.0 0.0 0.0 0.0 0.0 0.0 0.0 0.0 0.0 0.0 
235 0.0 0.0 0.0 0.0 0.0 41.95 0.1 0.0 0.0 0.0 0.0 0.0 0.0 0.0 0.0 0.0 0.0 0.0 0.0 0.0 0.0 
236 0.0 0.0 0.0 0.0 0.0 37.85 0.0 0.0 0.0 0.0 0.0 0.0 0.0 0.0 0.0 0.0 0.0 0.0 0.0 0.0 0.0 
237 0.0 0.0 0.0 0.0 0.0 38.2 0.0 0.0 0.0 0.0 0.0 0.0 0.0 0.0 0.0 0.0 0.0 0.0 0.0 0.0 0.0 
238 0.0 0.0 0.0 0.0 0.0 42.75 0.0 0.0 0.0 0.0 0.0 0.0 0.0 0.0 0.0 0.0 0.0 0.0 0.0 0.0 0.0 
239 0.0 0.0 0.0 0.0 0.0 49.5 0.05 0.0 0.0 0.0 0.0 0.0 0.0 0.0 0.0 0.0 0.0 0.0 0.0 0.0 0.0 
240 0.0 0.0 0.0 0.0 0.0 58.2 0.3 0.0 0.0 0.0 0.0 0.0 0.0 0.0 0.0 0.0 0.0 0.0 0.0 0.0 0.0 
241 0.0 0.0 0.0 0.0 0.0 100.05 0.4 0.0 0.0 0.0 0.0 0.0 0.0 0.0 0.0 0.0 0.0 0.0 0.0 0.0 0.0 
242 0.0 0.0 0.0 0.0 0.0 265.05 2.25 0.15 0.0 0.0 0.0 0.0 0.0 0.0 0.0 0.0 0.0 0.0 0.0 0.0 0.0 
243 0.0 0.0 0.0 0.0 0.0 379.6 8.75 0.05 0.05 0.0 0.0 0.0 0.0 0.0 0.0 0.0 0.0 0.0 0.0 0.0 0.0 
244 0.0 0.0 0.0 0.0 0.0 353.6 11.15 0.35 0.0 0.0 0.0 0.0 0.0 0.0 0.0 0.0 0.0 0.0 0.0 0.0 0.0 
245 0.0 0.0 0.0 0.0 0.0 315.7 9.1 0.2 0.0 0.0 0.0 0.0 0.0 0.0 0.0 0.0 0.0 0.0 0.0 0.0 0.0 
246 0.0 0.0 0.0 0.0 0.0 285.25 5.6 0.05 0.0 0.0 0.0 0.0 0.0 0.0 0.0 0.0 0.0 0.0 0.0 0.0 0.0 
247 0.0 0.0 0.0 0.0 0.0 281.35 3.0 0.05 0.0 0.0 0.0 0.0 0.0 0.0 0.0 0.0 0.0 0.0 0.0 0.0 0.0 
248 0.0 0.0 0.0 0.0 0.0 226.9 1.35 0.0 0.0 0.0 0.0 0.0 0.0 0.0 0.0 0.0 0.0 0.0 0.0 0.0 0.0 
249 0.0 0.0 0.0 0.0 0.0 179.45 0.8 0.0 0.0 0.0 0.0 0.0 0.0 0.0 0.0 0.0 0.0 0.0 0.0 0.0 0.0 
250 0.0 0.0 0.0 0.0 0.0 174.15 0.2 0.0 0.0 0.0 0.0 0.0 0.0 0.0 0.0 0.0 0.0 0.0 0.0 0.0 0.0 
251 0.0 0.0 0.0 0.0 0.0 189.15 0.2 0.0 0.0 0.0 0.0 0.0 0.0 0.0 0.0 0.0 0.0 0.0 0.0 0.0 0.0 
252 0.0 0.0 0.0 0.0 0.0 137.6 0.2 0.0 0.0 0.0 0.0 0.0 0.0 0.0 0.0 0.0 0.0 0.0 0.0 0.0 0.0 
253 0.0 0.0 0.0 0.0 0.0 75.45 0.55 0.1 0.0 0.0 0.0 0.0 0.0 0.0 0.0 0.0 0.0 0.0 0.0 0.0 0.0 
254 0.0 0.0 0.0 0.0 0.0 51.5 3.1 0.1 0.0 0.0 0.0 0.0 0.0 0.0 0.0 0.0 0.0 0.0 0.0 0.0 0.0 
255 0.0 0.0 0.0 0.0 0.0 30.05 10.8 0.2 0.0 0.0 0.0 0.0 0.0 0.0 0.0 0.0 0.0 0.0 0.0 0.0 0.0 
256 0.0 0.0 0.0 0.0 0.0 2.6 33.7 0.7 0.0 0.0 0.0 0.0 0.0 0.0 0.0 0.0 0.0 0.0 0.0 0.0 0.0 
257 0.0 0.0 0.0 0.0 0.0 0.0 34.55 0.75 0.05 0.0 0.0 0.0 0.0 0.0 0.0 0.0 0.0 0.0 0.0 0.0 0.0 
258 0.0 0.0 0.0 0.0 0.0 0.0 27.8 0.45 0.0 0.0 0.0 0.0 0.0 0.0 0.0 0.0 0.0 0.0 0.0 0.0 0.0 
259 0.0 0.0 0.0 0.0 0.0 0.0 17.15 0.35 0.0 0.0 0.0 0.0 0.0 0.0 0.0 0.0 0.0 0.0 0.0 0.0 0.0 
260 0.0 0.0 0.0 0.0 0.0 0.0 10.0 0.15 0.0 0.0 0.0 0.0 0.0 0.0 0.0 0.0 0.0 0.0 0.0 0.0 0.0 
261 0.0 0.0 0.0 0.0 0.0 0.0 5.45 0.15 0.0 0.0 0.0 0.0 0.0 0.0 0.0 0.0 0.0 0.0 0.0 0.0 0.0 
262 0.0 0.0 0.0 0.0 0.0 0.0 3.1 0.1 0.0 0.0 0.0 0.0 0.0 0.0 0.0 0.0 0.0 0.0 0.0 0.0 0.0 
263 0.0 0.0 0.0 0.0 0.0 0.0 1.65 0.05 0.0 0.0 0.0 0.0 0.0 0.0 0.0 0.0 0.0 0.0 0.0 0.0 0.0 
264 0.0 0.0 0.0 0.0 0.0 0.0 2.75 0.1 0.0 0.0 0.0 0.0 0.0 0.0 0.0 0.0 0.0 0.0 0.0 0.0 0.0 
265 0.0 0.0 0.0 0.0 0.0 0.0 7.75 0.2 0.0 0.0 0.0 0.0 0.0 0.0 0.0 0.0 0.0 0.0 0.0 0.0 0.0 
266 0.0 0.0 0.0 0.0 0.0 0.0 23.0 1.0 0.0 0.0 0.0 0.0 0.0 0.0 0.0 0.0 0.0 0.0 0.0 0.0 0.0 
267 0.0 0.0 0.0 0.0 0.0 0.0 85.6 3.75 0.15 0.0 0.0 0.0 0.0 0.0 0.0 0.0 0.0 0.0 0.0 0.0 0.0 
268 0.0 0.0 0.0 0.0 0.0 0.0 102.7 4.05 0.35 0.0 0.0 0.0 0.0 0.0 0.0 0.0 0.0 0.0 0.0 0.0 0.0 
269 0.0 0.0 0.0 0.0 0.0 0.0 95.7 3.45 0.05 0.0 0.0 0.0 0.0 0.0 0.0 0.0 0.0 0.0 0.0 0.0 0.0 
270 0.0 0.0 0.0 0.0 0.0 0.0 69.8 2.65 0.15 0.0 0.0 0.0 0.0 0.0 0.0 0.0 0.0 0.0 0.0 0.0 0.0 
271 0.0 0.0 0.0 0.0 0.0 0.0 44.55 1.7 0.0 0.0 0.0 0.0 0.0 0.0 0.0 0.0 0.0 0.0 0.0 0.0 0.0 
272 0.0 0.0 0.0 0.0 0.0 0.0 30.2 0.45 0.05 0.0 0.0 0.0 0.0 0.0 0.0 0.0 0.0 0.0 0.0 0.0 0.0 
273 0.0 0.0 0.0 0.0 0.0 0.0 21.5 0.05 0.0 0.0 0.0 0.0 0.0 0.0 0.0 0.0 0.0 0.0 0.0 0.0 0.0 
274 0.0 0.0 0.0 0.0 0.0 0.0 14.15 0.3 0.0 0.0 0.0 0.0 0.0 0.0 0.0 0.0 0.0 0.0 0.0 0.0 0.0 
275 0.0 0.0 0.0 0.0 0.0 0.0 13.15 0.15 0.0 0.0 0.0 0.0 0.0 0.0 0.0 0.0 0.0 0.0 0.0 0.0 0.0 
276 0.0 0.0 0.0 0.0 0.0 0.0 19.6 0.3 0.0 0.0 0.0 0.0 0.0 0.0 0.0 0.0 0.0 0.0 0.0 0.0 0.0 
277 0.0 0.0 0.0 0.0 0.0 0.0 47.1 0.95 0.0 0.0 0.0 0.0 0.0 0.0 0.0 0.0 0.0 0.0 0.0 0.0 0.0 
278 0.0 0.0 0.0 0.0 0.0 0.0 151.35 4.2 0.15 0.0 0.0 0.0 0.0 0.0 0.0 0.0 0.0 0.0 0.0 0.0 0.0 
279 0.0 0.0 0.0 0.0 0.0 0.0 182.5 4.95 0.15 0.0 0.0 0.0 0.0 0.0 0.0 0.0 0.0 0.0 0.0 0.0 0.0 
280 0.0 0.0 0.0 0.0 0.0 0.0 158.9 3.95 0.2 0.0 0.0 0.0 0.0 0.0 0.0 0.0 0.0 0.0 0.0 0.0 0.0 
281 0.0 0.0 0.0 0.0 0.0 0.0 136.65 3.0 0.05 0.0 0.0 0.0 0.0 0.0 0.0 0.0 0.0 0.0 0.0 0.0 0.0 
282 0.0 0.0 0.0 0.0 0.0 0.0 111.35 1.7 0.1 0.05 0.0 0.0 0.0 0.0 0.0 0.0 0.0 0.0 0.0 0.0 0.0 
283 0.0 0.0 0.0 0.0 0.0 0.0 93.5 1.2 0.0 0.0 0.0 0.0 0.0 0.0 0.0 0.0 0.0 0.0 0.0 0.0 0.0 
284 0.0 0.0 0.0 0.0 0.0 0.0 85.6 1.6 0.05 0.0 0.0 0.0 0.0 0.0 0.0 0.0 0.0 0.0 0.0 0.0 0.0 
285 0.0 0.0 0.0 0.0 0.0 0.0 90.6 1.5 0.15 0.0 0.0 0.0 0.0 0.0 0.0 0.0 0.0 0.0 0.0 0.0 0.0 
286 0.0 0.0 0.0 0.0 0.0 0.0 133.4 6.25 0.4 0.0 0.0 0.0 0.0 0.0 0.0 0.0 0.0 0.0 0.0 0.0 0.0 
287 0.0 0.0 0.0 0.0 0.0 0.0 316.0 16.5 0.6 0.0 0.0 0.0 0.0 0.0 0.0 0.0 0.0 0.0 0.0 0.0 0.0 
288 0.0 0.0 0.0 0.0 0.0 0.0 344.5 19.55 0.85 0.1 0.0 0.0 0.0 0.0 0.0 0.0 0.0 0.0 0.0 0.0 0.0 
289 0.0 0.0 0.0 0.0 0.0 0.0 330.55 16.1 0.7 0.05 0.0 0.0 0.0 0.0 0.0 0.0 0.0 0.0 0.0 0.0 0.0 
290 0.0 0.0 0.0 0.0 0.0 0.0 311.5 10.85 0.65 0.0 0.0 0.0 0.0 0.0 0.0 0.0 0.0 0.0 0.0 0.0 0.0 
291 0.0 0.0 0.0 0.0 0.0 0.0 274.55 5.75 0.4 0.0 0.0 0.0 0.0 0.0 0.0 0.0 0.0 0.0 0.0 0.0 0.0 
292 0.0 0.0 0.0 0.0 0.0 0.0 274.7 3.3 0.35 0.0 0.0 0.0 0.0 0.0 0.0 0.0 0.0 0.0 0.0 0.0 0.0 
293 0.0 0.0 0.0 0.0 0.0 0.0 235.4 2.55 0.05 0.0 0.0 0.0 0.0 0.0 0.0 0.0 0.0 0.0 0.0 0.0 0.0 
294 0.0 0.0 0.0 0.0 0.0 0.0 218.55 4.7 0.1 0.0 0.0 0.0 0.0 0.0 0.0 0.0 0.0 0.0 0.0 0.0 0.0 
295 0.0 0.0 0.0 0.0 0.0 0.0 248.1 9.05 0.35 0.0 0.0 0.0 0.0 0.0 0.0 0.0 0.0 0.0 0.0 0.0 0.0 
296 0.0 0.0 0.0 0.0 0.0 0.0 273.15 24.2 0.9 0.0 0.0 0.0 0.0 0.0 0.0 0.0 0.0 0.0 0.0 0.0 0.0 
297 0.0 0.0 0.0 0.0 0.0 0.0 254.05 28.8 0.9 0.1 0.0 0.0 0.0 0.0 0.0 0.0 0.0 0.0 0.0 0.0 0.0 
298 0.0 0.0 0.0 0.0 0.0 0.0 208.05 22.95 0.85 0.05 0.0 0.0 0.0 0.0 0.0 0.0 0.0 0.0 0.0 0.0 0.0 
299 0.0 0.0 0.0 0.0 0.0 0.0 158.05 16.0 0.6 0.05 0.0 0.0 0.0 0.0 0.0 0.0 0.0 0.0 0.0 0.0 0.0 
300 0.0 0.0 0.0 0.0 0.0 0.0 113.25 9.75 0.5 0.05 0.0 0.0 0.0 0.0 0.0 0.0 0.0 0.0 0.0 0.0 0.0 
301 0.0 0.0 0.0 0.0 0.0 0.0 91.3 7.3 0.1 0.0 0.0 0.0 0.0 0.0 0.0 0.0 0.0 0.0 0.0 0.0 0.0 
302 0.0 0.0 0.0 0.0 0.0 0.0 24.5 8.6 0.2 0.0 0.0 0.0 0.0 0.0 0.0 0.0 0.0 0.0 0.0 0.0 0.0 
303 0.0 0.0 0.0 0.0 0.0 0.0 2.75 19.55 1.0 0.0 0.0 0.0 0.0 0.0 0.0 0.0 0.0 0.0 0.0 0.0 0.0 
304 0.0 0.0 0.0 0.0 0.0 0.0 0.0 44.5 1.4 0.05 0.0 0.0 0.0 0.0 0.0 0.0 0.0 0.0 0.0 0.0 0.0 
305 0.0 0.0 0.0 0.0 0.0 0.0 0.0 50.05 2.15 0.05 0.0 0.0 0.0 0.0 0.0 0.0 0.0 0.0 0.0 0.0 0.0 
306 0.0 0.0 0.0 0.0 0.0 0.0 0.0 42.6 1.6 0.0 0.0 0.0 0.0 0.0 0.0 0.0 0.0 0.0 0.0 0.0 0.0 
307 0.0 0.0 0.0 0.0 0.0 0.0 0.0 31.8 1.4 0.0 0.0 0.0 0.0 0.0 0.0 0.0 0.0 0.0 0.0 0.0 0.0 
308 0.0 0.0 0.0 0.0 0.0 0.0 0.0 22.95 0.85 0.0 0.0 0.0 0.0 0.0 0.0 0.0 0.0 0.0 0.0 0.0 0.0 
309 0.0 0.0 0.0 0.0 0.0 0.0 0.0 23.75 1.1 0.05 0.0 0.0 0.0 0.0 0.0 0.0 0.0 0.0 0.0 0.0 0.0 
310 0.0 0.0 0.0 0.0 0.0 0.0 0.0 40.35 2.4 0.1 0.0 0.0 0.0 0.0 0.0 0.0 0.0 0.0 0.0 0.0 0.0 
311 0.0 0.0 0.0 0.0 0.0 0.0 0.0 92.75 6.15 0.5 0.0 0.0 0.0 0.0 0.0 0.0 0.0 0.0 0.0 0.0 0.0 
312 0.0 0.0 0.0 0.0 0.0 0.0 0.0 104.5 5.7 0.45 0.0 0.0 0.0 0.0 0.0 0.0 0.0 0.0 0.0 0.0 0.0 
313 0.0 0.0 0.0 0.0 0.0 0.0 0.0 87.8 4.75 0.15 0.0 0.0 0.0 0.0 0.0 0.0 0.0 0.0 0.0 0.0 0.0 
314 0.0 0.0 0.0 0.0 0.0 0.0 0.0 66.4 3.4 0.3 0.0 0.0 0.0 0.0 0.0 0.0 0.0 0.0 0.0 0.0 0.0 
315 0.0 0.0 0.0 0.0 0.0 0.0 0.0 49.4 2.05 0.25 0.1 0.0 0.0 0.0 0.0 0.0 0.0 0.0 0.0 0.0 0.0 
316 0.0 0.0 0.0 0.0 0.0 0.0 0.0 45.9 2.3 0.1 0.0 0.0 0.0 0.0 0.0 0.0 0.0 0.0 0.0 0.0 0.0 
317 0.0 0.0 0.0 0.0 0.0 0.0 0.0 64.05 3.45 0.35 0.0 0.0 0.0 0.0 0.0 0.0 0.0 0.0 0.0 0.0 0.0 
318 0.0 0.0 0.0 0.0 0.0 0.0 0.0 133.9 7.2 0.3 0.0 0.0 0.0 0.0 0.0 0.0 0.0 0.0 0.0 0.0 0.0 
319 0.0 0.0 0.0 0.0 0.0 0.0 0.0 145.3 8.45 0.25 0.05 0.0 0.0 0.0 0.0 0.0 0.0 0.0 0.0 0.0 0.0 
320 0.0 0.0 0.0 0.0 0.0 0.0 0.0 128.25 6.4 0.4 0.0 0.05 0.0 0.0 0.0 0.0 0.0 0.0 0.0 0.0 0.0 
321 0.0 0.0 0.0 0.0 0.0 0.0 0.0 105.95 5.25 0.65 0.0 0.0 0.0 0.0 0.0 0.0 0.0 0.0 0.0 0.0 0.0 
322 0.0 0.0 0.0 0.0 0.0 0.0 0.0 94.9 5.95 0.3 0.05 0.0 0.0 0.0 0.0 0.0 0.0 0.0 0.0 0.0 0.0 
323 0.0 0.0 0.0 0.0 0.0 0.0 0.0 117.4 9.7 0.65 0.0 0.0 0.0 0.0 0.0 0.0 0.0 0.0 0.0 0.0 0.0 
324 0.0 0.0 0.0 0.0 0.0 0.0 0.0 218.2 17.45 1.2 0.0 0.0 0.0 0.0 0.0 0.0 0.0 0.0 0.0 0.0 0.0 
325 0.0 0.0 0.0 0.0 0.0 0.0 0.0 237.5 17.9 1.3 0.1 0.0 0.0 0.0 0.0 0.0 0.0 0.0 0.0 0.0 0.0 
326 0.0 0.0 0.0 0.0 0.0 0.0 0.0 211.8 14.6 1.25 0.05 0.0 0.0 0.0 0.0 0.0 0.0 0.0 0.0 0.0 0.0 
327 0.0 0.0 0.0 0.0 0.0 0.0 0.0 173.9 11.15 0.45 0.1 0.0 0.0 0.0 0.0 0.0 0.0 0.0 0.0 0.0 0.0 
328 0.0 0.0 0.0 0.0 0.0 0.0 0.0 159.4 10.15 0.85 0.1 0.0 0.0 0.0 0.0 0.0 0.0 0.0 0.0 0.0 0.0 
329 0.0 0.0 0.0 0.0 0.0 0.0 0.0 184.5 14.2 0.8 0.15 0.0 0.0 0.0 0.0 0.0 0.0 0.0 0.0 0.0 0.0 
330 0.0 0.0 0.0 0.0 0.0 0.0 0.0 305.5 25.5 2.1 0.15 0.0 0.0 0.0 0.0 0.0 0.0 0.0 0.0 0.0 0.0 
331 0.0 0.0 0.0 0.0 0.0 0.0 0.0 320.75 26.9 2.65 0.2 0.0 0.0 0.0 0.0 0.0 0.0 0.0 0.0 0.0 0.0 
332 0.0 0.0 0.0 0.0 0.0 0.0 0.0 298.6 26.35 2.25 0.15 0.0 0.0 0.0 0.0 0.0 0.0 0.0 0.0 0.0 0.0 
333 0.0 0.0 0.0 0.0 0.0 0.0 0.0 263.7 24.75 3.2 0.15 0.0 0.0 0.0 0.0 0.0 0.0 0.0 0.0 0.0 0.0 
334 0.0 0.0 0.0 0.0 0.0 0.0 0.0 271.2 32.9 4.5 0.5 0.1 0.0 0.0 0.0 0.0 0.0 0.0 0.0 0.0 0.0 
335 0.0 0.0 0.0 0.0 0.0 0.0 0.0 383.3 56.5 6.55 0.95 0.2 0.05 0.0 0.0 0.0 0.0 0.0 0.0 0.0 0.0 
336 0.0 0.0 0.0 0.0 0.0 0.0 0.0 395.15 64.6 8.4 1.1 0.05 0.05 0.0 0.0 0.0 0.0 0.0 0.0 0.0 0.0 
337 0.0 0.0 0.0 0.0 0.0 0.0 0.0 356.65 49.8 7.5 0.8 0.15 0.0 0.0 0.0 0.0 0.0 0.0 0.0 0.0 0.0 
338 0.0 0.0 0.0 0.0 0.0 0.0 0.0 297.3 48.7 7.0 0.85 0.1 0.0 0.0 0.0 0.0 0.0 0.0 0.0 0.0 0.0 
339 0.0 0.0 0.0 0.0 0.0 0.0 0.0 257.85 55.7 7.55 1.1 0.15 0.05 0.0 0.0 0.0 0.0 0.0 0.0 0.0 0.0 
340 0.0 0.0 0.0 0.0 0.0 0.0 0.0 315.95 83.9 13.0 1.85 0.15 0.0 0.0 0.0 0.0 0.0 0.0 0.0 0.0 0.0 
341 0.0 0.0 0.0 0.0 0.0 0.0 0.0 294.15 83.85 12.95 1.6 0.1 0.0 0.0 0.0 0.0 0.0 0.0 0.0 0.0 0.0 
342 0.0 0.0 0.0 0.0 0.0 0.0 0.0 262.6 72.15 10.05 1.25 0.15 0.0 0.0 0.0 0.0 0.0 0.0 0.0 0.0 0.0 
343 0.0 0.0 0.0 0.0 0.0 0.0 0.0 230.4 64.4 8.35 0.8 0.15 0.0 0.0 0.0 0.0 0.0 0.0 0.0 0.0 0.0 
344 0.0 0.0 0.0 0.0 0.0 0.0 0.0 143.45 62.2 8.35 0.8 0.15 0.1 0.0 0.0 0.0 0.0 0.0 0.0 0.0 0.0 
345 0.0 0.0 0.0 0.0 0.0 0.0 0.0 65.95 95.25 11.4 1.05 0.1 0.0 0.0 0.0 0.0 0.0 0.0 0.0 0.0 0.0 
346 0.0 0.0 0.0 0.0 0.0 0.0 0.0 42.85 97.15 12.55 1.9 0.15 0.05 0.0 0.0 0.0 0.0 0.0 0.0 0.0 0.0 
347 0.0 0.0 0.0 0.0 0.0 0.0 0.0 8.9 78.8 8.85 1.2 0.1 0.0 0.0 0.0 0.0 0.0 0.0 0.0 0.0 0.0 
348 0.0 0.0 0.0 0.0 0.0 0.0 0.0 1.15 62.25 7.75 0.65 0.0 0.0 0.0 0.0 0.0 0.0 0.0 0.0 0.0 0.0 
349 0.0 0.0 0.0 0.0 0.0 0.0 0.0 0.05 65.45 6.7 1.0 0.25 0.0 0.0 0.0 0.0 0.0 0.0 0.0 0.0 0.0 
350 0.0 0.0 0.0 0.0 0.0 0.0 0.0 0.05 93.7 11.7 1.25 0.35 0.0 0.0 0.0 0.0 0.0 0.0 0.0 0.0 0.0 
351 0.0 0.0 0.0 0.0 0.0 0.0 0.0 0.0 96.4 9.6 1.3 0.25 0.05 0.0 0.0 0.0 0.0 0.0 0.0 0.0 0.0 
352 0.0 0.0 0.0 0.0 0.0 0.0 0.0 0.0 89.55 10.8 1.9 0.4 0.05 0.0 0.0 0.0 0.0 0.0 0.0 0.0 0.0 
353 0.0 0.0 0.0 0.0 0.0 0.0 0.0 0.0 94.8 12.05 1.2 0.25 0.0 0.0 0.0 0.0 0.0 0.0 0.0 0.0 0.0 
354 0.0 0.0 0.0 0.0 0.0 0.0 0.0 0.0 132.9 16.9 2.55 0.25 0.1 0.0 0.0 0.0 0.0 0.0 0.0 0.0 0.0 
355 0.0 0.0 0.0 0.0 0.0 0.0 0.0 0.0 139.95 20.2 2.4 0.25 0.05 0.0 0.0 0.0 0.0 0.0 0.0 0.0 0.0 
356 0.0 0.0 0.0 0.0 0.0 0.0 0.0 0.0 126.8 16.1 2.45 0.1 0.1 0.0 0.0 0.0 0.0 0.0 0.0 0.0 0.0 
357 0.0 0.0 0.0 0.0 0.0 0.0 0.0 0.0 131.6 19.15 2.75 0.75 0.0 0.0 0.0 0.0 0.0 0.0 0.0 0.0 0.0 
358 0.0 0.0 0.0 0.0 0.0 0.0 0.0 0.0 172.1 25.45 3.95 0.45 0.1 0.0 0.0 0.0 0.0 0.0 0.0 0.0 0.0 
359 0.0 0.0 0.0 0.0 0.0 0.0 0.0 0.0 171.8 23.0 2.95 0.4 0.1 0.0 0.0 0.0 0.0 0.0 0.0 0.0 0.0 
360 0.0 0.0 0.0 0.0 0.0 0.0 0.0 0.0 159.7 21.9 3.65 0.85 0.1 0.0 0.0 0.0 0.0 0.0 0.0 0.0 0.0 
361 0.0 0.0 0.0 0.0 0.0 0.0 0.0 0.0 156.2 24.95 4.15 0.6 0.0 0.0 0.0 0.0 0.0 0.0 0.0 0.0 0.0 
362 0.0 0.0 0.0 0.0 0.0 0.0 0.0 0.0 205.1 34.7 5.7 0.65 0.1 0.05 0.0 0.0 0.0 0.0 0.0 0.0 0.0 
363 0.0 0.0 0.0 0.0 0.0 0.0 0.0 0.0 212.35 38.2 6.95 1.1 0.25 0.05 0.0 0.0 0.0 0.0 0.0 0.0 0.0 
364 0.0 0.0 0.0 0.0 0.0 0.0 0.0 0.0 221.4 43.6 6.4 1.1 0.3 0.05 0.05 0.0 0.0 0.0 0.0 0.0 0.0 
365 0.0 0.0 0.0 0.0 0.0 0.0 0.0 0.0 281.1 52.5 9.6 2.0 0.35 0.2 0.1 0.05 0.0 0.0 0.0 0.0 0.0 
366 0.0 0.0 0.0 0.0 0.0 0.0 0.0 0.0 274.45 54.4 8.9 2.1 0.55 0.15 0.05 0.0 0.0 0.0 0.0 0.0 0.0 
367 0.0 0.0 0.0 0.0 0.0 0.0 0.0 0.0 239.55 44.05 8.65 1.5 0.45 0.05 0.0 0.0 0.0 0.0 0.0 0.0 0.0 
368 0.0 0.0 0.0 0.0 0.0 0.0 0.0 0.0 229.65 40.9 7.75 1.35 0.3 0.05 0.0 0.0 0.0 0.0 0.0 0.0 0.0 
369 0.0 0.0 0.0 0.0 0.0 0.0 0.0 0.0 291.45 50.3 9.8 1.75 0.35 0.05 0.0 0.0 0.0 0.0 0.0 0.0 0.0 
370 0.0 0.0 0.0 0.0 0.0 0.0 0.0 0.0 281.3 50.6 9.65 1.95 0.6 0.1 0.0 0.0 0.0 0.0 0.0 0.0 0.0 
371 0.0 0.0 0.0 0.0 0.0 0.0 0.0 0.0 289.25 52.95 10.15 3.25 0.55 0.1 0.0 0.0 0.0 0.0 0.0 0.0 0.0 
372 0.0 0.0 0.0 0.0 0.0 0.0 0.0 0.0 339.95 67.75 14.4 2.95 1.05 0.3 0.0 0.0 0.0 0.0 0.0 0.0 0.0 
373 0.0 0.0 0.0 0.0 0.0 0.0 0.0 0.0 336.4 67.35 14.05 2.95 0.9 0.05 0.0 0.0 0.0 0.0 0.0 0.0 0.0 
374 0.0 0.0 0.0 0.0 0.0 0.0 0.0 0.0 321.15 72.35 15.65 4.25 0.9 0.3 0.0 0.0 0.0 0.0 0.0 0.0 0.0 
375 0.0 0.0 0.0 0.0 0.0 0.0 0.0 0.0 368.0 86.0 17.6 4.55 1.05 0.3 0.05 0.05 0.0 0.0 0.0 0.0 0.0 
376 0.0 0.0 0.0 0.0 0.0 0.0 0.0 0.0 360.8 85.7 18.45 4.65 1.3 0.3 0.1 0.0 0.05 0.0 0.0 0.0 0.0 
377 0.0 0.0 0.0 0.0 0.0 0.0 0.0 0.0 360.15 81.8 17.8 4.2 1.5 0.3 0.05 0.05 0.0 0.05 0.0 0.0 0.0 
378 0.0 0.0 0.0 0.0 0.0 0.0 0.0 0.0 385.65 99.7 21.85 6.1 1.55 0.2 0.25 0.0 0.0 0.0 0.0 0.0 0.0 
379 0.0 0.0 0.0 0.0 0.0 0.0 0.0 0.0 360.8 99.35 24.05 6.35 1.25 0.25 0.05 0.0 0.0 0.0 0.0 0.0 0.0 
380 0.0 0.0 0.0 0.0 0.0 0.0 0.0 0.0 322.3 94.8 26.1 6.55 2.0 0.7 0.1 0.0 0.05 0.0 0.0 0.0 0.0 
381 0.0 0.0 0.0 0.0 0.0 0.0 0.0 0.0 309.3 118.8 35.65 9.65 2.5 0.65 0.2 0.1 0.0 0.0 0.0 0.0 0.0 
382 0.0 0.0 0.0 0.0 0.0 0.0 0.0 0.0 285.2 138.6 37.75 10.7 3.65 0.8 0.3 0.05 0.0 0.0 0.05 0.0 0.0 
383 0.0 0.0 0.0 0.0 0.0 0.0 0.0 0.0 266.15 165.5 47.85 13.35 3.4 1.2 0.45 0.1 0.05 0.0 0.0 0.0 0.0 
384 0.0 0.0 0.0 0.0 0.0 0.0 0.0 0.0 172.75 160.15 49.1 14.35 4.35 1.1 0.3 0.1 0.0 0.0 0.0 0.0 0.0 
385 0.0 0.0 0.0 0.0 0.0 0.0 0.0 0.0 115.65 150.7 49.85 13.85 4.2 1.5 0.4 0.2 0.0 0.05 0.0 0.0 0.0 
386 0.0 0.0 0.0 0.0 0.0 0.0 0.0 0.0 72.25 177.35 51.1 18.55 5.6 1.75 0.8 0.2 0.0 0.0 0.0 0.0 0.0 
387 0.0 0.0 0.0 0.0 0.0 0.0 0.0 0.0 55.9 177.9 55.7 16.85 5.8 1.45 0.75 0.1 0.05 0.1 0.0 0.0 0.0 
388 0.0 0.0 0.0 0.0 0.0 0.0 0.0 0.0 21.15 202.4 63.15 18.5 6.85 2.25 1.0 0.05 0.1 0.0 0.0 0.0 0.0 
389 0.0 0.0 0.0 0.0 0.0 0.0 0.0 0.0 5.15 185.65 57.15 19.4 4.55 1.8 0.5 0.05 0.05 0.0 0.0 0.0 0.0 
390 0.0 0.0 0.0 0.0 0.0 0.0 0.0 0.0 0.4 172.35 54.4 17.0 6.0 2.8 0.5 0.25 0.0 0.1 0.0 0.05 0.0 
391 0.0 0.0 0.0 0.0 0.0 0.0 0.0 0.0 0.0 190.35 58.1 20.15 5.8 2.8 0.55 0.25 0.0 0.05 0.0 0.05 0.0 
392 0.0 0.0 0.0 0.0 0.0 0.0 0.0 0.0 0.0 189.6 59.1 20.4 7.85 2.95 1.15 0.3 0.1 0.0 0.05 0.0 0.0 
393 0.0 0.0 0.0 0.0 0.0 0.0 0.0 0.0 0.0 221.1 74.1 26.4 9.35 3.5 1.3 0.3 0.1 0.0 0.0 0.0 0.0 
394 0.0 0.0 0.0 0.0 0.0 0.0 0.0 0.0 0.0 220.95 79.05 26.8 9.9 3.6 1.0 0.25 0.1 0.1 0.1 0.0 0.0 
395 0.0 0.0 0.0 0.0 0.0 0.0 0.0 0.0 0.0 247.1 89.1 35.65 12.85 3.85 1.95 0.6 0.35 0.1 0.0 0.0 0.05 
396 0.0 0.0 0.0 0.0 0.0 0.0 0.0 0.0 0.0 258.0 94.95 33.1 11.75 4.2 2.05 0.75 0.2 0.15 0.0 0.0 0.0 
397 0.0 0.0 0.0 0.0 0.0 0.0 0.0 0.0 0.0 273.0 102.5 37.8 15.7 5.2 2.15 0.75 0.35 0.15 0.05 0.05 0.0 
398 0.0 0.0 0.0 0.0 0.0 0.0 0.0 0.0 0.0 273.55 101.4 37.2 13.05 5.6 1.6 1.25 0.3 0.15 0.1 0.1 0.0 
399 0.0 0.0 0.0 0.0 0.0 0.0 0.0 0.0 0.0 285.55 108.5 41.35 16.1 7.15 2.6 1.05 0.5 0.2 0.15 0.0 0.0 
400 0.0 0.0 0.0 0.0 0.0 0.0 0.0 0.0 0.0 280.75 107.65 39.35 15.3 6.65 2.55 1.3 0.75 0.25 0.25 0.05 0.05 
401 0.0 0.0 0.0 0.0 0.0 0.0 0.0 0.0 0.0 299.8 110.85 45.85 16.8 6.15 3.45 1.55 0.65 0.35 0.4 0.0 0.0 
402 0.0 0.0 0.0 0.0 0.0 0.0 0.0 0.0 0.0 292.2 113.75 42.9 19.6 7.4 3.4 2.15 0.9 0.3 0.15 0.05 0.0 
403 0.0 0.0 0.0 0.0 0.0 0.0 0.0 0.0 0.0 300.3 118.65 49.3 22.6 10.15 5.05 2.05 0.95 0.8 0.25 0.15 0.15 
404 0.0 0.0 0.0 0.0 0.0 0.0 0.0 0.0 0.0 303.1 121.65 53.0 22.7 12.0 4.65 1.7 1.25 0.45 0.4 0.1 0.15 
405 0.0 0.0 0.0 0.0 0.0 0.0 0.0 0.0 0.0 338.55 144.3 64.35 30.2 13.5 6.7 3.45 2.15 0.85 0.25 0.4 0.3 
406 0.0 0.0 0.0 0.0 0.0 0.0 0.0 0.0 0.0 372.95 172.75 81.25 36.0 17.55 8.05 4.95 2.3 0.95 0.55 0.4 0.25 
407 0.0 0.0 0.0 0.0 0.0 0.0 0.0 0.0 0.0 363.95 182.75 85.6 39.45 19.5 9.2 5.1 2.25 1.6 0.8 0.4 0.2 
408 0.0 0.0 0.0 0.0 0.0 0.0 0.0 0.0 0.0 389.75 197.5 101.35 49.3 24.2 12.05 6.05 2.8 1.6 0.85 0.45 0.35 
409 0.0 0.0 0.0 0.0 0.0 0.0 0.0 0.0 0.0 417.85 224.9 108.5 53.3 25.55 13.7 7.05 4.35 1.8 1.1 0.85 0.5 
410 0.0 0.0 0.0 0.0 0.0 0.0 0.0 0.0 0.0 400.75 213.65 108.55 49.15 25.05 12.9 5.55 2.5 1.7 1.2 0.5 0.5 
411 0.0 0.0 0.0 0.0 0.0 0.0 0.0 0.0 0.0 401.85 220.0 105.2 54.7 25.25 14.5 7.05 3.4 2.5 1.1 0.5 0.4 
412 0.0 0.0 0.0 0.0 0.0 0.0 0.0 0.0 0.0 405.1 206.65 102.35 47.7 26.45 13.9 8.05 3.45 2.05 1.35 1.05 0.4 
413 0.0 0.0 0.0 0.0 0.0 0.0 0.0 0.0 0.0 390.45 214.25 105.9 56.9 29.6 15.9 10.1 3.9 3.3 1.2 0.95 0.6 
414 0.0 0.0 0.0 0.0 0.0 0.0 0.0 0.0 0.0 411.95 230.75 120.55 63.05 34.0 18.7 11.65 6.85 3.25 1.85 0.95 0.9 
415 0.0 0.0 0.0 0.0 0.0 0.0 0.0 0.0 0.0 390.45 241.8 134.25 71.85 40.8 21.8 12.3 8.05 3.15 2.8 2.05 0.9 
416 0.0 0.0 0.0 0.0 0.0 0.0 0.0 0.0 0.0 332.1 235.05 130.15 72.2 41.7 22.85 13.95 8.15 4.95 2.45 1.75 0.8 
417 0.0 0.0 0.0 0.0 0.0 0.0 0.0 0.0 0.0 296.0 254.0 142.0 84.05 46.8 27.75 15.6 8.85 4.9 3.7 1.75 1.1 
418 0.0 0.0 0.0 0.0 0.0 0.0 0.0 0.0 0.0 277.0 273.5 162.0 91.35 54.2 30.45 18.5 11.1 6.55 3.4 2.35 1.5 
419 0.0 0.0 0.0 0.0 0.0 0.0 0.0 0.0 0.0 211.85 295.3 168.35 99.45 59.1 33.75 20.6 12.55 8.15 5.0 3.15 1.75 
420 0.0 0.0 0.0 0.0 0.0 0.0 0.0 0.0 0.0 151.0 303.0 176.75 105.55 61.35 37.4 22.8 12.65 9.25 5.55 2.85 2.05 
421 0.0 0.0 0.0 0.0 0.0 0.0 0.0 0.0 0.0 113.7 272.7 171.55 98.35 54.0 35.55 21.55 14.4 7.65 5.2 3.2 1.8 
422 0.0 0.0 0.0 0.0 0.0 0.0 0.0 0.0 0.0 57.45 268.1 161.7 99.65 59.9 37.25 23.45 13.75 9.6 5.15 3.85 2.75 
423 0.0 0.0 0.0 0.0 0.0 0.0 0.0 0.0 0.0 42.2 279.55 167.0 106.0 66.3 41.25 25.55 16.85 9.5 7.0 4.65 2.6 
424 0.0 0.0 0.0 0.0 0.0 0.0 0.0 0.0 0.0 23.3 295.8 185.55 113.65 72.75 46.65 28.45 20.6 13.15 8.8 4.95 3.6 
425 0.0 0.0 0.0 0.0 0.0 0.0 0.0 0.0 0.0 6.8 313.95 195.35 127.35 80.1 51.0 36.15 21.4 15.0 11.65 6.75 4.35 
426 0.0 0.0 0.0 0.0 0.0 0.0 0.0 0.0 0.0 0.9 323.85 214.45 135.85 89.85 56.5 37.35 23.3 15.3 10.05 7.7 5.1 
427 0.0 0.0 0.0 0.0 0.0 0.0 0.0 0.0 0.0 0.1 342.1 221.0 147.2 95.35 63.85 41.85 29.85 18.95 11.55 7.65 6.0 
428 0.0 0.0 0.0 0.0 0.0 0.0 0.0 0.0 0.0 0.0 342.95 232.2 150.75 100.3 67.2 45.85 29.45 18.65 14.45 8.15 6.55 
429 0.0 0.0 0.0 0.0 0.0 0.0 0.0 0.0 0.0 0.0 351.45 235.3 155.2 107.65 73.55 44.3 32.65 21.65 14.95 9.15 7.35 
430 0.0 0.0 0.0 0.0 0.0 0.0 0.0 0.0 0.0 0.0 345.65 227.65 154.4 103.75 68.2 48.9 30.85 24.25 15.2 10.75 7.75 
431 0.0 0.0 0.0 0.0 0.0 0.0 0.0 0.0 0.0 0.0 349.95 231.05 160.95 108.45 76.4 50.75 37.25 25.95 18.0 12.75 7.2 
432 0.0 0.0 0.0 0.0 0.0 0.0 0.0 0.0 0.0 0.0 340.25 233.65 158.0 112.15 77.25 55.2 37.35 24.9 18.45 13.45 8.25 
433 0.0 0.0 0.0 0.0 0.0 0.0 0.0 0.0 0.0 0.0 357.6 245.85 173.25 122.2 78.0 57.85 42.9 29.0 20.65 14.5 11.15 
434 0.0 0.0 0.0 0.0 0.0 0.0 0.0 0.0 0.0 0.0 385.8 269.7 182.85 130.75 96.0 69.4 46.15 34.5 23.3 17.15 11.6 
435 0.0 0.0 0.0 0.0 0.0 0.0 0.0 0.0 0.0 0.0 384.0 280.8 199.6 137.8 96.65 68.6 49.8 34.55 24.55 16.95 12.9 
436 0.0 0.0 0.0 0.0 0.0 0.0 0.0 0.0 0.0 0.0 385.85 275.0 198.95 141.45 98.45 71.4 50.8 36.45 26.3 18.75 13.45 
437 0.0 0.0 0.0 0.0 0.0 0.0 0.0 0.0 0.0 0.0 386.85 282.65 202.75 145.35 100.2 72.8 53.55 37.7 27.5 21.35 14.5 
438 0.0 0.0 0.0 0.0 0.0 0.0 0.0 0.0 0.0 0.0 400.0 290.4 212.9 147.5 112.6 80.65 57.7 39.35 31.05 23.5 16.55 
439 0.0 0.0 0.0 0.0 0.0 0.0 0.0 0.0 0.0 0.0 405.55 298.55 211.55 156.1 112.7 81.0 58.75 45.7 31.3 23.8 19.6 
440 0.0 0.0 0.0 0.0 0.0 0.0 0.0 0.0 0.0 0.0 413.45 308.8 221.0 152.75 114.55 82.95 62.05 45.35 34.65 24.8 18.05 
441 0.0 0.0 0.0 0.0 0.0 0.0 0.0 0.0 0.0 0.0 403.25 316.55 230.15 173.3 126.7 92.0 69.55 51.45 37.9 30.35 22.15 
442 0.0 0.0 0.0 0.0 0.0 0.0 0.0 0.0 0.0 0.0 413.25 330.3 251.05 181.45 133.1 100.35 73.7 54.9 42.25 32.9 24.55 
443 0.0 0.0 0.0 0.0 0.0 0.0 0.0 0.0 0.0 0.0 384.45 321.7 239.65 181.0 137.85 101.3 78.6 59.3 44.75 34.9 29.45 
444 0.0 0.0 0.0 0.0 0.0 0.0 0.0 0.0 0.0 0.0 372.55 313.6 239.8 185.45 141.05 106.35 80.1 58.1 46.6 37.5 28.2 
445 0.0 0.0 0.0 0.0 0.0 0.0 0.0 0.0 0.0 0.0 351.25 307.6 232.05 185.8 137.85 107.3 82.8 63.1 48.7 37.0 33.3 
446 0.0 0.0 0.0 0.0 0.0 0.0 0.0 0.0 0.0 0.0 318.45 311.95 243.15 186.8 144.6 115.45 85.55 69.8 54.2 41.75 35.15 
447 0.0 0.0 0.0 0.0 0.0 0.0 0.0 0.0 0.0 0.0 266.5 323.75 250.9 193.75 156.2 118.7 95.2 76.5 58.25 47.9 41.2 
448 0.0 0.0 0.0 0.0 0.0 0.0 0.0 0.0 0.0 0.0 194.25 335.55 264.85 207.45 163.65 132.1 102.2 81.8 64.2 53.2 42.45 
449 0.0 0.0 0.0 0.0 0.0 0.0 0.0 0.0 0.0 0.0 132.85 345.4 275.7 214.2 166.6 139.55 111.25 89.4 70.95 57.75 47.7 
450 0.0 0.0 0.0 0.0 0.0 0.0 0.0 0.0 0.0 0.0 83.95 341.0 278.7 224.75 184.85 146.1 117.4 94.25 77.5 65.5 53.4 
451 0.0 0.0 0.0 0.0 0.0 0.0 0.0 0.0 0.0 0.0 48.0 346.55 274.85 227.35 184.85 148.1 125.0 100.4 85.85 70.35 58.95 
452 0.0 0.0 0.0 0.0 0.0 0.0 0.0 0.0 0.0 0.0 19.65 349.75 282.6 236.8 192.35 157.8 132.85 113.45 93.65 77.0 63.55 
453 0.0 0.0 0.0 0.0 0.0 0.0 0.0 0.0 0.0 0.0 7.4 356.95 297.1 246.9 197.15 166.5 144.65 120.65 102.55 85.7 71.6 
454 0.0 0.0 0.0 0.0 0.0 0.0 0.0 0.0 0.0 0.0 2.45 353.7 291.2 244.45 211.95 171.2 144.25 126.3 104.8 91.05 81.7 
455 0.0 0.0 0.0 0.0 0.0 0.0 0.0 0.0 0.0 0.0 0.7 363.3 295.6 248.0 208.55 181.75 147.65 128.7 112.8 100.55 85.25 
456 0.0 0.0 0.0 0.0 0.0 0.0 0.0 0.0 0.0 0.0 0.0 361.7 311.65 261.3 225.6 192.1 166.45 142.45 123.2 108.0 95.25 
457 0.0 0.0 0.0 0.0 0.0 0.0 0.0 0.0 0.0 0.0 0.0 366.05 316.05 279.65 238.8 208.25 178.55 155.05 133.75 118.0 98.8 
458 0.0 0.0 0.0 0.0 0.0 0.0 0.0 0.0 0.0 0.0 0.0 374.15 331.85 291.1 253.9 220.7 188.15 166.65 146.45 128.9 115.05 
459 0.0 0.0 0.0 0.0 0.0 0.0 0.0 0.0 0.0 0.0 0.0 374.35 334.0 297.7 258.55 226.75 201.6 182.3 158.65 133.3 113.45 
460 0.0 0.0 0.0 0.0 0.0 0.0 0.0 0.0 0.0 0.0 0.0 374.7 334.45 291.95 265.45 228.3 207.8 184.3 162.4 139.9 131.55 
461 0.0 0.0 0.0 0.0 0.0 0.0 0.0 0.0 0.0 0.0 0.0 367.4 339.4 295.5 261.45 237.1 216.55 183.1 168.65 148.9 128.05 
462 0.0 0.0 0.0 0.0 0.0 0.0 0.0 0.0 0.0 0.0 0.0 374.1 330.15 300.6 268.5 241.1 214.5 184.9 166.1 151.15 137.6 
463 0.0 0.0 0.0 0.0 0.0 0.0 0.0 0.0 0.0 0.0 0.0 360.15 324.25 297.7 270.05 238.15 212.65 194.65 169.35 153.3 139.7 
464 0.0 0.0 0.0 0.0 0.0 0.0 0.0 0.0 0.0 0.0 0.0 363.35 328.8 292.8 262.25 239.1 217.25 200.2 173.55 162.45 145.65 
465 0.0 0.0 0.0 0.0 0.0 0.0 0.0 0.0 0.0 0.0 0.0 350.7 326.85 296.55 271.0 244.6 221.1 201.5 180.0 167.25 148.1 
466 0.0 0.0 0.0 0.0 0.0 0.0 0.0 0.0 0.0 0.0 0.0 340.1 331.05 297.55 272.2 251.1 221.35 200.85 189.6 169.95 157.25 
467 0.0 0.0 0.0 0.0 0.0 0.0 0.0 0.0 0.0 0.0 0.0 293.75 335.05 306.45 279.6 252.0 235.95 215.8 201.3 178.55 163.1 
468 0.0 0.0 0.0 0.0 0.0 0.0 0.0 0.0 0.0 0.0 0.0 227.75 327.15 311.0 283.4 266.1 239.45 222.1 202.65 187.0 164.35 
469 0.0 0.0 0.0 0.0 0.0 0.0 0.0 0.0 0.0 0.0 0.0 160.45 331.6 302.1 285.75 263.4 240.35 221.0 204.1 188.75 173.6 
470 0.0 0.0 0.0 0.0 0.0 0.0 0.0 0.0 0.0 0.0 0.0 104.0 325.55 303.2 280.2 263.95 244.55 233.05 206.3 189.15 173.5 
471 0.0 0.0 0.0 0.0 0.0 0.0 0.0 0.0 0.0 0.0 0.0 56.75 325.75 307.15 284.55 260.75 246.0 228.1 209.25 190.2 178.45 
472 0.0 0.0 0.0 0.0 0.0 0.0 0.0 0.0 0.0 0.0 0.0 21.7 320.05 303.55 281.6 264.85 240.05 225.65 207.1 188.9 175.75 
473 0.0 0.0 0.0 0.0 0.0 0.0 0.0 0.0 0.0 0.0 0.0 6.25 319.85 298.0 276.2 253.4 235.7 221.55 206.4 190.9 176.4 
474 0.0 0.0 0.0 0.0 0.0 0.0 0.0 0.0 0.0 0.0 0.0 0.95 309.75 292.35 269.7 246.7 239.2 218.9 205.75 184.9 176.3 
475 0.0 0.0 0.0 0.0 0.0 0.0 0.0 0.0 0.0 0.0 0.0 0.25 306.15 285.7 267.6 246.15 236.7 217.65 200.05 190.75 173.25 
476 0.0 0.0 0.0 0.0 0.0 0.0 0.0 0.0 0.0 0.0 0.0 0.05 298.6 283.75 265.05 252.1 229.95 209.5 198.95 180.55 171.55 
477 0.0 0.0 0.0 0.0 0.0 0.0 0.0 0.0 0.0 0.0 0.0 0.0 287.75 270.7 258.1 243.95 224.25 214.35 201.3 182.8 172.7 
478 0.0 0.0 0.0 0.0 0.0 0.0 0.0 0.0 0.0 0.0 0.0 0.0 282.7 273.05 255.2 243.65 222.05 209.0 196.8 188.9 170.05 
479 0.0 0.0 0.0 0.0 0.0 0.0 0.0 0.0 0.0 0.0 0.0 0.0 269.5 258.4 243.25 232.6 218.8 201.2 185.15 172.6 165.2 
480 0.0 0.0 0.0 0.0 0.0 0.0 0.0 0.0 0.0 0.0 0.0 0.0 231.65 244.3 236.1 219.45 210.75 196.95 183.55 175.2 160.75 
481 0.0 0.0 0.0 0.0 0.0 0.0 0.0 0.0 0.0 0.0 0.0 0.0 191.05 245.4 224.35 221.8 202.35 191.0 176.7 170.5 156.3 
482 0.0 0.0 0.0 0.0 0.0 0.0 0.0 0.0 0.0 0.0 0.0 0.0 121.2 232.6 224.55 205.65 197.6 184.9 167.75 160.75 152.2 
483 0.0 0.0 0.0 0.0 0.0 0.0 0.0 0.0 0.0 0.0 0.0 0.0 69.4 218.55 208.4 199.35 184.8 175.15 165.45 151.55 140.6 
484 0.0 0.0 0.0 0.0 0.0 0.0 0.0 0.0 0.0 0.0 0.0 0.0 28.7 207.3 198.75 179.9 174.95 161.05 155.55 144.85 132.2 
485 0.0 0.0 0.0 0.0 0.0 0.0 0.0 0.0 0.0 0.0 0.0 0.0 10.2 187.85 174.35 167.55 160.8 148.5 139.95 131.25 124.25 
486 0.0 0.0 0.0 0.0 0.0 0.0 0.0 0.0 0.0 0.0 0.0 0.0 4.25 165.3 164.8 155.25 148.8 134.2 131.1 117.9 113.3 
487 0.0 0.0 0.0 0.0 0.0 0.0 0.0 0.0 0.0 0.0 0.0 0.0 1.15 141.3 148.35 141.75 125.45 126.65 113.55 106.5 103.3 
488 0.0 0.0 0.0 0.0 0.0 0.0 0.0 0.0 0.0 0.0 0.0 0.0 0.15 102.35 125.45 119.5 116.5 107.3 100.45 94.2 87.9 
489 0.0 0.0 0.0 0.0 0.0 0.0 0.0 0.0 0.0 0.0 0.0 0.0 0.1 63.45 103.35 100.1 93.0 87.75 81.0 78.9 69.05 
490 0.0 0.0 0.0 0.0 0.0 0.0 0.0 0.0 0.0 0.0 0.0 0.0 0.0 30.5 78.55 77.0 70.0 68.6 63.95 58.95 57.35 
491 0.0 0.0 0.0 0.0 0.0 0.0 0.0 0.0 0.0 0.0 0.0 0.0 0.0 12.45 50.75 53.2 51.15 49.65 45.4 42.4 41.9 
492 0.0 0.0 0.0 0.0 0.0 0.0 0.0 0.0 0.0 0.0 0.0 0.0 0.0 5.5 30.15 34.4 33.2 29.7 28.05 27.3 23.85 
493 0.0 0.0 0.0 0.0 0.0 0.0 0.0 0.0 0.0 0.0 0.0 0.0 0.0 1.5 13.5 15.95 15.0 15.45 14.7 14.1 11.3 
494 0.0 0.0 0.0 0.0 0.0 0.0 0.0 0.0 0.0 0.0 0.0 0.0 0.0 0.55 5.5 7.8 7.55 7.6 8.1 4.8 6.9 
495 0.0 0.0 0.0 0.0 0.0 0.0 0.0 0.0 0.0 0.0 0.0 0.0 0.0 0.1 2.3 3.45 3.75 2.9 2.55 2.2 1.9 
496 0.0 0.0 0.0 0.0 0.0 0.0 0.0 0.0 0.0 0.0 0.0 0.0 0.0 0.05 0.5 1.2 1.0 1.1 1.25 1.2 1.25 
497 0.0 0.0 0.0 0.0 0.0 0.0 0.0 0.0 0.0 0.0 0.0 0.0 0.0 0.0 0.15 0.4 0.45 0.55 0.6 0.35 0.65 
498 0.0 0.0 0.0 0.0 0.0 0.0 0.0 0.0 0.0 0.0 0.0 0.0 0.0 0.0 0.05 0.15 0.2 0.3 0.25 0.3 0.25 
499 0.0 0.0 0.0 0.0 0.0 0.0 0.0 0.0 0.0 0.0 0.0 0.0 0.0 0.0 0.0 0.05 0.05 0.0 0.0 0.0 0.1 
