0 0.0 0.0 0.0 0.0 0.0 0.0 0.0 0.0 0.0 0.0 0.0 0.0 0.0 0.0 0.0 0.0 0.0 0.0 0.0 0.0 0.0 
1 0.0 0.0 0.0 0.0 0.0 0.0 0.0 0.0 0.0 0.0 0.0 0.0 0.0 0.0 0.0 0.0 0.0 0.0 0.0 0.0 0.0 
2 0.0 0.0 0.0 0.0 0.0 0.0 0.0 0.0 0.0 0.0 0.0 0.0 0.0 0.0 0.0 0.0 0.0 0.0 0.0 0.0 0.0 
3 0.0 0.0 0.0 0.0 0.0 0.0 0.0 0.0 0.0 0.0 0.0 0.0 0.0 0.0 0.0 0.0 0.0 0.0 0.0 0.0 0.0 
4 0.0 0.0 0.0 0.0 0.0 0.0 0.0 0.0 0.0 0.0 0.0 0.0 0.0 0.0 0.0 0.0 0.0 0.0 0.0 0.0 0.0 
5 0.0 0.0 0.0 0.0 0.0 0.0 0.0 0.0 0.0 0.0 0.0 0.0 0.0 0.0 0.0 0.0 0.0 0.0 0.0 0.0 0.0 
6 0.0 0.0 0.0 0.0 0.0 0.0 0.0 0.0 0.0 0.0 0.0 0.0 0.0 0.0 0.0 0.0 0.0 0.0 0.0 0.0 0.0 
7 0.0 0.0 0.0 0.0 0.0 0.0 0.0 0.0 0.0 0.0 0.0 0.0 0.0 0.0 0.0 0.0 0.0 0.0 0.0 0.0 0.0 
8 0.0 0.0 0.0 0.0 0.0 0.0 0.0 0.0 0.0 0.0 0.0 0.0 0.0 0.0 0.0 0.0 0.0 0.0 0.0 0.0 0.0 
9 0.0 0.0 0.0 0.0 0.0 0.0 0.0 0.0 0.0 0.0 0.0 0.0 0.0 0.0 0.0 0.0 0.0 0.0 0.0 0.0 0.0 
10 0.0 0.0 0.0 0.0 0.0 0.0 0.0 0.0 0.0 0.0 0.0 0.0 0.0 0.0 0.0 0.0 0.0 0.0 0.0 0.0 0.0 
11 0.0 0.0 0.0 0.0 0.0 0.0 0.0 0.0 0.0 0.0 0.0 0.0 0.0 0.0 0.0 0.0 0.0 0.0 0.0 0.0 0.0 
12 0.0 0.0 0.0 0.0 0.0 0.0 0.0 0.0 0.0 0.0 0.0 0.0 0.0 0.0 0.0 0.0 0.0 0.0 0.0 0.0 0.0 
13 0.0 0.0 0.0 0.0 0.0 0.0 0.0 0.0 0.0 0.0 0.0 0.0 0.0 0.0 0.0 0.0 0.0 0.0 0.0 0.0 0.0 
14 0.0 0.0 0.0 0.0 0.0 0.0 0.0 0.0 0.0 0.0 0.0 0.0 0.0 0.0 0.0 0.0 0.0 0.0 0.0 0.0 0.0 
15 0.0 0.0 0.0 0.0 0.0 0.0 0.0 0.0 0.0 0.0 0.0 0.0 0.0 0.0 0.0 0.0 0.0 0.0 0.0 0.0 0.0 
16 0.0 0.0 0.0 0.0 0.0 0.0 0.0 0.0 0.0 0.0 0.0 0.0 0.0 0.0 0.0 0.0 0.0 0.0 0.0 0.0 0.0 
17 0.0 0.0 0.0 0.0 0.0 0.0 0.0 0.0 0.0 0.0 0.0 0.0 0.0 0.0 0.0 0.0 0.0 0.0 0.0 0.0 0.0 
18 0.0 0.0 0.0 0.0 0.0 0.0 0.0 0.0 0.0 0.0 0.0 0.0 0.0 0.0 0.0 0.0 0.0 0.0 0.0 0.0 0.0 
19 0.0 0.0 0.0 0.0 0.0 0.0 0.0 0.0 0.0 0.0 0.0 0.0 0.0 0.0 0.0 0.0 0.0 0.0 0.0 0.0 0.0 
20 0.0 0.0 0.0 0.0 0.0 0.0 0.0 0.0 0.0 0.0 0.0 0.0 0.0 0.0 0.0 0.0 0.0 0.0 0.0 0.0 0.0 
21 0.0 0.0 0.0 0.0 0.0 0.0 0.0 0.0 0.0 0.0 0.0 0.0 0.0 0.0 0.0 0.0 0.0 0.0 0.0 0.0 0.0 
22 0.0 0.0 0.0 0.0 0.0 0.0 0.0 0.0 0.0 0.0 0.0 0.0 0.0 0.0 0.0 0.0 0.0 0.0 0.0 0.0 0.0 
23 0.0 0.0 0.0 0.0 0.0 0.0 0.0 0.0 0.0 0.0 0.0 0.0 0.0 0.0 0.0 0.0 0.0 0.0 0.0 0.0 0.0 
24 0.0 0.0 0.0 0.0 0.0 0.0 0.0 0.0 0.0 0.0 0.0 0.0 0.0 0.0 0.0 0.0 0.0 0.0 0.0 0.0 0.0 
25 0.0 0.0 0.0 0.0 0.0 0.0 0.0 0.0 0.0 0.0 0.0 0.0 0.0 0.0 0.0 0.0 0.0 0.0 0.0 0.0 0.0 
26 0.0 0.0 0.0 0.0 0.0 0.0 0.0 0.0 0.0 0.0 0.0 0.0 0.0 0.0 0.0 0.0 0.0 0.0 0.0 0.0 0.0 
27 0.0 0.0 0.0 0.0 0.0 0.0 0.0 0.0 0.0 0.0 0.0 0.0 0.0 0.0 0.0 0.0 0.0 0.0 0.0 0.0 0.0 
28 0.0 0.0 0.0 0.0 0.0 0.0 0.0 0.0 0.0 0.0 0.0 0.0 0.0 0.0 0.0 0.0 0.0 0.0 0.0 0.0 0.0 
29 0.0 0.0 0.0 0.0 0.0 0.0 0.0 0.0 0.0 0.0 0.0 0.0 0.0 0.0 0.0 0.0 0.0 0.0 0.0 0.0 0.0 
30 0.0 0.0 0.0 0.0 0.0 0.0 0.0 0.0 0.0 0.0 0.0 0.0 0.0 0.0 0.0 0.0 0.0 0.0 0.0 0.0 0.0 
31 0.0 0.0 0.0 0.0 0.0 0.0 0.0 0.0 0.0 0.0 0.0 0.0 0.0 0.0 0.0 0.0 0.0 0.0 0.0 0.0 0.0 
32 0.0 0.0 0.0 0.0 0.0 0.0 0.0 0.0 0.0 0.0 0.0 0.0 0.0 0.0 0.0 0.0 0.0 0.0 0.0 0.0 0.0 
33 0.0 0.0 0.0 0.0 0.0 0.0 0.0 0.0 0.0 0.0 0.0 0.0 0.0 0.0 0.0 0.0 0.0 0.0 0.0 0.0 0.0 
34 0.0 0.0 0.0 0.0 0.0 0.0 0.0 0.0 0.0 0.0 0.0 0.0 0.0 0.0 0.0 0.0 0.0 0.0 0.0 0.0 0.0 
35 0.0 0.0 0.0 0.0 0.0 0.0 0.0 0.0 0.0 0.0 0.0 0.0 0.0 0.0 0.0 0.0 0.0 0.0 0.0 0.0 0.0 
36 0.0 0.0 0.0 0.0 0.0 0.0 0.0 0.0 0.0 0.0 0.0 0.0 0.0 0.0 0.0 0.0 0.0 0.0 0.0 0.0 0.0 
37 0.0 0.0 0.0 0.0 0.0 0.0 0.0 0.0 0.0 0.0 0.0 0.0 0.0 0.0 0.0 0.0 0.0 0.0 0.0 0.0 0.0 
38 0.0 0.0 0.0 0.0 0.0 0.0 0.0 0.0 0.0 0.0 0.0 0.0 0.0 0.0 0.0 0.0 0.0 0.0 0.0 0.0 0.0 
39 0.0 0.0 0.0 0.0 0.0 0.0 0.0 0.0 0.0 0.0 0.0 0.0 0.0 0.0 0.0 0.0 0.0 0.0 0.0 0.0 0.0 
40 0.0 0.0 0.0 0.0 0.0 0.0 0.0 0.0 0.0 0.0 0.0 0.0 0.0 0.0 0.0 0.0 0.0 0.0 0.0 0.0 0.0 
41 0.0 0.0 0.0 0.0 0.0 0.0 0.0 0.0 0.0 0.0 0.0 0.0 0.0 0.0 0.0 0.0 0.0 0.0 0.0 0.0 0.0 
42 0.0 0.0 0.0 0.0 0.0 0.0 0.0 0.0 0.0 0.0 0.0 0.0 0.0 0.0 0.0 0.0 0.0 0.0 0.0 0.0 0.0 
43 0.0 0.0 0.0 0.0 0.0 0.0 0.0 0.0 0.0 0.0 0.0 0.0 0.0 0.0 0.0 0.0 0.0 0.0 0.0 0.0 0.0 
44 0.0 0.0 0.0 0.0 0.0 0.0 0.0 0.0 0.0 0.0 0.0 0.0 0.0 0.0 0.0 0.0 0.0 0.0 0.0 0.0 0.0 
45 0.0 0.0 0.0 0.0 0.0 0.0 0.0 0.0 0.0 0.0 0.0 0.0 0.0 0.0 0.0 0.0 0.0 0.0 0.0 0.0 0.0 
46 0.0 0.0 0.0 0.0 0.0 0.0 0.0 0.0 0.0 0.0 0.0 0.0 0.0 0.0 0.0 0.0 0.0 0.0 0.0 0.0 0.0 
47 0.0 0.0 0.0 0.0 0.0 0.0 0.0 0.0 0.0 0.0 0.0 0.0 0.0 0.0 0.0 0.0 0.0 0.0 0.0 0.0 0.0 
48 0.0 0.0 0.0 0.0 0.0 0.0 0.0 0.0 0.0 0.0 0.0 0.0 0.0 0.0 0.0 0.0 0.0 0.0 0.0 0.0 0.0 
49 0.0 0.0 0.0 0.0 0.0 0.0 0.0 0.0 0.0 0.0 0.0 0.0 0.0 0.0 0.0 0.0 0.0 0.0 0.0 0.0 0.0 
50 0.0 0.0 0.0 0.0 0.0 0.0 0.0 0.0 0.0 0.0 0.0 0.0 0.0 0.0 0.0 0.0 0.0 0.0 0.0 0.0 0.0 
51 0.0 0.0 0.0 0.0 0.0 0.0 0.0 0.0 0.0 0.0 0.0 0.0 0.0 0.0 0.0 0.0 0.0 0.0 0.0 0.0 0.0 
52 0.0 0.0 0.0 0.0 0.0 0.0 0.0 0.0 0.0 0.0 0.0 0.0 0.0 0.0 0.0 0.0 0.0 0.0 0.0 0.0 0.0 
53 0.0 0.0 0.0 0.0 0.0 0.0 0.0 0.0 0.0 0.0 0.0 0.0 0.0 0.0 0.0 0.0 0.0 0.0 0.0 0.0 0.0 
54 0.0 0.0 0.0 0.0 0.0 0.0 0.0 0.0 0.0 0.0 0.0 0.0 0.0 0.0 0.0 0.0 0.0 0.0 0.0 0.0 0.0 
55 0.0 0.0 0.0 0.0 0.0 0.0 0.0 0.0 0.0 0.0 0.0 0.0 0.0 0.0 0.0 0.0 0.0 0.0 0.0 0.0 0.0 
56 0.0 0.0 0.0 0.0 0.0 0.0 0.0 0.0 0.0 0.0 0.0 0.0 0.0 0.0 0.0 0.0 0.0 0.0 0.0 0.0 0.0 
57 0.0 0.0 0.0 0.0 0.0 0.0 0.0 0.0 0.0 0.0 0.0 0.0 0.0 0.0 0.0 0.0 0.0 0.0 0.0 0.0 0.0 
58 0.0 0.0 0.0 0.0 0.0 0.0 0.0 0.0 0.0 0.0 0.0 0.0 0.0 0.0 0.0 0.0 0.0 0.0 0.0 0.0 0.0 
59 0.0 0.0 0.0 0.0 0.0 0.0 0.0 0.0 0.0 0.0 0.0 0.0 0.0 0.0 0.0 0.0 0.0 0.0 0.0 0.0 0.0 
60 0.0 0.0 0.0 0.0 0.0 0.0 0.0 0.0 0.0 0.0 0.0 0.0 0.0 0.0 0.0 0.0 0.0 0.0 0.0 0.0 0.0 
61 0.0 0.0 0.0 0.0 0.0 0.0 0.0 0.0 0.0 0.0 0.0 0.0 0.0 0.0 0.0 0.0 0.0 0.0 0.0 0.0 0.0 
62 0.0 0.0 0.0 0.0 0.0 0.0 0.0 0.0 0.0 0.0 0.0 0.0 0.0 0.0 0.0 0.0 0.0 0.0 0.0 0.0 0.0 
63 0.0 0.0 0.0 0.0 0.0 0.0 0.0 0.0 0.0 0.0 0.0 0.0 0.0 0.0 0.0 0.0 0.0 0.0 0.0 0.0 0.0 
64 0.0 0.0 0.0 0.0 0.0 0.0 0.0 0.0 0.0 0.0 0.0 0.0 0.0 0.0 0.0 0.0 0.0 0.0 0.0 0.0 0.0 
65 0.0 0.0 0.0 0.0 0.0 0.0 0.0 0.0 0.0 0.0 0.0 0.0 0.0 0.0 0.0 0.0 0.0 0.0 0.0 0.0 0.0 
66 0.0 0.0 0.0 0.0 0.0 0.0 0.0 0.0 0.0 0.0 0.0 0.0 0.0 0.0 0.0 0.0 0.0 0.0 0.0 0.0 0.0 
67 0.0 0.0 0.0 0.0 0.0 0.0 0.0 0.0 0.0 0.0 0.0 0.0 0.0 0.0 0.0 0.0 0.0 0.0 0.0 0.0 0.0 
68 0.0 0.0 0.0 0.0 0.0 0.0 0.0 0.0 0.0 0.0 0.0 0.0 0.0 0.0 0.0 0.0 0.0 0.0 0.0 0.0 0.0 
69 0.0 0.0 0.0 0.0 0.0 0.0 0.0 0.0 0.0 0.0 0.0 0.0 0.0 0.0 0.0 0.0 0.0 0.0 0.0 0.0 0.0 
70 0.0 0.0 0.0 0.0 0.0 0.0 0.0 0.0 0.0 0.0 0.0 0.0 0.0 0.0 0.0 0.0 0.0 0.0 0.0 0.0 0.0 
71 0.0 0.0 0.0 0.0 0.0 0.0 0.0 0.0 0.0 0.0 0.0 0.0 0.0 0.0 0.0 0.0 0.0 0.0 0.0 0.0 0.0 
72 0.0 0.0 0.0 0.0 0.0 0.0 0.0 0.0 0.0 0.0 0.0 0.0 0.0 0.0 0.0 0.0 0.0 0.0 0.0 0.0 0.0 
73 0.0 0.0 0.0 0.0 0.0 0.0 0.0 0.0 0.0 0.0 0.0 0.0 0.0 0.0 0.0 0.0 0.0 0.0 0.0 0.0 0.0 
74 0.0 0.0 0.0 0.0 0.0 0.0 0.0 0.0 0.0 0.0 0.0 0.0 0.0 0.0 0.0 0.0 0.0 0.0 0.0 0.0 0.0 
75 0.0 0.0 0.0 0.0 0.0 0.0 0.0 0.0 0.0 0.0 0.0 0.0 0.0 0.0 0.0 0.0 0.0 0.0 0.0 0.0 0.0 
76 0.0 0.0 0.0 0.0 0.0 0.0 0.0 0.0 0.0 0.0 0.0 0.0 0.0 0.0 0.0 0.0 0.0 0.0 0.0 0.0 0.0 
77 0.0 0.0 0.0 0.0 0.0 0.0 0.0 0.0 0.0 0.0 0.0 0.0 0.0 0.0 0.0 0.0 0.0 0.0 0.0 0.0 0.0 
78 0.0 0.0 0.0 0.0 0.0 0.0 0.0 0.0 0.0 0.0 0.0 0.0 0.0 0.0 0.0 0.0 0.0 0.0 0.0 0.0 0.0 
79 0.0 0.0 0.0 0.0 0.0 0.0 0.0 0.0 0.0 0.0 0.0 0.0 0.0 0.0 0.0 0.0 0.0 0.0 0.0 0.0 0.0 
80 0.0 0.0 0.0 0.0 0.0 0.0 0.0 0.0 0.0 0.0 0.0 0.0 0.0 0.0 0.0 0.0 0.0 0.0 0.0 0.0 0.0 
81 0.0 0.0 0.0 0.0 0.0 0.0 0.0 0.0 0.0 0.0 0.0 0.0 0.0 0.0 0.0 0.0 0.0 0.0 0.0 0.0 0.0 
82 0.0 0.0 0.0 0.0 0.0 0.0 0.0 0.0 0.0 0.0 0.0 0.0 0.0 0.0 0.0 0.0 0.0 0.0 0.0 0.0 0.0 
83 0.0 0.0 0.0 0.0 0.0 0.0 0.0 0.0 0.0 0.0 0.0 0.0 0.0 0.0 0.0 0.0 0.0 0.0 0.0 0.0 0.0 
84 0.0 0.0 0.0 0.0 0.0 0.0 0.0 0.0 0.0 0.0 0.0 0.0 0.0 0.0 0.0 0.0 0.0 0.0 0.0 0.0 0.0 
85 0.0 0.0 0.0 0.0 0.0 0.0 0.0 0.0 0.0 0.0 0.0 0.0 0.0 0.0 0.0 0.0 0.0 0.0 0.0 0.0 0.0 
86 0.0 0.0 0.0 0.0 0.0 0.0 0.0 0.0 0.0 0.0 0.0 0.0 0.0 0.0 0.0 0.0 0.0 0.0 0.0 0.0 0.0 
87 0.0 0.0 0.0 0.0 0.0 0.0 0.0 0.0 0.0 0.0 0.0 0.0 0.0 0.0 0.0 0.0 0.0 0.0 0.0 0.0 0.0 
88 0.0 0.0 0.0 0.0 0.0 0.0 0.0 0.0 0.0 0.0 0.0 0.0 0.0 0.0 0.0 0.0 0.0 0.0 0.0 0.0 0.0 
89 0.0 0.0 0.0 0.0 0.0 0.0 0.0 0.0 0.0 0.0 0.0 0.0 0.0 0.0 0.0 0.0 0.0 0.0 0.0 0.0 0.0 
90 0.0 0.0 0.0 0.0 0.0 0.0 0.0 0.0 0.0 0.0 0.0 0.0 0.0 0.0 0.0 0.0 0.0 0.0 0.0 0.0 0.0 
91 0.0 0.0 0.0 0.0 0.0 0.0 0.0 0.0 0.0 0.0 0.0 0.0 0.0 0.0 0.0 0.0 0.0 0.0 0.0 0.0 0.0 
92 0.0 0.0 0.0 0.0 0.0 0.0 0.0 0.0 0.0 0.0 0.0 0.0 0.0 0.0 0.0 0.0 0.0 0.0 0.0 0.0 0.0 
93 0.0 0.0 0.0 0.0 0.0 0.0 0.0 0.0 0.0 0.0 0.0 0.0 0.0 0.0 0.0 0.0 0.0 0.0 0.0 0.0 0.0 
94 0.0 0.0 0.0 0.0 0.0 0.0 0.0 0.0 0.0 0.0 0.0 0.0 0.0 0.0 0.0 0.0 0.0 0.0 0.0 0.0 0.0 
95 0.0 0.0 0.0 0.0 0.0 0.0 0.0 0.0 0.0 0.0 0.0 0.0 0.0 0.0 0.0 0.0 0.0 0.0 0.0 0.0 0.0 
96 0.0 0.0 0.0 0.0 0.0 0.0 0.0 0.0 0.0 0.0 0.0 0.0 0.0 0.0 0.0 0.0 0.0 0.0 0.0 0.0 0.0 
97 0.0 0.0 0.0 0.0 0.0 0.0 0.0 0.0 0.0 0.0 0.0 0.0 0.0 0.0 0.0 0.0 0.0 0.0 0.0 0.0 0.0 
98 0.0 0.0 0.0 0.0 0.0 0.0 0.0 0.0 0.0 0.0 0.0 0.0 0.0 0.0 0.0 0.0 0.0 0.0 0.0 0.0 0.0 
99 0.0 0.0 0.0 0.0 0.0 0.0 0.0 0.0 0.0 0.0 0.0 0.0 0.0 0.0 0.0 0.0 0.0 0.0 0.0 0.0 0.0 
100 0.0 0.0 0.0 0.0 0.0 0.0 0.0 0.0 0.0 0.0 0.0 0.0 0.0 0.0 0.0 0.0 0.0 0.0 0.0 0.0 0.0 
101 0.0 0.0 0.0 0.0 0.0 0.0 0.0 0.0 0.0 0.0 0.0 0.0 0.0 0.0 0.0 0.0 0.0 0.0 0.0 0.0 0.0 
102 0.0 0.0 0.0 0.0 0.0 0.0 0.0 0.0 0.0 0.0 0.0 0.0 0.0 0.0 0.0 0.0 0.0 0.0 0.0 0.0 0.0 
103 0.0 0.0 0.0 0.0 0.0 0.0 0.0 0.0 0.0 0.0 0.0 0.0 0.0 0.0 0.0 0.0 0.0 0.0 0.0 0.0 0.0 
104 0.0 0.0 0.0 0.0 0.0 0.0 0.0 0.0 0.0 0.0 0.0 0.0 0.0 0.0 0.0 0.0 0.0 0.0 0.0 0.0 0.0 
105 0.0 0.0 0.0 0.0 0.0 0.0 0.0 0.0 0.0 0.0 0.0 0.0 0.0 0.0 0.0 0.0 0.0 0.0 0.0 0.0 0.0 
106 0.0 0.0 0.0 0.0 0.0 0.0 0.0 0.0 0.0 0.0 0.0 0.0 0.0 0.0 0.0 0.0 0.0 0.0 0.0 0.0 0.0 
107 0.0 0.0 0.0 0.0 0.0 0.0 0.0 0.0 0.0 0.0 0.0 0.0 0.0 0.0 0.0 0.0 0.0 0.0 0.0 0.0 0.0 
108 0.0 0.0 0.0 0.0 0.0 0.0 0.0 0.0 0.0 0.0 0.0 0.0 0.0 0.0 0.0 0.0 0.0 0.0 0.0 0.0 0.0 
109 0.0 0.0 0.0 0.0 0.0 0.0 0.0 0.0 0.0 0.0 0.0 0.0 0.0 0.0 0.0 0.0 0.0 0.0 0.0 0.0 0.0 
110 0.0 0.0 0.0 0.0 0.0 0.0 0.0 0.0 0.0 0.0 0.0 0.0 0.0 0.0 0.0 0.0 0.0 0.0 0.0 0.0 0.0 
111 0.0 0.0 0.0 0.0 0.0 0.0 0.0 0.0 0.0 0.0 0.0 0.0 0.0 0.0 0.0 0.0 0.0 0.0 0.0 0.0 0.0 
112 0.0 0.0 0.0 0.0 0.0 0.0 0.0 0.0 0.0 0.0 0.0 0.0 0.0 0.0 0.0 0.0 0.0 0.0 0.0 0.0 0.0 
113 0.0 0.0 0.0 0.0 0.0 0.0 0.0 0.0 0.0 0.0 0.0 0.0 0.0 0.0 0.0 0.0 0.0 0.0 0.0 0.0 0.0 
114 0.0 0.0 0.0 0.0 0.0 0.0 0.0 0.0 0.0 0.0 0.0 0.0 0.0 0.0 0.0 0.0 0.0 0.0 0.0 0.0 0.0 
115 0.0 0.0 0.0 0.0 0.0 0.0 0.0 0.0 0.0 0.0 0.0 0.0 0.0 0.0 0.0 0.0 0.0 0.0 0.0 0.0 0.0 
116 0.0 0.0 0.0 0.0 0.0 0.0 0.0 0.0 0.0 0.0 0.0 0.0 0.0 0.0 0.0 0.0 0.0 0.0 0.0 0.0 0.0 
117 0.0 0.0 0.0 0.0 0.0 0.0 0.0 0.0 0.0 0.0 0.0 0.0 0.0 0.0 0.0 0.0 0.0 0.0 0.0 0.0 0.0 
118 0.0 0.0 0.0 0.0 0.0 0.0 0.0 0.0 0.0 0.0 0.0 0.0 0.0 0.0 0.0 0.0 0.0 0.0 0.0 0.0 0.0 
119 0.0 0.0 0.0 0.0 0.0 0.0 0.0 0.0 0.0 0.0 0.0 0.0 0.0 0.0 0.0 0.0 0.0 0.0 0.0 0.0 0.0 
120 0.0 0.0 0.0 0.0 0.0 0.0 0.0 0.0 0.0 0.0 0.0 0.0 0.0 0.0 0.0 0.0 0.0 0.0 0.0 0.0 0.0 
121 0.0 0.0 0.0 0.0 0.0 0.0 0.0 0.0 0.0 0.0 0.0 0.0 0.0 0.0 0.0 0.0 0.0 0.0 0.0 0.0 0.0 
122 0.0 0.0 0.0 0.0 0.0 0.0 0.0 0.0 0.0 0.0 0.0 0.0 0.0 0.0 0.0 0.0 0.0 0.0 0.0 0.0 0.0 
123 0.0 0.0 0.0 0.0 0.0 0.0 0.0 0.0 0.0 0.0 0.0 0.0 0.0 0.0 0.0 0.0 0.0 0.0 0.0 0.0 0.0 
124 0.0 0.0 0.0 0.0 0.0 0.0 0.0 0.0 0.0 0.0 0.0 0.0 0.0 0.0 0.0 0.0 0.0 0.0 0.0 0.0 0.0 
125 0.0 0.0 0.0 0.0 0.0 0.0 0.0 0.0 0.0 0.0 0.0 0.0 0.0 0.0 0.0 0.0 0.0 0.0 0.0 0.0 0.0 
126 0.0 0.0 0.0 0.0 0.0 0.0 0.0 0.0 0.0 0.0 0.0 0.0 0.0 0.0 0.0 0.0 0.0 0.0 0.0 0.0 0.0 
127 0.0 0.0 0.0 0.0 0.0 0.0 0.0 0.0 0.0 0.0 0.0 0.0 0.0 0.0 0.0 0.0 0.0 0.0 0.0 0.0 0.0 
128 0.0 0.0 0.0 0.0 0.0 0.0 0.0 0.0 0.0 0.0 0.0 0.0 0.0 0.0 0.0 0.0 0.0 0.0 0.0 0.0 0.0 
129 0.0 0.0 0.0 0.0 0.0 0.0 0.0 0.0 0.0 0.0 0.0 0.0 0.0 0.0 0.0 0.0 0.0 0.0 0.0 0.0 0.0 
130 0.0 0.0 0.0 0.0 0.0 0.0 0.0 0.0 0.0 0.0 0.0 0.0 0.0 0.0 0.0 0.0 0.0 0.0 0.0 0.0 0.0 
131 0.0 0.0 0.0 0.0 0.0 0.0 0.0 0.0 0.0 0.0 0.0 0.0 0.0 0.0 0.0 0.0 0.0 0.0 0.0 0.0 0.0 
132 0.0 0.0 0.0 0.0 0.0 0.0 0.0 0.0 0.0 0.0 0.0 0.0 0.0 0.0 0.0 0.0 0.0 0.0 0.0 0.0 0.0 
133 0.0 0.0 0.0 0.0 0.0 0.0 0.0 0.0 0.0 0.0 0.0 0.0 0.0 0.0 0.0 0.0 0.0 0.0 0.0 0.0 0.0 
134 0.0 0.0 0.0 0.0 0.0 0.0 0.0 0.0 0.0 0.0 0.0 0.0 0.0 0.0 0.0 0.0 0.0 0.0 0.0 0.0 0.0 
135 0.0 0.0 0.0 0.0 0.0 0.0 0.0 0.0 0.0 0.0 0.0 0.0 0.0 0.0 0.0 0.0 0.0 0.0 0.0 0.0 0.0 
136 0.0 0.0 0.0 0.0 0.0 0.0 0.0 0.0 0.0 0.0 0.0 0.0 0.0 0.0 0.0 0.0 0.0 0.0 0.0 0.0 0.0 
137 0.0 0.0 0.0 0.0 0.0 0.0 0.0 0.0 0.0 0.0 0.0 0.0 0.0 0.0 0.0 0.0 0.0 0.0 0.0 0.0 0.0 
138 0.0 0.0 0.0 0.0 0.0 0.0 0.0 0.0 0.0 0.0 0.0 0.0 0.0 0.0 0.0 0.0 0.0 0.0 0.0 0.0 0.0 
139 0.0 0.0 0.0 0.0 0.0 0.0 0.0 0.0 0.0 0.0 0.0 0.0 0.0 0.0 0.0 0.0 0.0 0.0 0.0 0.0 0.0 
140 0.0 0.0 0.0 0.0 0.0 0.0 0.0 0.0 0.0 0.0 0.0 0.0 0.0 0.0 0.0 0.0 0.0 0.0 0.0 0.0 0.0 
141 0.0 0.0 0.0 0.0 0.0 0.0 0.0 0.0 0.0 0.0 0.0 0.0 0.0 0.0 0.0 0.0 0.0 0.0 0.0 0.0 0.0 
142 0.0 0.0 0.0 12.6 65.35 100.2 123.8 142.5 160.6 176.9 190.6 204.6 218.8 230.75 242.35 254.45 267.05 277.55 287.8 297.05 308.0 
143 0.0 0.0 0.0 111.35 508.95 706.35 850.75 973.6 1084.65 1183.6 1274.2 1359.6 1438.2 1510.85 1581.0 1649.3 1717.65 1779.65 1838.25 1895.4 1952.65 
144 0.0 0.0 0.0 167.35 625.2 796.2 920.05 1022.1 1111.55 1196.1 1270.25 1340.25 1404.45 1469.7 1529.85 1589.15 1645.45 1698.05 1748.95 1797.1 1843.0 
145 0.0 0.0 0.0 187.75 607.2 702.9 771.85 832.85 884.95 931.55 973.85 1010.5 1045.2 1077.5 1110.6 1140.6 1171.3 1200.3 1229.45 1257.5 1282.4 
146 0.0 0.0 0.0 194.2 568.85 611.9 642.5 666.5 688.9 708.1 725.95 743.95 759.6 773.95 788.0 801.3 814.15 826.15 839.1 850.95 861.7 
147 0.0 0.0 0.0 186.85 536.4 550.7 562.5 572.95 581.8 587.75 593.25 599.95 605.05 610.3 614.85 619.35 625.2 630.15 635.05 638.9 642.75 
148 0.0 0.0 0.0 162.85 515.95 521.45 525.3 528.15 530.45 533.05 535.1 537.4 539.5 541.3 542.6 544.25 545.55 547.4 548.85 550.7 551.85 
149 0.0 0.0 0.0 126.85 518.85 520.7 521.8 522.25 522.6 523.15 524.05 524.45 524.9 525.5 526.0 526.35 526.65 527.05 527.45 527.75 527.85 
150 0.0 0.0 0.0 93.5 499.85 500.2 500.45 500.7 500.9 501.0 501.05 501.3 501.5 501.6 501.75 501.75 501.8 501.9 501.95 502.0 502.3 
151 0.0 0.0 0.0 64.1 509.15 509.25 509.35 509.35 509.4 509.4 509.4 509.45 509.45 509.45 509.5 509.5 509.5 509.5 509.5 509.55 509.55 
152 0.0 0.0 0.0 31.9 506.4 506.55 506.6 506.6 506.6 506.65 506.65 506.65 506.7 506.7 506.7 506.7 506.7 506.7 506.7 506.7 506.7 
153 0.0 0.0 0.0 12.05 495.05 495.05 495.05 495.05 495.05 495.05 495.05 495.05 495.05 495.05 495.05 495.05 495.05 495.05 495.05 495.05 495.05 
154 0.0 0.0 0.0 12.25 504.2 504.2 504.2 504.2 504.2 504.2 504.2 504.2 504.2 504.2 504.2 504.2 504.2 504.2 504.2 504.2 504.2 
155 0.0 0.0 0.0 3.65 504.85 504.85 504.85 504.85 504.85 504.85 504.85 504.85 504.85 504.85 504.85 504.85 504.85 504.85 504.85 504.85 504.85 
156 0.0 0.0 0.0 0.0 497.2 497.2 497.2 497.2 497.2 497.2 497.2 497.2 497.2 497.2 497.2 497.2 497.2 497.2 497.2 497.2 497.2 
157 0.0 0.0 0.0 0.0 495.85 495.85 495.85 495.85 495.85 495.85 495.85 495.85 495.85 495.85 495.85 495.85 495.85 495.85 495.85 495.85 495.85 
158 0.0 0.0 0.0 0.0 508.85 508.85 508.85 508.85 508.85 508.85 508.85 508.85 508.85 508.85 508.85 508.85 508.85 508.85 508.85 508.85 508.85 
159 0.0 0.0 0.0 0.0 500.25 500.25 500.25 500.25 500.25 500.25 500.25 500.25 500.25 500.25 500.25 500.25 500.25 500.25 500.25 500.25 500.25 
160 0.0 0.0 0.0 0.0 504.5 504.5 504.5 504.5 504.5 504.5 504.5 504.5 504.5 504.5 504.5 504.5 504.5 504.5 504.5 504.5 504.5 
161 0.0 0.0 0.0 0.0 498.5 498.5 498.5 498.5 498.5 498.5 498.5 498.5 498.5 498.5 498.5 498.5 498.5 498.5 498.5 498.5 498.5 
162 0.0 0.0 0.0 0.0 499.5 499.5 499.5 499.5 499.5 499.5 499.5 499.5 499.5 499.5 499.5 499.5 499.5 499.5 499.5 499.5 499.5 
163 0.0 0.0 0.0 0.0 499.45 499.45 499.45 499.45 499.45 499.45 499.45 499.45 499.45 499.45 499.45 499.45 499.45 499.45 499.45 499.45 499.45 
164 0.0 0.0 0.0 0.0 508.3 508.3 508.3 508.3 508.3 508.3 508.3 508.3 508.3 508.3 508.3 508.3 508.3 508.3 508.3 508.3 508.3 
165 0.0 0.0 0.0 0.0 504.4 504.6 504.6 504.6 504.6 504.6 504.6 504.6 504.6 504.6 504.6 504.6 504.6 504.6 504.6 504.6 504.6 
166 0.0 0.0 0.0 0.0 501.15 502.05 502.1 502.1 502.1 502.1 502.1 502.1 502.1 502.1 502.1 502.1 502.1 502.1 502.1 502.1 502.1 
167 0.0 0.0 0.0 0.0 601.05 608.65 608.9 608.9 608.9 608.9 608.9 608.9 608.9 608.9 608.9 608.9 608.9 608.9 608.9 608.9 608.9 
168 0.0 0.0 0.0 0.0 855.05 943.15 945.1 945.2 945.2 945.2 945.2 945.2 945.2 945.2 945.2 945.2 945.2 945.2 945.2 945.2 945.2 
169 0.0 0.0 0.0 0.0 16.4 19.05 19.05 19.05 19.05 19.05 19.05 19.05 19.05 19.05 19.05 19.05 19.05 19.05 19.05 19.05 19.05 
170 0.0 0.0 0.0 0.0 243.8 282.95 284.15 284.15 284.15 284.15 284.15 284.15 284.15 284.15 284.15 284.15 284.15 284.15 284.15 284.15 284.15 
171 0.0 0.0 0.0 0.0 395.0 451.65 453.05 453.05 453.05 453.05 453.05 453.05 453.05 453.05 453.05 453.05 453.05 453.05 453.05 453.05 453.05 
172 0.0 0.0 0.0 0.0 476.05 533.2 534.45 534.5 534.5 534.5 534.5 534.5 534.5 534.5 534.5 534.5 534.5 534.5 534.5 534.5 534.5 
173 0.0 0.0 0.0 0.0 493.65 533.6 534.5 534.5 534.5 534.5 534.5 534.5 534.5 534.5 534.5 534.5 534.5 534.5 534.5 534.5 534.5 
174 0.0 0.0 0.0 0.0 516.25 538.85 539.2 539.2 539.2 539.2 539.2 539.2 539.2 539.2 539.2 539.2 539.2 539.2 539.2 539.2 539.2 
175 0.0 0.0 0.0 0.0 501.95 516.1 516.25 516.3 516.3 516.3 516.3 516.3 516.3 516.3 516.3 516.3 516.3 516.3 516.3 516.3 516.3 
176 0.0 0.0 0.0 0.0 504.4 511.2 511.35 511.35 511.35 511.35 511.35 511.35 511.35 511.35 511.35 511.35 511.35 511.35 511.35 511.35 511.35 
177 0.0 0.0 0.0 0.0 500.95 505.15 505.15 505.15 505.15 505.15 505.15 505.15 505.15 505.15 505.15 505.15 505.15 505.15 505.15 505.15 505.15 
178 0.0 0.0 0.0 0.0 504.65 506.65 506.7 506.7 506.7 506.7 506.7 506.7 506.7 506.7 506.7 506.7 506.7 506.7 506.7 506.7 506.7 
179 0.0 0.0 0.0 0.0 498.3 499.95 499.95 499.95 499.95 499.95 499.95 499.95 499.95 499.95 499.95 499.95 499.95 499.95 499.95 499.95 499.95 
180 0.0 0.0 0.0 0.0 504.3 505.35 505.35 505.35 505.35 505.35 505.35 505.35 505.35 505.35 505.35 505.35 505.35 505.35 505.35 505.35 505.35 
181 0.0 0.0 0.0 0.0 498.4 499.3 499.3 499.3 499.3 499.3 499.3 499.3 499.3 499.3 499.3 499.3 499.3 499.3 499.3 499.3 499.3 
182 0.0 0.0 0.0 0.0 500.0 501.1 501.1 501.1 501.1 501.1 501.1 501.1 501.1 501.1 501.1 501.1 501.1 501.1 501.1 501.1 501.1 
183 0.0 0.0 0.0 0.0 502.05 502.7 502.7 502.7 502.7 502.7 502.7 502.7 502.7 502.7 502.7 502.7 502.7 502.7 502.7 502.7 502.7 
184 0.0 0.0 0.0 0.0 500.25 501.2 501.2 501.2 501.2 501.2 501.2 501.2 501.2 501.2 501.2 501.2 501.2 501.2 501.2 501.2 501.2 
185 0.0 0.0 0.0 0.0 497.9 498.55 498.55 498.55 498.55 498.55 498.55 498.55 498.55 498.55 498.55 498.55 498.55 498.55 498.55 498.55 498.55 
186 0.0 0.0 0.0 0.0 497.8 499.45 499.45 499.45 499.45 499.45 499.45 499.45 499.45 499.45 499.45 499.45 499.45 499.45 499.45 499.45 499.45 
187 0.0 0.0 0.0 0.0 508.5 510.7 510.7 510.7 510.7 510.7 510.7 510.7 510.7 510.7 510.7 510.7 510.7 510.7 510.7 510.7 510.7 
188 0.0 0.0 0.0 0.0 504.9 508.85 508.85 508.85 508.85 508.85 508.85 508.85 508.85 508.85 508.85 508.85 508.85 508.85 508.85 508.85 508.85 
189 0.0 0.0 0.0 0.0 485.7 497.0 497.1 497.15 497.15 497.15 497.15 497.15 497.15 497.15 497.15 497.15 497.15 497.15 497.15 497.15 497.15 
190 0.0 0.0 0.0 0.0 524.1 580.35 581.15 581.15 581.15 581.15 581.15 581.15 581.15 581.15 581.15 581.15 581.15 581.15 581.15 581.15 581.15 
191 0.0 0.0 0.0 0.0 492.55 867.2 874.2 874.45 874.45 874.45 874.45 874.45 874.45 874.45 874.45 874.45 874.45 874.45 874.45 874.45 874.45 
192 0.0 0.0 0.0 0.0 39.7 93.5 94.45 94.45 94.45 94.45 94.45 94.45 94.45 94.45 94.45 94.45 94.45 94.45 94.45 94.45 94.45 
193 0.0 0.0 0.0 0.0 116.0 313.3 318.2 318.25 318.25 318.25 318.25 318.25 318.25 318.25 318.25 318.25 318.25 318.25 318.25 318.25 318.25 
194 0.0 0.0 0.0 0.0 159.35 460.95 466.75 466.85 466.85 466.85 466.85 466.85 466.85 466.85 466.85 466.85 466.85 466.85 466.85 466.85 466.85 
195 0.0 0.0 0.0 0.0 174.6 518.65 523.55 523.6 523.6 523.6 523.6 523.6 523.6 523.6 523.6 523.6 523.6 523.6 523.6 523.6 523.6 
196 0.0 0.0 0.0 0.0 173.35 523.4 526.8 526.85 526.85 526.85 526.85 526.85 526.85 526.85 526.85 526.85 526.85 526.85 526.85 526.85 526.85 
197 0.0 0.0 0.0 0.0 165.55 517.15 518.5 518.5 518.5 518.5 518.5 518.5 518.5 518.5 518.5 518.5 518.5 518.5 518.5 518.5 518.5 
198 0.0 0.0 0.0 0.0 151.85 521.55 522.1 522.1 522.1 522.1 522.1 522.1 522.1 522.1 522.1 522.1 522.1 522.1 522.1 522.1 522.1 
199 0.0 0.0 0.0 0.0 122.8 506.65 506.95 507.0 507.0 507.0 507.0 507.0 507.0 507.0 507.0 507.0 507.0 507.0 507.0 507.0 507.0 
200 0.0 0.0 0.0 0.0 91.15 501.05 501.25 501.25 501.25 501.25 501.25 501.25 501.25 501.25 501.25 501.25 501.25 501.25 501.25 501.25 501.25 
201 0.0 0.0 0.0 0.0 68.45 506.0 506.05 506.05 506.05 506.05 506.05 506.05 506.05 506.05 506.05 506.05 506.05 506.05 506.05 506.05 506.05 
202 0.0 0.0 0.0 0.0 40.6 503.65 503.7 503.7 503.7 503.7 503.7 503.7 503.7 503.7 503.7 503.7 503.7 503.7 503.7 503.7 503.7 
203 0.0 0.0 0.0 0.0 24.05 498.85 498.85 498.85 498.85 498.85 498.85 498.85 498.85 498.85 498.85 498.85 498.85 498.85 498.85 498.85 498.85 
204 0.0 0.0 0.0 0.0 13.55 508.3 508.3 508.3 508.3 508.3 508.3 508.3 508.3 508.3 508.3 508.3 508.3 508.3 508.3 508.3 508.3 
205 0.0 0.0 0.0 0.0 3.2 498.3 498.3 498.3 498.3 498.3 498.3 498.3 498.3 498.3 498.3 498.3 498.3 498.3 498.3 498.3 498.3 
206 0.0 0.0 0.0 0.0 0.0 500.05 500.05 500.05 500.05 500.05 500.05 500.05 500.05 500.05 500.05 500.05 500.05 500.05 500.05 500.05 500.05 
207 0.0 0.0 0.0 0.0 0.0 496.75 496.75 496.8 496.8 496.8 496.8 496.8 496.8 496.8 496.8 496.8 496.8 496.8 496.8 496.8 496.8 
208 0.0 0.0 0.0 0.0 0.0 514.8 515.65 515.7 515.7 515.7 515.7 515.7 515.7 515.7 515.7 515.7 515.7 515.7 515.7 515.7 515.7 
209 0.0 0.0 0.0 0.0 0.0 572.55 579.75 580.05 580.05 580.05 580.05 580.05 580.05 580.05 580.05 580.05 580.05 580.05 580.05 580.05 580.05 
210 0.0 0.0 0.0 0.0 0.0 894.4 940.7 942.0 942.0 942.0 942.0 942.0 942.0 942.0 942.0 942.0 942.0 942.0 942.0 942.0 942.0 
211 0.0 0.0 0.0 0.0 0.0 45.05 48.3 48.5 48.5 48.5 48.5 48.5 48.5 48.5 48.5 48.5 48.5 48.5 48.5 48.5 48.5 
212 0.0 0.0 0.0 0.0 0.0 267.0 289.35 290.1 290.15 290.15 290.15 290.15 290.15 290.15 290.15 290.15 290.15 290.15 290.15 290.15 290.15 
213 0.0 0.0 0.0 0.0 0.0 408.2 444.95 446.05 446.1 446.1 446.1 446.1 446.1 446.1 446.1 446.1 446.1 446.1 446.1 446.1 446.1 
214 0.0 0.0 0.0 0.0 0.0 490.85 524.7 526.0 526.1 526.1 526.1 526.1 526.1 526.1 526.1 526.1 526.1 526.1 526.1 526.1 526.1 
215 0.0 0.0 0.0 0.0 0.0 503.1 528.35 528.95 529.05 529.05 529.05 529.05 529.05 529.05 529.05 529.05 529.05 529.05 529.05 529.05 529.05 
216 0.0 0.0 0.0 0.0 0.0 514.95 528.9 529.3 529.3 529.3 529.3 529.3 529.3 529.3 529.3 529.3 529.3 529.3 529.3 529.3 529.3 
217 0.0 0.0 0.0 0.0 0.0 512.5 521.2 521.5 521.5 521.5 521.5 521.5 521.5 521.5 521.5 521.5 521.5 521.5 521.5 521.5 521.5 
218 0.0 0.0 0.0 0.0 0.0 508.35 512.1 512.25 512.25 512.25 512.25 512.25 512.25 512.25 512.25 512.25 512.25 512.25 512.25 512.25 512.25 
219 0.0 0.0 0.0 0.0 0.0 504.9 507.05 507.05 507.05 507.05 507.05 507.05 507.05 507.05 507.05 507.05 507.05 507.05 507.05 507.05 507.05 
220 0.0 0.0 0.0 0.0 0.0 499.3 500.9 500.9 500.9 500.9 500.9 500.9 500.9 500.9 500.9 500.9 500.9 500.9 500.9 500.9 500.9 
221 0.0 0.0 0.0 0.0 0.0 506.85 507.2 507.2 507.2 507.2 507.2 507.2 507.2 507.2 507.2 507.2 507.2 507.2 507.2 507.2 507.2 
222 0.0 0.0 0.0 0.0 0.0 493.0 493.65 493.65 493.65 493.65 493.65 493.65 493.65 493.65 493.65 493.65 493.65 493.65 493.65 493.65 493.65 
223 0.0 0.0 0.0 0.0 0.0 500.6 501.3 501.3 501.3 501.3 501.3 501.3 501.3 501.3 501.3 501.3 501.3 501.3 501.3 501.3 501.3 
224 0.0 0.0 0.0 0.0 0.0 495.45 496.55 496.6 496.6 496.6 496.6 496.6 496.6 496.6 496.6 496.6 496.6 496.6 496.6 496.6 496.6 
225 0.0 0.0 0.0 0.0 0.0 525.95 530.65 530.8 530.8 530.8 530.8 530.8 530.8 530.8 530.8 530.8 530.8 530.8 530.8 530.8 530.8 
226 0.0 0.0 0.0 0.0 0.0 566.55 590.3 590.85 590.95 590.95 590.95 590.95 590.95 590.95 590.95 590.95 590.95 590.95 590.95 590.95 590.95 
227 0.0 0.0 0.0 0.0 0.0 687.15 823.05 826.9 826.9 826.9 826.9 826.9 826.9 826.9 826.9 826.9 826.9 826.9 826.9 826.9 826.9 
228 0.0 0.0 0.0 0.0 0.0 78.0 103.15 104.0 104.1 104.1 104.1 104.1 104.1 104.1 104.1 104.1 104.1 104.1 104.1 104.1 104.1 
229 0.0 0.0 0.0 0.0 0.0 239.8 319.8 322.3 322.35 322.35 322.35 322.35 322.35 322.35 322.35 322.35 322.35 322.35 322.35 322.35 322.35 
230 0.0 0.0 0.0 0.0 0.0 348.85 463.65 466.0 466.1 466.1 466.1 466.1 466.1 466.1 466.1 466.1 466.1 466.1 466.1 466.1 466.1 
231 0.0 0.0 0.0 0.0 0.0 402.05 514.8 517.1 517.1 517.1 517.1 517.1 517.1 517.1 517.1 517.1 517.1 517.1 517.1 517.1 517.1 
232 0.0 0.0 0.0 0.0 0.0 438.2 536.3 537.65 537.65 537.65 537.65 537.65 537.65 537.65 537.65 537.65 537.65 537.65 537.65 537.65 537.65 
233 0.0 0.0 0.0 0.0 0.0 442.0 513.7 514.7 514.75 514.75 514.75 514.75 514.75 514.75 514.75 514.75 514.75 514.75 514.75 514.75 514.75 
234 0.0 0.0 0.0 0.0 0.0 456.95 515.0 515.6 515.6 515.6 515.6 515.6 515.6 515.6 515.6 515.6 515.6 515.6 515.6 515.6 515.6 
235 0.0 0.0 0.0 0.0 0.0 458.65 506.25 506.6 506.6 506.6 506.6 506.6 506.6 506.6 506.6 506.6 506.6 506.6 506.6 506.6 506.6 
236 0.0 0.0 0.0 0.0 0.0 464.15 506.85 506.9 506.9 506.9 506.9 506.9 506.9 506.9 506.9 506.9 506.9 506.9 506.9 506.9 506.9 
237 0.0 0.0 0.0 0.0 0.0 455.4 495.95 495.95 495.95 495.95 495.95 495.95 495.95 495.95 495.95 495.95 495.95 495.95 495.95 495.95 495.95 
238 0.0 0.0 0.0 0.0 0.0 460.75 505.75 505.8 505.8 505.8 505.8 505.8 505.8 505.8 505.8 505.8 505.8 505.8 505.8 505.8 505.8 
239 0.0 0.0 0.0 0.0 0.0 452.3 508.75 508.85 508.85 508.85 508.85 508.85 508.85 508.85 508.85 508.85 508.85 508.85 508.85 508.85 508.85 
240 0.0 0.0 0.0 0.0 0.0 452.7 543.35 544.15 544.15 544.15 544.15 544.15 544.15 544.15 544.15 544.15 544.15 544.15 544.15 544.15 544.15 
241 0.0 0.0 0.0 0.0 0.0 486.5 719.9 722.1 722.2 722.2 722.2 722.2 722.2 722.2 722.2 722.2 722.2 722.2 722.2 722.2 722.2 
242 0.0 0.0 0.0 0.0 0.0 139.7 531.8 539.2 539.35 539.35 539.35 539.35 539.35 539.35 539.35 539.35 539.35 539.35 539.35 539.35 539.35 
243 0.0 0.0 0.0 0.0 0.0 55.55 170.0 172.6 172.6 172.6 172.6 172.6 172.6 172.6 172.6 172.6 172.6 172.6 172.6 172.6 172.6 
244 0.0 0.0 0.0 0.0 0.0 96.05 366.0 372.4 372.5 372.5 372.5 372.5 372.5 372.5 372.5 372.5 372.5 372.5 372.5 372.5 372.5 
245 0.0 0.0 0.0 0.0 0.0 122.35 479.55 486.4 486.55 486.55 486.55 486.55 486.55 486.55 486.55 486.55 486.55 486.55 486.55 486.55 486.55 
246 0.0 0.0 0.0 0.0 0.0 123.25 511.95 518.8 519.0 519.05 519.05 519.05 519.05 519.05 519.05 519.05 519.05 519.05 519.05 519.05 519.05 
247 0.0 0.0 0.0 0.0 0.0 117.5 521.75 526.2 526.3 526.3 526.3 526.3 526.3 526.3 526.3 526.3 526.3 526.3 526.3 526.3 526.3 
248 0.0 0.0 0.0 0.0 0.0 102.65 515.4 517.95 517.95 517.95 517.95 517.95 517.95 517.95 517.95 517.95 517.95 517.95 517.95 517.95 517.95 
249 0.0 0.0 0.0 0.0 0.0 83.45 510.0 511.2 511.2 511.2 511.2 511.2 511.2 511.2 511.2 511.2 511.2 511.2 511.2 511.2 511.2 
250 0.0 0.0 0.0 0.0 0.0 71.8 510.7 511.3 511.3 511.3 511.3 511.3 511.3 511.3 511.3 511.3 511.3 511.3 511.3 511.3 511.3 
251 0.0 0.0 0.0 0.0 0.0 41.35 501.65 502.1 502.1 502.1 502.1 502.1 502.1 502.1 502.1 502.1 502.1 502.1 502.1 502.1 502.1 
252 0.0 0.0 0.0 0.0 0.0 19.1 509.85 511.05 511.05 511.05 511.05 511.05 511.05 511.05 511.05 511.05 511.05 511.05 511.05 511.05 511.05 
253 0.0 0.0 0.0 0.0 0.0 12.2 544.5 547.45 547.5 547.5 547.5 547.5 547.5 547.5 547.5 547.5 547.5 547.5 547.5 547.5 547.5 
254 0.0 0.0 0.0 0.0 0.0 2.9 689.8 701.0 701.45 701.45 701.45 701.45 701.45 701.45 701.45 701.45 701.45 701.45 701.45 701.45 701.45 
255 0.0 0.0 0.0 0.0 0.0 0.0 518.95 543.3 543.8 543.8 543.8 543.8 543.8 543.8 543.8 543.8 543.8 543.8 543.8 543.8 543.8 
256 0.0 0.0 0.0 0.0 0.0 0.0 169.6 180.5 180.75 180.75 180.75 180.75 180.75 180.75 180.75 180.75 180.75 180.75 180.75 180.75 180.75 
257 0.0 0.0 0.0 0.0 0.0 0.0 354.6 375.9 376.15 376.2 376.2 376.2 376.2 376.2 376.2 376.2 376.2 376.2 376.2 376.2 376.2 
258 0.0 0.0 0.0 0.0 0.0 0.0 458.6 479.9 480.35 480.35 480.35 480.35 480.35 480.35 480.35 480.35 480.35 480.35 480.35 480.35 480.35 
259 0.0 0.0 0.0 0.0 0.0 0.0 499.1 519.8 520.1 520.1 520.1 520.1 520.1 520.1 520.1 520.1 520.1 520.1 520.1 520.1 520.1 
260 0.0 0.0 0.0 0.0 0.0 0.0 512.05 526.3 526.6 526.6 526.6 526.6 526.6 526.6 526.6 526.6 526.6 526.6 526.6 526.6 526.6 
261 0.0 0.0 0.0 0.0 0.0 0.0 505.5 514.55 514.75 514.75 514.75 514.75 514.75 514.75 514.75 514.75 514.75 514.75 514.75 514.75 514.75 
262 0.0 0.0 0.0 0.0 0.0 0.0 504.15 509.3 509.5 509.5 509.5 509.5 509.5 509.5 509.5 509.5 509.5 509.5 509.5 509.5 509.5 
263 0.0 0.0 0.0 0.0 0.0 0.0 512.7 516.4 516.5 516.5 516.5 516.5 516.5 516.5 516.5 516.5 516.5 516.5 516.5 516.5 516.5 
264 0.0 0.0 0.0 0.0 0.0 0.0 514.5 522.3 522.65 522.65 522.65 522.65 522.65 522.65 522.65 522.65 522.65 522.65 522.65 522.65 522.65 
265 0.0 0.0 0.0 0.0 0.0 0.0 566.55 592.7 593.8 593.85 593.85 593.85 593.85 593.85 593.85 593.85 593.85 593.85 593.85 593.85 593.85 
266 0.0 0.0 0.0 0.0 0.0 0.0 798.8 893.85 897.7 897.8 897.8 897.8 897.8 897.8 897.8 897.8 897.8 897.8 897.8 897.8 897.8 
267 0.0 0.0 0.0 0.0 0.0 0.0 54.05 63.7 64.05 64.1 64.1 64.1 64.1 64.1 64.1 64.1 64.1 64.1 64.1 64.1 64.1 
268 0.0 0.0 0.0 0.0 0.0 0.0 237.7 289.15 290.95 291.05 291.05 291.05 291.05 291.05 291.05 291.05 291.05 291.05 291.05 291.05 291.05 
269 0.0 0.0 0.0 0.0 0.0 0.0 366.45 436.05 438.5 438.65 438.65 438.65 438.65 438.65 438.65 438.65 438.65 438.65 438.65 438.65 438.65 
270 0.0 0.0 0.0 0.0 0.0 0.0 441.05 514.4 517.4 517.5 517.5 517.5 517.5 517.5 517.5 517.5 517.5 517.5 517.5 517.5 517.5 
271 0.0 0.0 0.0 0.0 0.0 0.0 466.9 522.7 524.4 524.45 524.45 524.45 524.45 524.45 524.45 524.45 524.45 524.45 524.45 524.45 524.45 
272 0.0 0.0 0.0 0.0 0.0 0.0 488.4 528.6 530.05 530.1 530.1 530.1 530.1 530.1 530.1 530.1 530.1 530.1 530.1 530.1 530.1 
273 0.0 0.0 0.0 0.0 0.0 0.0 489.4 518.4 518.75 518.75 518.75 518.75 518.75 518.75 518.75 518.75 518.75 518.75 518.75 518.75 518.75 
274 0.0 0.0 0.0 0.0 0.0 0.0 503.45 524.65 525.2 525.2 525.2 525.2 525.2 525.2 525.2 525.2 525.2 525.2 525.2 525.2 525.2 
275 0.0 0.0 0.0 0.0 0.0 0.0 494.9 516.9 517.3 517.3 517.3 517.3 517.3 517.3 517.3 517.3 517.3 517.3 517.3 517.3 517.3 
276 0.0 0.0 0.0 0.0 0.0 0.0 545.05 593.05 594.1 594.2 594.2 594.2 594.2 594.2 594.2 594.2 594.2 594.2 594.2 594.2 594.2 
277 0.0 0.0 0.0 0.0 0.0 0.0 625.2 778.55 782.5 782.6 782.6 782.6 782.6 782.6 782.6 782.6 782.6 782.6 782.6 782.6 782.6 
278 0.0 0.0 0.0 0.0 0.0 0.0 108.8 149.75 150.5 150.55 150.55 150.55 150.55 150.55 150.55 150.55 150.55 150.55 150.55 150.55 150.55 
279 0.0 0.0 0.0 0.0 0.0 0.0 232.15 337.15 339.7 339.85 339.85 339.85 339.85 339.85 339.85 339.85 339.85 339.85 339.85 339.85 339.85 
280 0.0 0.0 0.0 0.0 0.0 0.0 319.65 453.7 457.25 457.45 457.45 457.45 457.45 457.45 457.45 457.45 457.45 457.45 457.45 457.45 457.45 
281 0.0 0.0 0.0 0.0 0.0 0.0 365.65 506.3 509.65 509.7 509.7 509.7 509.7 509.7 509.7 509.7 509.7 509.7 509.7 509.7 509.7 
282 0.0 0.0 0.0 0.0 0.0 0.0 398.75 526.65 528.7 528.75 528.75 528.75 528.75 528.75 528.75 528.75 528.75 528.75 528.75 528.75 528.75 
283 0.0 0.0 0.0 0.0 0.0 0.0 409.2 521.0 523.3 523.4 523.45 523.45 523.45 523.45 523.45 523.45 523.45 523.45 523.45 523.45 523.45 
284 0.0 0.0 0.0 0.0 0.0 0.0 428.95 539.45 541.45 541.5 541.5 541.5 541.5 541.5 541.5 541.5 541.5 541.5 541.5 541.5 541.5 
285 0.0 0.0 0.0 0.0 0.0 0.0 433.2 597.5 603.7 603.85 603.85 603.85 603.85 603.85 603.85 603.85 603.85 603.85 603.85 603.85 603.85 
286 0.0 0.0 0.0 0.0 0.0 0.0 472.95 851.0 869.35 870.3 870.35 870.35 870.35 870.35 870.35 870.35 870.35 870.35 870.35 870.35 870.35 
287 0.0 0.0 0.0 0.0 0.0 0.0 27.85 64.6 66.6 66.7 66.7 66.7 66.7 66.7 66.7 66.7 66.7 66.7 66.7 66.7 66.7 
288 0.0 0.0 0.0 0.0 0.0 0.0 107.4 288.35 297.9 298.35 298.35 298.35 298.35 298.35 298.35 298.35 298.35 298.35 298.35 298.35 298.35 
289 0.0 0.0 0.0 0.0 0.0 0.0 160.55 431.7 443.95 444.4 444.4 444.4 444.4 444.4 444.4 444.4 444.4 444.4 444.4 444.4 444.4 
290 0.0 0.0 0.0 0.0 0.0 0.0 183.45 503.3 514.45 515.4 515.5 515.5 515.5 515.5 515.5 515.5 515.5 515.5 515.5 515.5 515.5 
291 0.0 0.0 0.0 0.0 0.0 0.0 197.35 521.0 529.65 530.1 530.1 530.1 530.1 530.1 530.1 530.1 530.1 530.1 530.1 530.1 530.1 
292 0.0 0.0 0.0 0.0 0.0 0.0 198.4 537.35 543.55 543.85 543.85 543.85 543.85 543.85 543.85 543.85 543.85 543.85 543.85 543.85 543.85 
293 0.0 0.0 0.0 0.0 0.0 0.0 173.7 531.9 537.2 537.35 537.35 537.35 537.35 537.35 537.35 537.35 537.35 537.35 537.35 537.35 537.35 
294 0.0 0.0 0.0 0.0 0.0 0.0 162.1 583.75 593.25 593.65 593.65 593.65 593.65 593.65 593.65 593.65 593.65 593.65 593.65 593.65 593.65 
295 0.0 0.0 0.0 0.0 0.0 0.0 117.55 775.8 801.0 801.85 801.9 801.9 801.9 801.9 801.9 801.9 801.9 801.9 801.9 801.9 801.9 
296 0.0 0.0 0.0 0.0 0.0 0.0 11.45 124.25 128.65 128.7 128.7 128.7 128.7 128.7 128.7 128.7 128.7 128.7 128.7 128.7 128.7 
297 0.0 0.0 0.0 0.0 0.0 0.0 19.35 318.95 334.85 335.45 335.45 335.45 335.45 335.45 335.45 335.45 335.45 335.45 335.45 335.45 335.45 
298 0.0 0.0 0.0 0.0 0.0 0.0 22.25 449.3 467.6 468.35 468.4 468.4 468.4 468.4 468.4 468.4 468.4 468.4 468.4 468.4 468.4 
299 0.0 0.0 0.0 0.0 0.0 0.0 13.75 493.8 511.9 512.8 512.9 512.9 512.9 512.9 512.9 512.9 512.9 512.9 512.9 512.9 512.9 
300 0.0 0.0 0.0 0.0 0.0 0.0 7.5 509.6 523.15 523.45 523.5 523.5 523.5 523.5 523.5 523.5 523.5 523.5 523.5 523.5 523.5 
301 0.0 0.0 0.0 0.0 0.0 0.0 0.25 532.95 546.7 547.05 547.1 547.1 547.1 547.1 547.1 547.1 547.1 547.1 547.1 547.1 547.1 
302 0.0 0.0 0.0 0.0 0.0 0.0 0.0 584.25 604.15 604.65 604.7 604.7 604.7 604.7 604.7 604.7 604.7 604.7 604.7 604.7 604.7 
303 0.0 0.0 0.0 0.0 0.0 0.0 0.0 729.55 774.5 776.1 776.1 776.1 776.1 776.1 776.1 776.1 776.1 776.1 776.1 776.1 776.1 
304 0.0 0.0 0.0 0.0 0.0 0.0 0.0 131.8 142.05 142.2 142.2 142.2 142.2 142.2 142.2 142.2 142.2 142.2 142.2 142.2 142.2 
305 0.0 0.0 0.0 0.0 0.0 0.0 0.0 309.1 338.45 339.45 339.45 339.45 339.45 339.45 339.45 339.45 339.45 339.45 339.45 339.45 339.45 
306 0.0 0.0 0.0 0.0 0.0 0.0 0.0 430.2 465.15 467.35 467.35 467.35 467.35 467.35 467.35 467.35 467.35 467.35 467.35 467.35 467.35 
307 0.0 0.0 0.0 0.0 0.0 0.0 0.0 485.45 521.9 523.5 523.5 523.5 523.5 523.5 523.5 523.5 523.5 523.5 523.5 523.5 523.5 
308 0.0 0.0 0.0 0.0 0.0 0.0 0.0 514.9 552.9 554.15 554.2 554.2 554.2 554.2 554.2 554.2 554.2 554.2 554.2 554.2 554.2 
309 0.0 0.0 0.0 0.0 0.0 0.0 0.0 562.15 609.35 611.9 611.95 611.95 611.95 611.95 611.95 611.95 611.95 611.95 611.95 611.95 611.95 
310 0.0 0.0 0.0 0.0 0.0 0.0 0.0 722.4 820.9 826.95 827.35 827.35 827.35 827.35 827.35 827.35 827.35 827.35 827.35 827.35 827.35 
311 0.0 0.0 0.0 0.0 0.0 0.0 0.0 75.9 90.3 90.85 90.9 90.9 90.9 90.9 90.9 90.9 90.9 90.9 90.9 90.9 90.9 
312 0.0 0.0 0.0 0.0 0.0 0.0 0.0 261.85 313.95 316.85 317.0 317.0 317.0 317.0 317.0 317.0 317.0 317.0 317.0 317.0 317.0 
313 0.0 0.0 0.0 0.0 0.0 0.0 0.0 382.8 456.3 460.45 460.75 460.75 460.75 460.75 460.75 460.75 460.75 460.75 460.75 460.75 460.75 
314 0.0 0.0 0.0 0.0 0.0 0.0 0.0 449.9 524.5 528.35 528.75 528.75 528.75 528.75 528.75 528.75 528.75 528.75 528.75 528.75 528.75 
315 0.0 0.0 0.0 0.0 0.0 0.0 0.0 492.05 561.85 565.15 565.3 565.4 565.4 565.4 565.4 565.4 565.4 565.4 565.4 565.4 565.4 
316 0.0 0.0 0.0 0.0 0.0 0.0 0.0 527.8 611.65 616.6 616.85 616.85 616.85 616.85 616.85 616.85 616.85 616.85 616.85 616.85 616.85 
317 0.0 0.0 0.0 0.0 0.0 0.0 0.0 625.4 768.35 775.8 776.35 776.35 776.35 776.35 776.35 776.35 776.35 776.35 776.35 776.35 776.35 
318 0.0 0.0 0.0 0.0 0.0 0.0 0.0 102.45 133.7 135.3 135.35 135.35 135.35 135.35 135.35 135.35 135.35 135.35 135.35 135.35 135.35 
319 0.0 0.0 0.0 0.0 0.0 0.0 0.0 258.55 341.95 346.75 346.8 346.8 346.8 346.8 346.8 346.8 346.8 346.8 346.8 346.8 346.8 
320 0.0 0.0 0.0 0.0 0.0 0.0 0.0 357.25 471.75 478.7 479.2 479.2 479.25 479.25 479.25 479.25 479.25 479.25 479.25 479.25 479.25 
321 0.0 0.0 0.0 0.0 0.0 0.0 0.0 412.4 540.8 547.25 547.9 548.0 548.0 548.0 548.0 548.0 548.0 548.0 548.0 548.0 548.0 
322 0.0 0.0 0.0 0.0 0.0 0.0 0.0 457.25 609.65 619.65 620.2 620.2 620.2 620.2 620.2 620.2 620.2 620.2 620.2 620.2 620.2 
323 0.0 0.0 0.0 0.0 0.0 0.0 0.0 551.05 801.3 819.85 821.1 821.15 821.15 821.15 821.15 821.15 821.15 821.15 821.15 821.15 821.15 
324 0.0 0.0 0.0 0.0 0.0 0.0 0.0 55.15 89.3 92.05 92.35 92.35 92.35 92.35 92.35 92.35 92.35 92.35 92.35 92.35 92.35 
325 0.0 0.0 0.0 0.0 0.0 0.0 0.0 185.35 312.8 322.15 322.8 322.8 322.8 322.8 322.8 322.8 322.8 322.8 322.8 322.8 322.8 
326 0.0 0.0 0.0 0.0 0.0 0.0 0.0 282.3 468.8 481.45 482.45 482.5 482.5 482.5 482.5 482.5 482.5 482.5 482.5 482.5 482.5 
327 0.0 0.0 0.0 0.0 0.0 0.0 0.0 337.0 540.4 556.05 556.85 556.95 556.95 556.95 556.95 556.95 556.95 556.95 556.95 556.95 556.95 
328 0.0 0.0 0.0 0.0 0.0 0.0 0.0 374.85 612.45 628.85 630.45 630.65 630.65 630.65 630.65 630.65 630.65 630.65 630.65 630.65 630.65 
329 0.0 0.0 0.0 0.0 0.0 0.0 0.0 403.1 764.7 792.6 795.2 795.45 795.45 795.45 795.45 795.45 795.45 795.45 795.45 795.45 795.45 
330 0.0 0.0 0.0 0.0 0.0 0.0 0.0 57.3 126.55 132.7 133.1 133.2 133.2 133.2 133.2 133.2 133.2 133.2 133.2 133.2 133.2 
331 0.0 0.0 0.0 0.0 0.0 0.0 0.0 144.85 339.6 357.0 358.6 358.7 358.7 358.7 358.7 358.7 358.7 358.7 358.7 358.7 358.7 
332 0.0 0.0 0.0 0.0 0.0 0.0 0.0 191.4 483.7 514.5 517.0 517.25 517.25 517.25 517.25 517.25 517.25 517.25 517.25 517.25 517.25 
333 0.0 0.0 0.0 0.0 0.0 0.0 0.0 230.35 593.7 632.6 638.05 638.5 638.65 638.65 638.65 638.65 638.65 638.65 638.65 638.65 638.65 
334 0.0 0.0 0.0 0.0 0.0 0.0 0.0 244.85 785.7 851.2 859.1 859.85 859.9 859.95 859.95 859.95 859.95 859.95 859.95 859.95 859.95 
335 0.0 0.0 0.0 0.0 0.0 0.0 0.0 8.65 37.35 40.95 41.4 41.45 41.45 41.45 41.45 41.45 41.45 41.45 41.45 41.45 41.45 
336 0.0 0.0 0.0 0.0 0.0 0.0 0.0 59.0 280.55 310.45 314.0 314.45 314.45 314.45 314.45 314.45 314.45 314.45 314.45 314.45 314.45 
337 0.0 0.0 0.0 0.0 0.0 0.0 0.0 85.0 462.05 509.4 516.8 517.9 518.05 518.1 518.1 518.1 518.1 518.1 518.1 518.1 518.1 
338 0.0 0.0 0.0 0.0 0.0 0.0 0.0 96.9 574.35 646.9 656.65 657.95 658.2 658.2 658.2 658.2 658.2 658.2 658.2 658.2 658.2 
339 0.0 0.0 0.0 0.0 0.0 0.0 0.0 109.05 768.35 867.1 882.05 884.1 884.4 884.4 884.4 884.4 884.4 884.4 884.4 884.4 884.4 
340 0.0 0.0 0.0 0.0 0.0 0.0 0.0 1.8 15.65 18.0 18.45 18.5 18.5 18.5 18.5 18.5 18.5 18.5 18.5 18.5 18.5 
341 0.0 0.0 0.0 0.0 0.0 0.0 0.0 16.65 264.55 304.8 310.85 311.65 311.65 311.65 311.65 311.65 311.65 311.65 311.65 311.65 311.65 
342 0.0 0.0 0.0 0.0 0.0 0.0 0.0 18.4 427.0 494.1 503.95 505.25 505.25 505.25 505.25 505.25 505.25 505.25 505.25 505.25 505.25 
343 0.0 0.0 0.0 0.0 0.0 0.0 0.0 13.05 553.7 638.65 650.25 651.3 651.6 651.65 651.65 651.65 651.65 651.65 651.65 651.65 651.65 
344 0.0 0.0 0.0 0.0 0.0 0.0 0.0 5.8 700.4 814.95 828.85 830.45 830.6 830.65 830.65 830.65 830.65 830.65 830.65 830.65 830.65 
345 0.0 0.0 0.0 0.0 0.0 0.0 0.0 0.3 64.65 75.9 77.0 77.1 77.1 77.1 77.1 77.1 77.1 77.1 77.1 77.1 77.1 
346 0.0 0.0 0.0 0.0 0.0 0.0 0.0 0.05 283.0 336.7 343.9 345.3 345.5 345.6 345.6 345.6 345.6 345.6 345.6 345.6 345.6 
347 0.0 0.0 0.0 0.0 0.0 0.0 0.0 0.0 435.1 510.2 519.25 520.55 520.65 520.65 520.65 520.65 520.65 520.65 520.65 520.65 520.65 
348 0.0 0.0 0.0 0.0 0.0 0.0 0.0 0.0 523.5 611.75 622.5 623.35 623.55 623.55 623.55 623.55 623.55 623.55 623.55 623.55 623.55 
349 0.0 0.0 0.0 0.0 0.0 0.0 0.0 0.0 617.25 734.65 747.8 749.45 749.75 749.75 749.75 749.75 749.75 749.75 749.75 749.75 749.75 
350 0.0 0.0 0.0 0.0 0.0 0.0 0.0 0.0 154.1 183.9 187.65 187.95 187.95 187.95 187.95 187.95 187.95 187.95 187.95 187.95 187.95 
351 0.0 0.0 0.0 0.0 0.0 0.0 0.0 0.0 346.2 417.65 426.1 427.7 427.9 427.9 427.9 427.9 427.9 427.9 427.9 427.9 427.9 
352 0.0 0.0 0.0 0.0 0.0 0.0 0.0 0.0 454.8 559.7 572.7 574.15 574.35 574.45 574.45 574.45 574.45 574.45 574.45 574.45 574.45 
353 0.0 0.0 0.0 0.0 0.0 0.0 0.0 0.0 591.15 744.95 763.75 766.15 766.55 766.65 766.65 766.65 766.65 766.65 766.65 766.65 766.65 
354 0.0 0.0 0.0 0.0 0.0 0.0 0.0 0.0 110.65 144.85 148.65 149.2 149.2 149.2 149.2 149.2 149.2 149.2 149.2 149.2 149.2 
355 0.0 0.0 0.0 0.0 0.0 0.0 0.0 0.0 287.85 378.2 390.9 392.6 392.7 392.7 392.7 392.7 392.7 392.7 392.7 392.7 392.7 
356 0.0 0.0 0.0 0.0 0.0 0.0 0.0 0.0 423.8 563.6 583.55 586.15 586.35 586.5 586.5 586.5 586.5 586.5 586.5 586.5 586.5 
357 0.0 0.0 0.0 0.0 0.0 0.0 0.0 0.0 526.3 731.5 759.15 763.2 764.05 764.15 764.15 764.15 764.15 764.15 764.15 764.15 764.15 
358 0.0 0.0 0.0 0.0 0.0 0.0 0.0 0.0 105.7 148.7 156.4 157.4 157.5 157.5 157.5 157.5 157.5 157.5 157.5 157.5 157.5 
359 0.0 0.0 0.0 0.0 0.0 0.0 0.0 0.0 269.6 387.85 403.6 406.85 407.25 407.3 407.3 407.3 407.3 407.3 407.3 407.3 407.3 
360 0.0 0.0 0.0 0.0 0.0 0.0 0.0 0.0 388.0 564.5 590.4 594.2 594.95 595.15 595.15 595.15 595.15 595.15 595.15 595.15 595.15 
361 0.0 0.0 0.0 0.0 0.0 0.0 0.0 0.0 463.2 713.95 754.95 761.7 762.9 762.95 762.95 762.95 762.95 762.95 762.95 762.95 762.95 
362 0.0 0.0 0.0 0.0 0.0 0.0 0.0 0.0 124.5 203.5 215.4 217.3 217.55 217.65 217.7 217.7 217.7 217.7 217.7 217.7 217.7 
363 0.0 0.0 0.0 0.0 0.0 0.0 0.0 0.0 271.55 456.15 491.4 497.35 498.15 498.3 498.35 498.35 498.35 498.35 498.35 498.35 498.35 
364 0.0 0.0 0.0 0.0 0.0 0.0 0.0 0.0 389.3 687.35 741.7 750.9 752.85 753.1 753.25 753.35 753.35 753.35 753.35 753.35 753.35 
365 0.0 0.0 0.0 0.0 0.0 0.0 0.0 0.0 38.45 70.75 76.55 77.75 77.9 77.95 77.95 77.95 77.95 77.95 77.95 77.95 77.95 
366 0.0 0.0 0.0 0.0 0.0 0.0 0.0 0.0 176.2 335.4 366.75 371.95 373.45 373.65 373.65 373.65 373.7 373.7 373.7 373.7 373.7 
367 0.0 0.0 0.0 0.0 0.0 0.0 0.0 0.0 271.5 526.15 574.75 583.45 584.95 585.4 585.4 585.4 585.4 585.4 585.4 585.4 585.4 
368 0.0 0.0 0.0 0.0 0.0 0.0 0.0 0.0 327.1 675.6 742.8 753.7 755.75 756.2 756.25 756.3 756.3 756.3 756.3 756.3 756.3 
369 0.0 0.0 0.0 0.0 0.0 0.0 0.0 0.0 103.75 215.0 235.2 239.95 240.65 240.85 240.9 240.9 240.9 240.9 240.9 240.9 240.9 
370 0.0 0.0 0.0 0.0 0.0 0.0 0.0 0.0 194.65 438.65 481.5 490.55 492.35 493.1 493.2 493.2 493.2 493.2 493.2 493.2 493.2 
371 0.0 0.0 0.0 0.0 0.0 0.0 0.0 0.0 262.9 652.35 726.5 740.9 744.3 745.05 745.35 745.4 745.4 745.4 745.4 745.4 745.4 
372 0.0 0.0 0.0 0.0 0.0 0.0 0.0 0.0 61.85 166.7 188.1 191.85 192.6 192.9 193.05 193.05 193.05 193.05 193.05 193.05 193.05 
373 0.0 0.0 0.0 0.0 0.0 0.0 0.0 0.0 139.25 406.4 462.55 474.15 477.0 477.9 478.1 478.15 478.15 478.15 478.15 478.15 478.15 
374 0.0 0.0 0.0 0.0 0.0 0.0 0.0 0.0 183.65 614.7 708.4 727.45 732.45 734.05 734.3 734.3 734.35 734.35 734.35 734.35 734.35 
375 0.0 0.0 0.0 0.0 0.0 0.0 0.0 0.0 38.85 150.6 173.9 178.55 179.65 180.0 180.05 180.05 180.05 180.05 180.05 180.05 180.05 
376 0.0 0.0 0.0 0.0 0.0 0.0 0.0 0.0 95.75 397.5 466.15 481.4 486.4 487.4 487.5 487.5 487.5 487.5 487.5 487.5 487.5 
377 0.0 0.0 0.0 0.0 0.0 0.0 0.0 0.0 114.2 589.55 698.3 721.65 727.9 729.8 730.25 730.45 730.45 730.45 730.5 730.5 730.5 
378 0.0 0.0 0.0 0.0 0.0 0.0 0.0 0.0 27.55 165.9 198.0 205.3 207.35 207.65 207.7 207.85 207.85 207.85 207.85 207.85 207.85 
379 0.0 0.0 0.0 0.0 0.0 0.0 0.0 0.0 57.3 403.45 486.45 507.4 512.8 514.35 514.7 514.75 514.75 514.75 514.75 514.75 514.75 
380 0.0 0.0 0.0 0.0 0.0 0.0 0.0 0.0 42.5 568.65 701.5 738.0 746.85 749.9 750.45 750.6 750.6 750.65 750.65 750.65 750.65 
381 0.0 0.0 0.0 0.0 0.0 0.0 0.0 0.0 16.9 218.9 278.25 293.65 298.15 299.3 299.65 299.8 299.8 299.8 299.8 299.8 299.8 
382 0.0 0.0 0.0 0.0 0.0 0.0 0.0 0.0 24.6 473.65 612.7 655.35 667.55 670.75 671.85 672.3 672.4 672.4 672.4 672.45 672.45 
383 0.0 0.0 0.0 0.0 0.0 0.0 0.0 0.0 1.7 54.1 73.2 78.85 79.85 80.25 80.45 80.5 80.5 80.5 80.5 80.5 80.5 
384 0.0 0.0 0.0 0.0 0.0 0.0 0.0 0.0 5.65 313.8 421.65 454.4 463.45 465.85 466.9 467.1 467.25 467.25 467.25 467.25 467.25 
385 0.0 0.0 0.0 0.0 0.0 0.0 0.0 0.0 4.75 519.25 711.65 772.35 790.55 796.85 798.45 799.05 799.25 799.25 799.3 799.3 799.3 
386 0.0 0.0 0.0 0.0 0.0 0.0 0.0 0.0 0.95 171.5 235.9 256.1 262.15 264.35 264.85 265.1 265.2 265.25 265.25 265.25 265.25 
387 0.0 0.0 0.0 0.0 0.0 0.0 0.0 0.0 0.1 417.4 589.8 643.45 660.3 664.5 666.3 667.3 667.4 667.4 667.45 667.45 667.45 
388 0.0 0.0 0.0 0.0 0.0 0.0 0.0 0.0 0.0 54.7 80.8 88.65 91.25 92.1 92.25 92.35 92.35 92.35 92.35 92.35 92.35 
389 0.0 0.0 0.0 0.0 0.0 0.0 0.0 0.0 0.0 293.9 423.0 463.75 476.9 480.95 482.35 482.9 482.9 482.95 482.95 482.95 482.95 
390 0.0 0.0 0.0 0.0 0.0 0.0 0.0 0.0 0.0 436.2 654.6 721.1 742.9 750.1 753.9 754.75 755.1 755.1 755.2 755.2 755.25 
391 0.0 0.0 0.0 0.0 0.0 0.0 0.0 0.0 0.0 191.55 283.5 313.4 322.45 325.35 326.7 327.15 327.35 327.35 327.35 327.4 327.4 
392 0.0 0.0 0.0 0.0 0.0 0.0 0.0 0.0 0.0 386.8 597.5 663.7 687.85 695.65 698.8 700.05 700.45 700.6 700.6 700.6 700.65 
393 0.0 0.0 0.0 0.0 0.0 0.0 0.0 0.0 0.0 141.95 228.75 255.45 264.9 268.6 269.7 270.25 270.35 270.4 270.45 270.45 270.45 
394 0.0 0.0 0.0 0.0 0.0 0.0 0.0 0.0 0.0 337.2 553.2 631.2 659.15 667.15 670.2 671.25 671.5 671.55 671.65 671.7 671.7 
395 0.0 0.0 0.0 0.0 0.0 0.0 0.0 0.0 0.0 109.9 187.55 213.65 223.9 227.85 229.3 229.85 230.15 230.35 230.35 230.4 230.4 
396 0.0 0.0 0.0 0.0 0.0 0.0 0.0 0.0 0.0 306.8 538.95 620.1 648.5 660.75 664.9 666.35 667.05 667.25 667.35 667.4 667.4 
397 0.0 0.0 0.0 0.0 0.0 0.0 0.0 0.0 0.0 91.8 166.7 196.7 207.05 210.9 212.2 212.7 213.1 213.15 213.15 213.15 213.15 
398 0.0 0.0 0.0 0.0 0.0 0.0 0.0 0.0 0.0 268.5 508.2 597.3 633.25 647.0 652.6 654.8 655.75 656.45 656.65 656.75 656.8 
399 0.0 0.0 0.0 0.0 0.0 0.0 0.0 0.0 0.0 87.65 170.9 202.2 214.15 218.75 220.6 221.25 221.4 221.55 221.65 221.65 221.65 
400 0.0 0.0 0.0 0.0 0.0 0.0 0.0 0.0 0.0 248.95 508.25 605.65 642.55 658.85 665.2 667.9 669.3 670.0 670.15 670.45 670.5 
401 0.0 0.0 0.0 0.0 0.0 0.0 0.0 0.0 0.0 97.85 194.75 233.35 247.2 252.8 255.75 256.25 256.5 257.05 257.15 257.2 257.2 
402 0.0 0.0 0.0 0.0 0.0 0.0 0.0 0.0 0.0 238.8 509.8 618.95 664.25 683.25 691.2 695.15 697.0 697.7 698.0 698.15 698.25 
403 0.0 0.0 0.0 0.0 0.0 0.0 0.0 0.0 0.0 108.45 244.0 297.1 320.15 331.05 335.3 337.5 338.5 339.0 339.15 339.25 339.3 
404 0.0 0.0 0.0 0.0 0.0 0.0 0.0 0.0 0.0 193.15 510.9 650.05 709.65 738.15 751.2 757.0 760.1 761.4 762.0 762.55 762.75 
405 0.0 0.0 0.0 0.0 0.0 0.0 0.0 0.0 0.0 131.45 330.35 421.0 464.6 482.9 491.3 495.6 497.8 499.0 499.85 500.0 500.05 
406 0.0 0.0 0.0 0.0 0.0 0.0 0.0 0.0 0.0 31.0 90.7 118.35 131.15 137.6 140.9 142.2 143.2 143.5 143.55 143.6 143.65 
407 0.0 0.0 0.0 0.0 0.0 0.0 0.0 0.0 0.0 137.5 451.55 600.1 672.55 704.35 720.0 727.7 731.25 733.55 735.1 735.55 735.85 
408 0.0 0.0 0.0 0.0 0.0 0.0 0.0 0.0 0.0 67.0 232.25 317.15 360.05 378.45 387.6 392.75 395.05 396.2 396.85 397.3 397.5 
409 0.0 0.0 0.0 0.0 0.0 0.0 0.0 0.0 0.0 1.6 6.35 8.05 9.2 9.5 9.75 9.95 10.0 10.0 10.0 10.0 10.0 
410 0.0 0.0 0.0 0.0 0.0 0.0 0.0 0.0 0.0 83.15 374.75 522.1 594.75 630.65 648.7 658.2 663.3 666.0 667.55 668.5 668.8 
411 0.0 0.0 0.0 0.0 0.0 0.0 0.0 0.0 0.0 36.8 169.2 239.5 272.95 289.8 297.35 301.1 303.3 304.25 305.0 305.35 305.7 
412 0.0 0.0 0.0 0.0 0.0 0.0 0.0 0.0 0.0 11.8 274.8 461.05 558.15 608.1 634.85 648.6 656.9 660.3 662.5 663.85 664.55 
413 0.0 0.0 0.0 0.0 0.0 0.0 0.0 0.0 0.0 49.7 339.8 489.45 566.6 605.7 624.65 635.2 642.4 645.85 647.8 648.7 649.55 
414 0.0 0.0 0.0 0.0 0.0 0.0 0.0 0.0 0.0 24.3 191.95 281.4 327.35 353.8 367.5 374.3 378.2 380.8 382.3 383.15 383.7 
415 0.0 0.0 0.0 0.0 0.0 0.0 0.0 0.0 0.0 5.1 54.4 82.25 97.85 106.35 111.05 113.5 115.1 115.9 116.25 116.5 116.85 
416 0.0 0.0 0.0 0.0 0.0 0.0 0.0 0.0 0.0 22.7 356.25 545.0 655.6 716.25 747.65 766.45 777.2 783.35 787.15 789.35 790.75 
417 0.0 0.0 0.0 0.0 0.0 0.0 0.0 0.0 0.0 13.25 261.85 411.0 492.55 540.75 571.75 587.9 597.0 602.55 605.6 607.45 608.75 
418 0.0 0.0 0.0 0.0 0.0 0.0 0.0 0.0 0.0 6.7 170.2 273.35 332.55 367.8 386.2 397.25 405.15 410.0 412.4 414.15 415.25 
419 0.0 0.0 0.0 0.0 0.0 0.0 0.0 0.0 0.0 1.95 82.0 132.9 165.45 182.7 192.85 198.75 202.75 204.45 206.2 206.9 207.35 
420 0.0 0.0 0.0 0.0 0.0 0.0 0.0 0.0 0.0 0.05 4.7 7.7 9.4 10.65 11.65 12.05 12.25 12.35 12.5 12.5 12.5 
421 0.0 0.0 0.0 0.0 0.0 0.0 0.0 0.0 0.0 1.65 285.55 486.65 607.35 678.1 720.05 745.25 760.55 771.95 778.25 782.65 785.0 
422 0.0 0.0 0.0 0.0 0.0 0.0 0.0 0.0 0.0 0.4 227.15 389.45 491.1 549.8 587.85 609.2 624.35 633.75 639.2 643.1 645.25 
423 0.0 0.0 0.0 0.0 0.0 0.0 0.0 0.0 0.0 0.0 181.5 321.85 404.1 454.85 489.55 511.0 524.15 532.8 537.8 542.05 544.05 
424 0.0 0.0 0.0 0.0 0.0 0.0 0.0 0.0 0.0 0.0 150.8 268.8 345.65 391.8 421.15 440.0 453.1 460.75 465.55 469.3 471.6 
425 0.0 0.0 0.0 0.0 0.0 0.0 0.0 0.0 0.0 0.0 123.65 234.25 300.15 343.6 371.15 388.55 400.25 407.8 412.15 415.4 417.45 
426 0.0 0.0 0.0 0.0 0.0 0.0 0.0 0.0 0.0 0.0 100.0 195.9 259.5 300.8 326.85 343.15 354.75 362.05 366.8 370.5 372.95 
427 0.0 0.0 0.0 0.0 0.0 0.0 0.0 0.0 0.0 0.0 90.85 183.65 244.45 283.6 310.1 327.45 339.65 346.6 351.05 353.95 356.4 
428 0.0 0.0 0.0 0.0 0.0 0.0 0.0 0.0 0.0 0.0 83.7 177.7 239.5 280.7 306.7 324.95 337.5 345.7 351.75 356.05 357.95 
429 0.0 0.0 0.0 0.0 0.0 0.0 0.0 0.0 0.0 0.0 83.25 182.4 247.65 292.05 322.35 341.5 355.25 365.15 370.45 375.65 378.75 
430 0.0 0.0 0.0 0.0 0.0 0.0 0.0 0.0 0.0 0.0 89.5 201.15 277.05 324.5 357.25 382.2 397.7 408.55 417.3 423.3 426.7 
431 0.0 0.0 0.0 0.0 0.0 0.0 0.0 0.0 0.0 0.0 97.3 225.8 313.9 376.55 419.1 448.2 468.1 480.8 490.3 497.15 502.1 
432 0.0 0.0 0.0 0.0 0.0 0.0 0.0 0.0 0.0 0.0 107.7 270.0 378.8 449.55 499.6 534.2 558.1 576.95 588.45 596.35 603.4 
433 0.0 0.0 0.0 0.0 0.0 0.0 0.0 0.0 0.0 0.0 120.2 312.05 447.45 543.95 611.6 657.3 690.55 713.35 730.25 740.3 747.5 
434 0.0 0.0 0.0 0.0 0.0 0.0 0.0 0.0 0.0 0.0 3.45 8.7 12.95 16.1 17.75 19.05 20.15 20.7 21.0 21.4 21.55 
435 0.0 0.0 0.0 0.0 0.0 0.0 0.0 0.0 0.0 0.0 29.45 90.25 133.2 164.6 187.95 201.8 212.25 219.4 225.6 230.5 233.45 
436 0.0 0.0 0.0 0.0 0.0 0.0 0.0 0.0 0.0 0.0 57.05 178.05 266.3 329.5 371.05 402.2 424.9 441.9 452.6 461.85 468.25 
437 0.0 0.0 0.0 0.0 0.0 0.0 0.0 0.0 0.0 0.0 72.8 266.45 406.1 502.85 571.4 620.75 657.15 682.3 701.9 715.15 725.05 
438 0.0 0.0 0.0 0.0 0.0 0.0 0.0 0.0 0.0 0.0 13.35 53.4 83.95 105.6 118.7 128.05 135.5 141.3 145.85 148.6 151.25 
439 0.0 0.0 0.0 0.0 0.0 0.0 0.0 0.0 0.0 0.0 37.65 166.45 261.75 327.3 373.5 409.7 434.05 453.7 466.4 475.95 483.35 
440 0.0 0.0 0.0 0.0 0.0 0.0 0.0 0.0 0.0 0.0 2.9 99.2 234.8 343.15 425.05 485.65 530.55 565.45 589.3 606.9 620.2 
441 0.0 0.0 0.0 0.0 0.0 0.0 0.0 0.0 0.0 0.0 23.15 132.15 215.8 275.35 319.5 349.9 372.6 392.0 405.35 415.3 421.5 
442 0.0 0.0 0.0 0.0 0.0 0.0 0.0 0.0 0.0 0.0 0.35 2.9 4.5 6.1 6.85 7.4 7.65 8.25 8.5 8.75 8.95 
443 0.0 0.0 0.0 0.0 0.0 0.0 0.0 0.0 0.0 0.0 15.45 142.05 233.55 307.7 361.65 402.45 431.85 453.95 473.1 486.35 497.8 
444 0.0 0.0 0.0 0.0 0.0 0.0 0.0 0.0 0.0 0.0 5.65 54.4 89.0 116.6 137.2 152.95 164.8 174.55 180.9 187.05 191.05 
445 0.0 0.0 0.0 0.0 0.0 0.0 0.0 0.0 0.0 0.0 9.05 181.25 316.0 418.7 504.35 564.6 614.35 650.55 679.1 700.5 718.5 
446 0.0 0.0 0.0 0.0 0.0 0.0 0.0 0.0 0.0 0.0 4.0 125.25 224.4 299.05 357.85 404.4 437.95 465.25 487.55 504.2 516.3 
447 0.0 0.0 0.0 0.0 0.0 0.0 0.0 0.0 0.0 0.0 2.3 90.45 165.35 221.9 266.6 300.15 330.0 353.75 372.1 386.6 397.55 
448 0.0 0.0 0.0 0.0 0.0 0.0 0.0 0.0 0.0 0.0 0.5 69.05 128.05 173.1 209.35 238.75 261.85 280.3 294.6 306.8 316.25 
449 0.0 0.0 0.0 0.0 0.0 0.0 0.0 0.0 0.0 0.0 0.2 54.5 107.05 149.5 183.3 212.35 233.4 251.05 264.9 276.1 285.4 
450 0.0 0.0 0.0 0.0 0.0 0.0 0.0 0.0 0.0 0.0 0.0 60.05 117.3 164.9 201.15 233.5 257.55 278.9 296.4 309.55 320.8 
451 0.0 0.0 0.0 0.0 0.0 0.0 0.0 0.0 0.0 0.0 0.0 70.65 144.95 201.55 250.8 290.55 323.45 350.25 373.05 391.7 406.3 
452 0.0 0.0 0.0 0.0 0.0 0.0 0.0 0.0 0.0 0.0 0.0 82.15 179.8 259.15 325.7 379.4 425.15 460.95 495.75 522.6 544.9 
453 0.0 0.0 0.0 0.0 0.0 0.0 0.0 0.0 0.0 0.0 0.0 5.9 14.85 21.3 27.4 32.3 36.25 39.5 42.6 44.7 46.8 
454 0.0 0.0 0.0 0.0 0.0 0.0 0.0 0.0 0.0 0.0 0.0 41.45 95.75 141.7 181.6 215.35 243.05 265.25 286.9 303.9 317.55 
455 0.0 0.0 0.0 0.0 0.0 0.0 0.0 0.0 0.0 0.0 0.0 46.05 154.15 245.35 324.5 392.9 449.0 497.35 539.45 574.55 606.7 
456 0.0 0.0 0.0 0.0 0.0 0.0 0.0 0.0 0.0 0.0 0.0 38.35 106.1 162.25 209.1 251.85 287.15 317.9 341.75 364.0 382.95 
457 0.0 0.0 0.0 0.0 0.0 0.0 0.0 0.0 0.0 0.0 0.0 19.35 53.35 84.95 110.35 132.9 152.0 168.5 182.85 196.5 207.9 
458 0.0 0.0 0.0 0.0 0.0 0.0 0.0 0.0 0.0 0.0 0.0 10.55 27.7 43.55 58.3 72.3 83.3 92.3 99.9 107.85 114.2 
459 0.0 0.0 0.0 0.0 0.0 0.0 0.0 0.0 0.0 0.0 0.0 6.85 22.6 36.8 50.25 60.95 70.8 78.8 85.55 91.55 97.7 
460 0.0 0.0 0.0 0.0 0.0 0.0 0.0 0.0 0.0 0.0 0.0 11.7 41.0 68.05 91.0 110.6 128.15 145.4 159.5 171.4 181.4 
461 0.0 0.0 0.0 0.0 0.0 0.0 0.0 0.0 0.0 0.0 0.0 16.1 73.15 123.9 166.9 207.1 243.45 271.65 298.9 321.9 342.35 
462 0.0 0.0 0.0 0.0 0.0 0.0 0.0 0.0 0.0 0.0 0.0 0.85 3.25 5.95 7.95 10.05 11.6 13.35 14.6 15.45 16.8 
463 0.0 0.0 0.0 0.0 0.0 0.0 0.0 0.0 0.0 0.0 0.0 9.7 65.45 114.25 158.15 198.5 233.05 266.1 297.15 322.55 344.75 
464 0.0 0.0 0.0 0.0 0.0 0.0 0.0 0.0 0.0 0.0 0.0 6.0 45.7 80.95 114.2 142.0 165.7 188.5 210.5 229.8 247.35 
465 0.0 0.0 0.0 0.0 0.0 0.0 0.0 0.0 0.0 0.0 0.0 3.25 41.75 76.9 110.75 139.1 165.95 190.55 213.9 234.2 252.45 
466 0.0 0.0 0.0 0.0 0.0 0.0 0.0 0.0 0.0 0.0 0.0 0.85 51.9 105.05 152.2 194.4 232.55 266.45 299.95 329.8 357.25 
467 0.0 0.0 0.0 0.0 0.0 0.0 0.0 0.0 0.0 0.0 0.0 0.45 19.9 38.0 54.7 69.5 84.65 96.4 108.6 118.7 128.45 
468 0.0 0.0 0.0 0.0 0.0 0.0 0.0 0.0 0.0 0.0 0.0 0.1 4.9 9.25 14.0 17.45 21.05 23.6 26.45 28.9 31.2 
469 0.0 0.0 0.0 0.0 0.0 0.0 0.0 0.0 0.0 0.0 0.0 0.0 8.0 16.45 23.75 30.8 37.8 43.75 48.65 53.75 59.0 
470 0.0 0.0 0.0 0.0 0.0 0.0 0.0 0.0 0.0 0.0 0.0 0.0 22.05 50.45 75.75 100.3 123.5 144.4 164.7 184.3 199.4 
471 0.0 0.0 0.0 0.0 0.0 0.0 0.0 0.0 0.0 0.0 0.0 0.0 9.1 23.3 36.2 47.55 59.45 70.6 80.75 89.85 98.75 
472 0.0 0.0 0.0 0.0 0.0 0.0 0.0 0.0 0.0 0.0 0.0 0.0 10.5 28.8 47.55 62.95 77.95 90.85 105.55 117.15 128.5 
473 0.0 0.0 0.0 0.0 0.0 0.0 0.0 0.0 0.0 0.0 0.0 0.0 2.3 22.45 50.3 76.0 104.45 131.2 159.55 186.7 210.8 
474 0.0 0.0 0.0 0.0 0.0 0.0 0.0 0.0 0.0 0.0 0.0 0.0 0.5 1.05 1.45 2.05 2.75 3.2 3.9 4.3 4.75 
475 0.0 0.0 0.0 0.0 0.0 0.0 0.0 0.0 0.0 0.0 0.0 0.0 6.25 25.7 45.85 64.4 81.55 96.9 111.35 124.35 136.75 
476 0.0 0.0 0.0 0.0 0.0 0.0 0.0 0.0 0.0 0.0 0.0 0.0 3.05 26.0 49.1 68.85 87.8 103.4 119.4 135.95 148.7 
477 0.0 0.0 0.0 0.0 0.0 0.0 0.0 0.0 0.0 0.0 0.0 0.0 2.0 18.25 32.4 45.65 59.4 71.45 83.05 94.5 104.7 
478 0.0 0.0 0.0 0.0 0.0 0.0 0.0 0.0 0.0 0.0 0.0 0.0 0.25 4.05 7.0 9.75 12.8 15.2 17.85 19.75 21.65 
479 0.0 0.0 0.0 0.0 0.0 0.0 0.0 0.0 0.0 0.0 0.0 0.0 0.1 9.6 21.45 31.75 40.65 51.25 60.25 67.8 74.8 
480 0.0 0.0 0.0 0.0 0.0 0.0 0.0 0.0 0.0 0.0 0.0 0.0 0.0 6.65 21.35 37.0 50.95 66.15 79.6 92.35 103.65 
481 0.0 0.0 0.0 0.0 0.0 0.0 0.0 0.0 0.0 0.0 0.0 0.0 0.0 4.25 9.7 15.05 20.4 25.65 30.8 35.8 39.9 
482 0.0 0.0 0.0 0.0 0.0 0.0 0.0 0.0 0.0 0.0 0.0 0.0 0.0 1.05 3.0 4.85 6.6 8.2 9.45 10.7 12.15 
483 0.0 0.0 0.0 0.0 0.0 0.0 0.0 0.0 0.0 0.0 0.0 0.0 0.0 1.1 5.55 9.2 12.8 16.1 19.3 22.05 24.45 
484 0.0 0.0 0.0 0.0 0.0 0.0 0.0 0.0 0.0 0.0 0.0 0.0 0.0 0.15 3.2 6.1 9.0 11.15 13.6 15.7 17.4 
485 0.0 0.0 0.0 0.0 0.0 0.0 0.0 0.0 0.0 0.0 0.0 0.0 0.0 0.05 1.55 3.4 5.2 7.5 9.45 11.35 13.0 
486 0.0 0.0 0.0 0.0 0.0 0.0 0.0 0.0 0.0 0.0 0.0 0.0 0.0 0.0 0.6 4.2 7.3 10.6 13.9 17.6 20.0 
487 0.0 0.0 0.0 0.0 0.0 0.0 0.0 0.0 0.0 0.0 0.0 0.0 0.0 0.0 0.0 0.05 0.25 1.0 1.55 2.55 4.65 
488 0.0 0.0 0.0 0.0 0.0 0.0 0.0 0.0 0.0 0.0 0.0 0.0 0.0 0.0 0.0 0.3 1.15 2.45 4.15 6.3 8.0 
489 0.0 0.0 0.0 0.0 0.0 0.0 0.0 0.0 0.0 0.0 0.0 0.0 0.0 0.0 0.0 0.0 0.35 0.75 0.9 1.15 1.45 
490 0.0 0.0 0.0 0.0 0.0 0.0 0.0 0.0 0.0 0.0 0.0 0.0 0.0 0.0 0.0 0.0 0.0 0.1 0.25 0.4 0.85 
491 0.0 0.0 0.0 0.0 0.0 0.0 0.0 0.0 0.0 0.0 0.0 0.0 0.0 0.2 3.55 7.2 12.6 17.2 22.8 26.8 30.6 
492 0.0 0.0 0.0 0.0 0.0 0.0 0.0 0.0 0.0 0.0 0.0 0.0 0.0 1.05 19.05 50.8 83.2 112.1 139.7 166.15 192.5 
493 0.0 0.0 0.0 0.0 0.0 0.0 0.0 0.0 0.0 0.0 0.0 0.0 0.0 0.35 13.55 44.75 76.85 104.9 134.35 160.8 185.95 
494 0.0 0.0 0.0 0.0 0.0 0.0 0.0 0.0 0.0 0.0 0.0 0.0 0.0 0.3 7.85 28.4 49.5 70.5 90.5 109.35 125.7 
495 0.0 0.0 0.0 0.0 0.0 0.0 0.0 0.0 0.0 0.0 0.0 0.0 0.0 0.05 4.1 16.4 29.55 41.5 51.5 62.8 73.35 
496 0.0 0.0 0.0 0.0 0.0 0.0 0.0 0.0 0.0 0.0 0.0 0.0 0.0 0.05 1.65 5.8 12.6 18.0 23.55 27.75 32.65 
497 0.0 0.0 0.0 0.0 0.0 0.0 0.0 0.0 0.0 0.0 0.0 0.0 0.0 0.0 0.55 2.8 5.45 7.75 10.1 12.3 13.85 
498 0.0 0.0 0.0 0.0 0.0 0.0 0.0 0.0 0.0 0.0 0.0 0.0 0.0 0.0 0.2 0.65 1.8 2.6 3.7 4.9 6.5 
499 0.0 0.0 0.0 0.0 0.0 0.0 0.0 0.0 0.0 0.0 0.0 0.0 0.0 0.0 0.05 0.25 0.45 0.95 1.2 1.5 1.75 
