0 0.0 0.0 0.0 0.0 0.0 0.0 0.0 0.0 0.0 0.0 0.0 0.0 0.0 0.0 0.0 0.0 0.0 0.0 0.0 0.0 0.0 
1 0.0 0.0 0.0 0.0 0.0 0.0 0.0 0.0 0.0 0.0 0.0 0.0 0.0 0.0 0.0 0.0 0.0 0.0 0.0 0.0 0.0 
2 0.0 0.0 0.0 0.0 0.0 0.0 0.0 0.0 0.0 0.0 0.0 0.0 0.0 0.0 0.0 0.0 0.0 0.0 0.0 0.0 0.0 
3 0.0 0.0 0.0 0.0 0.0 0.0 0.0 0.0 0.0 0.0 0.0 0.0 0.0 0.0 0.0 0.0 0.0 0.0 0.0 0.0 0.0 
4 0.0 0.0 0.0 0.0 0.0 0.0 0.0 0.0 0.0 0.0 0.0 0.0 0.0 0.0 0.0 0.0 0.0 0.0 0.0 0.0 0.0 
5 0.0 0.0 0.0 0.0 0.0 0.0 0.0 0.0 0.0 0.0 0.0 0.0 0.0 0.0 0.0 0.0 0.0 0.0 0.0 0.0 0.0 
6 0.0 0.0 0.0 0.0 0.0 0.0 0.0 0.0 0.0 0.0 0.0 0.0 0.0 0.0 0.0 0.0 0.0 0.0 0.0 0.0 0.0 
7 0.0 0.0 0.0 0.0 0.0 0.0 0.0 0.0 0.0 0.0 0.0 0.0 0.0 0.0 0.0 0.0 0.0 0.0 0.0 0.0 0.0 
8 0.0 0.0 0.0 0.0 0.0 0.0 0.0 0.0 0.0 0.0 0.0 0.0 0.0 0.0 0.0 0.0 0.0 0.0 0.0 0.0 0.0 
9 0.0 0.0 0.0 0.0 0.0 0.0 0.0 0.0 0.0 0.0 0.0 0.0 0.0 0.0 0.0 0.0 0.0 0.0 0.0 0.0 0.0 
10 0.0 0.0 0.0 0.0 0.0 0.0 0.0 0.0 0.0 0.0 0.0 0.0 0.0 0.0 0.0 0.0 0.0 0.0 0.0 0.0 0.0 
11 0.0 0.0 0.0 0.0 0.0 0.0 0.0 0.0 0.0 0.0 0.0 0.0 0.0 0.0 0.0 0.0 0.0 0.0 0.0 0.0 0.0 
12 0.0 0.0 0.0 0.0 0.0 0.0 0.0 0.0 0.0 0.0 0.0 0.0 0.0 0.0 0.0 0.0 0.0 0.0 0.0 0.0 0.0 
13 0.0 0.0 0.0 0.0 0.0 0.0 0.0 0.0 0.0 0.0 0.0 0.0 0.0 0.0 0.0 0.0 0.0 0.0 0.0 0.0 0.0 
14 0.0 0.0 0.0 0.0 0.0 0.0 0.0 0.0 0.0 0.0 0.0 0.0 0.0 0.0 0.0 0.0 0.0 0.0 0.0 0.0 0.0 
15 0.0 0.0 0.0 0.0 0.0 0.0 0.0 0.0 0.0 0.0 0.0 0.0 0.0 0.0 0.0 0.0 0.0 0.0 0.0 0.0 0.0 
16 0.0 0.0 0.0 0.0 0.0 0.0 0.0 0.0 0.0 0.0 0.0 0.0 0.0 0.0 0.0 0.0 0.0 0.0 0.0 0.0 0.0 
17 0.0 0.0 0.0 0.0 0.0 0.0 0.0 0.0 0.0 0.0 0.0 0.0 0.0 0.0 0.0 0.0 0.0 0.0 0.0 0.0 0.0 
18 0.0 0.0 0.0 0.0 0.0 0.0 0.0 0.0 0.0 0.0 0.0 0.0 0.0 0.0 0.0 0.0 0.0 0.0 0.0 0.0 0.0 
19 0.0 0.0 0.0 0.0 0.0 0.0 0.0 0.0 0.0 0.0 0.0 0.0 0.0 0.0 0.0 0.0 0.0 0.0 0.0 0.0 0.0 
20 0.0 0.0 0.0 0.0 0.0 0.0 0.0 0.0 0.0 0.0 0.0 0.0 0.0 0.0 0.0 0.0 0.0 0.0 0.0 0.0 0.0 
21 0.0 0.0 0.0 0.0 0.0 0.0 0.0 0.0 0.0 0.0 0.0 0.0 0.0 0.0 0.0 0.0 0.0 0.0 0.0 0.0 0.0 
22 0.0 0.0 0.0 0.0 0.0 0.0 0.0 0.0 0.0 0.0 0.0 0.0 0.0 0.0 0.0 0.0 0.0 0.0 0.0 0.0 0.0 
23 0.0 0.0 0.0 0.0 0.0 0.0 0.0 0.0 0.0 0.0 0.0 0.0 0.0 0.0 0.0 0.0 0.0 0.0 0.0 0.0 0.0 
24 0.0 0.0 0.0 0.0 0.0 0.0 0.0 0.0 0.0 0.0 0.0 0.0 0.0 0.0 0.0 0.0 0.0 0.0 0.0 0.0 0.0 
25 0.0 0.0 0.0 0.0 0.0 0.0 0.0 0.0 0.0 0.0 0.0 0.0 0.0 0.0 0.0 0.0 0.0 0.0 0.0 0.0 0.0 
26 0.0 0.0 0.0 0.0 0.0 0.0 0.0 0.0 0.0 0.0 0.0 0.0 0.0 0.0 0.0 0.0 0.0 0.0 0.0 0.0 0.0 
27 0.0 0.0 0.0 0.0 0.0 0.0 0.0 0.0 0.0 0.0 0.0 0.0 0.0 0.0 0.0 0.0 0.0 0.0 0.0 0.0 0.0 
28 0.0 0.0 0.0 0.0 0.0 0.0 0.0 0.0 0.0 0.0 0.0 0.0 0.0 0.0 0.0 0.0 0.0 0.0 0.0 0.0 0.0 
29 0.0 0.0 0.0 0.0 0.0 0.0 0.0 0.0 0.0 0.0 0.0 0.0 0.0 0.0 0.0 0.0 0.0 0.0 0.0 0.0 0.0 
30 0.0 0.0 0.0 0.0 0.0 0.0 0.0 0.0 0.0 0.0 0.0 0.0 0.0 0.0 0.0 0.0 0.0 0.0 0.0 0.0 0.0 
31 0.0 0.0 0.0 0.0 0.0 0.0 0.0 0.0 0.0 0.0 0.0 0.0 0.0 0.0 0.0 0.0 0.0 0.0 0.0 0.0 0.0 
32 0.0 0.0 0.0 0.0 0.0 0.0 0.0 0.0 0.0 0.0 0.0 0.0 0.0 0.0 0.0 0.0 0.0 0.0 0.0 0.0 0.0 
33 0.0 0.0 0.0 0.0 0.0 0.0 0.0 0.0 0.0 0.0 0.0 0.0 0.0 0.0 0.0 0.0 0.0 0.0 0.0 0.0 0.0 
34 0.0 0.0 0.0 0.0 0.0 0.0 0.0 0.0 0.0 0.0 0.0 0.0 0.0 0.0 0.0 0.0 0.0 0.0 0.0 0.0 0.0 
35 0.0 0.0 0.0 0.0 0.0 0.0 0.0 0.0 0.0 0.0 0.0 0.0 0.0 0.0 0.0 0.0 0.0 0.0 0.0 0.0 0.0 
36 0.0 0.0 0.0 0.0 0.0 0.0 0.0 0.0 0.0 0.0 0.0 0.0 0.0 0.0 0.0 0.0 0.0 0.0 0.0 0.0 0.0 
37 0.0 0.0 0.0 0.0 0.0 0.0 0.0 0.0 0.0 0.0 0.0 0.0 0.0 0.0 0.0 0.0 0.0 0.0 0.0 0.0 0.0 
38 0.0 0.0 0.0 0.0 0.0 0.0 0.0 0.0 0.0 0.0 0.0 0.0 0.0 0.0 0.0 0.0 0.0 0.0 0.0 0.0 0.0 
39 0.0 0.0 0.0 0.0 0.0 0.0 0.0 0.0 0.0 0.0 0.0 0.0 0.0 0.0 0.0 0.0 0.0 0.0 0.0 0.0 0.0 
40 0.0 0.0 0.0 0.0 0.0 0.0 0.0 0.0 0.0 0.0 0.0 0.0 0.0 0.0 0.0 0.0 0.0 0.0 0.0 0.0 0.0 
41 0.0 0.0 0.0 0.0 0.0 0.0 0.0 0.0 0.0 0.0 0.0 0.0 0.0 0.0 0.0 0.0 0.0 0.0 0.0 0.0 0.0 
42 0.0 0.0 0.0 0.0 0.0 0.0 0.0 0.0 0.0 0.0 0.0 0.0 0.0 0.0 0.0 0.0 0.0 0.0 0.0 0.0 0.0 
43 0.0 0.0 0.0 0.0 0.0 0.0 0.0 0.0 0.0 0.0 0.0 0.0 0.0 0.0 0.0 0.0 0.0 0.0 0.0 0.0 0.0 
44 0.0 0.0 0.0 0.0 0.0 0.0 0.0 0.0 0.0 0.0 0.0 0.0 0.0 0.0 0.0 0.0 0.0 0.0 0.0 0.0 0.0 
45 0.0 0.0 0.0 0.0 0.0 0.0 0.0 0.0 0.0 0.0 0.0 0.0 0.0 0.0 0.0 0.0 0.0 0.0 0.0 0.0 0.0 
46 0.0 0.0 0.0 0.0 0.0 0.0 0.0 0.0 0.0 0.0 0.0 0.0 0.0 0.0 0.0 0.0 0.0 0.0 0.0 0.0 0.0 
47 0.0 0.0 0.0 0.0 0.0 0.0 0.0 0.0 0.0 0.0 0.0 0.0 0.0 0.0 0.0 0.0 0.0 0.0 0.0 0.0 0.0 
48 0.0 0.0 0.0 0.0 0.0 0.0 0.0 0.0 0.0 0.0 0.0 0.0 0.0 0.0 0.0 0.0 0.0 0.0 0.0 0.0 0.0 
49 0.0 0.0 0.0 0.0 0.0 0.0 0.0 0.0 0.0 0.0 0.0 0.0 0.0 0.0 0.0 0.0 0.0 0.0 0.0 0.0 0.0 
50 0.0 0.0 0.0 0.0 0.0 0.0 0.0 0.0 0.0 0.0 0.0 0.0 0.0 0.0 0.0 0.0 0.0 0.0 0.0 0.0 0.0 
51 0.0 0.0 0.0 0.0 0.0 0.0 0.0 0.0 0.0 0.0 0.0 0.0 0.0 0.0 0.0 0.0 0.0 0.0 0.0 0.0 0.0 
52 0.0 0.0 0.0 0.0 0.0 0.0 0.0 0.0 0.0 0.0 0.0 0.0 0.0 0.0 0.0 0.0 0.0 0.0 0.0 0.0 0.0 
53 0.0 0.0 0.0 0.0 0.0 0.0 0.0 0.0 0.0 0.0 0.0 0.0 0.0 0.0 0.0 0.0 0.0 0.0 0.0 0.0 0.0 
54 0.0 0.0 0.0 0.0 0.0 0.0 0.0 0.0 0.0 0.0 0.0 0.0 0.0 0.0 0.0 0.0 0.0 0.0 0.0 0.0 0.0 
55 0.0 0.0 0.0 0.0 0.0 0.0 0.0 0.0 0.0 0.0 0.0 0.0 0.0 0.0 0.0 0.0 0.0 0.0 0.0 0.0 0.0 
56 0.0 0.0 0.0 0.0 0.0 0.0 0.0 0.0 0.0 0.0 0.0 0.0 0.0 0.0 0.0 0.0 0.0 0.0 0.0 0.0 0.0 
57 0.0 0.0 0.0 0.0 0.0 0.0 0.0 0.0 0.0 0.0 0.0 0.0 0.0 0.0 0.0 0.0 0.0 0.0 0.0 0.0 0.0 
58 0.0 0.0 0.0 0.0 0.0 0.0 0.0 0.0 0.0 0.0 0.0 0.0 0.0 0.0 0.0 0.0 0.0 0.0 0.0 0.0 0.0 
59 0.0 0.0 0.0 0.0 0.0 0.0 0.0 0.0 0.0 0.0 0.0 0.0 0.0 0.0 0.0 0.0 0.0 0.0 0.0 0.0 0.0 
60 0.0 0.0 0.0 0.0 0.0 0.0 0.0 0.0 0.0 0.0 0.0 0.0 0.0 0.0 0.0 0.0 0.0 0.0 0.0 0.0 0.0 
61 0.0 0.0 0.0 0.0 0.0 0.0 0.0 0.0 0.0 0.0 0.0 0.0 0.0 0.0 0.0 0.0 0.0 0.0 0.0 0.0 0.0 
62 0.0 0.0 0.0 0.0 0.0 0.0 0.0 0.0 0.0 0.0 0.0 0.0 0.0 0.0 0.0 0.0 0.0 0.0 0.0 0.0 0.0 
63 0.0 0.0 0.0 0.0 0.0 0.0 0.0 0.0 0.0 0.0 0.0 0.0 0.0 0.0 0.0 0.0 0.0 0.0 0.0 0.0 0.0 
64 0.0 0.0 0.0 0.0 0.0 0.0 0.0 0.0 0.0 0.0 0.0 0.0 0.0 0.0 0.0 0.0 0.0 0.0 0.0 0.0 0.0 
65 0.0 0.0 0.0 0.0 0.0 0.0 0.0 0.0 0.0 0.0 0.0 0.0 0.0 0.0 0.0 0.0 0.0 0.0 0.0 0.0 0.0 
66 0.0 0.0 0.0 0.0 0.0 0.0 0.0 0.0 0.0 0.0 0.0 0.0 0.0 0.0 0.0 0.0 0.0 0.0 0.0 0.0 0.0 
67 0.0 0.0 0.0 0.0 0.0 0.0 0.0 0.0 0.0 0.0 0.0 0.0 0.0 0.0 0.0 0.0 0.0 0.0 0.0 0.0 0.0 
68 0.0 0.0 0.0 0.0 0.0 0.0 0.0 0.0 0.0 0.0 0.0 0.0 0.0 0.0 0.0 0.0 0.0 0.0 0.0 0.0 0.0 
69 0.0 0.0 0.0 0.0 0.0 0.0 0.0 0.0 0.0 0.0 0.0 0.0 0.0 0.0 0.0 0.0 0.0 0.0 0.0 0.0 0.0 
70 0.0 0.0 0.0 0.0 0.0 0.0 0.0 0.0 0.0 0.0 0.0 0.0 0.0 0.0 0.0 0.0 0.0 0.0 0.0 0.0 0.0 
71 0.0 0.0 0.0 0.0 0.0 0.0 0.0 0.0 0.0 0.0 0.0 0.0 0.0 0.0 0.0 0.0 0.0 0.0 0.0 0.0 0.0 
72 0.0 0.0 0.0 0.0 0.0 0.0 0.0 0.0 0.0 0.0 0.0 0.0 0.0 0.0 0.0 0.0 0.0 0.0 0.0 0.0 0.0 
73 0.0 0.0 0.0 0.0 0.0 0.0 0.0 0.0 0.0 0.0 0.0 0.0 0.0 0.0 0.0 0.0 0.0 0.0 0.0 0.0 0.0 
74 0.0 0.0 0.0 0.0 0.0 0.0 0.0 0.0 0.0 0.0 0.0 0.0 0.0 0.0 0.0 0.0 0.0 0.0 0.0 0.0 0.0 
75 0.0 0.0 0.0 0.0 0.0 0.0 0.0 0.0 0.0 0.0 0.0 0.0 0.0 0.0 0.0 0.0 0.0 0.0 0.0 0.0 0.0 
76 0.0 0.0 0.0 0.0 0.0 0.0 0.0 0.0 0.0 0.0 0.0 0.0 0.0 0.0 0.0 0.0 0.0 0.0 0.0 0.0 0.0 
77 0.0 0.0 0.0 0.0 0.0 0.0 0.0 0.0 0.0 0.0 0.0 0.0 0.0 0.0 0.0 0.0 0.0 0.0 0.0 0.0 0.0 
78 0.0 0.0 0.0 0.0 0.0 0.0 0.0 0.0 0.0 0.0 0.0 0.0 0.0 0.0 0.0 0.0 0.0 0.0 0.0 0.0 0.0 
79 0.0 0.0 0.0 0.0 0.0 0.0 0.0 0.0 0.0 0.0 0.0 0.0 0.0 0.0 0.0 0.0 0.0 0.0 0.0 0.0 0.0 
80 0.0 0.0 0.0 0.0 0.0 0.0 0.0 0.0 0.0 0.0 0.0 0.0 0.0 0.0 0.0 0.0 0.0 0.0 0.0 0.0 0.0 
81 0.0 0.0 0.0 0.0 0.0 0.0 0.0 0.0 0.0 0.0 0.0 0.0 0.0 0.0 0.0 0.0 0.0 0.0 0.0 0.0 0.0 
82 0.0 0.0 0.0 0.0 0.0 0.0 0.0 0.0 0.0 0.0 0.0 0.0 0.0 0.0 0.0 0.0 0.0 0.0 0.0 0.0 0.0 
83 0.0 0.0 0.0 0.0 0.0 0.0 0.0 0.0 0.0 0.0 0.0 0.0 0.0 0.0 0.0 0.0 0.0 0.0 0.0 0.0 0.0 
84 0.0 0.0 0.0 0.0 0.0 0.0 0.0 0.0 0.0 0.0 0.0 0.0 0.0 0.0 0.0 0.0 0.0 0.0 0.0 0.0 0.0 
85 0.0 0.0 0.0 0.0 0.0 0.0 0.0 0.0 0.0 0.0 0.0 0.0 0.0 0.0 0.0 0.0 0.0 0.0 0.0 0.0 0.0 
86 0.0 0.0 0.0 0.0 0.0 0.0 0.0 0.0 0.0 0.0 0.0 0.0 0.0 0.0 0.0 0.0 0.0 0.0 0.0 0.0 0.0 
87 0.0 0.0 0.0 0.0 0.0 0.0 0.0 0.0 0.0 0.0 0.0 0.0 0.0 0.0 0.0 0.0 0.0 0.0 0.0 0.0 0.0 
88 0.0 0.0 0.0 0.0 0.0 0.0 0.0 0.0 0.0 0.0 0.0 0.0 0.0 0.0 0.0 0.0 0.0 0.0 0.0 0.0 0.0 
89 0.0 0.0 0.0 0.0 0.0 0.0 0.0 0.0 0.0 0.0 0.0 0.0 0.0 0.0 0.0 0.0 0.0 0.0 0.0 0.0 0.0 
90 0.0 0.0 0.0 0.0 0.0 0.0 0.0 0.0 0.0 0.0 0.0 0.0 0.0 0.0 0.0 0.0 0.0 0.0 0.0 0.0 0.0 
91 0.0 0.0 0.0 0.0 0.0 0.0 0.0 0.0 0.0 0.0 0.0 0.0 0.0 0.0 0.0 0.0 0.0 0.0 0.0 0.0 0.0 
92 0.0 0.0 0.0 0.0 0.0 0.0 0.0 0.0 0.0 0.0 0.0 0.0 0.0 0.0 0.0 0.0 0.0 0.0 0.0 0.0 0.0 
93 0.0 0.0 0.0 0.0 0.0 0.0 0.0 0.0 0.0 0.0 0.0 0.0 0.0 0.0 0.0 0.0 0.0 0.0 0.0 0.0 0.0 
94 0.0 0.0 0.0 0.0 0.0 0.0 0.0 0.0 0.0 0.0 0.0 0.0 0.0 0.0 0.0 0.0 0.0 0.0 0.0 0.0 0.0 
95 0.0 0.0 0.0 0.0 0.0 0.0 0.0 0.0 0.0 0.0 0.0 0.0 0.0 0.0 0.0 0.0 0.0 0.0 0.0 0.0 0.0 
96 0.0 0.0 0.0 0.0 0.0 0.0 0.0 0.0 0.0 0.0 0.0 0.0 0.0 0.0 0.0 0.0 0.0 0.0 0.0 0.0 0.0 
97 0.0 0.0 0.0 0.0 0.0 0.0 0.0 0.0 0.0 0.0 0.0 0.0 0.0 0.0 0.0 0.0 0.0 0.0 0.0 0.0 0.0 
98 0.0 0.0 0.0 0.0 0.0 0.0 0.0 0.0 0.0 0.0 0.0 0.0 0.0 0.0 0.0 0.0 0.0 0.0 0.0 0.0 0.0 
99 0.0 0.0 0.0 0.0 0.0 0.0 0.0 0.0 0.0 0.0 0.0 0.0 0.0 0.0 0.0 0.0 0.0 0.0 0.0 0.0 0.0 
100 0.0 0.0 0.0 0.0 0.0 0.0 0.0 0.0 0.0 0.0 0.0 0.0 0.0 0.0 0.0 0.0 0.0 0.0 0.0 0.0 0.0 
101 0.0 0.0 0.0 0.0 0.0 0.0 0.0 0.0 0.0 0.0 0.0 0.0 0.0 0.0 0.0 0.0 0.0 0.0 0.0 0.0 0.0 
102 0.0 0.0 0.0 0.0 0.0 0.0 0.0 0.0 0.0 0.0 0.0 0.0 0.0 0.0 0.0 0.0 0.0 0.0 0.0 0.0 0.0 
103 0.0 0.0 0.0 0.0 0.0 0.0 0.0 0.0 0.0 0.0 0.0 0.0 0.0 0.0 0.0 0.0 0.0 0.0 0.0 0.0 0.0 
104 0.0 0.0 0.0 0.0 0.0 0.0 0.0 0.0 0.0 0.0 0.0 0.0 0.0 0.0 0.0 0.0 0.0 0.0 0.0 0.0 0.0 
105 0.0 0.0 0.0 0.0 0.0 0.0 0.0 0.0 0.0 0.0 0.0 0.0 0.0 0.0 0.0 0.0 0.0 0.0 0.0 0.0 0.0 
106 0.0 0.0 0.0 0.0 0.0 0.0 0.0 0.0 0.0 0.0 0.0 0.0 0.0 0.0 0.0 0.0 0.0 0.0 0.0 0.0 0.0 
107 0.0 0.0 0.0 0.0 0.0 0.0 0.0 0.0 0.0 0.0 0.0 0.0 0.0 0.0 0.0 0.0 0.0 0.0 0.0 0.0 0.0 
108 0.0 0.0 0.0 0.0 0.0 0.0 0.0 0.0 0.0 0.0 0.0 0.0 0.0 0.0 0.0 0.0 0.0 0.0 0.0 0.0 0.0 
109 0.0 0.0 0.0 0.0 0.0 0.0 0.0 0.0 0.0 0.0 0.0 0.0 0.0 0.0 0.0 0.0 0.0 0.0 0.0 0.0 0.0 
110 0.0 0.0 0.0 0.0 0.0 0.0 0.0 0.0 0.0 0.0 0.0 0.0 0.0 0.0 0.0 0.0 0.0 0.0 0.0 0.0 0.0 
111 0.0 0.0 0.0 0.0 0.0 0.0 0.0 0.0 0.0 0.0 0.0 0.0 0.0 0.0 0.0 0.0 0.0 0.0 0.0 0.0 0.0 
112 0.0 0.0 0.0 0.0 0.0 0.0 0.0 0.0 0.0 0.0 0.0 0.0 0.0 0.0 0.0 0.0 0.0 0.0 0.0 0.0 0.0 
113 0.0 0.0 0.0 0.0 0.0 0.0 0.0 0.0 0.0 0.0 0.0 0.0 0.0 0.0 0.0 0.0 0.0 0.0 0.0 0.0 0.0 
114 0.0 0.0 0.0 0.0 0.0 0.0 0.0 0.0 0.0 0.0 0.0 0.0 0.0 0.0 0.0 0.0 0.0 0.0 0.0 0.0 0.0 
115 0.0 0.0 0.0 0.0 0.0 0.0 0.0 0.0 0.0 0.0 0.0 0.0 0.0 0.0 0.0 0.0 0.0 0.0 0.0 0.0 0.0 
116 0.0 0.0 0.0 0.0 0.0 0.0 0.0 0.0 0.0 0.0 0.0 0.0 0.0 0.0 0.0 0.0 0.0 0.0 0.0 0.0 0.0 
117 0.0 0.0 0.0 0.0 0.0 0.0 0.0 0.0 0.0 0.0 0.0 0.0 0.0 0.0 0.0 0.0 0.0 0.0 0.0 0.0 0.0 
118 0.0 0.0 0.0 0.0 0.0 0.0 0.0 0.0 0.0 0.0 0.0 0.0 0.0 0.0 0.0 0.0 0.0 0.0 0.0 0.0 0.0 
119 0.0 0.0 0.0 0.0 0.0 0.0 0.0 0.0 0.0 0.0 0.0 0.0 0.0 0.0 0.0 0.0 0.0 0.0 0.0 0.0 0.0 
120 0.0 0.0 0.0 0.0 0.0 0.0 0.0 0.0 0.0 0.0 0.0 0.0 0.0 0.0 0.0 0.0 0.0 0.0 0.0 0.0 0.0 
121 0.0 0.0 0.0 0.0 0.0 0.0 0.0 0.0 0.0 0.0 0.0 0.0 0.0 0.0 0.0 0.0 0.0 0.0 0.0 0.0 0.0 
122 0.0 0.0 0.0 0.0 0.0 0.0 0.0 0.0 0.0 0.0 0.0 0.0 0.0 0.0 0.0 0.0 0.0 0.0 0.0 0.0 0.0 
123 0.0 0.0 0.0 0.0 0.0 0.0 0.0 0.0 0.0 0.0 0.0 0.0 0.0 0.0 0.0 0.0 0.0 0.0 0.0 0.0 0.0 
124 0.0 0.0 0.0 0.0 0.0 0.0 0.0 0.0 0.0 0.0 0.0 0.0 0.0 0.0 0.0 0.0 0.0 0.0 0.0 0.0 0.0 
125 0.0 0.0 0.0 0.0 0.0 0.0 0.0 0.0 0.0 0.0 0.0 0.0 0.0 0.0 0.0 0.0 0.0 0.0 0.0 0.0 0.0 
126 0.0 0.0 0.0 0.0 0.0 0.0 0.0 0.0 0.0 0.0 0.0 0.0 0.0 0.0 0.0 0.0 0.0 0.0 0.0 0.0 0.0 
127 0.0 0.0 0.0 0.0 0.0 0.0 0.0 0.0 0.0 0.0 0.0 0.0 0.0 0.0 0.0 0.0 0.0 0.0 0.0 0.0 0.0 
128 0.0 0.0 0.0 0.0 0.0 0.0 0.0 0.0 0.0 0.0 0.0 0.0 0.0 0.0 0.0 0.0 0.0 0.0 0.0 0.0 0.0 
129 0.0 0.0 0.0 0.0 0.0 0.0 0.0 0.0 0.0 0.0 0.0 0.0 0.0 0.0 0.0 0.0 0.0 0.0 0.0 0.0 0.0 
130 0.0 0.0 0.0 0.0 0.0 0.0 0.0 0.0 0.0 0.0 0.0 0.0 0.0 0.0 0.0 0.0 0.0 0.0 0.0 0.0 0.0 
131 0.0 0.0 0.0 0.0 0.0 0.0 0.0 0.0 0.0 0.0 0.0 0.0 0.0 0.0 0.0 0.0 0.0 0.0 0.0 0.0 0.0 
132 0.0 0.0 0.0 0.0 0.0 0.0 0.0 0.0 0.0 0.0 0.0 0.0 0.0 0.0 0.0 0.0 0.0 0.0 0.0 0.0 0.0 
133 0.0 0.0 0.0 0.0 0.0 0.0 0.0 0.0 0.0 0.0 0.0 0.0 0.0 0.0 0.0 0.0 0.0 0.0 0.0 0.0 0.0 
134 0.0 0.0 0.0 0.0 0.0 0.0 0.0 0.0 0.0 0.0 0.0 0.0 0.0 0.0 0.0 0.0 0.0 0.0 0.0 0.0 0.0 
135 0.0 0.0 0.0 0.0 0.0 0.0 0.0 0.0 0.0 0.0 0.0 0.0 0.0 0.0 0.0 0.0 0.0 0.0 0.0 0.0 0.0 
136 0.0 0.0 0.0 0.0 0.0 0.0 0.0 0.0 0.0 0.0 0.0 0.0 0.0 0.0 0.0 0.0 0.0 0.0 0.0 0.0 0.0 
137 0.0 0.0 0.0 0.0 0.0 0.0 0.0 0.0 0.0 0.0 0.0 0.0 0.0 0.0 0.0 0.0 0.0 0.0 0.0 0.0 0.0 
138 0.0 0.0 0.0 0.0 0.0 0.0 0.0 0.0 0.0 0.0 0.0 0.0 0.0 0.0 0.0 0.0 0.0 0.0 0.0 0.0 0.0 
139 0.0 0.0 0.0 0.0 0.0 0.0 0.0 0.0 0.0 0.0 0.0 0.0 0.0 0.0 0.0 0.0 0.0 0.0 0.0 0.0 0.0 
140 0.0 0.0 0.0 0.0 0.0 0.0 0.0 0.0 0.0 0.0 0.0 0.0 0.0 0.0 0.0 0.0 0.0 0.0 0.0 0.0 0.0 
141 0.0 0.0 0.0 0.0 0.0 0.0 0.0 0.0 0.0 0.0 0.0 0.0 0.0 0.0 0.0 0.0 0.0 0.0 0.0 0.0 0.0 
142 0.0 0.0 0.0 596.1 1483.3 2059.9 2532.9 2943.1 3305.2 3628.9 3926.7 4207.1 4473.9 4730.5 4970.0 5201.4 5422.9 5641.4 5846.9 6042.8 6235.1 
143 0.0 0.0 0.0 5293.7 11260.4 14806.7 17596.5 20006.2 22145.8 24062.8 25828.1 27470.9 29023.7 30503.0 31909.0 33233.4 34523.9 35764.0 36958.8 38102.6 39215.4 
144 0.0 0.0 0.0 7809.9 13585.4 16626.6 19030.5 21042.4 22808.2 24411.9 25887.0 27251.0 28555.8 29794.6 30949.1 32054.3 33141.5 34166.6 35134.3 36080.9 37010.2 
145 0.0 0.0 0.0 8904.0 12811.4 14565.5 15905.1 17026.9 18005.0 18893.6 19716.8 20486.1 21218.0 21897.8 22540.1 23159.5 23756.6 24329.4 24871.2 25402.8 25923.2 
146 0.0 0.0 0.0 9406.6 11650.6 12426.8 13019.4 13512.3 13930.8 14316.4 14673.6 15010.1 15317.0 15600.4 15877.5 16149.3 16409.3 16654.7 16892.0 17128.2 17355.8 
147 0.0 0.0 0.0 9612.5 10830.9 11119.4 11335.1 11512.3 11675.4 11817.6 11944.7 12066.9 12177.4 12286.6 12395.6 12491.4 12586.3 12678.1 12761.1 12839.8 12919.8 
148 0.0 0.0 0.0 9738.4 10441.1 10533.5 10606.4 10663.4 10715.0 10761.3 10805.3 10844.6 10880.0 10913.4 10945.1 10976.9 11006.9 11037.9 11063.2 11089.0 11116.1 
149 0.0 0.0 0.0 9808.6 10226.6 10255.9 10273.8 10288.1 10301.7 10315.0 10326.0 10336.6 10347.0 10354.9 10365.2 10372.8 10380.5 10389.1 10396.0 10404.4 10412.9 
150 0.0 0.0 0.0 9846.6 10132.2 10139.9 10144.0 10148.5 10152.8 10156.4 10159.1 10162.3 10164.7 10167.8 10169.7 10172.3 10174.0 10176.0 10179.0 10181.4 10182.7 
151 0.0 0.0 0.0 9899.2 10121.2 10123.0 10124.4 10125.4 10126.3 10126.9 10128.0 10128.1 10128.7 10129.6 10130.0 10130.6 10131.1 10131.4 10131.8 10132.3 10132.8 
152 0.0 0.0 0.0 9891.3 10075.9 10076.3 10076.7 10077.0 10077.3 10077.5 10077.9 10077.9 10078.0 10078.1 10078.1 10078.1 10078.1 10078.1 10078.1 10078.2 10078.3 
153 0.0 0.0 0.0 9870.9 10029.2 10029.2 10029.2 10029.2 10029.2 10029.2 10029.2 10029.2 10029.2 10029.2 10029.3 10029.4 10029.4 10029.4 10029.4 10029.4 10029.4 
154 0.0 0.0 0.0 9874.9 10043.1 10043.1 10043.1 10043.1 10043.1 10043.1 10043.1 10043.1 10043.1 10043.1 10043.1 10043.1 10043.1 10043.1 10043.1 10043.1 10043.1 
155 0.0 0.0 0.0 9840.8 10010.4 10010.4 10010.4 10010.4 10010.4 10010.4 10010.4 10010.4 10010.4 10010.4 10010.4 10010.4 10010.4 10010.4 10010.4 10010.4 10010.4 
156 0.0 0.0 0.0 9841.4 10031.0 10031.0 10031.0 10031.0 10031.0 10031.0 10031.0 10031.0 10031.0 10031.0 10031.0 10031.0 10031.0 10031.0 10031.0 10031.0 10031.0 
157 0.0 0.0 0.0 9796.7 10026.7 10026.7 10026.7 10026.7 10026.7 10026.7 10026.7 10026.7 10026.7 10026.7 10026.7 10026.7 10026.7 10026.7 10026.7 10026.7 10026.7 
158 0.0 0.0 0.0 9754.8 10030.3 10030.3 10030.3 10030.3 10030.3 10030.3 10030.3 10030.3 10030.3 10030.3 10030.3 10030.3 10030.3 10030.3 10030.3 10030.3 10030.3 
159 0.0 0.0 0.0 9632.3 10003.6 10003.6 10003.6 10003.6 10003.6 10003.6 10003.6 10003.6 10003.6 10003.6 10003.6 10003.6 10003.6 10003.6 10003.6 10003.6 10003.6 
160 0.0 0.0 0.0 9448.7 9983.4 9983.4 9983.4 9983.4 9983.4 9983.4 9983.4 9983.4 9983.4 9983.4 9983.4 9983.4 9983.4 9983.4 9983.4 9983.4 9983.4 
161 0.0 0.0 0.0 9208.7 10029.6 10029.6 10029.6 10029.6 10029.6 10029.6 10029.6 10029.6 10029.6 10029.6 10029.6 10029.6 10029.6 10029.6 10029.6 10029.6 10029.6 
162 0.0 0.0 0.0 8662.3 9997.5 9997.5 9997.5 9997.5 9997.5 9997.5 9997.5 9997.5 9997.5 9997.5 9997.5 9997.5 9997.5 9997.5 9997.5 9997.5 9997.5 
163 0.0 0.0 0.0 7726.6 10043.6 10043.6 10043.6 10043.6 10043.6 10043.6 10043.6 10043.6 10043.6 10043.6 10043.6 10043.6 10043.6 10043.6 10043.6 10043.6 10043.6 
164 0.0 0.0 0.0 5789.0 10007.5 10007.7 10007.7 10007.7 10007.7 10007.7 10007.7 10007.7 10007.7 10007.7 10007.7 10007.7 10007.7 10007.7 10007.7 10007.7 10007.7 
165 0.0 0.0 0.0 2509.3 10083.8 10085.8 10085.9 10085.9 10085.9 10085.9 10085.9 10085.9 10085.9 10085.9 10085.9 10085.9 10085.9 10085.9 10085.9 10085.9 10085.9 
166 0.0 0.0 0.0 1166.9 10981.8 11003.0 11003.2 11003.2 11003.2 11003.2 11003.2 11003.2 11003.2 11003.2 11003.2 11003.2 11003.2 11003.2 11003.2 11003.2 11003.2 
167 0.0 0.0 0.0 527.2 18464.6 18682.2 18685.1 18685.1 18685.1 18685.1 18685.1 18685.1 18685.1 18685.1 18685.1 18685.1 18685.1 18685.1 18685.1 18685.1 18685.1 
168 0.0 0.0 0.0 6.4 1986.9 2027.7 2028.4 2028.4 2028.4 2028.4 2028.4 2028.4 2028.4 2028.4 2028.4 2028.4 2028.4 2028.4 2028.4 2028.4 2028.4 
169 0.0 0.0 0.0 0.0 6342.7 6470.7 6472.1 6472.1 6472.1 6472.1 6472.1 6472.1 6472.1 6472.1 6472.1 6472.1 6472.1 6472.1 6472.1 6472.1 6472.1 
170 0.0 0.0 0.0 0.0 9134.9 9308.6 9310.4 9310.4 9310.4 9310.4 9310.4 9310.4 9310.4 9310.4 9310.4 9310.4 9310.4 9310.4 9310.4 9310.4 9310.4 
171 0.0 0.0 0.0 0.0 10234.4 10376.7 10378.9 10379.0 10379.0 10379.0 10379.0 10379.0 10379.0 10379.0 10379.0 10379.0 10379.0 10379.0 10379.0 10379.0 10379.0 
172 0.0 0.0 0.0 0.0 10445.6 10537.9 10538.1 10538.1 10538.1 10538.1 10538.1 10538.1 10538.1 10538.1 10538.1 10538.1 10538.1 10538.1 10538.1 10538.1 10538.1 
173 0.0 0.0 0.0 0.0 10359.1 10404.3 10405.1 10405.1 10405.1 10405.1 10405.1 10405.1 10405.1 10405.1 10405.1 10405.1 10405.1 10405.1 10405.1 10405.1 10405.1 
174 0.0 0.0 0.0 0.0 10329.8 10351.9 10352.2 10352.3 10352.3 10352.3 10352.3 10352.3 10352.3 10352.3 10352.3 10352.3 10352.3 10352.3 10352.3 10352.3 10352.3 
175 0.0 0.0 0.0 0.0 10173.3 10181.3 10181.4 10181.5 10181.5 10181.5 10181.5 10181.5 10181.5 10181.5 10181.5 10181.5 10181.5 10181.5 10181.5 10181.5 10181.5 
176 0.0 0.0 0.0 0.0 10084.1 10087.8 10087.8 10087.8 10087.8 10087.8 10087.8 10087.8 10087.8 10087.8 10087.8 10087.8 10087.8 10087.8 10087.8 10087.8 10087.8 
177 0.0 0.0 0.0 0.0 10126.5 10128.0 10128.0 10128.0 10128.0 10128.0 10128.0 10128.0 10128.0 10128.0 10128.0 10128.0 10128.0 10128.0 10128.0 10128.0 10128.0 
178 0.0 0.0 0.0 0.0 10103.2 10103.7 10103.7 10103.7 10103.7 10103.7 10103.7 10103.7 10103.7 10103.7 10103.7 10103.7 10103.7 10103.7 10103.7 10103.7 10103.7 
179 0.0 0.0 0.0 0.0 10023.2 10023.4 10023.4 10023.4 10023.4 10023.4 10023.4 10023.4 10023.4 10023.4 10023.4 10023.4 10023.4 10023.4 10023.4 10023.4 10023.4 
180 0.0 0.0 0.0 0.0 10014.4 10014.5 10014.5 10014.5 10014.5 10014.5 10014.5 10014.5 10014.5 10014.5 10014.5 10014.5 10014.5 10014.5 10014.5 10014.5 10014.5 
181 0.0 0.0 0.0 0.0 10020.4 10020.4 10020.4 10020.4 10020.4 10020.4 10020.4 10020.4 10020.4 10020.4 10020.4 10020.4 10020.4 10020.4 10020.4 10020.4 10020.4 
182 0.0 0.0 0.0 0.0 10015.4 10015.4 10015.4 10015.4 10015.4 10015.4 10015.4 10015.4 10015.4 10015.4 10015.4 10015.4 10015.4 10015.4 10015.4 10015.4 10015.4 
183 0.0 0.0 0.0 0.0 10047.2 10047.2 10047.2 10047.2 10047.2 10047.2 10047.2 10047.2 10047.2 10047.2 10047.2 10047.2 10047.2 10047.2 10047.2 10047.2 10047.2 
184 0.0 0.0 0.0 0.0 10019.4 10019.9 10019.9 10019.9 10019.9 10019.9 10019.9 10019.9 10019.9 10019.9 10019.9 10019.9 10019.9 10019.9 10019.9 10019.9 10019.9 
185 0.0 0.0 0.0 0.0 10007.0 10012.3 10012.7 10012.7 10012.7 10012.7 10012.7 10012.7 10012.7 10012.7 10012.7 10012.7 10012.7 10012.7 10012.7 10012.7 10012.7 
186 0.0 0.0 0.0 0.0 10127.7 10159.3 10160.1 10160.1 10160.1 10160.1 10160.1 10160.1 10160.1 10160.1 10160.1 10160.1 10160.1 10160.1 10160.1 10160.1 10160.1 
187 0.0 0.0 0.0 0.0 11001.1 11254.9 11264.1 11264.4 11264.4 11264.4 11264.4 11264.4 11264.4 11264.4 11264.4 11264.4 11264.4 11264.4 11264.4 11264.4 11264.4 
188 0.0 0.0 0.0 0.0 18668.5 20618.3 20680.9 20682.6 20682.6 20682.6 20682.6 20682.6 20682.6 20682.6 20682.6 20682.6 20682.6 20682.6 20682.6 20682.6 20682.6 
189 0.0 0.0 0.0 0.0 385.8 454.4 458.4 458.6 458.6 458.6 458.6 458.6 458.6 458.6 458.6 458.6 458.6 458.6 458.6 458.6 458.6 
190 0.0 0.0 0.0 0.0 4439.0 5307.0 5335.5 5336.1 5336.1 5336.1 5336.1 5336.1 5336.1 5336.1 5336.1 5336.1 5336.1 5336.1 5336.1 5336.1 5336.1 
191 0.0 0.0 0.0 0.0 7577.1 8927.7 8970.0 8971.4 8971.5 8971.5 8971.5 8971.5 8971.5 8971.5 8971.5 8971.5 8971.5 8971.5 8971.5 8971.5 8971.5 
192 0.0 0.0 0.0 0.0 9122.8 10427.0 10463.5 10464.7 10464.7 10464.7 10464.7 10464.7 10464.7 10464.7 10464.7 10464.7 10464.7 10464.7 10464.7 10464.7 10464.7 
193 0.0 0.0 0.0 0.0 9757.3 10716.8 10739.9 10740.9 10740.9 10740.9 10740.9 10740.9 10740.9 10740.9 10740.9 10740.9 10740.9 10740.9 10740.9 10740.9 10740.9 
194 0.0 0.0 0.0 0.0 10000.7 10622.3 10634.9 10635.2 10635.2 10635.2 10635.2 10635.2 10635.2 10635.2 10635.2 10635.2 10635.2 10635.2 10635.2 10635.2 10635.2 
195 0.0 0.0 0.0 0.0 10034.9 10399.0 10404.0 10404.1 10404.1 10404.1 10404.1 10404.1 10404.1 10404.1 10404.1 10404.1 10404.1 10404.1 10404.1 10404.1 10404.1 
196 0.0 0.0 0.0 0.0 10050.9 10258.2 10260.2 10260.2 10260.2 10260.2 10260.2 10260.2 10260.2 10260.2 10260.2 10260.2 10260.2 10260.2 10260.2 10260.2 10260.2 
197 0.0 0.0 0.0 0.0 10004.8 10125.6 10126.7 10126.7 10126.7 10126.7 10126.7 10126.7 10126.7 10126.7 10126.7 10126.7 10126.7 10126.7 10126.7 10126.7 10126.7 
198 0.0 0.0 0.0 0.0 10030.9 10103.6 10103.9 10103.9 10103.9 10103.9 10103.9 10103.9 10103.9 10103.9 10103.9 10103.9 10103.9 10103.9 10103.9 10103.9 10103.9 
199 0.0 0.0 0.0 0.0 10082.6 10130.7 10130.8 10130.8 10130.8 10130.8 10130.8 10130.8 10130.8 10130.8 10130.8 10130.8 10130.8 10130.8 10130.8 10130.8 10130.8 
200 0.0 0.0 0.0 0.0 10036.8 10070.5 10070.5 10070.5 10070.5 10070.5 10070.5 10070.5 10070.5 10070.5 10070.5 10070.5 10070.5 10070.5 10070.5 10070.5 10070.5 
201 0.0 0.0 0.0 0.0 10006.3 10034.1 10034.1 10034.1 10034.1 10034.1 10034.1 10034.1 10034.1 10034.1 10034.1 10034.1 10034.1 10034.1 10034.1 10034.1 10034.1 
202 0.0 0.0 0.0 0.0 9998.4 10017.9 10018.0 10018.0 10018.0 10018.0 10018.0 10018.0 10018.0 10018.0 10018.0 10018.0 10018.0 10018.0 10018.0 10018.0 10018.0 
203 0.0 0.0 0.0 0.0 9987.5 10009.9 10009.9 10009.9 10009.9 10009.9 10009.9 10009.9 10009.9 10009.9 10009.9 10009.9 10009.9 10009.9 10009.9 10009.9 10009.9 
204 0.0 0.0 0.0 0.0 10002.7 10038.8 10039.1 10039.1 10039.1 10039.1 10039.1 10039.1 10039.1 10039.1 10039.1 10039.1 10039.1 10039.1 10039.1 10039.1 10039.1 
205 0.0 0.0 0.0 0.0 10099.0 10228.7 10230.4 10230.4 10230.4 10230.4 10230.4 10230.4 10230.4 10230.4 10230.4 10230.4 10230.4 10230.4 10230.4 10230.4 10230.4 
206 0.0 0.0 0.0 0.0 10547.4 11239.8 11252.2 11252.6 11252.6 11252.6 11252.6 11252.6 11252.6 11252.6 11252.6 11252.6 11252.6 11252.6 11252.6 11252.6 11252.6 
207 0.0 0.0 0.0 0.0 13617.1 17923.5 18003.7 18004.8 18004.9 18004.9 18004.9 18004.9 18004.9 18004.9 18004.9 18004.9 18004.9 18004.9 18004.9 18004.9 18004.9 
208 0.0 0.0 0.0 0.0 1418.0 2366.8 2384.8 2385.2 2385.2 2385.2 2385.2 2385.2 2385.2 2385.2 2385.2 2385.2 2385.2 2385.2 2385.2 2385.2 2385.2 
209 0.0 0.0 0.0 0.0 3588.7 6523.5 6574.8 6575.6 6575.6 6575.6 6575.6 6575.6 6575.6 6575.6 6575.6 6575.6 6575.6 6575.6 6575.6 6575.6 6575.6 
210 0.0 0.0 0.0 0.0 4985.1 9131.8 9200.3 9201.3 9201.4 9201.4 9201.4 9201.4 9201.4 9201.4 9201.4 9201.4 9201.4 9201.4 9201.4 9201.4 9201.4 
211 0.0 0.0 0.0 0.0 5844.2 10258.9 10313.6 10314.9 10314.9 10314.9 10314.9 10314.9 10314.9 10314.9 10314.9 10314.9 10314.9 10314.9 10314.9 10314.9 10314.9 
212 0.0 0.0 0.0 0.0 6343.3 10495.4 10534.8 10535.4 10535.4 10535.4 10535.4 10535.4 10535.4 10535.4 10535.4 10535.4 10535.4 10535.4 10535.4 10535.4 10535.4 
213 0.0 0.0 0.0 0.0 6613.4 10441.9 10461.0 10461.4 10461.4 10461.4 10461.4 10461.4 10461.4 10461.4 10461.4 10461.4 10461.4 10461.4 10461.4 10461.4 10461.4 
214 0.0 0.0 0.0 0.0 6702.0 10297.0 10306.1 10306.4 10306.4 10306.4 10306.4 10306.4 10306.4 10306.4 10306.4 10306.4 10306.4 10306.4 10306.4 10306.4 10306.4 
215 0.0 0.0 0.0 0.0 6590.8 10191.4 10194.5 10194.6 10194.6 10194.6 10194.6 10194.6 10194.6 10194.6 10194.6 10194.6 10194.6 10194.6 10194.6 10194.6 10194.6 
216 0.0 0.0 0.0 0.0 6352.2 10126.2 10127.4 10127.5 10127.5 10127.5 10127.5 10127.5 10127.5 10127.5 10127.5 10127.5 10127.5 10127.5 10127.5 10127.5 10127.5 
217 0.0 0.0 0.0 0.0 5877.6 10136.6 10137.2 10137.2 10137.2 10137.2 10137.2 10137.2 10137.2 10137.2 10137.2 10137.2 10137.2 10137.2 10137.2 10137.2 10137.2 
218 0.0 0.0 0.0 0.0 5073.8 10103.7 10104.1 10104.1 10104.1 10104.1 10104.1 10104.1 10104.1 10104.1 10104.1 10104.1 10104.1 10104.1 10104.1 10104.1 10104.1 
219 0.0 0.0 0.0 0.0 3836.7 10012.7 10013.1 10013.1 10013.1 10013.1 10013.1 10013.1 10013.1 10013.1 10013.1 10013.1 10013.1 10013.1 10013.1 10013.1 10013.1 
220 0.0 0.0 0.0 0.0 2142.6 10061.8 10063.7 10063.7 10063.7 10063.7 10063.7 10063.7 10063.7 10063.7 10063.7 10063.7 10063.7 10063.7 10063.7 10063.7 10063.7 
221 0.0 0.0 0.0 0.0 895.2 10255.6 10266.3 10266.4 10266.5 10266.5 10266.5 10266.5 10266.5 10266.5 10266.5 10266.5 10266.5 10266.5 10266.5 10266.5 10266.5 
222 0.0 0.0 0.0 0.0 238.6 11270.2 11329.9 11331.7 11331.7 11331.7 11331.7 11331.7 11331.7 11331.7 11331.7 11331.7 11331.7 11331.7 11331.7 11331.7 11331.7 
223 0.0 0.0 0.0 0.0 0.0 17538.3 17849.6 17854.4 17854.8 17854.8 17854.8 17854.8 17854.8 17854.8 17854.8 17854.8 17854.8 17854.8 17854.8 17854.8 17854.8 
224 0.0 0.0 0.0 0.0 0.0 2359.9 2431.5 2432.2 2432.3 2432.3 2432.3 2432.3 2432.3 2432.3 2432.3 2432.3 2432.3 2432.3 2432.3 2432.3 2432.3 
225 0.0 0.0 0.0 0.0 0.0 6339.0 6540.2 6544.1 6544.4 6544.4 6544.4 6544.4 6544.4 6544.4 6544.4 6544.4 6544.4 6544.4 6544.4 6544.4 6544.4 
226 0.0 0.0 0.0 0.0 0.0 8976.5 9227.2 9232.1 9232.3 9232.3 9232.3 9232.3 9232.3 9232.3 9232.3 9232.3 9232.3 9232.3 9232.3 9232.3 9232.3 
227 0.0 0.0 0.0 0.0 0.0 10068.6 10290.8 10294.2 10294.4 10294.4 10294.4 10294.4 10294.4 10294.4 10294.4 10294.4 10294.4 10294.4 10294.4 10294.4 10294.4 
228 0.0 0.0 0.0 0.0 0.0 10416.4 10571.8 10574.8 10574.8 10574.8 10574.8 10574.8 10574.8 10574.8 10574.8 10574.8 10574.8 10574.8 10574.8 10574.8 10574.8 
229 0.0 0.0 0.0 0.0 0.0 10343.8 10432.0 10433.2 10433.3 10433.3 10433.3 10433.3 10433.3 10433.3 10433.3 10433.3 10433.3 10433.3 10433.3 10433.3 10433.3 
230 0.0 0.0 0.0 0.0 0.0 10279.5 10323.8 10324.4 10324.4 10324.4 10324.4 10324.4 10324.4 10324.4 10324.4 10324.4 10324.4 10324.4 10324.4 10324.4 10324.4 
231 0.0 0.0 0.0 0.0 0.0 10182.8 10202.2 10202.6 10202.6 10202.6 10202.6 10202.6 10202.6 10202.6 10202.6 10202.6 10202.6 10202.6 10202.6 10202.6 10202.6 
232 0.0 0.0 0.0 0.0 0.0 10110.1 10119.1 10119.2 10119.2 10119.2 10119.2 10119.2 10119.2 10119.2 10119.2 10119.2 10119.2 10119.2 10119.2 10119.2 10119.2 
233 0.0 0.0 0.0 0.0 0.0 10134.5 10141.4 10141.6 10141.6 10141.6 10141.6 10141.6 10141.6 10141.6 10141.6 10141.6 10141.6 10141.6 10141.6 10141.6 10141.6 
234 0.0 0.0 0.0 0.0 0.0 10158.4 10170.1 10170.5 10170.5 10170.5 10170.5 10170.5 10170.5 10170.5 10170.5 10170.5 10170.5 10170.5 10170.5 10170.5 10170.5 
235 0.0 0.0 0.0 0.0 0.0 10254.4 10298.9 10299.8 10299.8 10299.8 10299.8 10299.8 10299.8 10299.8 10299.8 10299.8 10299.8 10299.8 10299.8 10299.8 10299.8 
236 0.0 0.0 0.0 0.0 0.0 11354.3 11559.2 11564.1 11564.2 11564.2 11564.2 11564.2 11564.2 11564.2 11564.2 11564.2 11564.2 11564.2 11564.2 11564.2 11564.2 
237 0.0 0.0 0.0 0.0 0.0 16804.6 17756.6 17779.7 17780.1 17780.1 17780.1 17780.1 17780.1 17780.1 17780.1 17780.1 17780.1 17780.1 17780.1 17780.1 17780.1 
238 0.0 0.0 0.0 0.0 0.0 2014.5 2207.0 2210.8 2210.8 2210.8 2210.8 2210.8 2210.8 2210.8 2210.8 2210.8 2210.8 2210.8 2210.8 2210.8 2210.8 
239 0.0 0.0 0.0 0.0 0.0 5839.6 6423.5 6438.1 6438.7 6438.7 6438.7 6438.7 6438.7 6438.7 6438.7 6438.7 6438.7 6438.7 6438.7 6438.7 6438.7 
240 0.0 0.0 0.0 0.0 0.0 8399.3 9199.8 9217.2 9217.5 9217.5 9217.5 9217.5 9217.5 9217.5 9217.5 9217.5 9217.5 9217.5 9217.5 9217.5 9217.5 
241 0.0 0.0 0.0 0.0 0.0 9578.2 10316.2 10334.0 10334.2 10334.2 10334.2 10334.2 10334.2 10334.2 10334.2 10334.2 10334.2 10334.2 10334.2 10334.2 10334.2 
242 0.0 0.0 0.0 0.0 0.0 10005.6 10535.4 10546.4 10546.5 10546.5 10546.5 10546.5 10546.5 10546.5 10546.5 10546.5 10546.5 10546.5 10546.5 10546.5 10546.5 
243 0.0 0.0 0.0 0.0 0.0 10175.1 10521.9 10527.5 10527.8 10527.8 10527.8 10527.8 10527.8 10527.8 10527.8 10527.8 10527.8 10527.8 10527.8 10527.8 10527.8 
244 0.0 0.0 0.0 0.0 0.0 10124.8 10323.9 10327.0 10327.3 10327.3 10327.3 10327.3 10327.3 10327.3 10327.3 10327.3 10327.3 10327.3 10327.3 10327.3 10327.3 
245 0.0 0.0 0.0 0.0 0.0 10108.7 10236.8 10238.7 10238.9 10238.9 10238.9 10238.9 10238.9 10238.9 10238.9 10238.9 10238.9 10238.9 10238.9 10238.9 10238.9 
246 0.0 0.0 0.0 0.0 0.0 10158.6 10265.6 10268.4 10268.5 10268.5 10268.5 10268.5 10268.5 10268.5 10268.5 10268.5 10268.5 10268.5 10268.5 10268.5 10268.5 
247 0.0 0.0 0.0 0.0 0.0 10229.6 10464.2 10474.8 10475.2 10475.2 10475.2 10475.2 10475.2 10475.2 10475.2 10475.2 10475.2 10475.2 10475.2 10475.2 10475.2 
248 0.0 0.0 0.0 0.0 0.0 11264.8 12089.6 12131.1 12133.8 12133.9 12133.9 12133.9 12133.9 12133.9 12133.9 12133.9 12133.9 12133.9 12133.9 12133.9 12133.9 
249 0.0 0.0 0.0 0.0 0.0 15857.9 19221.5 19384.7 19394.0 19394.4 19394.4 19394.4 19394.4 19394.4 19394.4 19394.4 19394.4 19394.4 19394.4 19394.4 19394.4 
250 0.0 0.0 0.0 0.0 0.0 373.8 510.5 517.2 517.4 517.4 517.4 517.4 517.4 517.4 517.4 517.4 517.4 517.4 517.4 517.4 517.4 
251 0.0 0.0 0.0 0.0 0.0 3776.2 5261.3 5327.3 5329.8 5330.2 5330.2 5330.2 5330.2 5330.2 5330.2 5330.2 5330.2 5330.2 5330.2 5330.2 5330.2 
252 0.0 0.0 0.0 0.0 0.0 6413.5 8790.5 8896.2 8902.0 8902.2 8902.2 8902.2 8902.2 8902.2 8902.2 8902.2 8902.2 8902.2 8902.2 8902.2 8902.2 
253 0.0 0.0 0.0 0.0 0.0 7923.8 10391.4 10490.4 10494.4 10495.0 10495.0 10495.0 10495.0 10495.0 10495.0 10495.0 10495.0 10495.0 10495.0 10495.0 10495.0 
254 0.0 0.0 0.0 0.0 0.0 8683.3 10720.2 10790.1 10794.5 10794.6 10794.6 10794.6 10794.6 10794.6 10794.6 10794.6 10794.6 10794.6 10794.6 10794.6 10794.6 
255 0.0 0.0 0.0 0.0 0.0 9132.9 10664.5 10706.1 10707.8 10708.0 10708.0 10708.0 10708.0 10708.0 10708.0 10708.0 10708.0 10708.0 10708.0 10708.0 10708.0 
256 0.0 0.0 0.0 0.0 0.0 9324.8 10400.5 10419.8 10420.9 10420.9 10420.9 10420.9 10420.9 10420.9 10420.9 10420.9 10420.9 10420.9 10420.9 10420.9 10420.9 
257 0.0 0.0 0.0 0.0 0.0 9531.2 10326.3 10335.0 10335.2 10335.2 10335.2 10335.2 10335.2 10335.2 10335.2 10335.2 10335.2 10335.2 10335.2 10335.2 10335.2 
258 0.0 0.0 0.0 0.0 0.0 9605.8 10258.1 10263.8 10264.0 10264.0 10264.0 10264.0 10264.0 10264.0 10264.0 10264.0 10264.0 10264.0 10264.0 10264.0 10264.0 
259 0.0 0.0 0.0 0.0 0.0 9750.2 10508.2 10519.6 10519.9 10519.9 10519.9 10519.9 10519.9 10519.9 10519.9 10519.9 10519.9 10519.9 10519.9 10519.9 10519.9 
260 0.0 0.0 0.0 0.0 0.0 10129.0 11599.3 11629.7 11630.5 11630.6 11630.6 11630.6 11630.6 11630.6 11630.6 11630.6 11630.6 11630.6 11630.6 11630.6 11630.6 
261 0.0 0.0 0.0 0.0 0.0 11983.8 16578.5 16688.1 16690.1 16690.1 16690.1 16690.1 16690.1 16690.1 16690.1 16690.1 16690.1 16690.1 16690.1 16690.1 16690.1 
262 0.0 0.0 0.0 0.0 0.0 1709.8 2955.2 2984.7 2986.0 2986.0 2986.0 2986.0 2986.0 2986.0 2986.0 2986.0 2986.0 2986.0 2986.0 2986.0 2986.0 
263 0.0 0.0 0.0 0.0 0.0 3621.6 6804.3 6875.8 6877.3 6877.3 6877.3 6877.3 6877.3 6877.3 6877.3 6877.3 6877.3 6877.3 6877.3 6877.3 6877.3 
264 0.0 0.0 0.0 0.0 0.0 4864.4 9267.6 9353.0 9355.7 9355.8 9355.8 9355.8 9355.8 9355.8 9355.8 9355.8 9355.8 9355.8 9355.8 9355.8 9355.8 
265 0.0 0.0 0.0 0.0 0.0 5602.1 10216.4 10296.4 10298.1 10298.1 10298.1 10298.1 10298.1 10298.1 10298.1 10298.1 10298.1 10298.1 10298.1 10298.1 10298.1 
266 0.0 0.0 0.0 0.0 0.0 6076.2 10463.0 10516.2 10517.1 10517.2 10517.2 10517.2 10517.2 10517.2 10517.2 10517.2 10517.2 10517.2 10517.2 10517.2 10517.2 
267 0.0 0.0 0.0 0.0 0.0 6285.7 10429.4 10462.7 10463.4 10463.5 10463.5 10463.5 10463.5 10463.5 10463.5 10463.5 10463.5 10463.5 10463.5 10463.5 10463.5 
268 0.0 0.0 0.0 0.0 0.0 6318.1 10382.5 10409.7 10410.2 10410.2 10410.2 10410.2 10410.2 10410.2 10410.2 10410.2 10410.2 10410.2 10410.2 10410.2 10410.2 
269 0.0 0.0 0.0 0.0 0.0 6178.1 10600.9 10634.4 10635.2 10635.2 10635.2 10635.2 10635.2 10635.2 10635.2 10635.2 10635.2 10635.2 10635.2 10635.2 10635.2 
270 0.0 0.0 0.0 0.0 0.0 5888.4 11639.7 11728.3 11731.0 11731.1 11731.1 11731.1 11731.1 11731.1 11731.1 11731.1 11731.1 11731.1 11731.1 11731.1 11731.1 
271 0.0 0.0 0.0 0.0 0.0 5408.8 16624.6 16921.9 16929.3 16929.3 16929.4 16929.4 16929.4 16929.4 16929.4 16929.4 16929.4 16929.4 16929.4 16929.4 16929.4 
272 0.0 0.0 0.0 0.0 0.0 398.3 2600.1 2669.9 2672.0 2672.2 2672.2 2672.2 2672.2 2672.2 2672.2 2672.2 2672.2 2672.2 2672.2 2672.2 2672.2 
273 0.0 0.0 0.0 0.0 0.0 594.0 6510.5 6709.8 6715.1 6715.2 6715.2 6715.2 6715.2 6715.2 6715.2 6715.2 6715.2 6715.2 6715.2 6715.2 6715.2 
274 0.0 0.0 0.0 0.0 0.0 466.5 9032.9 9275.7 9281.0 9281.1 9281.1 9281.1 9281.1 9281.1 9281.1 9281.1 9281.1 9281.1 9281.1 9281.1 9281.1 
275 0.0 0.0 0.0 0.0 0.0 217.5 10168.9 10383.0 10388.9 10389.0 10389.0 10389.0 10389.0 10389.0 10389.0 10389.0 10389.0 10389.0 10389.0 10389.0 10389.0 
276 0.0 0.0 0.0 0.0 0.0 16.1 10470.7 10628.6 10632.1 10632.3 10632.3 10632.3 10632.3 10632.3 10632.3 10632.3 10632.3 10632.3 10632.3 10632.3 10632.3 
277 0.0 0.0 0.0 0.0 0.0 0.0 10514.6 10635.1 10639.9 10639.9 10639.9 10639.9 10639.9 10639.9 10639.9 10639.9 10639.9 10639.9 10639.9 10639.9 10639.9 
278 0.0 0.0 0.0 0.0 0.0 0.0 10682.6 10813.6 10818.2 10818.2 10818.2 10818.2 10818.2 10818.2 10818.2 10818.2 10818.2 10818.2 10818.2 10818.2 10818.2 
279 0.0 0.0 0.0 0.0 0.0 0.0 11760.7 12020.5 12030.4 12030.4 12030.4 12030.4 12030.4 12030.4 12030.4 12030.4 12030.4 12030.4 12030.4 12030.4 12030.4 
280 0.0 0.0 0.0 0.0 0.0 0.0 16418.6 17168.5 17196.5 17197.5 17197.5 17197.5 17197.5 17197.5 17197.5 17197.5 17197.5 17197.5 17197.5 17197.5 17197.5 
281 0.0 0.0 0.0 0.0 0.0 0.0 2000.3 2132.3 2138.0 2138.5 2138.5 2138.5 2138.5 2138.5 2138.5 2138.5 2138.5 2138.5 2138.5 2138.5 2138.5 
282 0.0 0.0 0.0 0.0 0.0 0.0 5974.8 6401.4 6421.9 6422.6 6422.6 6422.6 6422.6 6422.6 6422.6 6422.6 6422.6 6422.6 6422.6 6422.6 6422.6 
283 0.0 0.0 0.0 0.0 0.0 0.0 8654.5 9232.2 9255.7 9256.3 9256.3 9256.3 9256.3 9256.3 9256.3 9256.3 9256.3 9256.3 9256.3 9256.3 9256.3 
284 0.0 0.0 0.0 0.0 0.0 0.0 9866.2 10418.2 10438.9 10439.9 10439.9 10439.9 10439.9 10439.9 10439.9 10439.9 10439.9 10439.9 10439.9 10439.9 10439.9 
285 0.0 0.0 0.0 0.0 0.0 0.0 10448.8 10931.3 10951.5 10952.1 10952.1 10952.1 10952.1 10952.1 10952.1 10952.1 10952.1 10952.1 10952.1 10952.1 10952.1 
286 0.0 0.0 0.0 0.0 0.0 0.0 10778.4 11260.4 11283.3 11284.4 11284.4 11284.5 11284.5 11284.5 11284.5 11284.5 11284.5 11284.5 11284.5 11284.5 11284.5 
287 0.0 0.0 0.0 0.0 0.0 0.0 11806.9 12589.4 12636.9 12640.0 12640.2 12640.2 12640.2 12640.2 12640.2 12640.2 12640.2 12640.2 12640.2 12640.2 12640.2 
288 0.0 0.0 0.0 0.0 0.0 0.0 16295.9 18244.4 18378.7 18387.0 18387.3 18387.3 18387.3 18387.3 18387.3 18387.3 18387.3 18387.3 18387.3 18387.3 18387.3 
289 0.0 0.0 0.0 0.0 0.0 0.0 577.0 673.4 680.6 681.2 681.3 681.3 681.3 681.3 681.3 681.3 681.3 681.3 681.3 681.3 681.3 
290 0.0 0.0 0.0 0.0 0.0 0.0 4648.2 5510.8 5566.3 5570.4 5570.7 5570.7 5570.7 5570.7 5570.7 5570.7 5570.7 5570.7 5570.7 5570.7 5570.7 
291 0.0 0.0 0.0 0.0 0.0 0.0 7708.2 9015.4 9102.0 9107.0 9107.1 9107.1 9107.1 9107.1 9107.1 9107.1 9107.1 9107.1 9107.1 9107.1 9107.1 
292 0.0 0.0 0.0 0.0 0.0 0.0 9267.6 10601.4 10682.8 10688.6 10688.9 10689.0 10689.0 10689.0 10689.0 10689.0 10689.0 10689.0 10689.0 10689.0 10689.0 
293 0.0 0.0 0.0 0.0 0.0 0.0 9950.3 11030.5 11093.9 11097.4 11097.5 11097.6 11097.6 11097.6 11097.6 11097.6 11097.6 11097.6 11097.6 11097.6 11097.6 
294 0.0 0.0 0.0 0.0 0.0 0.0 10364.0 11312.8 11366.0 11369.7 11369.8 11369.8 11369.8 11369.8 11369.8 11369.8 11369.8 11369.8 11369.8 11369.8 11369.8 
295 0.0 0.0 0.0 0.0 0.0 0.0 11228.1 12426.7 12495.3 12499.3 12499.4 12499.4 12499.4 12499.4 12499.4 12499.4 12499.4 12499.4 12499.4 12499.4 12499.4 
296 0.0 0.0 0.0 0.0 0.0 0.0 14533.6 17158.1 17295.8 17304.5 17305.2 17305.3 17305.3 17305.3 17305.3 17305.3 17305.3 17305.3 17305.3 17305.3 17305.3 
297 0.0 0.0 0.0 0.0 0.0 0.0 1426.7 1795.9 1814.3 1815.5 1815.6 1815.6 1815.6 1815.6 1815.6 1815.6 1815.6 1815.6 1815.6 1815.6 1815.6 
298 0.0 0.0 0.0 0.0 0.0 0.0 4917.5 6286.2 6363.0 6366.8 6367.3 6367.3 6367.3 6367.3 6367.3 6367.3 6367.3 6367.3 6367.3 6367.3 6367.3 
299 0.0 0.0 0.0 0.0 0.0 0.0 7330.7 9255.1 9354.6 9360.7 9361.3 9361.4 9361.4 9361.4 9361.4 9361.4 9361.4 9361.4 9361.4 9361.4 9361.4 
300 0.0 0.0 0.0 0.0 0.0 0.0 8676.1 10665.1 10775.9 10781.4 10781.6 10781.6 10781.6 10781.6 10781.6 10781.6 10781.6 10781.6 10781.6 10781.6 10781.6 
301 0.0 0.0 0.0 0.0 0.0 0.0 9466.8 11354.8 11461.5 11466.8 11467.2 11467.2 11467.2 11467.2 11467.2 11467.2 11467.2 11467.2 11467.2 11467.2 11467.2 
302 0.0 0.0 0.0 0.0 0.0 0.0 10312.9 12628.4 12763.2 12770.7 12771.1 12771.1 12771.2 12771.2 12771.2 12771.2 12771.2 12771.2 12771.2 12771.2 12771.2 
303 0.0 0.0 0.0 0.0 0.0 0.0 12841.8 17183.7 17462.6 17481.2 17482.2 17482.4 17482.4 17482.4 17482.4 17482.4 17482.4 17482.4 17482.4 17482.4 17482.4 
304 0.0 0.0 0.0 0.0 0.0 0.0 955.0 1413.4 1443.6 1445.4 1445.5 1445.5 1445.5 1445.5 1445.5 1445.5 1445.5 1445.5 1445.5 1445.5 1445.5 
305 0.0 0.0 0.0 0.0 0.0 0.0 3967.0 6080.1 6214.9 6221.7 6222.3 6222.3 6222.3 6222.3 6222.3 6222.3 6222.3 6222.3 6222.3 6222.3 6222.3 
306 0.0 0.0 0.0 0.0 0.0 0.0 6123.4 9196.0 9377.1 9387.3 9388.0 9388.0 9388.0 9388.0 9388.0 9388.0 9388.0 9388.0 9388.0 9388.0 9388.0 
307 0.0 0.0 0.0 0.0 0.0 0.0 7418.6 10629.7 10819.4 10828.0 10828.6 10828.7 10828.7 10828.7 10828.7 10828.7 10828.7 10828.7 10828.7 10828.7 10828.7 
308 0.0 0.0 0.0 0.0 0.0 0.0 8222.5 11293.7 11457.0 11467.5 11467.7 11467.8 11467.8 11467.8 11467.8 11467.8 11467.8 11467.8 11467.8 11467.8 11467.8 
309 0.0 0.0 0.0 0.0 0.0 0.0 8887.2 12316.2 12481.4 12490.9 12491.2 12491.2 12491.2 12491.2 12491.2 12491.2 12491.2 12491.2 12491.2 12491.2 12491.2 
310 0.0 0.0 0.0 0.0 0.0 0.0 10336.1 15857.3 16134.5 16148.5 16149.6 16149.6 16149.6 16149.6 16149.6 16149.6 16149.6 16149.6 16149.6 16149.6 16149.6 
311 0.0 0.0 0.0 0.0 0.0 0.0 1656.1 2933.2 3001.1 3004.5 3004.7 3004.7 3004.7 3004.7 3004.7 3004.7 3004.7 3004.7 3004.7 3004.7 3004.7 
312 0.0 0.0 0.0 0.0 0.0 0.0 3709.2 6950.3 7125.3 7132.7 7133.8 7134.0 7134.0 7134.0 7134.0 7134.0 7134.0 7134.0 7134.0 7134.0 7134.0 
313 0.0 0.0 0.0 0.0 0.0 0.0 5146.3 9549.9 9776.7 9788.2 9788.6 9788.7 9788.7 9788.7 9788.7 9788.7 9788.7 9788.7 9788.7 9788.7 9788.7 
314 0.0 0.0 0.0 0.0 0.0 0.0 6027.8 10889.2 11140.2 11153.0 11153.6 11153.6 11153.6 11153.6 11153.6 11153.6 11153.6 11153.6 11153.6 11153.6 11153.6 
315 0.0 0.0 0.0 0.0 0.0 0.0 6618.0 12211.8 12500.3 12517.1 12518.2 12518.3 12518.3 12518.3 12518.3 12518.3 12518.3 12518.3 12518.3 12518.3 12518.3 
316 0.0 0.0 0.0 0.0 0.0 0.0 7403.2 15875.4 16382.4 16411.0 16413.0 16413.1 16413.1 16413.1 16413.1 16413.1 16413.1 16413.1 16413.1 16413.1 16413.1 
317 0.0 0.0 0.0 0.0 0.0 0.0 937.5 2600.5 2700.3 2705.8 2706.2 2706.2 2706.2 2706.2 2706.2 2706.2 2706.2 2706.2 2706.2 2706.2 2706.2 
318 0.0 0.0 0.0 0.0 0.0 0.0 2193.9 6760.2 7033.6 7048.5 7049.4 7049.4 7049.4 7049.4 7049.4 7049.4 7049.4 7049.4 7049.4 7049.4 7049.4 
319 0.0 0.0 0.0 0.0 0.0 0.0 3005.6 9400.0 9770.5 9789.5 9790.4 9790.4 9790.4 9790.4 9790.4 9790.4 9790.4 9790.4 9790.4 9790.4 9790.4 
320 0.0 0.0 0.0 0.0 0.0 0.0 3404.9 10801.4 11184.5 11206.7 11207.6 11207.6 11207.6 11207.6 11207.6 11207.6 11207.6 11207.6 11207.6 11207.6 11207.6 
321 0.0 0.0 0.0 0.0 0.0 0.0 3513.9 11996.6 12406.2 12430.2 12431.9 12432.0 12432.0 12432.0 12432.0 12432.0 12432.0 12432.0 12432.0 12432.0 12432.0 
322 0.0 0.0 0.0 0.0 0.0 0.0 3154.1 14905.3 15523.2 15557.2 15559.0 15559.3 15559.3 15559.3 15559.3 15559.3 15559.3 15559.3 15559.3 15559.3 15559.3 
323 0.0 0.0 0.0 0.0 0.0 0.0 456.4 3574.5 3765.1 3777.3 3778.3 3778.5 3778.5 3778.5 3778.5 3778.5 3778.5 3778.5 3778.5 3778.5 3778.5 
324 0.0 0.0 0.0 0.0 0.0 0.0 566.8 7324.8 7732.5 7759.3 7760.6 7760.8 7760.8 7760.8 7760.8 7760.8 7760.8 7760.8 7760.8 7760.8 7760.8 
325 0.0 0.0 0.0 0.0 0.0 0.0 409.1 9828.7 10401.6 10441.0 10444.4 10444.4 10444.5 10444.5 10444.5 10444.5 10444.5 10444.5 10444.5 10444.5 10444.5 
326 0.0 0.0 0.0 0.0 0.0 0.0 158.3 11595.0 12354.0 12408.4 12412.7 12413.2 12413.2 12413.2 12413.2 12413.2 12413.2 12413.2 12413.2 12413.2 12413.2 
327 0.0 0.0 0.0 0.0 0.0 0.0 53.9 14865.6 16034.4 16125.1 16133.0 16133.1 16133.1 16133.1 16133.1 16133.1 16133.1 16133.1 16133.1 16133.1 16133.1 
328 0.0 0.0 0.0 0.0 0.0 0.0 0.0 2647.3 2898.2 2917.9 2919.4 2919.6 2919.6 2919.6 2919.6 2919.6 2919.6 2919.6 2919.6 2919.6 2919.6 
329 0.0 0.0 0.0 0.0 0.0 0.0 0.0 6650.2 7334.1 7389.3 7393.6 7394.2 7394.2 7394.2 7394.2 7394.2 7394.2 7394.2 7394.2 7394.2 7394.2 
330 0.0 0.0 0.0 0.0 0.0 0.0 0.0 9408.2 10357.6 10440.9 10447.0 10447.5 10447.5 10447.5 10447.5 10447.5 10447.5 10447.5 10447.5 10447.5 10447.5 
331 0.0 0.0 0.0 0.0 0.0 0.0 0.0 11301.0 12514.5 12612.0 12620.6 12621.0 12621.1 12621.2 12621.2 12621.2 12621.2 12621.2 12621.2 12621.2 12621.2 
332 0.0 0.0 0.0 0.0 0.0 0.0 0.0 14316.0 16073.2 16219.1 16231.7 16232.5 16232.6 16232.6 16232.6 16232.6 16232.6 16232.6 16232.6 16232.6 16232.6 
333 0.0 0.0 0.0 0.0 0.0 0.0 0.0 2738.6 3128.3 3163.9 3166.0 3166.3 3166.3 3166.3 3166.3 3166.3 3166.3 3166.3 3166.3 3166.3 3166.3 
334 0.0 0.0 0.0 0.0 0.0 0.0 0.0 6701.5 7701.5 7789.4 7797.4 7797.8 7797.8 7797.8 7797.8 7797.8 7797.8 7797.8 7797.8 7797.8 7797.8 
335 0.0 0.0 0.0 0.0 0.0 0.0 0.0 9512.4 10888.4 11001.3 11010.0 11011.1 11011.4 11011.4 11011.4 11011.4 11011.4 11011.4 11011.4 11011.4 11011.4 
336 0.0 0.0 0.0 0.0 0.0 0.0 0.0 12242.7 13933.4 14075.4 14086.9 14087.3 14087.5 14087.5 14087.5 14087.5 14087.5 14087.5 14087.5 14087.5 14087.5 
337 0.0 0.0 0.0 0.0 0.0 0.0 0.0 8101.3 10441.5 10642.2 10659.9 10661.2 10661.3 10661.3 10661.3 10661.3 10661.3 10661.3 10661.3 10661.3 10661.3 
338 0.0 0.0 0.0 0.0 0.0 0.0 0.0 4130.7 4880.5 4945.2 4951.7 4952.5 4952.5 4952.5 4952.5 4952.5 4952.5 4952.5 4952.5 4952.5 4952.5 
339 0.0 0.0 0.0 0.0 0.0 0.0 0.0 7499.0 9022.0 9163.3 9178.1 9180.0 9180.3 9180.3 9180.3 9180.3 9180.3 9180.3 9180.3 9180.3 9180.3 
340 0.0 0.0 0.0 0.0 0.0 0.0 0.0 9885.2 12084.0 12311.0 12335.7 12338.9 12339.4 12339.5 12339.5 12339.5 12339.5 12339.5 12339.5 12339.5 12339.5 
341 0.0 0.0 0.0 0.0 0.0 0.0 0.0 12603.5 15846.8 16213.7 16254.8 16260.6 16261.0 16261.1 16261.1 16261.1 16261.1 16261.1 16261.1 16261.1 16261.1 
342 0.0 0.0 0.0 0.0 0.0 0.0 0.0 2377.3 3087.6 3174.3 3184.7 3186.2 3186.3 3186.3 3186.3 3186.3 3186.3 3186.3 3186.3 3186.3 3186.3 
343 0.0 0.0 0.0 0.0 0.0 0.0 0.0 6001.5 7953.9 8197.7 8229.3 8233.5 8234.3 8234.4 8234.4 8234.4 8234.4 8234.4 8234.4 8234.4 8234.4 
344 0.0 0.0 0.0 0.0 0.0 0.0 0.0 8665.5 11623.3 12023.0 12077.6 12086.5 12087.4 12087.4 12087.4 12087.4 12087.4 12087.4 12087.4 12087.4 12087.4 
345 0.0 0.0 0.0 0.0 0.0 0.0 0.0 11431.4 15733.9 16332.5 16415.1 16427.1 16428.5 16428.7 16428.7 16428.7 16428.7 16428.7 16428.7 16428.7 16428.7 
346 0.0 0.0 0.0 0.0 0.0 0.0 0.0 1812.5 2589.9 2704.6 2721.4 2723.5 2723.7 2723.8 2723.8 2723.8 2723.8 2723.8 2723.8 2723.8 2723.8 
347 0.0 0.0 0.0 0.0 0.0 0.0 0.0 5290.2 7705.9 8054.0 8105.1 8113.4 8115.2 8115.5 8115.6 8115.6 8115.6 8115.6 8115.6 8115.6 8115.6 
348 0.0 0.0 0.0 0.0 0.0 0.0 0.0 7824.9 11447.9 11972.2 12043.5 12052.6 12054.7 12054.9 12054.9 12055.0 12055.0 12055.0 12055.0 12055.0 12055.0 
349 0.0 0.0 0.0 0.0 0.0 0.0 0.0 10198.7 15322.2 16080.9 16193.0 16208.5 16211.6 16212.0 16212.0 16212.0 16212.0 16212.0 16212.0 16212.0 16212.0 
350 0.0 0.0 0.0 0.0 0.0 0.0 0.0 1936.8 3018.4 3178.2 3203.2 3206.6 3207.7 3207.9 3208.0 3208.0 3208.0 3208.0 3208.0 3208.0 3208.0 
351 0.0 0.0 0.0 0.0 0.0 0.0 0.0 5019.8 7905.1 8330.4 8404.1 8416.2 8418.3 8418.6 8418.8 8418.8 8418.8 8418.8 8418.8 8418.8 8418.8 
352 0.0 0.0 0.0 0.0 0.0 0.0 0.0 7132.5 11298.3 11945.5 12056.9 12079.5 12083.0 12083.5 12083.8 12083.8 12083.8 12083.8 12083.8 12083.8 12083.8 
353 0.0 0.0 0.0 0.0 0.0 0.0 0.0 9081.1 14928.5 15882.0 16060.9 16095.9 16104.0 16106.3 16106.5 16106.6 16106.6 16106.6 16106.6 16106.6 16106.6 
354 0.0 0.0 0.0 0.0 0.0 0.0 0.0 2534.1 4432.5 4765.7 4834.2 4846.0 4848.6 4849.3 4849.4 4849.4 4849.5 4849.5 4849.5 4849.5 4849.5 
355 0.0 0.0 0.0 0.0 0.0 0.0 0.0 5079.2 9405.6 10229.0 10400.0 10437.0 10444.2 10445.5 10445.9 10446.1 10446.1 10446.1 10446.1 10446.1 10446.1 
356 0.0 0.0 0.0 0.0 0.0 0.0 0.0 7231.1 14538.3 16066.8 16393.2 16463.7 16478.3 16482.0 16483.3 16483.4 16483.4 16483.4 16483.4 16483.4 16483.4 
357 0.0 0.0 0.0 0.0 0.0 0.0 0.0 1047.6 2320.7 2598.9 2658.4 2671.1 2674.8 2675.4 2675.4 2675.4 2675.4 2675.4 2675.4 2675.4 2675.4 
358 0.0 0.0 0.0 0.0 0.0 0.0 0.0 3482.9 8212.1 9318.7 9560.4 9614.9 9629.0 9632.4 9633.4 9633.5 9633.5 9633.5 9633.5 9633.5 9633.5 
359 0.0 0.0 0.0 0.0 0.0 0.0 0.0 5445.3 13801.8 15790.1 16255.8 16357.6 16382.4 16387.6 16389.3 16389.8 16389.9 16389.9 16389.9 16389.9 16389.9 
360 0.0 0.0 0.0 0.0 0.0 0.0 0.0 144.0 400.0 461.9 475.5 478.4 479.6 479.6 479.6 479.6 479.6 479.6 479.6 479.6 479.6 
361 0.0 0.0 0.0 0.0 0.0 0.0 0.0 2274.7 6465.3 7419.6 7642.3 7691.5 7702.5 7704.9 7705.8 7705.9 7705.9 7705.9 7705.9 7705.9 7705.9 
362 0.0 0.0 0.0 0.0 0.0 0.0 0.0 3795.9 10628.9 12148.1 12498.6 12582.2 12602.4 12606.9 12608.4 12608.7 12608.8 12608.8 12608.8 12608.8 12608.8 
363 0.0 0.0 0.0 0.0 0.0 0.0 0.0 4859.7 14087.9 16031.1 16492.8 16608.2 16636.8 16645.0 16647.0 16647.7 16647.7 16647.8 16647.9 16647.9 16647.9 
364 0.0 0.0 0.0 0.0 0.0 0.0 0.0 1433.5 4574.8 5227.0 5386.6 5428.6 5440.0 5443.3 5444.2 5444.3 5444.4 5444.4 5444.4 5444.4 5444.4 
365 0.0 0.0 0.0 0.0 0.0 0.0 0.0 2629.4 9109.9 10534.9 10884.1 10982.4 11007.5 11016.5 11018.0 11018.6 11018.8 11018.9 11018.9 11018.9 11018.9 
366 0.0 0.0 0.0 0.0 0.0 0.0 0.0 3337.2 13458.8 15837.0 16494.0 16677.0 16729.7 16743.7 16747.9 16749.0 16749.2 16749.2 16749.2 16749.2 16749.2 
367 0.0 0.0 0.0 0.0 0.0 0.0 0.0 959.0 4882.1 5922.0 6214.0 6298.5 6321.4 6330.1 6333.2 6333.8 6334.1 6334.1 6334.1 6334.1 6334.1 
368 0.0 0.0 0.0 0.0 0.0 0.0 0.0 1649.9 10827.2 13482.0 14246.4 14471.1 14536.8 14557.0 14563.4 14565.1 14565.4 14565.6 14565.9 14565.9 14566.0 
369 0.0 0.0 0.0 0.0 0.0 0.0 0.0 27.1 247.3 312.7 333.1 338.9 340.7 341.3 341.5 341.5 341.5 341.5 341.5 341.5 341.5 
370 0.0 0.0 0.0 0.0 0.0 0.0 0.0 506.1 6416.2 8272.6 8819.1 8985.5 9036.6 9053.6 9059.2 9061.0 9061.7 9061.8 9061.8 9061.9 9061.9 
371 0.0 0.0 0.0 0.0 0.0 0.0 0.0 581.0 11663.7 15121.2 16169.7 16482.5 16585.8 16614.1 16622.9 16626.4 16628.0 16628.7 16629.1 16629.1 16629.1 
372 0.0 0.0 0.0 0.0 0.0 0.0 0.0 37.2 1855.4 2440.0 2615.3 2667.0 2684.1 2689.7 2691.2 2692.1 2692.4 2692.5 2692.5 2692.5 2692.5 
373 0.0 0.0 0.0 0.0 0.0 0.0 0.0 48.6 7234.6 9503.8 10207.8 10420.8 10487.8 10508.4 10517.1 10519.5 10520.7 10520.8 10520.8 10520.8 10520.8 
374 0.0 0.0 0.0 0.0 0.0 0.0 0.0 31.3 11775.7 15584.1 16776.6 17161.4 17279.5 17321.7 17336.0 17340.0 17342.1 17342.8 17343.0 17343.3 17343.4 
375 0.0 0.0 0.0 0.0 0.0 0.0 0.0 0.0 3834.4 5176.0 5593.4 5725.3 5767.0 5783.0 5788.6 5790.9 5791.6 5791.9 5792.1 5792.3 5792.3 
376 0.0 0.0 0.0 0.0 0.0 0.0 0.0 0.0 9221.5 12603.0 13675.9 14024.4 14146.4 14190.1 14204.9 14210.9 14213.7 14215.4 14215.6 14215.8 14215.9 
377 0.0 0.0 0.0 0.0 0.0 0.0 0.0 0.0 1203.8 1675.6 1815.0 1865.3 1884.5 1889.7 1891.3 1892.2 1892.6 1892.6 1892.8 1892.8 1892.8 
378 0.0 0.0 0.0 0.0 0.0 0.0 0.0 0.0 6371.5 8897.9 9700.9 9981.4 10083.5 10119.3 10134.5 10139.7 10141.7 10142.2 10142.8 10143.1 10143.1 
379 0.0 0.0 0.0 0.0 0.0 0.0 0.0 0.0 10484.6 14793.7 16246.9 16779.6 16977.0 17058.7 17087.4 17100.0 17105.6 17107.4 17108.2 17108.9 17109.0 
380 0.0 0.0 0.0 0.0 0.0 0.0 0.0 0.0 4081.2 5886.3 6528.1 6766.9 6857.3 6893.5 6907.0 6915.2 6918.6 6920.2 6920.4 6920.6 6920.8 
381 0.0 0.0 0.0 0.0 0.0 0.0 0.0 0.0 8851.7 13102.0 14660.2 15252.2 15496.1 15595.9 15638.6 15655.6 15663.1 15666.9 15668.7 15669.1 15669.3 
382 0.0 0.0 0.0 0.0 0.0 0.0 0.0 0.0 2738.3 4211.0 4773.1 4999.3 5090.4 5132.3 5150.0 5157.5 5161.1 5162.1 5162.6 5162.9 5162.9 
383 0.0 0.0 0.0 0.0 0.0 0.0 0.0 0.0 7637.5 12172.2 14009.4 14774.1 15093.8 15236.4 15292.9 15321.9 15333.8 15338.1 15340.0 15341.1 15341.7 
384 0.0 0.0 0.0 0.0 0.0 0.0 0.0 0.0 1758.3 2940.8 3439.5 3644.6 3727.7 3764.1 3784.2 3791.8 3795.4 3796.8 3797.1 3797.3 3797.4 
385 0.0 0.0 0.0 0.0 0.0 0.0 0.0 0.0 6740.5 11650.9 13768.8 14675.5 15067.9 15239.8 15318.5 15355.1 15370.6 15377.9 15381.0 15382.4 15383.3 
386 0.0 0.0 0.0 0.0 0.0 0.0 0.0 0.0 1168.5 2119.4 2535.6 2719.8 2793.0 2827.3 2842.7 2849.4 2852.4 2853.9 2854.4 2854.8 2855.0 
387 0.0 0.0 0.0 0.0 0.0 0.0 0.0 0.0 6028.2 11053.8 13346.6 14374.5 14827.5 15030.2 15117.5 15155.6 15173.3 15182.6 15186.6 15188.3 15189.2 
388 0.0 0.0 0.0 0.0 0.0 0.0 0.0 0.0 1022.5 1918.7 2321.7 2510.6 2598.9 2635.3 2651.7 2659.9 2664.2 2665.3 2665.9 2666.1 2666.5 
389 0.0 0.0 0.0 0.0 0.0 0.0 0.0 0.0 5525.1 10744.5 13117.0 14218.7 14705.1 14928.8 15027.6 15071.0 15090.3 15098.8 15103.5 15105.2 15106.1 
390 0.0 0.0 0.0 0.0 0.0 0.0 0.0 0.0 1199.1 2355.0 2897.5 3141.2 3257.0 3303.3 3327.8 3336.6 3340.0 3342.6 3343.2 3343.4 3343.6 
391 0.0 0.0 0.0 0.0 0.0 0.0 0.0 0.0 5330.1 10704.0 13151.5 14240.3 14745.6 14971.3 15073.5 15119.3 15141.6 15151.8 15157.1 15158.7 15159.4 
392 0.0 0.0 0.0 0.0 0.0 0.0 0.0 0.0 1598.4 3260.2 4003.4 4346.2 4506.9 4577.0 4610.3 4624.6 4631.8 4635.5 4636.7 4638.1 4638.5 
393 0.0 0.0 0.0 0.0 0.0 0.0 0.0 0.0 5336.4 10958.2 13493.8 14638.5 15158.0 15390.4 15502.7 15554.6 15579.7 15589.7 15594.8 15597.1 15598.8 
394 0.0 0.0 0.0 0.0 0.0 0.0 0.0 0.0 2172.9 4624.1 5719.9 6211.4 6432.2 6541.7 6590.1 6614.3 6625.1 6630.1 6633.4 6635.6 6636.2 
395 0.0 0.0 0.0 0.0 0.0 0.0 0.0 0.0 5419.4 11930.2 14788.0 16073.1 16676.6 16963.8 17090.8 17156.8 17192.2 17206.1 17212.0 17215.4 17217.3 
396 0.0 0.0 0.0 0.0 0.0 0.0 0.0 0.0 2882.4 6702.4 8392.6 9181.6 9556.4 9731.4 9815.7 9858.8 9879.4 9890.0 9895.3 9897.2 9898.7 
397 0.0 0.0 0.0 0.0 0.0 0.0 0.0 0.0 553.7 1376.9 1752.8 1922.2 2003.7 2040.9 2059.9 2069.9 2072.4 2074.5 2075.3 2075.8 2076.0 
398 0.0 0.0 0.0 0.0 0.0 0.0 0.0 0.0 3592.0 9151.2 11713.2 12914.6 13504.7 13793.6 13939.3 14014.5 14050.0 14067.4 14077.5 14082.6 14084.5 
399 0.0 0.0 0.0 0.0 0.0 0.0 0.0 0.0 1608.0 4265.3 5508.2 6101.0 6391.7 6536.6 6609.3 6646.9 6665.4 6675.8 6679.9 6682.5 6684.0 
400 0.0 0.0 0.0 0.0 0.0 0.0 0.0 0.0 3919.7 11246.9 14768.9 16496.0 17363.5 17800.3 18014.6 18133.0 18189.4 18218.5 18233.0 18240.9 18244.4 
401 0.0 0.0 0.0 0.0 0.0 0.0 0.0 0.0 2492.7 7598.3 10162.3 11463.7 12114.3 12436.6 12606.0 12692.0 12736.3 12761.3 12773.7 12779.9 12783.7 
402 0.0 0.0 0.0 0.0 0.0 0.0 0.0 0.0 1125.8 3942.2 5407.7 6144.7 6529.1 6720.7 6821.7 6873.9 6899.5 6913.8 6919.9 6923.7 6926.2 
403 0.0 0.0 0.0 0.0 0.0 0.0 0.0 0.0 19.1 83.8 113.8 131.6 139.6 143.5 145.7 146.9 147.6 147.8 148.0 148.0 148.0 
404 0.0 0.0 0.0 0.0 0.0 0.0 0.0 0.0 1996.8 8255.1 11570.2 13327.3 14238.4 14719.3 14962.9 15089.5 15152.9 15185.4 15204.5 15215.4 15220.4 
405 0.0 0.0 0.0 0.0 0.0 0.0 0.0 0.0 1065.0 4793.3 6809.1 7873.9 8426.6 8711.6 8857.9 8936.1 8976.9 8995.7 9006.7 9014.3 9017.7 
406 0.0 0.0 0.0 0.0 0.0 0.0 0.0 0.0 341.8 1778.2 2558.4 2965.1 3178.5 3290.4 3353.2 3384.3 3400.6 3410.0 3415.7 3417.6 3419.8 
407 0.0 0.0 0.0 0.0 0.0 0.0 0.0 0.0 1556.7 8964.7 12931.5 15019.1 16102.7 16686.5 16980.4 17141.4 17224.5 17271.4 17294.2 17307.8 17315.8 
408 0.0 0.0 0.0 0.0 0.0 0.0 0.0 0.0 968.9 6523.6 9503.7 11070.5 11875.5 12306.4 12535.4 12653.4 12717.7 12754.4 12773.7 12783.0 12789.4 
409 0.0 0.0 0.0 0.0 0.0 0.0 0.0 0.0 518.4 4596.0 6810.2 7970.2 8572.0 8894.4 9064.2 9150.6 9200.1 9228.6 9243.9 9252.5 9256.5 
410 0.0 0.0 0.0 0.0 0.0 0.0 0.0 0.0 235.5 2853.6 4260.7 4999.9 5383.5 5586.9 5691.0 5750.2 5781.4 5800.3 5810.3 5816.7 5821.5 
411 0.0 0.0 0.0 0.0 0.0 0.0 0.0 0.0 70.1 1206.5 1817.2 2125.7 2295.2 2387.8 2435.9 2464.5 2479.2 2486.8 2490.7 2494.0 2496.1 
412 0.0 0.0 0.0 0.0 0.0 0.0 0.0 0.0 170.6 7690.8 11646.9 13672.9 14743.8 15304.4 15628.8 15807.9 15909.3 15972.5 16008.4 16032.4 16048.2 
413 0.0 0.0 0.0 0.0 0.0 0.0 0.0 0.0 66.1 6366.7 9601.5 11276.5 12186.3 12669.3 12940.0 13099.4 13190.5 13246.1 13282.8 13305.7 13320.1 
414 0.0 0.0 0.0 0.0 0.0 0.0 0.0 0.0 22.0 5401.0 8269.2 9765.2 10587.6 11036.5 11289.7 11441.2 11535.7 11593.0 11628.8 11652.1 11669.8 
415 0.0 0.0 0.0 0.0 0.0 0.0 0.0 0.0 0.0 4724.8 7360.6 8757.2 9522.9 9967.4 10222.4 10380.5 10474.0 10534.3 10575.0 10601.2 10621.9 
416 0.0 0.0 0.0 0.0 0.0 0.0 0.0 0.0 0.0 4300.1 6845.3 8199.7 8959.7 9393.9 9655.8 9818.3 9925.0 9994.3 10040.1 10067.3 10086.5 
417 0.0 0.0 0.0 0.0 0.0 0.0 0.0 0.0 0.0 3889.4 6399.3 7769.7 8552.2 9021.3 9300.0 9469.5 9585.3 9664.0 9717.2 9753.0 9779.5 
418 0.0 0.0 0.0 0.0 0.0 0.0 0.0 0.0 0.0 3734.6 6263.4 7699.1 8540.6 9058.3 9364.5 9568.0 9702.1 9793.8 9857.8 9901.6 9931.7 
419 0.0 0.0 0.0 0.0 0.0 0.0 0.0 0.0 0.0 3761.9 6455.9 7999.4 8933.2 9503.6 9880.7 10125.0 10285.4 10401.0 10478.2 10534.9 10574.6 
420 0.0 0.0 0.0 0.0 0.0 0.0 0.0 0.0 0.0 3848.9 6805.9 8565.3 9683.6 10380.1 10847.3 11158.7 11374.0 11529.8 11634.3 11709.2 11763.4 
421 0.0 0.0 0.0 0.0 0.0 0.0 0.0 0.0 0.0 4108.0 7562.1 9693.0 11057.3 11952.2 12548.5 12954.6 13233.7 13427.5 13577.0 13679.9 13755.0 
422 0.0 0.0 0.0 0.0 0.0 0.0 0.0 0.0 0.0 4561.8 8762.8 11448.5 13232.1 14431.7 15238.9 15807.6 16200.1 16474.6 16675.0 16818.9 16929.5 
423 0.0 0.0 0.0 0.0 0.0 0.0 0.0 0.0 0.0 279.0 563.2 757.2 894.2 980.1 1040.4 1084.0 1111.9 1135.3 1150.0 1160.9 1167.0 
424 0.0 0.0 0.0 0.0 0.0 0.0 0.0 0.0 0.0 1162.9 2444.1 3312.0 3895.3 4314.4 4615.2 4815.4 4960.3 5058.3 5136.8 5192.4 5230.7 
425 0.0 0.0 0.0 0.0 0.0 0.0 0.0 0.0 0.0 2042.6 4476.7 6160.5 7350.0 8191.2 8770.3 9190.3 9486.1 9707.3 9871.7 9990.2 10076.0 
426 0.0 0.0 0.0 0.0 0.0 0.0 0.0 0.0 0.0 2933.3 6639.1 9316.3 11217.1 12583.8 13559.6 14257.9 14752.4 15120.1 15386.2 15580.2 15727.1 
427 0.0 0.0 0.0 0.0 0.0 0.0 0.0 0.0 0.0 107.2 255.0 359.3 437.9 494.0 537.6 566.6 587.9 600.9 613.0 620.3 626.7 
428 0.0 0.0 0.0 0.0 0.0 0.0 0.0 0.0 0.0 1295.7 3157.6 4534.4 5541.1 6279.7 6808.5 7197.0 7477.6 7687.4 7838.9 7955.3 8041.6 
429 0.0 0.0 0.0 0.0 0.0 0.0 0.0 0.0 0.0 2415.7 6086.1 8796.6 10797.0 12286.5 13376.6 14153.3 14745.2 15173.3 15510.2 15753.9 15938.7 
430 0.0 0.0 0.0 0.0 0.0 0.0 0.0 0.0 0.0 529.9 1424.4 2088.4 2578.8 2957.4 3225.6 3433.8 3584.5 3698.3 3785.5 3851.6 3900.6 
431 0.0 0.0 0.0 0.0 0.0 0.0 0.0 0.0 0.0 1764.2 4875.5 7221.3 8989.8 10303.6 11268.3 12000.1 12550.9 12959.3 13270.1 13505.3 13696.1 
432 0.0 0.0 0.0 0.0 0.0 0.0 0.0 0.0 0.0 475.3 1354.1 2017.5 2514.8 2880.9 3162.8 3378.2 3533.9 3649.9 3739.0 3805.1 3860.9 
433 0.0 0.0 0.0 0.0 0.0 0.0 0.0 0.0 0.0 1650.9 5113.7 7733.0 9705.5 11203.0 12323.3 13161.6 13811.0 14313.0 14700.5 14991.6 15219.1 
434 0.0 0.0 0.0 0.0 0.0 0.0 0.0 0.0 0.0 779.9 2587.6 3959.2 5001.9 5787.8 6380.0 6847.5 7189.7 7458.7 7674.3 7836.5 7969.6 
435 0.0 0.0 0.0 0.0 0.0 0.0 0.0 0.0 0.0 179.5 620.0 951.3 1201.4 1391.8 1542.8 1655.8 1744.9 1818.6 1873.1 1917.3 1950.1 
436 0.0 0.0 0.0 0.0 0.0 0.0 0.0 0.0 0.0 1301.0 4804.6 7471.6 9518.8 11070.8 12265.7 13208.7 13936.5 14505.9 14966.0 15336.2 15625.5 
437 0.0 0.0 0.0 0.0 0.0 0.0 0.0 0.0 0.0 870.6 3573.5 5628.7 7182.0 8388.7 9361.2 10090.6 10677.2 11132.4 11489.7 11785.9 12027.5 
438 0.0 0.0 0.0 0.0 0.0 0.0 0.0 0.0 0.0 611.7 2815.5 4483.1 5786.5 6815.9 7610.5 8241.4 8742.9 9144.7 9481.3 9744.9 9961.6 
439 0.0 0.0 0.0 0.0 0.0 0.0 0.0 0.0 0.0 485.4 2508.2 4072.5 5261.4 6209.0 6969.8 7571.2 8055.5 8440.0 8752.1 9008.5 9216.5 
440 0.0 0.0 0.0 0.0 0.0 0.0 0.0 0.0 0.0 426.0 2530.9 4141.5 5410.0 6419.2 7235.6 7914.0 8462.0 8886.7 9250.3 9540.6 9788.6 
441 0.0 0.0 0.0 0.0 0.0 0.0 0.0 0.0 0.0 400.2 2868.3 4800.7 6338.8 7579.2 8591.3 9411.9 10100.5 10657.4 11119.5 11504.5 11815.7 
442 0.0 0.0 0.0 0.0 0.0 0.0 0.0 0.0 0.0 356.0 3478.5 5967.5 7963.8 9613.9 10947.2 12070.6 12986.5 13749.3 14368.9 14900.8 15349.6 
443 0.0 0.0 0.0 0.0 0.0 0.0 0.0 0.0 0.0 52.2 721.2 1258.6 1707.9 2069.2 2371.3 2617.9 2828.7 3010.4 3146.1 3269.8 3380.4 
444 0.0 0.0 0.0 0.0 0.0 0.0 0.0 0.0 0.0 77.9 2045.4 3679.4 5055.5 6217.2 7158.0 7948.5 8626.5 9201.3 9689.1 10088.3 10428.8 
445 0.0 0.0 0.0 0.0 0.0 0.0 0.0 0.0 0.0 3.8 268.8 511.7 709.1 880.8 1014.9 1133.1 1231.3 1317.1 1386.3 1445.8 1499.7 
446 0.0 0.0 0.0 0.0 0.0 0.0 0.0 0.0 0.0 9.7 2105.4 3980.5 5574.8 6939.4 8094.0 9085.9 9911.8 10620.6 11242.6 11760.8 12198.7 
447 0.0 0.0 0.0 0.0 0.0 0.0 0.0 0.0 0.0 0.1 1204.6 2315.4 3268.6 4092.8 4798.3 5398.4 5913.7 6348.9 6727.0 7049.3 7334.3 
448 0.0 0.0 0.0 0.0 0.0 0.0 0.0 0.0 0.0 0.0 718.9 1412.1 2031.4 2552.8 3004.0 3395.2 3732.8 4013.5 4257.3 4475.0 4669.5 
449 0.0 0.0 0.0 0.0 0.0 0.0 0.0 0.0 0.0 0.0 628.1 1263.2 1832.9 2328.4 2752.3 3131.2 3450.8 3738.5 3980.4 4192.1 4371.6 
450 0.0 0.0 0.0 0.0 0.0 0.0 0.0 0.0 0.0 0.0 863.8 1799.9 2608.2 3336.9 3957.9 4503.6 4985.1 5396.6 5768.8 6088.5 6366.9 
451 0.0 0.0 0.0 0.0 0.0 0.0 0.0 0.0 0.0 0.0 1343.3 2892.6 4263.6 5471.0 6520.9 7433.9 8245.9 8948.0 9574.7 10118.8 10607.4 
452 0.0 0.0 0.0 0.0 0.0 0.0 0.0 0.0 0.0 0.0 233.9 522.5 776.7 1007.3 1205.8 1381.6 1538.2 1678.1 1805.6 1915.1 2009.4 
453 0.0 0.0 0.0 0.0 0.0 0.0 0.0 0.0 0.0 0.0 1230.4 2823.6 4242.2 5488.4 6599.6 7586.6 8447.0 9212.9 9900.4 10508.2 11061.6 
454 0.0 0.0 0.0 0.0 0.0 0.0 0.0 0.0 0.0 0.0 844.2 2031.9 3089.7 4021.0 4864.0 5602.8 6266.5 6860.5 7379.4 7841.5 8254.3 
455 0.0 0.0 0.0 0.0 0.0 0.0 0.0 0.0 0.0 0.0 809.2 1993.4 3059.8 4031.4 4871.9 5634.0 6322.8 6930.0 7482.6 7992.2 8442.7 
456 0.0 0.0 0.0 0.0 0.0 0.0 0.0 0.0 0.0 0.0 1001.1 2643.8 4105.5 5405.0 6588.8 7646.0 8592.8 9472.8 10260.6 10964.9 11609.5 
457 0.0 0.0 0.0 0.0 0.0 0.0 0.0 0.0 0.0 0.0 415.9 1140.1 1796.0 2409.9 2938.6 3425.4 3874.8 4295.3 4668.8 5011.1 5325.8 
458 0.0 0.0 0.0 0.0 0.0 0.0 0.0 0.0 0.0 0.0 192.7 550.6 877.2 1164.0 1419.9 1659.5 1879.8 2081.6 2258.4 2435.8 2591.7 
459 0.0 0.0 0.0 0.0 0.0 0.0 0.0 0.0 0.0 0.0 213.0 679.1 1116.6 1505.3 1854.7 2183.5 2490.5 2762.3 3012.9 3246.0 3457.3 
460 0.0 0.0 0.0 0.0 0.0 0.0 0.0 0.0 0.0 0.0 443.1 1500.7 2453.0 3351.0 4175.7 4928.0 5624.3 6262.0 6870.2 7431.2 7940.1 
461 0.0 0.0 0.0 0.0 0.0 0.0 0.0 0.0 0.0 0.0 227.2 876.7 1492.8 2055.5 2565.9 3037.7 3474.8 3882.3 4270.4 4628.4 4960.8 
462 0.0 0.0 0.0 0.0 0.0 0.0 0.0 0.0 0.0 0.0 260.6 1088.1 1860.6 2583.3 3255.0 3865.0 4449.1 4990.8 5485.1 5940.0 6369.2 
463 0.0 0.0 0.0 0.0 0.0 0.0 0.0 0.0 0.0 0.0 67.6 331.0 579.8 809.2 1027.8 1230.6 1420.0 1590.3 1752.6 1912.5 2060.0 
464 0.0 0.0 0.0 0.0 0.0 0.0 0.0 0.0 0.0 0.0 70.7 401.9 703.8 1005.8 1276.9 1523.8 1772.1 1996.0 2209.2 2402.1 2585.0 
465 0.0 0.0 0.0 0.0 0.0 0.0 0.0 0.0 0.0 0.0 140.8 1110.8 2025.6 2875.1 3696.6 4469.4 5185.3 5866.7 6518.3 7128.6 7700.3 
466 0.0 0.0 0.0 0.0 0.0 0.0 0.0 0.0 0.0 0.0 9.3 95.0 183.1 269.7 351.8 428.0 500.7 569.6 637.0 694.7 753.3 
467 0.0 0.0 0.0 0.0 0.0 0.0 0.0 0.0 0.0 0.0 29.7 916.4 1770.8 2593.0 3367.0 4111.0 4803.1 5473.9 6090.0 6679.7 7243.4 
468 0.0 0.0 0.0 0.0 0.0 0.0 0.0 0.0 0.0 0.0 7.6 509.7 1008.6 1468.7 1910.3 2336.8 2746.6 3138.1 3508.2 3859.4 4188.5 
469 0.0 0.0 0.0 0.0 0.0 0.0 0.0 0.0 0.0 0.0 0.2 75.2 151.2 222.7 287.2 349.9 410.8 467.6 525.3 576.0 624.2 
470 0.0 0.0 0.0 0.0 0.0 0.0 0.0 0.0 0.0 0.0 0.0 364.9 758.5 1136.0 1509.7 1865.5 2203.8 2526.1 2829.2 3125.7 3397.5 
471 0.0 0.0 0.0 0.0 0.0 0.0 0.0 0.0 0.0 0.0 0.0 87.6 188.6 296.1 390.8 485.8 577.9 664.4 745.9 823.0 898.5 
472 0.0 0.0 0.0 0.0 0.0 0.0 0.0 0.0 0.0 0.0 0.0 23.7 57.1 87.0 115.2 141.7 171.3 197.2 222.2 243.9 269.3 
473 0.0 0.0 0.0 0.0 0.0 0.0 0.0 0.0 0.0 0.0 0.0 166.1 401.6 632.7 859.2 1073.0 1281.1 1484.6 1669.6 1859.3 2037.2 
474 0.0 0.0 0.0 0.0 0.0 0.0 0.0 0.0 0.0 0.0 0.0 187.9 483.7 768.1 1035.8 1300.6 1545.7 1790.7 2018.8 2244.3 2458.6 
475 0.0 0.0 0.0 0.0 0.0 0.0 0.0 0.0 0.0 0.0 0.0 198.0 548.5 894.1 1227.1 1552.5 1870.9 2178.0 2466.7 2750.0 3021.0 
476 0.0 0.0 0.0 0.0 0.0 0.0 0.0 0.0 0.0 0.0 0.0 101.9 327.7 542.6 752.8 954.2 1161.0 1356.0 1538.2 1711.6 1876.5 
477 0.0 0.0 0.0 0.0 0.0 0.0 0.0 0.0 0.0 0.0 0.0 49.5 170.4 285.8 396.4 507.0 608.3 710.0 803.1 897.7 982.5 
478 0.0 0.0 0.0 0.0 0.0 0.0 0.0 0.0 0.0 0.0 0.0 70.2 297.7 505.6 713.9 921.2 1112.6 1300.1 1490.9 1667.8 1836.0 
479 0.0 0.0 0.0 0.0 0.0 0.0 0.0 0.0 0.0 0.0 0.0 43.5 233.9 417.8 601.9 777.7 950.5 1115.9 1266.3 1413.0 1555.8 
480 0.0 0.0 0.0 0.0 0.0 0.0 0.0 0.0 0.0 0.0 0.0 14.2 134.5 251.7 362.9 468.6 567.4 667.7 764.3 854.5 943.1 
481 0.0 0.0 0.0 0.0 0.0 0.0 0.0 0.0 0.0 0.0 0.0 3.3 132.5 257.7 381.2 508.1 621.4 724.8 823.7 921.2 1013.5 
482 0.0 0.0 0.0 0.0 0.0 0.0 0.0 0.0 0.0 0.0 0.0 0.0 84.5 180.5 275.2 363.5 452.7 532.0 612.1 688.5 763.2 
483 0.0 0.0 0.0 0.0 0.0 0.0 0.0 0.0 0.0 0.0 0.0 0.0 32.7 104.3 201.4 296.5 380.5 464.5 545.6 618.6 689.8 
484 0.0 0.0 0.0 0.0 0.0 0.0 0.0 0.0 0.0 0.0 0.0 0.0 37.2 100.6 160.7 215.4 268.8 316.1 358.8 401.8 440.3 
485 0.0 0.0 0.0 0.0 0.0 0.0 0.0 0.0 0.0 0.0 0.0 0.0 19.4 67.6 110.1 150.8 190.6 225.5 259.8 291.6 321.9 
486 0.0 0.0 0.0 0.0 0.0 0.0 0.0 0.0 0.0 0.0 0.0 0.0 0.8 2.8 4.5 6.0 8.1 9.4 10.4 12.4 13.7 
487 0.0 0.0 0.0 0.0 0.0 0.0 0.0 0.0 0.0 0.0 0.0 0.0 0.0 9.4 28.4 46.0 64.2 80.3 96.0 110.1 123.5 
488 0.0 0.0 0.0 0.0 0.0 0.0 0.0 0.0 0.0 0.0 0.0 0.0 0.0 0.4 8.2 17.7 25.7 34.1 40.1 46.8 53.9 
489 0.0 0.0 0.0 0.0 0.0 0.0 0.0 0.0 0.0 0.0 0.0 0.0 0.0 0.0 0.2 1.8 3.6 4.9 6.4 7.6 8.1 
490 0.0 0.0 0.0 0.0 0.0 0.0 0.0 0.0 0.0 0.0 0.0 0.0 0.0 0.0 0.0 0.0 0.0 0.0 0.0 0.0 0.1 
491 0.0 0.0 0.0 0.0 0.0 0.0 0.0 0.0 0.0 0.0 0.0 0.0 20.2 259.4 573.3 855.2 1099.9 1315.3 1502.7 1677.2 1834.8 
492 0.0 0.0 0.0 0.0 0.0 0.0 0.0 0.0 0.0 0.0 0.0 0.0 68.3 1376.1 3434.8 5295.2 6874.6 8272.2 9541.7 10710.4 11796.4 
493 0.0 0.0 0.0 0.0 0.0 0.0 0.0 0.0 0.0 0.0 0.0 0.0 43.5 1150.3 3193.4 5086.3 6746.4 8186.9 9465.7 10650.4 11719.2 
494 0.0 0.0 0.0 0.0 0.0 0.0 0.0 0.0 0.0 0.0 0.0 0.0 17.8 648.8 2019.6 3371.6 4507.3 5509.1 6407.8 7223.8 7971.6 
495 0.0 0.0 0.0 0.0 0.0 0.0 0.0 0.0 0.0 0.0 0.0 0.0 6.0 313.8 1066.1 1835.9 2504.8 3072.8 3583.6 4048.6 4476.8 
496 0.0 0.0 0.0 0.0 0.0 0.0 0.0 0.0 0.0 0.0 0.0 0.0 1.9 125.5 482.5 847.4 1166.5 1451.3 1698.1 1919.2 2133.0 
497 0.0 0.0 0.0 0.0 0.0 0.0 0.0 0.0 0.0 0.0 0.0 0.0 0.4 45.4 196.2 362.6 507.5 637.7 749.9 850.1 943.2 
498 0.0 0.0 0.0 0.0 0.0 0.0 0.0 0.0 0.0 0.0 0.0 0.0 0.1 17.5 85.5 159.9 221.3 277.2 323.9 369.0 409.7 
499 0.0 0.0 0.0 0.0 0.0 0.0 0.0 0.0 0.0 0.0 0.0 0.0 0.0 4.8 25.7 52.6 73.9 90.8 106.2 122.6 134.2 
