0 100.5 514.8 508.25 508.85 506.1 502.65 507.3 507.35 501.7 510.95 504.55 501.6 503.55 507.95 499.1 501.55 507.95 501.25 505.5 508.45 507.35 
1 0.1 507.0 505.15 505.6 507.95 504.75 500.75 507.15 510.85 510.1 511.9 507.15 500.85 500.6 506.55 507.7 500.95 506.2 501.1 491.45 505.7 
2 0.0 509.55 511.2 512.75 506.7 510.55 506.1 498.45 502.75 505.3 502.85 506.8 510.55 508.2 503.8 501.1 504.15 504.75 506.85 508.4 502.0 
3 0.0 505.4 502.05 501.8 504.5 502.6 505.45 495.7 507.85 502.3 502.5 504.4 506.4 507.45 507.2 503.75 509.35 500.3 501.8 502.25 496.2 
4 0.0 507.65 505.2 508.2 506.35 509.75 512.55 504.65 507.15 509.7 504.45 509.9 498.05 505.55 506.0 506.25 501.6 500.9 505.65 495.2 498.95 
5 0.0 493.3 510.4 500.1 496.7 501.35 498.2 508.45 507.25 499.7 512.75 502.9 509.15 498.55 514.35 500.35 500.55 509.8 493.15 501.3 494.3 
6 0.0 505.6 501.1 502.5 511.4 501.0 505.4 508.15 492.35 504.85 511.35 500.95 505.0 508.0 495.3 496.2 507.7 509.35 499.7 508.0 503.6 
7 0.0 509.8 503.05 501.7 501.65 512.7 513.0 505.15 504.55 498.7 500.5 506.35 507.3 503.6 503.55 509.15 501.1 497.1 502.25 500.2 497.65 
8 0.0 498.2 505.9 499.65 508.1 496.65 499.15 510.35 501.5 502.55 493.8 502.1 503.3 504.85 505.65 506.2 500.4 502.6 498.95 498.8 507.15 
9 0.0 496.3 502.2 500.2 502.15 500.3 501.65 499.3 504.1 504.45 498.05 504.45 493.55 504.9 500.95 505.5 499.7 503.2 499.55 497.8 507.0 
10 0.0 502.6 499.5 509.1 506.45 497.15 498.9 504.8 504.2 493.9 501.6 500.55 503.25 498.2 498.9 497.0 502.35 490.9 495.55 502.4 500.6 
11 0.0 511.2 506.8 501.1 501.45 507.1 506.5 499.25 505.75 502.65 500.35 499.6 498.4 497.95 505.9 501.8 498.55 492.6 500.3 500.1 496.05 
12 0.0 498.15 489.8 510.55 493.7 503.65 499.45 503.95 498.7 508.15 505.0 496.25 493.85 504.75 494.9 505.55 497.7 499.85 506.45 495.0 501.2 
13 0.0 496.75 504.85 500.05 506.0 499.55 503.55 487.95 504.15 500.0 495.1 500.35 511.85 498.05 500.55 499.9 509.3 504.1 502.55 505.4 499.6 
14 0.0 487.1 499.5 500.55 503.25 497.7 501.8 506.35 502.0 512.2 502.6 508.25 497.55 511.65 495.65 502.7 495.85 494.65 501.8 491.45 502.25 
15 0.0 506.95 489.6 488.75 499.75 504.8 500.65 504.75 505.45 491.05 505.25 503.15 508.2 492.85 498.45 501.3 498.75 503.15 499.65 507.25 500.65 
16 0.0 501.05 497.65 495.9 490.9 495.6 499.75 498.3 500.9 503.1 501.9 495.9 506.2 500.9 507.1 505.05 505.35 500.65 499.3 491.85 500.9 
17 0.0 486.35 502.5 500.95 498.55 503.85 499.95 509.25 500.0 498.05 496.45 507.1 503.05 502.9 498.55 496.3 501.0 503.95 507.35 508.5 499.4 
18 0.0 496.75 499.95 499.4 501.7 510.3 506.85 507.55 502.35 496.85 505.3 496.15 503.3 499.0 503.55 494.55 499.6 502.8 493.55 508.1 504.95 
19 0.0 498.5 496.3 508.45 502.0 511.8 497.4 497.7 497.2 500.25 500.75 496.6 500.45 507.55 496.1 499.3 498.85 507.65 508.05 516.95 497.95 
20 0.0 501.05 497.45 499.95 500.7 496.9 504.05 506.75 503.2 503.7 503.05 500.8 495.05 494.15 499.1 500.75 497.7 497.0 498.25 497.5 505.1 
21 0.0 509.5 505.45 491.4 499.55 495.85 506.75 494.0 495.85 503.7 502.55 506.45 497.15 495.85 501.8 496.95 495.05 502.5 500.4 502.0 505.55 
22 0.0 504.25 496.5 492.95 493.15 500.65 500.05 495.8 500.05 501.3 493.95 492.95 506.15 499.35 508.55 499.1 503.35 496.5 513.25 497.1 508.7 
23 0.0 503.05 505.2 502.85 505.1 494.95 494.75 498.25 496.35 499.65 500.65 501.65 496.35 503.05 500.4 508.45 502.25 511.75 504.0 506.8 514.35 
24 0.0 498.0 507.15 506.65 496.0 500.55 490.8 495.6 504.0 496.6 504.0 498.75 491.55 497.3 491.05 502.6 504.0 491.75 497.3 503.4 504.95 
25 0.0 496.15 499.15 505.35 495.35 497.0 499.05 493.15 501.85 495.05 495.6 499.25 500.75 496.65 509.65 502.5 503.95 501.2 505.5 505.4 493.8 
26 0.0 501.45 500.35 492.75 502.2 481.8 494.1 505.5 494.05 502.7 498.0 499.7 498.25 496.35 500.35 492.95 501.65 506.0 500.7 501.55 506.2 
27 0.0 496.8 497.6 494.35 499.35 498.85 499.5 501.6 493.2 497.4 501.05 507.05 504.0 503.75 499.7 505.5 500.95 504.4 510.7 499.75 497.4 
28 0.0 503.15 497.05 493.95 495.25 503.95 497.7 503.2 501.15 491.55 497.4 502.1 504.25 500.2 496.15 514.5 503.05 500.65 499.5 501.5 501.55 
29 0.0 503.05 504.45 499.6 493.8 506.5 489.85 497.65 491.2 497.6 499.15 493.7 506.7 508.55 507.1 496.75 496.25 507.65 495.55 500.25 495.0 
30 0.0 501.2 502.05 504.1 512.95 496.2 503.55 498.4 501.95 499.05 506.5 499.5 499.55 502.15 499.95 508.45 504.5 505.0 508.2 508.45 501.6 
31 0.0 497.05 501.0 506.55 496.65 498.15 490.95 486.65 493.35 506.6 500.2 490.0 496.1 498.85 507.45 499.0 506.6 504.8 502.15 496.5 501.2 
32 0.0 506.0 492.7 500.3 500.5 499.6 502.35 504.3 504.55 501.25 496.05 503.0 500.25 498.05 498.1 499.55 506.1 495.85 505.65 503.5 497.65 
33 0.0 495.95 492.5 508.05 501.95 504.3 506.25 495.75 498.85 493.65 495.9 501.35 493.1 501.6 504.5 501.3 500.65 503.1 497.35 504.15 499.55 
34 0.0 506.4 506.5 496.9 503.85 501.75 494.5 499.2 500.4 500.85 502.15 504.85 495.55 489.75 488.85 503.35 501.2 500.9 492.6 497.45 505.8 
35 0.0 500.25 503.05 496.2 506.6 498.65 500.8 506.05 506.2 502.75 495.1 501.8 495.7 491.55 513.1 492.1 495.05 506.75 503.25 499.25 491.05 
36 0.0 496.65 500.7 504.0 502.55 506.85 504.4 499.35 496.35 494.6 493.3 495.0 500.85 497.65 498.35 502.7 489.6 493.2 495.55 498.55 507.85 
37 0.0 503.05 507.8 509.45 500.35 505.1 508.6 494.6 496.05 493.05 501.05 492.8 504.15 496.75 497.5 501.15 502.55 502.25 502.4 504.4 499.8 
38 0.0 502.0 497.4 499.5 500.7 498.45 501.3 502.4 503.35 504.05 500.8 499.3 495.9 504.85 494.05 493.2 498.15 490.5 493.4 500.7 498.4 
39 0.0 496.25 502.6 497.4 495.45 498.35 508.6 508.75 499.55 499.85 491.9 501.65 495.6 508.85 503.3 501.0 503.75 500.55 500.35 499.15 501.65 
40 0.0 497.65 500.2 489.3 493.65 499.9 498.75 502.55 501.8 508.55 501.25 496.85 506.95 502.05 500.7 505.4 499.25 494.4 496.15 504.3 501.35 
41 0.0 502.6 499.6 500.8 510.8 500.9 504.0 501.95 494.15 501.95 511.15 504.8 499.85 495.25 499.9 493.95 501.8 496.7 493.8 488.95 505.0 
42 0.0 497.85 499.25 508.1 503.05 500.05 500.9 495.5 508.1 505.3 500.4 507.0 502.7 504.95 499.6 492.5 500.35 506.6 504.2 498.45 495.55 
43 0.0 503.25 504.75 494.35 494.15 504.65 493.5 500.0 506.35 494.8 509.35 496.1 504.85 498.45 498.75 494.55 495.2 503.55 501.75 493.45 491.5 
44 0.0 502.2 500.85 504.0 502.7 498.4 499.75 497.35 496.6 495.5 497.3 502.75 497.05 499.85 501.25 491.25 486.4 491.75 499.2 497.95 493.35 
45 0.0 491.15 491.85 501.7 491.55 501.45 496.05 505.2 498.2 507.45 499.85 500.85 497.5 501.0 489.65 494.55 497.05 499.2 490.6 499.05 507.45 
46 0.0 501.75 494.6 498.05 499.45 500.95 500.15 498.4 494.45 500.25 496.75 495.7 499.35 503.05 497.3 506.7 498.85 502.25 502.25 497.15 495.45 
47 0.0 454.1 496.3 496.35 497.55 494.3 494.85 497.95 502.15 498.8 503.75 508.95 494.45 496.95 503.45 498.8 503.7 493.75 501.95 499.25 496.4 
48 0.0 324.35 508.85 500.65 509.95 498.3 495.25 493.95 498.1 501.05 502.65 490.55 500.3 493.2 499.8 504.6 503.4 496.1 499.45 499.95 504.5 
49 0.0 249.05 496.5 501.9 498.7 494.4 501.8 494.85 504.65 499.95 496.8 502.35 500.0 503.2 494.8 501.2 496.8 502.8 494.85 499.95 497.3 
50 0.0 123.05 498.65 504.65 493.55 504.65 497.9 506.15 503.6 496.15 492.8 493.1 506.65 496.5 497.65 500.25 504.2 495.35 499.3 500.5 501.05 
51 0.0 36.05 501.55 497.6 490.45 501.7 509.5 504.2 499.0 496.65 498.2 509.4 496.95 500.2 500.25 500.25 496.9 502.75 499.9 505.65 502.65 
52 0.0 5.2 505.4 500.2 502.25 498.8 502.15 499.4 499.55 503.7 504.35 492.5 498.05 508.15 498.65 501.1 512.9 498.15 511.2 501.6 502.3 
53 0.0 0.2 500.2 494.1 508.5 496.0 498.05 502.05 494.45 487.85 492.05 495.35 494.5 499.05 502.25 493.45 494.2 506.5 494.75 499.25 499.2 
54 0.0 0.0 493.9 505.75 502.85 492.95 494.05 497.65 508.1 500.45 499.4 506.7 501.65 502.8 492.75 502.3 492.55 500.35 496.75 502.65 502.7 
55 0.0 0.0 504.4 504.15 499.9 499.45 508.9 499.9 500.0 505.8 488.65 494.4 505.15 500.9 498.15 497.65 496.35 494.35 494.7 497.45 499.4 
56 0.0 0.0 501.5 495.45 498.95 507.75 503.8 499.6 501.45 501.8 503.35 497.8 497.55 503.7 502.8 497.35 510.7 499.15 503.3 496.75 500.1 
57 0.0 0.0 501.8 499.7 494.4 506.25 501.55 505.15 504.85 505.3 506.8 499.35 506.6 492.35 497.75 498.45 498.6 509.65 500.7 495.35 503.0 
58 0.0 0.0 491.1 499.15 511.8 509.55 507.55 506.15 499.6 499.15 500.2 512.7 503.2 500.9 507.95 505.8 500.1 500.5 501.4 498.8 495.7 
59 0.0 0.0 498.75 506.85 506.4 498.4 489.9 501.15 502.0 498.25 506.15 500.1 502.5 505.6 505.0 508.8 500.9 506.2 511.45 511.15 502.8 
60 0.0 0.0 495.35 496.1 500.45 494.7 499.95 500.6 501.75 500.65 500.4 501.7 507.2 503.4 508.6 503.5 509.7 502.45 507.15 502.55 505.05 
61 0.0 0.0 507.85 495.9 500.9 503.95 500.5 498.95 493.6 508.7 501.1 505.1 502.35 506.5 501.3 510.05 499.65 500.15 503.4 498.5 496.25 
62 0.0 0.0 499.75 504.0 500.85 494.95 496.1 501.15 493.8 495.45 506.65 505.65 498.15 504.5 498.85 500.2 506.0 512.45 502.35 508.15 511.15 
63 0.0 0.0 497.95 499.4 504.4 500.45 497.7 499.7 503.45 498.8 508.75 504.0 501.2 500.85 499.6 507.4 504.5 501.05 498.1 496.5 503.7 
64 0.0 0.0 505.15 504.3 490.95 504.75 505.3 498.85 496.2 501.0 498.45 507.65 502.05 504.45 504.45 495.4 492.15 492.05 502.75 507.8 503.55 
65 0.0 0.0 500.05 495.3 498.9 504.8 502.15 500.1 508.7 514.6 501.05 493.6 500.9 496.65 506.75 502.65 504.3 506.7 498.45 501.7 492.85 
66 0.0 0.0 495.45 497.9 484.2 487.4 499.15 492.0 505.8 491.65 493.25 506.6 500.8 501.05 507.2 502.05 503.6 500.45 504.0 498.05 495.7 
67 0.0 0.0 493.9 495.25 505.35 498.7 495.7 500.2 495.8 504.35 509.85 496.2 503.35 495.15 489.2 495.4 503.4 489.6 492.0 501.45 498.4 
68 0.0 0.0 496.25 493.3 501.1 499.0 496.7 499.8 501.6 494.5 490.65 500.85 501.3 503.65 499.45 503.6 496.1 504.75 495.25 493.75 491.35 
69 0.0 0.0 496.4 499.35 497.5 491.3 498.5 503.65 503.6 499.8 499.45 504.4 502.8 493.05 503.35 502.3 499.3 500.95 506.1 498.5 497.5 
70 0.0 0.0 499.1 502.6 494.5 497.3 498.75 503.6 496.8 498.5 504.3 493.2 498.4 493.85 496.2 491.85 501.85 493.45 500.0 490.05 494.55 
71 0.0 0.0 494.95 497.5 497.95 495.15 498.25 498.95 495.5 502.05 494.75 492.55 494.45 498.3 500.95 498.25 492.65 500.3 500.3 503.05 500.45 
72 0.0 0.0 508.2 495.0 500.45 497.8 501.35 494.45 497.95 493.7 494.55 497.25 497.0 493.05 493.9 491.05 495.0 503.1 489.5 494.3 493.75 
73 0.0 0.0 502.8 499.3 498.9 508.55 494.3 501.8 491.95 503.4 502.25 497.7 497.35 499.45 504.1 492.25 495.45 491.85 498.7 499.15 501.55 
74 0.0 0.0 500.8 510.0 509.5 504.15 503.35 497.95 509.45 503.35 500.05 492.7 497.55 507.8 491.95 503.1 498.9 495.4 492.55 499.7 510.05 
75 0.0 0.0 498.7 500.5 501.85 499.6 505.4 496.95 500.95 496.65 495.55 504.55 499.1 497.1 501.7 502.1 503.65 499.85 502.95 495.55 496.4 
76 0.0 0.0 507.65 498.2 500.6 501.95 499.5 501.25 495.25 496.7 503.1 500.15 498.6 504.95 494.85 493.85 491.7 496.2 502.4 491.5 508.45 
77 0.0 0.0 500.1 505.95 498.7 505.45 497.15 494.05 503.15 498.65 503.7 500.0 496.1 495.25 492.6 500.6 489.1 501.7 500.85 506.3 498.45 
78 0.0 0.0 503.55 506.35 493.4 496.7 502.75 505.2 493.95 505.05 497.45 498.05 497.25 500.65 503.0 505.55 498.15 495.9 490.2 499.0 499.9 
79 0.0 0.0 495.55 507.2 498.75 504.4 505.6 498.8 502.05 499.0 492.95 496.65 496.25 504.15 504.1 491.5 503.3 499.0 500.85 506.6 503.35 
80 0.0 0.0 505.1 495.65 502.25 504.15 498.5 501.0 500.45 503.5 501.05 496.4 496.55 494.15 496.95 505.15 493.3 496.3 499.05 506.5 498.45 
81 0.0 0.0 489.95 491.8 503.1 493.9 493.6 498.4 497.4 496.6 504.7 504.0 503.3 499.1 508.2 500.0 507.5 501.35 497.5 500.95 494.25 
82 0.0 0.0 502.25 491.65 490.5 495.9 495.6 499.7 496.15 500.45 497.5 502.65 503.0 505.4 501.4 496.3 493.55 505.9 501.75 494.65 502.05 
83 0.0 0.0 491.45 498.6 503.3 496.6 499.1 502.5 504.75 504.65 505.75 500.35 492.5 492.0 498.0 502.75 502.55 501.55 500.45 503.95 501.8 
84 0.0 0.0 506.35 503.75 497.5 503.5 504.2 500.65 490.5 495.4 495.1 509.3 503.25 501.65 491.9 490.35 505.1 494.45 508.75 497.5 497.65 
85 0.0 0.0 502.3 503.5 505.45 496.85 495.7 495.2 497.55 497.65 509.9 495.2 504.6 496.95 498.05 505.45 505.1 502.65 490.15 495.5 496.7 
86 0.0 0.0 496.3 503.15 503.4 496.0 493.75 491.65 506.5 494.85 496.85 496.2 501.95 493.8 498.95 506.2 505.2 496.75 503.6 502.85 494.2 
87 0.0 0.0 497.2 489.1 493.65 503.4 502.6 500.9 500.3 495.4 496.7 494.75 501.35 509.25 505.65 506.05 505.3 501.65 502.55 496.05 496.25 
88 0.0 0.0 505.3 506.65 494.85 500.75 497.9 497.5 492.4 497.65 498.5 496.95 502.0 497.5 491.15 499.85 498.1 494.85 507.3 502.25 499.25 
89 0.0 0.0 501.15 491.8 504.85 491.15 500.8 501.5 506.95 507.9 495.45 499.75 497.75 504.35 497.45 502.15 496.75 498.9 493.0 494.2 503.75 
90 0.0 0.0 496.5 506.55 501.4 496.6 498.05 506.55 500.55 496.75 497.6 501.2 504.2 489.95 508.95 490.1 496.7 495.85 496.35 487.95 495.95 
91 0.0 0.0 466.7 501.0 502.55 500.55 505.45 497.55 498.1 493.0 505.85 506.65 495.15 497.95 501.25 499.8 504.7 505.55 494.7 506.2 504.65 
92 0.0 0.0 413.6 500.05 492.1 500.55 504.9 498.4 493.8 500.95 499.2 500.6 498.9 500.95 499.35 504.15 502.25 499.7 497.45 491.9 498.15 
93 0.0 0.0 307.9 490.9 501.85 501.15 498.45 504.85 506.1 498.75 492.3 498.1 499.35 505.7 498.2 500.7 495.55 497.1 495.65 495.6 492.85 
94 0.0 0.0 243.15 498.1 490.05 498.85 508.6 506.85 500.35 504.3 499.7 492.15 496.45 498.3 501.95 498.85 496.7 498.3 497.3 507.9 493.75 
95 0.0 0.0 107.0 506.25 502.25 505.05 502.7 496.65 502.4 499.9 502.25 495.25 497.15 503.45 499.55 504.45 496.4 506.4 496.2 499.0 505.15 
96 0.0 0.0 47.2 502.05 504.5 508.55 495.1 499.45 498.7 494.75 494.4 490.05 493.0 493.15 503.35 497.8 490.9 498.7 507.55 511.1 503.35 
97 0.0 0.0 8.25 501.85 503.75 495.65 498.95 495.8 501.3 503.05 504.65 509.55 502.5 493.55 497.55 494.5 498.05 493.8 508.1 500.85 492.05 
98 0.0 0.0 0.35 504.95 506.8 498.2 492.6 499.85 498.75 498.0 496.8 498.6 493.55 502.5 495.8 489.5 502.3 503.65 494.65 505.75 502.75 
99 0.0 0.0 0.0 496.45 497.4 494.6 495.35 499.7 505.45 497.85 499.2 494.35 495.55 498.05 488.5 495.0 498.7 504.1 510.1 493.0 512.15 
100 0.0 0.0 0.0 495.95 489.1 501.1 500.2 497.1 504.0 508.9 499.1 500.55 498.55 498.3 498.05 500.6 508.85 499.35 495.95 503.2 494.1 
101 0.0 0.0 0.0 487.75 495.6 493.75 505.3 498.65 488.05 490.6 499.5 499.1 505.7 496.85 495.0 499.85 494.5 498.85 502.6 508.75 502.45 
102 0.0 0.0 0.0 499.95 491.6 503.65 494.7 497.1 495.9 497.7 497.8 496.45 500.3 502.3 502.0 488.15 496.55 496.45 497.6 494.55 493.8 
103 0.0 0.0 0.0 494.55 495.4 494.0 491.95 495.65 505.7 504.15 489.0 495.6 501.5 508.9 501.55 508.8 506.7 496.2 507.5 495.15 492.25 
104 0.0 0.0 0.0 501.2 510.2 497.1 501.55 510.7 495.95 504.4 508.65 505.7 500.2 495.2 500.15 499.2 497.3 494.35 501.35 493.3 493.85 
105 0.0 0.0 0.0 498.9 503.4 501.8 502.25 495.05 502.35 504.55 502.65 506.85 494.45 496.25 503.9 501.1 492.75 495.0 490.55 498.95 494.7 
106 0.0 0.0 0.0 500.15 497.5 503.05 500.65 504.25 492.7 503.75 500.0 499.95 495.4 498.4 500.9 503.1 489.4 496.85 492.8 494.25 500.85 
107 0.0 0.0 0.0 510.8 500.4 501.9 503.55 494.75 506.4 497.05 503.9 498.05 512.95 501.3 499.1 495.8 495.25 500.4 491.9 492.9 494.25 
108 0.0 0.0 0.0 505.5 501.5 503.85 497.0 496.45 498.05 503.0 500.15 493.6 505.8 504.25 499.45 498.95 511.5 497.8 491.15 498.05 501.9 
109 0.0 0.0 0.0 489.8 493.9 493.8 498.75 498.65 492.4 497.0 504.45 506.65 489.1 495.2 497.15 497.3 491.95 500.75 499.6 494.6 498.6 
110 0.0 0.0 0.0 499.65 498.15 504.55 499.85 496.8 501.35 492.7 493.15 498.75 496.85 490.2 500.7 489.95 498.55 502.45 502.2 498.4 501.5 
111 0.0 0.0 0.0 496.25 499.65 497.25 492.35 501.55 497.25 497.2 499.2 495.75 500.95 501.85 489.55 494.45 500.7 493.05 505.2 492.8 501.75 
112 0.0 0.0 0.0 494.0 505.55 491.35 498.1 497.0 507.25 497.15 497.85 498.7 496.65 495.35 488.55 497.25 501.25 496.1 495.6 500.35 487.2 
113 0.0 0.0 0.0 500.9 499.85 501.7 498.55 500.35 498.7 495.7 495.6 500.75 493.7 497.0 498.6 497.75 496.8 502.35 502.25 490.65 494.2 
114 0.0 0.0 0.0 504.1 495.55 497.9 496.8 502.4 498.7 501.6 495.65 493.05 498.1 491.8 498.8 497.15 498.1 488.7 487.45 494.1 484.75 
115 0.0 0.0 0.0 493.7 496.05 499.75 504.85 497.15 495.65 496.95 505.2 503.6 498.25 495.7 499.65 505.3 502.45 503.6 496.4 496.25 481.9 
116 0.0 0.0 0.0 494.85 494.65 493.65 495.1 494.3 492.65 501.85 504.35 500.45 500.45 506.25 506.9 498.35 495.05 488.45 486.9 494.1 490.35 
117 0.0 0.0 0.0 495.25 499.55 491.35 501.95 497.85 502.2 499.0 504.0 498.25 496.7 493.55 494.35 500.95 494.05 503.3 483.2 487.6 484.4 
118 0.0 0.0 0.0 503.3 496.7 498.6 495.2 507.3 497.4 501.65 489.65 492.1 498.0 500.6 493.65 495.3 487.6 484.95 482.6 479.15 478.85 
119 0.0 0.0 0.0 497.5 503.35 499.1 496.25 487.0 492.55 500.05 494.7 499.75 501.95 505.95 506.35 484.35 487.9 478.65 496.15 480.55 490.25 
120 0.0 0.0 0.0 499.0 498.0 500.6 501.3 506.95 507.45 503.45 495.1 500.5 499.05 496.8 488.35 483.4 490.25 493.55 476.5 483.6 487.9 
121 0.0 0.0 0.0 495.6 492.35 502.15 492.8 497.1 492.95 486.6 496.55 490.8 495.85 485.45 483.3 492.95 485.1 482.6 473.9 479.55 471.95 
122 0.0 0.0 0.0 502.25 487.7 493.85 499.9 496.9 499.1 493.5 490.5 488.85 486.4 487.1 482.9 475.6 471.2 477.15 479.75 465.65 471.6 
123 0.0 0.0 0.0 493.05 500.0 500.5 492.8 493.75 486.35 484.85 493.55 489.95 482.35 486.7 484.8 478.35 481.7 464.3 468.55 469.45 467.4 
124 0.0 0.0 0.0 507.15 505.2 498.85 496.85 493.6 503.95 499.45 492.8 491.55 481.85 480.05 473.55 474.8 475.05 465.45 460.55 457.9 456.8 
125 0.0 0.0 0.0 456.4 500.05 497.65 496.5 490.2 489.15 491.15 483.95 486.8 480.35 475.35 476.6 472.2 456.65 455.3 457.45 456.7 448.7 
126 0.0 0.0 0.0 333.45 501.4 494.9 494.05 494.55 492.05 491.0 484.0 485.45 473.95 464.55 459.9 463.8 461.45 458.05 449.65 457.85 442.85 
127 0.0 0.0 0.0 218.6 495.2 493.15 485.0 487.9 486.5 484.8 476.05 470.15 474.95 474.7 462.25 455.5 446.2 448.3 447.35 443.2 438.4 
128 0.0 0.0 0.0 64.0 497.95 493.65 489.2 497.75 482.5 481.65 480.55 469.1 468.15 454.9 449.8 446.05 437.1 438.4 437.6 430.2 432.35 
129 0.0 0.0 0.0 29.9 495.35 492.8 504.35 485.45 487.65 467.9 468.7 466.85 447.9 451.4 447.95 437.0 436.75 432.25 428.45 419.65 414.3 
130 0.0 0.0 0.0 4.0 507.1 494.55 496.2 486.7 472.1 464.1 459.4 450.0 443.1 442.6 433.65 436.2 428.9 423.4 416.9 415.25 409.25 
131 0.0 0.0 0.0 0.9 497.8 501.45 493.8 470.35 475.05 466.3 449.55 436.9 441.1 425.35 428.25 425.1 415.85 414.3 406.85 402.5 397.4 
132 0.0 0.0 0.0 0.1 479.95 494.75 482.95 482.2 468.05 455.75 446.15 429.45 425.9 419.2 412.2 407.75 407.0 396.15 401.4 388.2 387.85 
133 0.0 0.0 0.0 0.0 492.65 499.05 483.35 472.65 460.2 451.95 424.3 424.6 412.1 398.25 398.5 395.15 396.85 380.3 377.75 373.15 371.6 
134 0.0 0.0 0.0 0.0 495.0 488.0 475.15 457.2 445.9 426.65 417.7 398.4 397.7 391.6 386.6 386.15 372.55 377.9 365.25 358.55 360.5 
135 0.0 0.0 0.0 0.0 491.85 477.85 468.85 452.55 424.65 416.9 402.7 396.1 382.25 376.2 376.0 364.35 361.4 361.9 362.6 355.3 349.1 
136 0.0 0.0 0.0 0.0 500.2 481.95 454.45 419.6 399.55 386.0 388.1 379.1 364.5 361.35 358.0 349.95 344.8 337.1 342.4 338.95 339.7 
137 0.0 0.0 0.0 0.0 502.4 462.35 420.85 405.6 378.95 371.45 366.2 356.0 349.4 348.2 343.45 335.65 336.7 336.8 317.25 323.05 319.15 
138 0.0 0.0 0.0 0.0 492.6 434.45 394.5 377.35 359.45 342.0 347.25 341.2 333.45 330.65 322.95 311.2 315.05 312.4 311.45 316.05 302.65 
139 0.0 0.0 0.0 0.0 469.2 396.3 359.9 346.6 332.6 322.95 320.0 310.55 309.25 302.9 300.75 298.05 298.95 300.65 295.2 284.85 297.75 
140 0.0 0.0 0.0 0.0 455.85 343.25 321.0 308.15 308.15 298.85 297.05 294.65 290.3 282.3 277.7 284.5 283.05 279.9 279.0 280.65 273.7 
141 0.0 0.0 0.0 0.0 383.25 293.8 284.05 276.9 273.7 276.8 269.5 270.65 267.75 272.4 266.8 264.7 259.1 258.8 260.9 262.9 259.95 
142 0.0 0.0 0.0 0.0 218.6 234.1 237.3 242.9 243.55 244.25 239.75 245.15 246.85 246.35 239.65 246.35 238.2 239.95 245.85 239.3 245.8 
143 0.0 0.0 0.0 0.0 86.8 175.55 197.4 206.15 212.15 215.35 216.6 224.9 222.35 221.2 222.5 226.05 229.5 226.6 227.5 231.85 229.4 
144 0.0 0.0 0.0 0.0 26.65 132.85 157.8 169.8 185.3 189.8 197.45 198.45 206.65 206.45 210.4 209.55 208.4 209.95 211.1 215.35 215.05 
145 0.0 0.0 0.0 0.0 7.8 87.7 120.4 134.15 155.45 167.05 174.6 176.0 182.65 189.65 191.4 189.8 197.3 191.9 197.55 196.75 194.9 
146 0.0 0.0 0.0 0.0 2.0 55.1 89.75 112.7 127.4 138.9 143.15 150.45 159.1 169.2 171.9 171.55 181.3 180.85 178.55 181.7 183.9 
147 0.0 0.0 0.0 0.0 0.65 32.45 66.9 89.45 105.75 118.85 126.45 138.6 145.0 145.65 154.0 156.95 157.55 162.8 161.7 165.65 167.85 
148 0.0 0.0 0.0 0.0 0.15 19.65 46.8 70.5 82.75 93.6 107.3 116.25 121.0 127.65 134.55 139.7 141.25 147.35 152.2 153.15 154.05 
149 0.0 0.0 0.0 0.0 0.0 9.15 31.95 48.5 65.4 80.7 90.55 102.4 110.05 107.25 118.4 127.8 126.45 133.5 138.65 137.05 145.2 
150 0.0 0.0 0.0 0.0 0.0 4.65 18.3 38.45 50.7 60.9 71.1 82.05 90.9 99.55 101.5 104.8 113.4 118.8 122.5 124.4 130.25 
151 0.0 0.0 0.0 0.0 0.0 2.25 12.75 25.5 39.0 50.85 58.8 66.4 74.0 85.9 94.25 95.15 98.7 104.45 109.55 116.3 120.4 
152 0.0 0.0 0.0 0.0 0.0 1.05 7.75 17.95 27.55 39.15 48.1 53.75 62.85 71.05 79.2 83.2 90.05 95.3 96.1 103.2 105.05 
153 0.0 0.0 0.0 0.0 0.0 0.25 4.2 11.4 20.45 28.45 38.2 45.35 53.65 61.4 65.75 74.55 77.8 81.5 87.7 92.85 93.45 
154 0.0 0.0 0.0 0.0 0.0 0.15 2.55 7.5 14.3 22.05 29.75 37.15 43.6 50.8 51.95 63.4 65.35 75.05 74.75 80.35 84.4 
155 0.0 0.0 0.0 0.0 0.0 0.05 1.5 4.65 9.95 16.7 22.65 27.85 32.7 41.6 49.1 52.45 58.6 61.8 66.15 68.25 74.65 
156 0.0 0.0 0.0 0.0 0.0 0.0 0.7 2.9 7.45 11.65 17.25 23.75 28.7 32.4 36.8 42.15 50.35 53.75 58.85 65.15 64.15 
157 0.0 0.0 0.0 0.0 0.0 0.0 0.45 1.4 5.1 7.95 12.25 18.1 21.75 26.55 33.7 37.7 40.3 43.4 49.7 52.35 56.0 
158 0.0 0.0 0.0 0.0 0.0 0.0 0.15 1.4 2.7 6.2 11.25 13.9 17.25 21.9 24.85 31.6 34.5 39.7 43.5 44.85 52.85 
159 0.0 0.0 0.0 0.0 0.0 0.0 0.0 0.55 1.8 4.25 6.2 9.75 14.2 16.65 21.35 22.95 29.8 32.8 36.15 39.4 43.45 
160 0.0 0.0 0.0 0.0 0.0 0.0 0.0 0.45 1.15 2.55 4.7 8.3 11.3 13.1 15.95 19.45 22.7 25.25 30.8 34.65 38.9 
161 0.0 0.0 0.0 0.0 0.0 0.0 0.0 0.25 0.9 2.15 3.7 5.8 9.0 10.95 13.55 17.45 20.35 22.3 27.0 28.15 32.35 
162 0.0 0.0 0.0 0.0 0.0 0.0 0.0 0.05 0.2 1.25 2.55 4.4 5.0 8.95 11.55 14.05 16.15 17.8 21.95 25.6 27.85 
163 0.0 0.0 0.0 0.0 0.0 0.0 0.0 0.05 0.25 0.7 1.6 3.55 4.75 5.55 7.45 10.45 13.6 16.25 16.1 21.95 22.8 
164 0.0 0.0 0.0 0.0 0.0 0.0 0.0 0.0 0.25 0.75 1.2 1.45 4.05 5.2 7.2 9.65 10.55 12.45 14.9 16.6 20.5 
165 0.0 0.0 0.0 0.0 0.0 0.0 0.0 0.0 0.05 0.2 0.9 1.5 2.15 3.75 5.6 6.35 8.0 9.85 13.1 12.8 16.7 
166 0.0 0.0 0.0 0.0 0.0 0.0 0.0 0.0 0.0 0.2 0.65 0.95 1.8 2.95 3.3 5.0 6.55 9.4 9.55 11.75 12.3 
167 0.0 0.0 0.0 0.0 0.0 0.0 0.0 0.05 0.1 0.1 0.4 1.15 1.7 1.6 3.6 3.3 5.75 6.85 7.95 10.2 10.45 
168 0.0 0.0 0.0 0.0 0.0 0.0 0.0 0.0 0.0 0.05 0.2 0.5 1.15 1.45 1.9 3.25 4.25 5.7 6.7 8.25 9.55 
169 0.0 0.0 0.0 0.0 0.0 0.0 0.0 0.0 0.0 0.0 0.05 0.15 0.7 1.1 1.45 2.35 3.4 3.7 5.65 6.6 6.9 
170 0.0 0.0 0.0 0.0 0.0 0.0 0.0 0.0 0.0 0.0 0.05 0.25 0.3 0.9 1.35 1.7 2.8 3.45 4.25 4.8 6.0 
171 0.0 0.0 0.0 0.0 0.0 0.0 0.0 0.0 0.0 0.0 0.1 0.2 0.4 0.35 1.05 1.55 1.95 2.3 3.45 4.3 5.6 
172 0.0 0.0 0.0 0.0 0.0 0.0 0.0 0.0 0.0 0.0 0.0 0.15 0.2 0.55 1.15 1.65 1.45 2.4 2.7 3.3 5.65 
173 0.0 0.0 0.0 0.0 0.0 0.0 0.0 0.0 0.0 0.05 0.0 0.0 0.15 0.25 0.25 0.7 1.05 2.15 2.2 3.05 3.05 
174 0.0 0.0 0.0 0.0 0.0 0.0 0.0 0.0 0.0 0.0 0.0 0.0 0.0 0.25 0.35 0.2 1.1 1.6 1.9 2.2 2.3 
175 0.0 0.0 0.0 0.0 0.0 0.0 0.0 0.0 0.0 0.0 0.0 0.05 0.05 0.1 0.25 0.3 0.7 0.7 1.2 2.25 2.7 
176 0.0 0.0 0.0 0.0 0.0 0.0 0.0 0.0 0.0 0.0 0.05 0.0 0.05 0.15 0.2 0.3 0.6 0.8 0.9 1.3 2.25 
177 0.0 0.0 0.0 0.0 0.0 0.0 0.0 0.0 0.0 0.0 0.0 0.0 0.05 0.05 0.05 0.5 0.3 0.7 0.6 0.75 1.5 
178 0.0 0.0 0.0 0.0 0.0 0.0 0.0 0.0 0.0 0.0 0.0 0.05 0.05 0.0 0.15 0.25 0.3 0.55 1.0 0.75 0.85 
179 0.0 0.0 0.0 0.0 0.0 0.0 0.0 0.0 0.0 0.0 0.0 0.0 0.0 0.05 0.05 0.05 0.15 0.15 0.5 0.75 1.05 
180 0.0 0.0 0.0 0.0 0.0 0.0 0.0 0.0 0.0 0.0 0.0 0.0 0.0 0.05 0.0 0.0 0.0 0.2 0.6 0.3 0.75 
181 0.0 0.0 0.0 0.0 0.0 0.0 0.0 0.0 0.0 0.0 0.0 0.0 0.0 0.0 0.0 0.0 0.1 0.15 0.25 0.45 0.4 
182 0.0 0.0 0.0 0.0 0.0 0.0 0.0 0.0 0.0 0.0 0.0 0.0 0.0 0.0 0.0 0.05 0.05 0.05 0.0 0.3 0.25 
183 0.0 0.0 0.0 0.0 0.0 0.0 0.0 0.0 0.0 0.0 0.0 0.0 0.0 0.0 0.0 0.0 0.05 0.1 0.05 0.1 0.25 
184 0.0 0.0 0.0 0.0 0.0 0.0 0.0 0.0 0.0 0.0 0.0 0.0 0.0 0.0 0.0 0.0 0.0 0.15 0.0 0.2 0.1 
185 0.0 0.0 0.0 0.0 0.0 0.0 0.0 0.0 0.0 0.0 0.0 0.0 0.0 0.0 0.0 0.0 0.0 0.0 0.0 0.1 0.15 
186 0.0 0.0 0.0 0.0 0.0 0.0 0.0 0.0 0.0 0.0 0.0 0.0 0.0 0.0 0.0 0.0 0.0 0.0 0.0 0.1 0.05 
187 0.0 0.0 0.0 0.0 0.0 0.0 0.0 0.0 0.0 0.0 0.0 0.0 0.0 0.0 0.0 0.0 0.0 0.0 0.05 0.05 0.15 
188 0.0 0.0 0.0 0.0 0.0 0.0 0.0 0.0 0.0 0.0 0.0 0.0 0.0 0.0 0.0 0.0 0.0 0.05 0.2 0.05 0.1 
189 0.0 0.0 0.0 0.0 0.0 0.0 0.0 0.0 0.0 0.0 0.0 0.0 0.0 0.0 0.0 0.0 0.0 0.0 0.0 0.05 0.0 
190 0.0 0.0 0.0 0.0 0.0 0.0 0.0 0.0 0.0 0.0 0.0 0.0 0.0 0.0 0.0 0.0 0.0 0.0 0.0 0.0 0.1 
191 0.0 0.0 0.0 0.0 0.0 0.0 0.0 0.0 0.0 0.0 0.0 0.0 0.0 0.0 0.0 0.0 0.0 0.0 0.0 0.0 0.0 
192 0.0 0.0 0.0 0.0 0.0 0.0 0.0 0.0 0.0 0.0 0.0 0.0 0.0 0.0 0.0 0.0 0.0 0.0 0.0 0.0 0.0 
193 0.0 0.0 0.0 0.0 0.0 0.0 0.0 0.0 0.0 0.0 0.0 0.0 0.0 0.0 0.0 0.0 0.0 0.0 0.0 0.0 0.0 
194 0.0 0.0 0.0 0.0 0.0 0.0 0.0 0.0 0.0 0.0 0.0 0.0 0.0 0.0 0.0 0.0 0.0 0.0 0.0 0.0 0.0 
195 0.0 0.0 0.0 0.0 0.0 0.0 0.0 0.0 0.0 0.0 0.0 0.0 0.0 0.0 0.0 0.0 0.0 0.0 0.0 0.0 0.0 
196 0.0 0.0 0.0 0.0 0.0 0.0 0.0 0.0 0.0 0.0 0.0 0.0 0.0 0.0 0.0 0.0 0.0 0.0 0.0 0.0 0.0 
197 0.0 0.0 0.0 0.0 0.0 0.0 0.0 0.0 0.0 0.0 0.0 0.0 0.0 0.0 0.0 0.0 0.0 0.0 0.0 0.0 0.0 
198 0.0 0.0 0.0 0.0 0.0 0.0 0.0 0.0 0.0 0.0 0.0 0.0 0.0 0.0 0.0 0.0 0.0 0.0 0.0 0.0 0.0 
199 0.0 0.0 0.0 0.0 0.0 0.0 0.0 0.0 0.0 0.0 0.0 0.0 0.0 0.0 0.0 0.0 0.0 0.0 0.0 0.0 0.0 
200 0.0 0.0 0.0 0.0 0.0 0.0 0.0 0.0 0.0 0.0 0.0 0.0 0.0 0.0 0.0 0.0 0.0 0.0 0.0 0.0 0.0 
201 0.0 0.0 0.0 0.0 0.0 0.0 0.0 0.0 0.0 0.0 0.0 0.0 0.0 0.0 0.0 0.0 0.0 0.0 0.0 0.0 0.0 
202 0.0 0.0 0.0 0.0 0.0 0.0 0.0 0.0 0.0 0.0 0.0 0.0 0.0 0.0 0.0 0.0 0.0 0.0 0.0 0.0 0.0 
203 0.0 0.0 0.0 0.0 0.0 0.0 0.0 0.0 0.0 0.0 0.0 0.0 0.0 0.0 0.0 0.0 0.0 0.0 0.0 0.0 0.0 
204 0.0 0.0 0.0 0.0 0.0 0.0 0.0 0.0 0.0 0.0 0.0 0.0 0.0 0.0 0.0 0.0 0.0 0.0 0.0 0.0 0.0 
205 0.0 0.0 0.0 0.0 0.0 0.0 0.0 0.0 0.0 0.0 0.0 0.0 0.0 0.0 0.0 0.0 0.0 0.0 0.0 0.0 0.0 
206 0.0 0.0 0.0 0.0 0.0 0.0 0.0 0.0 0.0 0.0 0.0 0.0 0.0 0.0 0.0 0.0 0.0 0.0 0.0 0.0 0.0 
207 0.0 0.0 0.0 0.0 0.0 0.0 0.0 0.0 0.0 0.0 0.0 0.0 0.0 0.0 0.0 0.0 0.0 0.0 0.0 0.0 0.0 
208 0.0 0.0 0.0 0.0 0.0 0.0 0.0 0.0 0.0 0.0 0.0 0.0 0.0 0.0 0.0 0.0 0.0 0.0 0.0 0.0 0.0 
209 0.0 0.0 0.0 0.0 0.0 0.0 0.0 0.0 0.0 0.0 0.0 0.0 0.0 0.0 0.0 0.0 0.0 0.0 0.0 0.0 0.0 
210 0.0 0.0 0.0 0.0 0.0 0.0 0.0 0.0 0.0 0.0 0.0 0.0 0.0 0.0 0.0 0.0 0.0 0.0 0.0 0.0 0.0 
211 0.0 0.0 0.0 0.0 0.0 0.0 0.0 0.0 0.0 0.0 0.0 0.0 0.0 0.0 0.0 0.0 0.0 0.0 0.0 0.0 0.0 
212 0.0 0.0 0.0 0.0 0.0 0.0 0.0 0.0 0.0 0.0 0.0 0.0 0.0 0.0 0.0 0.0 0.0 0.0 0.0 0.0 0.0 
213 0.0 0.0 0.0 0.0 0.0 0.0 0.0 0.0 0.0 0.0 0.0 0.0 0.0 0.0 0.0 0.0 0.0 0.0 0.0 0.0 0.0 
214 0.0 0.0 0.0 0.0 0.0 0.0 0.0 0.0 0.0 0.0 0.0 0.0 0.0 0.0 0.0 0.0 0.0 0.0 0.0 0.0 0.0 
215 0.0 0.0 0.0 0.0 0.0 0.0 0.0 0.0 0.0 0.0 0.0 0.0 0.0 0.0 0.0 0.0 0.0 0.0 0.0 0.0 0.0 
216 0.0 0.0 0.0 0.0 0.0 0.0 0.0 0.0 0.0 0.0 0.0 0.0 0.0 0.0 0.0 0.0 0.0 0.0 0.0 0.0 0.0 
217 0.0 0.0 0.0 0.0 0.0 0.0 0.0 0.0 0.0 0.0 0.0 0.0 0.0 0.0 0.0 0.0 0.0 0.0 0.0 0.0 0.0 
218 0.0 0.0 0.0 0.0 0.0 0.0 0.0 0.0 0.0 0.0 0.0 0.0 0.0 0.0 0.0 0.0 0.0 0.0 0.0 0.0 0.0 
219 0.0 0.0 0.0 0.0 0.0 0.0 0.0 0.0 0.0 0.0 0.0 0.0 0.0 0.0 0.0 0.0 0.0 0.0 0.0 0.0 0.0 
220 0.0 0.0 0.0 0.0 0.0 0.0 0.0 0.0 0.0 0.0 0.0 0.0 0.0 0.0 0.0 0.0 0.0 0.0 0.0 0.0 0.0 
221 0.0 0.0 0.0 0.0 0.0 0.0 0.0 0.0 0.0 0.0 0.0 0.0 0.0 0.0 0.0 0.0 0.0 0.0 0.0 0.0 0.0 
222 0.0 0.0 0.0 0.0 0.0 0.0 0.0 0.0 0.0 0.0 0.0 0.0 0.0 0.0 0.0 0.0 0.0 0.0 0.0 0.0 0.0 
223 0.0 0.0 0.0 0.0 0.0 0.0 0.0 0.0 0.0 0.0 0.0 0.0 0.0 0.0 0.0 0.0 0.0 0.0 0.0 0.0 0.0 
224 0.0 0.0 0.0 0.0 0.0 0.0 0.0 0.0 0.0 0.0 0.0 0.0 0.0 0.0 0.0 0.0 0.0 0.0 0.0 0.0 0.0 
225 0.0 0.0 0.0 0.0 0.0 0.0 0.0 0.0 0.0 0.0 0.0 0.0 0.0 0.0 0.0 0.0 0.0 0.0 0.0 0.0 0.0 
226 0.0 0.0 0.0 0.0 0.0 0.0 0.0 0.0 0.0 0.0 0.0 0.0 0.0 0.0 0.0 0.0 0.0 0.0 0.0 0.0 0.0 
227 0.0 0.0 0.0 0.0 0.0 0.0 0.0 0.0 0.0 0.0 0.0 0.0 0.0 0.0 0.0 0.0 0.0 0.0 0.0 0.0 0.0 
228 0.0 0.0 0.0 0.0 0.0 0.0 0.0 0.0 0.0 0.0 0.0 0.0 0.0 0.0 0.0 0.0 0.0 0.0 0.0 0.0 0.0 
229 0.0 0.0 0.0 0.0 0.0 0.0 0.0 0.0 0.0 0.0 0.0 0.0 0.0 0.0 0.0 0.0 0.0 0.0 0.0 0.0 0.0 
230 0.0 0.0 0.0 0.0 0.0 0.0 0.0 0.0 0.0 0.0 0.0 0.0 0.0 0.0 0.0 0.0 0.0 0.0 0.0 0.0 0.0 
231 0.0 0.0 0.0 0.0 0.0 0.0 0.0 0.0 0.0 0.0 0.0 0.0 0.0 0.0 0.0 0.0 0.0 0.0 0.0 0.0 0.0 
232 0.0 0.0 0.0 0.0 0.0 0.0 0.0 0.0 0.0 0.0 0.0 0.0 0.0 0.0 0.0 0.0 0.0 0.0 0.0 0.0 0.0 
233 0.0 0.0 0.0 0.0 0.0 0.0 0.0 0.0 0.0 0.0 0.0 0.0 0.0 0.0 0.0 0.0 0.0 0.0 0.0 0.0 0.0 
234 0.0 0.0 0.0 0.0 0.0 0.0 0.0 0.0 0.0 0.0 0.0 0.0 0.0 0.0 0.0 0.0 0.0 0.0 0.0 0.0 0.0 
235 0.0 0.0 0.0 0.0 0.0 0.0 0.0 0.0 0.0 0.0 0.0 0.0 0.0 0.0 0.0 0.0 0.0 0.0 0.0 0.0 0.0 
236 0.0 0.0 0.0 0.0 0.0 0.0 0.0 0.0 0.0 0.0 0.0 0.0 0.0 0.0 0.0 0.0 0.0 0.0 0.0 0.0 0.0 
237 0.0 0.0 0.0 0.0 0.0 0.0 0.0 0.0 0.0 0.0 0.0 0.0 0.0 0.0 0.0 0.0 0.0 0.0 0.0 0.0 0.0 
238 0.0 0.0 0.0 0.0 0.0 0.0 0.0 0.0 0.0 0.0 0.0 0.0 0.0 0.0 0.0 0.0 0.0 0.0 0.0 0.0 0.0 
239 0.0 0.0 0.0 0.0 0.0 0.0 0.0 0.0 0.0 0.0 0.0 0.0 0.0 0.0 0.0 0.0 0.0 0.0 0.0 0.0 0.0 
240 0.0 0.0 0.0 0.0 0.0 0.0 0.0 0.0 0.0 0.0 0.0 0.0 0.0 0.0 0.0 0.0 0.0 0.0 0.0 0.0 0.0 
241 0.0 0.0 0.0 0.0 0.0 0.0 0.0 0.0 0.0 0.0 0.0 0.0 0.0 0.0 0.0 0.0 0.0 0.0 0.0 0.0 0.0 
242 0.0 0.0 0.0 0.0 0.0 0.0 0.0 0.0 0.0 0.0 0.0 0.0 0.0 0.0 0.0 0.0 0.0 0.0 0.0 0.0 0.0 
243 0.0 0.0 0.0 0.0 0.0 0.0 0.0 0.0 0.0 0.0 0.0 0.0 0.0 0.0 0.0 0.0 0.0 0.0 0.0 0.0 0.0 
244 0.0 0.0 0.0 0.0 0.0 0.0 0.0 0.0 0.0 0.0 0.0 0.0 0.0 0.0 0.0 0.0 0.0 0.0 0.0 0.0 0.0 
245 0.0 0.0 0.0 0.0 0.0 0.0 0.0 0.0 0.0 0.0 0.0 0.0 0.0 0.0 0.0 0.0 0.0 0.0 0.0 0.0 0.0 
246 0.0 0.0 0.0 0.0 0.0 0.0 0.0 0.0 0.0 0.0 0.0 0.0 0.0 0.0 0.0 0.0 0.0 0.0 0.0 0.0 0.0 
247 0.0 0.0 0.0 0.0 0.0 0.0 0.0 0.0 0.0 0.0 0.0 0.0 0.0 0.0 0.0 0.0 0.0 0.0 0.0 0.0 0.0 
248 0.0 0.0 0.0 0.0 0.0 0.0 0.0 0.0 0.0 0.0 0.0 0.0 0.0 0.0 0.0 0.0 0.0 0.0 0.0 0.0 0.0 
249 0.0 0.0 0.0 0.0 0.0 0.0 0.0 0.0 0.0 0.0 0.0 0.0 0.0 0.0 0.0 0.0 0.0 0.0 0.0 0.0 0.0 
250 0.0 0.0 0.0 0.0 0.0 0.0 0.0 0.0 0.0 0.0 0.0 0.0 0.0 0.0 0.0 0.0 0.0 0.0 0.0 0.0 0.0 
251 0.0 0.0 0.0 0.0 0.0 0.0 0.0 0.0 0.0 0.0 0.0 0.0 0.0 0.0 0.0 0.0 0.0 0.0 0.0 0.0 0.0 
252 0.0 0.0 0.0 0.0 0.0 0.0 0.0 0.0 0.0 0.0 0.0 0.0 0.0 0.0 0.0 0.0 0.0 0.0 0.0 0.0 0.0 
253 0.0 0.0 0.0 0.0 0.0 0.0 0.0 0.0 0.0 0.0 0.0 0.0 0.0 0.0 0.0 0.0 0.0 0.0 0.0 0.0 0.0 
254 0.0 0.0 0.0 0.0 0.0 0.0 0.0 0.0 0.0 0.0 0.0 0.0 0.0 0.0 0.0 0.0 0.0 0.0 0.0 0.0 0.0 
255 0.0 0.0 0.0 0.0 0.0 0.0 0.0 0.0 0.0 0.0 0.0 0.0 0.0 0.0 0.0 0.0 0.0 0.0 0.0 0.0 0.0 
256 0.0 0.0 0.0 0.0 0.0 0.0 0.0 0.0 0.0 0.0 0.0 0.0 0.0 0.0 0.0 0.0 0.0 0.0 0.0 0.0 0.0 
257 0.0 0.0 0.0 0.0 0.0 0.0 0.0 0.0 0.0 0.0 0.0 0.0 0.0 0.0 0.0 0.0 0.0 0.0 0.0 0.0 0.0 
258 0.0 0.0 0.0 0.0 0.0 0.0 0.0 0.0 0.0 0.0 0.0 0.0 0.0 0.0 0.0 0.0 0.0 0.0 0.0 0.0 0.0 
259 0.0 0.0 0.0 0.0 0.0 0.0 0.0 0.0 0.0 0.0 0.0 0.0 0.0 0.0 0.0 0.0 0.0 0.0 0.0 0.0 0.0 
260 0.0 0.0 0.0 0.0 0.0 0.0 0.0 0.0 0.0 0.0 0.0 0.0 0.0 0.0 0.0 0.0 0.0 0.0 0.0 0.0 0.0 
261 0.0 0.0 0.0 0.0 0.0 0.0 0.0 0.0 0.0 0.0 0.0 0.0 0.0 0.0 0.0 0.0 0.0 0.0 0.0 0.0 0.0 
262 0.0 0.0 0.0 0.0 0.0 0.0 0.0 0.0 0.0 0.0 0.0 0.0 0.0 0.0 0.0 0.0 0.0 0.0 0.0 0.0 0.0 
263 0.0 0.0 0.0 0.0 0.0 0.0 0.0 0.0 0.0 0.0 0.0 0.0 0.0 0.0 0.0 0.0 0.0 0.0 0.0 0.0 0.0 
264 0.0 0.0 0.0 0.0 0.0 0.0 0.0 0.0 0.0 0.0 0.0 0.0 0.0 0.0 0.0 0.0 0.0 0.0 0.0 0.0 0.0 
265 0.0 0.0 0.0 0.0 0.0 0.0 0.0 0.0 0.0 0.0 0.0 0.0 0.0 0.0 0.0 0.0 0.0 0.0 0.0 0.0 0.0 
266 0.0 0.0 0.0 0.0 0.0 0.0 0.0 0.0 0.0 0.0 0.0 0.0 0.0 0.0 0.0 0.0 0.0 0.0 0.0 0.0 0.0 
267 0.0 0.0 0.0 0.0 0.0 0.0 0.0 0.0 0.0 0.0 0.0 0.0 0.0 0.0 0.0 0.0 0.0 0.0 0.0 0.0 0.0 
268 0.0 0.0 0.0 0.0 0.0 0.0 0.0 0.0 0.0 0.0 0.0 0.0 0.0 0.0 0.0 0.0 0.0 0.0 0.0 0.0 0.0 
269 0.0 0.0 0.0 0.0 0.0 0.0 0.0 0.0 0.0 0.0 0.0 0.0 0.0 0.0 0.0 0.0 0.0 0.0 0.0 0.0 0.0 
270 0.0 0.0 0.0 0.0 0.0 0.0 0.0 0.0 0.0 0.0 0.0 0.0 0.0 0.0 0.0 0.0 0.0 0.0 0.0 0.0 0.0 
271 0.0 0.0 0.0 0.0 0.0 0.0 0.0 0.0 0.0 0.0 0.0 0.0 0.0 0.0 0.0 0.0 0.0 0.0 0.0 0.0 0.0 
272 0.0 0.0 0.0 0.0 0.0 0.0 0.0 0.0 0.0 0.0 0.0 0.0 0.0 0.0 0.0 0.0 0.0 0.0 0.0 0.0 0.0 
273 0.0 0.0 0.0 0.0 0.0 0.0 0.0 0.0 0.0 0.0 0.0 0.0 0.0 0.0 0.0 0.0 0.0 0.0 0.0 0.0 0.0 
274 0.0 0.0 0.0 0.0 0.0 0.0 0.0 0.0 0.0 0.0 0.0 0.0 0.0 0.0 0.0 0.0 0.0 0.0 0.0 0.0 0.0 
275 0.0 0.0 0.0 0.0 0.0 0.0 0.0 0.0 0.0 0.0 0.0 0.0 0.0 0.0 0.0 0.0 0.0 0.0 0.0 0.0 0.0 
276 0.0 0.0 0.0 0.0 0.0 0.0 0.0 0.0 0.0 0.0 0.0 0.0 0.0 0.0 0.0 0.0 0.0 0.0 0.0 0.0 0.0 
277 0.0 0.0 0.0 0.0 0.0 0.0 0.0 0.0 0.0 0.0 0.0 0.0 0.0 0.0 0.0 0.0 0.0 0.0 0.0 0.0 0.0 
278 0.0 0.0 0.0 0.0 0.0 0.0 0.0 0.0 0.0 0.0 0.0 0.0 0.0 0.0 0.0 0.0 0.0 0.0 0.0 0.0 0.0 
279 0.0 0.0 0.0 0.0 0.0 0.0 0.0 0.0 0.0 0.0 0.0 0.0 0.0 0.0 0.0 0.0 0.0 0.0 0.0 0.0 0.0 
280 0.0 0.0 0.0 0.0 0.0 0.0 0.0 0.0 0.0 0.0 0.0 0.0 0.0 0.0 0.0 0.0 0.0 0.0 0.0 0.0 0.0 
281 0.0 0.0 0.0 0.0 0.0 0.0 0.0 0.0 0.0 0.0 0.0 0.0 0.0 0.0 0.0 0.0 0.0 0.0 0.0 0.0 0.0 
282 0.0 0.0 0.0 0.0 0.0 0.0 0.0 0.0 0.0 0.0 0.0 0.0 0.0 0.0 0.0 0.0 0.0 0.0 0.0 0.0 0.0 
283 0.0 0.0 0.0 0.0 0.0 0.0 0.0 0.0 0.0 0.0 0.0 0.0 0.0 0.0 0.0 0.0 0.0 0.0 0.0 0.0 0.0 
284 0.0 0.0 0.0 0.0 0.0 0.0 0.0 0.0 0.0 0.0 0.0 0.0 0.0 0.0 0.0 0.0 0.0 0.0 0.0 0.0 0.0 
285 0.0 0.0 0.0 0.0 0.0 0.0 0.0 0.0 0.0 0.0 0.0 0.0 0.0 0.0 0.0 0.0 0.0 0.0 0.0 0.0 0.0 
286 0.0 0.0 0.0 0.0 0.0 0.0 0.0 0.0 0.0 0.0 0.0 0.0 0.0 0.0 0.0 0.0 0.0 0.0 0.0 0.0 0.0 
287 0.0 0.0 0.0 0.0 0.0 0.0 0.0 0.0 0.0 0.0 0.0 0.0 0.0 0.0 0.0 0.0 0.0 0.0 0.0 0.0 0.0 
288 0.0 0.0 0.0 0.0 0.0 0.0 0.0 0.0 0.0 0.0 0.0 0.0 0.0 0.0 0.0 0.0 0.0 0.0 0.0 0.0 0.0 
289 0.0 0.0 0.0 0.0 0.0 0.0 0.0 0.0 0.0 0.0 0.0 0.0 0.0 0.0 0.0 0.0 0.0 0.0 0.0 0.0 0.0 
290 0.0 0.0 0.0 0.0 0.0 0.0 0.0 0.0 0.0 0.0 0.0 0.0 0.0 0.0 0.0 0.0 0.0 0.0 0.0 0.0 0.0 
291 0.0 0.0 0.0 0.0 0.0 0.0 0.0 0.0 0.0 0.0 0.0 0.0 0.0 0.0 0.0 0.0 0.0 0.0 0.0 0.0 0.0 
292 0.0 0.0 0.0 0.0 0.0 0.0 0.0 0.0 0.0 0.0 0.0 0.0 0.0 0.0 0.0 0.0 0.0 0.0 0.0 0.0 0.0 
293 0.0 0.0 0.0 0.0 0.0 0.0 0.0 0.0 0.0 0.0 0.0 0.0 0.0 0.0 0.0 0.0 0.0 0.0 0.0 0.0 0.0 
294 0.0 0.0 0.0 0.0 0.0 0.0 0.0 0.0 0.0 0.0 0.0 0.0 0.0 0.0 0.0 0.0 0.0 0.0 0.0 0.0 0.0 
295 0.0 0.0 0.0 0.0 0.0 0.0 0.0 0.0 0.0 0.0 0.0 0.0 0.0 0.0 0.0 0.0 0.0 0.0 0.0 0.0 0.0 
296 0.0 0.0 0.0 0.0 0.0 0.0 0.0 0.0 0.0 0.0 0.0 0.0 0.0 0.0 0.0 0.0 0.0 0.0 0.0 0.0 0.0 
297 0.0 0.0 0.0 0.0 0.0 0.0 0.0 0.0 0.0 0.0 0.0 0.0 0.0 0.0 0.0 0.0 0.0 0.0 0.0 0.0 0.0 
298 0.0 0.0 0.0 0.0 0.0 0.0 0.0 0.0 0.0 0.0 0.0 0.0 0.0 0.0 0.0 0.0 0.0 0.0 0.0 0.0 0.0 
299 0.0 0.0 0.0 0.0 0.0 0.0 0.0 0.0 0.0 0.0 0.0 0.0 0.0 0.0 0.0 0.0 0.0 0.0 0.0 0.0 0.0 
300 0.0 0.0 0.0 0.0 0.0 0.0 0.0 0.0 0.0 0.0 0.0 0.0 0.0 0.0 0.0 0.0 0.0 0.0 0.0 0.0 0.0 
301 0.0 0.0 0.0 0.0 0.0 0.0 0.0 0.0 0.0 0.0 0.0 0.0 0.0 0.0 0.0 0.0 0.0 0.0 0.0 0.0 0.0 
302 0.0 0.0 0.0 0.0 0.0 0.0 0.0 0.0 0.0 0.0 0.0 0.0 0.0 0.0 0.0 0.0 0.0 0.0 0.0 0.0 0.0 
303 0.0 0.0 0.0 0.0 0.0 0.0 0.0 0.0 0.0 0.0 0.0 0.0 0.0 0.0 0.0 0.0 0.0 0.0 0.0 0.0 0.0 
304 0.0 0.0 0.0 0.0 0.0 0.0 0.0 0.0 0.0 0.0 0.0 0.0 0.0 0.0 0.0 0.0 0.0 0.0 0.0 0.0 0.0 
305 0.0 0.0 0.0 0.0 0.0 0.0 0.0 0.0 0.0 0.0 0.0 0.0 0.0 0.0 0.0 0.0 0.0 0.0 0.0 0.0 0.0 
306 0.0 0.0 0.0 0.0 0.0 0.0 0.0 0.0 0.0 0.0 0.0 0.0 0.0 0.0 0.0 0.0 0.0 0.0 0.0 0.0 0.0 
307 0.0 0.0 0.0 0.0 0.0 0.0 0.0 0.0 0.0 0.0 0.0 0.0 0.0 0.0 0.0 0.0 0.0 0.0 0.0 0.0 0.0 
308 0.0 0.0 0.0 0.0 0.0 0.0 0.0 0.0 0.0 0.0 0.0 0.0 0.0 0.0 0.0 0.0 0.0 0.0 0.0 0.0 0.0 
309 0.0 0.0 0.0 0.0 0.0 0.0 0.0 0.0 0.0 0.0 0.0 0.0 0.0 0.0 0.0 0.0 0.0 0.0 0.0 0.0 0.0 
310 0.0 0.0 0.0 0.0 0.0 0.0 0.0 0.0 0.0 0.0 0.0 0.0 0.0 0.0 0.0 0.0 0.0 0.0 0.0 0.0 0.0 
311 0.0 0.0 0.0 0.0 0.0 0.0 0.0 0.0 0.0 0.0 0.0 0.0 0.0 0.0 0.0 0.0 0.0 0.0 0.0 0.0 0.0 
312 0.0 0.0 0.0 0.0 0.0 0.0 0.0 0.0 0.0 0.0 0.0 0.0 0.0 0.0 0.0 0.0 0.0 0.0 0.0 0.0 0.0 
313 0.0 0.0 0.0 0.0 0.0 0.0 0.0 0.0 0.0 0.0 0.0 0.0 0.0 0.0 0.0 0.0 0.0 0.0 0.0 0.0 0.0 
314 0.0 0.0 0.0 0.0 0.0 0.0 0.0 0.0 0.0 0.0 0.0 0.0 0.0 0.0 0.0 0.0 0.0 0.0 0.0 0.0 0.0 
315 0.0 0.0 0.0 0.0 0.0 0.0 0.0 0.0 0.0 0.0 0.0 0.0 0.0 0.0 0.0 0.0 0.0 0.0 0.0 0.0 0.0 
316 0.0 0.0 0.0 0.0 0.0 0.0 0.0 0.0 0.0 0.0 0.0 0.0 0.0 0.0 0.0 0.0 0.0 0.0 0.0 0.0 0.0 
317 0.0 0.0 0.0 0.0 0.0 0.0 0.0 0.0 0.0 0.0 0.0 0.0 0.0 0.0 0.0 0.0 0.0 0.0 0.0 0.0 0.0 
318 0.0 0.0 0.0 0.0 0.0 0.0 0.0 0.0 0.0 0.0 0.0 0.0 0.0 0.0 0.0 0.0 0.0 0.0 0.0 0.0 0.0 
319 0.0 0.0 0.0 0.0 0.0 0.0 0.0 0.0 0.0 0.0 0.0 0.0 0.0 0.0 0.0 0.0 0.0 0.0 0.0 0.0 0.0 
320 0.0 0.0 0.0 0.0 0.0 0.0 0.0 0.0 0.0 0.0 0.0 0.0 0.0 0.0 0.0 0.0 0.0 0.0 0.0 0.0 0.0 
321 0.0 0.0 0.0 0.0 0.0 0.0 0.0 0.0 0.0 0.0 0.0 0.0 0.0 0.0 0.0 0.0 0.0 0.0 0.0 0.0 0.0 
322 0.0 0.0 0.0 0.0 0.0 0.0 0.0 0.0 0.0 0.0 0.0 0.0 0.0 0.0 0.0 0.0 0.0 0.0 0.0 0.0 0.0 
323 0.0 0.0 0.0 0.0 0.0 0.0 0.0 0.0 0.0 0.0 0.0 0.0 0.0 0.0 0.0 0.0 0.0 0.0 0.0 0.0 0.0 
324 0.0 0.0 0.0 0.0 0.0 0.0 0.0 0.0 0.0 0.0 0.0 0.0 0.0 0.0 0.0 0.0 0.0 0.0 0.0 0.0 0.0 
325 0.0 0.0 0.0 0.0 0.0 0.0 0.0 0.0 0.0 0.0 0.0 0.0 0.0 0.0 0.0 0.0 0.0 0.0 0.0 0.0 0.0 
326 0.0 0.0 0.0 0.0 0.0 0.0 0.0 0.0 0.0 0.0 0.0 0.0 0.0 0.0 0.0 0.0 0.0 0.0 0.0 0.0 0.0 
327 0.0 0.0 0.0 0.0 0.0 0.0 0.0 0.0 0.0 0.0 0.0 0.0 0.0 0.0 0.0 0.0 0.0 0.0 0.0 0.0 0.0 
328 0.0 0.0 0.0 0.0 0.0 0.0 0.0 0.0 0.0 0.0 0.0 0.0 0.0 0.0 0.0 0.0 0.0 0.0 0.0 0.0 0.0 
329 0.0 0.0 0.0 0.0 0.0 0.0 0.0 0.0 0.0 0.0 0.0 0.0 0.0 0.0 0.0 0.0 0.0 0.0 0.0 0.0 0.0 
330 0.0 0.0 0.0 0.0 0.0 0.0 0.0 0.0 0.0 0.0 0.0 0.0 0.0 0.0 0.0 0.0 0.0 0.0 0.0 0.0 0.0 
331 0.0 0.0 0.0 0.0 0.0 0.0 0.0 0.0 0.0 0.0 0.0 0.0 0.0 0.0 0.0 0.0 0.0 0.0 0.0 0.0 0.0 
332 0.0 0.0 0.0 0.0 0.0 0.0 0.0 0.0 0.0 0.0 0.0 0.0 0.0 0.0 0.0 0.0 0.0 0.0 0.0 0.0 0.0 
333 0.0 0.0 0.0 0.0 0.0 0.0 0.0 0.0 0.0 0.0 0.0 0.0 0.0 0.0 0.0 0.0 0.0 0.0 0.0 0.0 0.0 
334 0.0 0.0 0.0 0.0 0.0 0.0 0.0 0.0 0.0 0.0 0.0 0.0 0.0 0.0 0.0 0.0 0.0 0.0 0.0 0.0 0.0 
335 0.0 0.0 0.0 0.0 0.0 0.0 0.0 0.0 0.0 0.0 0.0 0.0 0.0 0.0 0.0 0.0 0.0 0.0 0.0 0.0 0.0 
336 0.0 0.0 0.0 0.0 0.0 0.0 0.0 0.0 0.0 0.0 0.0 0.0 0.0 0.0 0.0 0.0 0.0 0.0 0.0 0.0 0.0 
337 0.0 0.0 0.0 0.0 0.0 0.0 0.0 0.0 0.0 0.0 0.0 0.0 0.0 0.0 0.0 0.0 0.0 0.0 0.0 0.0 0.0 
338 0.0 0.0 0.0 0.0 0.0 0.0 0.0 0.0 0.0 0.0 0.0 0.0 0.0 0.0 0.0 0.0 0.0 0.0 0.0 0.0 0.0 
339 0.0 0.0 0.0 0.0 0.0 0.0 0.0 0.0 0.0 0.0 0.0 0.0 0.0 0.0 0.0 0.0 0.0 0.0 0.0 0.0 0.0 
340 0.0 0.0 0.0 0.0 0.0 0.0 0.0 0.0 0.0 0.0 0.0 0.0 0.0 0.0 0.0 0.0 0.0 0.0 0.0 0.0 0.0 
341 0.0 0.0 0.0 0.0 0.0 0.0 0.0 0.0 0.0 0.0 0.0 0.0 0.0 0.0 0.0 0.0 0.0 0.0 0.0 0.0 0.0 
342 0.0 0.0 0.0 0.0 0.0 0.0 0.0 0.0 0.0 0.0 0.0 0.0 0.0 0.0 0.0 0.0 0.0 0.0 0.0 0.0 0.0 
343 0.0 0.0 0.0 0.0 0.0 0.0 0.0 0.0 0.0 0.0 0.0 0.0 0.0 0.0 0.0 0.0 0.0 0.0 0.0 0.0 0.0 
344 0.0 0.0 0.0 0.0 0.0 0.0 0.0 0.0 0.0 0.0 0.0 0.0 0.0 0.0 0.0 0.0 0.0 0.0 0.0 0.0 0.0 
345 0.0 0.0 0.0 0.0 0.0 0.0 0.0 0.0 0.0 0.0 0.0 0.0 0.0 0.0 0.0 0.0 0.0 0.0 0.0 0.0 0.0 
346 0.0 0.0 0.0 0.0 0.0 0.0 0.0 0.0 0.0 0.0 0.0 0.0 0.0 0.0 0.0 0.0 0.0 0.0 0.0 0.0 0.0 
347 0.0 0.0 0.0 0.0 0.0 0.0 0.0 0.0 0.0 0.0 0.0 0.0 0.0 0.0 0.0 0.0 0.0 0.0 0.0 0.0 0.0 
348 0.0 0.0 0.0 0.0 0.0 0.0 0.0 0.0 0.0 0.0 0.0 0.0 0.0 0.0 0.0 0.0 0.0 0.0 0.0 0.0 0.0 
349 0.0 0.0 0.0 0.0 0.0 0.0 0.0 0.0 0.0 0.0 0.0 0.0 0.0 0.0 0.0 0.0 0.0 0.0 0.0 0.0 0.0 
350 0.0 0.0 0.0 0.0 0.0 0.0 0.0 0.0 0.0 0.0 0.0 0.0 0.0 0.0 0.0 0.0 0.0 0.0 0.0 0.0 0.0 
351 0.0 0.0 0.0 0.0 0.0 0.0 0.0 0.0 0.0 0.0 0.0 0.0 0.0 0.0 0.0 0.0 0.0 0.0 0.0 0.0 0.0 
352 0.0 0.0 0.0 0.0 0.0 0.0 0.0 0.0 0.0 0.0 0.0 0.0 0.0 0.0 0.0 0.0 0.0 0.0 0.0 0.0 0.0 
353 0.0 0.0 0.0 0.0 0.0 0.0 0.0 0.0 0.0 0.0 0.0 0.0 0.0 0.0 0.0 0.0 0.0 0.0 0.0 0.0 0.0 
354 0.0 0.0 0.0 0.0 0.0 0.0 0.0 0.0 0.0 0.0 0.0 0.0 0.0 0.0 0.0 0.0 0.0 0.0 0.0 0.0 0.0 
355 0.0 0.0 0.0 0.0 0.0 0.0 0.0 0.0 0.0 0.0 0.0 0.0 0.0 0.0 0.0 0.0 0.0 0.0 0.0 0.0 0.0 
356 0.0 0.0 0.0 0.0 0.0 0.0 0.0 0.0 0.0 0.0 0.0 0.0 0.0 0.0 0.0 0.0 0.0 0.0 0.0 0.0 0.0 
357 0.0 0.0 0.0 0.0 0.0 0.0 0.0 0.0 0.0 0.0 0.0 0.0 0.0 0.0 0.0 0.0 0.0 0.0 0.0 0.0 0.0 
358 0.0 0.0 0.0 0.0 0.0 0.0 0.0 0.0 0.0 0.0 0.0 0.0 0.0 0.0 0.0 0.0 0.0 0.0 0.0 0.0 0.0 
359 0.0 0.0 0.0 0.0 0.0 0.0 0.0 0.0 0.0 0.0 0.0 0.0 0.0 0.0 0.0 0.0 0.0 0.0 0.0 0.0 0.0 
360 0.0 0.0 0.0 0.0 0.0 0.0 0.0 0.0 0.0 0.0 0.0 0.0 0.0 0.0 0.0 0.0 0.0 0.0 0.0 0.0 0.0 
361 0.0 0.0 0.0 0.0 0.0 0.0 0.0 0.0 0.0 0.0 0.0 0.0 0.0 0.0 0.0 0.0 0.0 0.0 0.0 0.0 0.0 
362 0.0 0.0 0.0 0.0 0.0 0.0 0.0 0.0 0.0 0.0 0.0 0.0 0.0 0.0 0.0 0.0 0.0 0.0 0.0 0.0 0.0 
363 0.0 0.0 0.0 0.0 0.0 0.0 0.0 0.0 0.0 0.0 0.0 0.0 0.0 0.0 0.0 0.0 0.0 0.0 0.0 0.0 0.0 
364 0.0 0.0 0.0 0.0 0.0 0.0 0.0 0.0 0.0 0.0 0.0 0.0 0.0 0.0 0.0 0.0 0.0 0.0 0.0 0.0 0.0 
365 0.0 0.0 0.0 0.0 0.0 0.0 0.0 0.0 0.0 0.0 0.0 0.0 0.0 0.0 0.0 0.0 0.0 0.0 0.0 0.0 0.0 
366 0.0 0.0 0.0 0.0 0.0 0.0 0.0 0.0 0.0 0.0 0.0 0.0 0.0 0.0 0.0 0.0 0.0 0.0 0.0 0.0 0.0 
367 0.0 0.0 0.0 0.0 0.0 0.0 0.0 0.0 0.0 0.0 0.0 0.0 0.0 0.0 0.0 0.0 0.0 0.0 0.0 0.0 0.0 
368 0.0 0.0 0.0 0.0 0.0 0.0 0.0 0.0 0.0 0.0 0.0 0.0 0.0 0.0 0.0 0.0 0.0 0.0 0.0 0.0 0.0 
369 0.0 0.0 0.0 0.0 0.0 0.0 0.0 0.0 0.0 0.0 0.0 0.0 0.0 0.0 0.0 0.0 0.0 0.0 0.0 0.0 0.0 
370 0.0 0.0 0.0 0.0 0.0 0.0 0.0 0.0 0.0 0.0 0.0 0.0 0.0 0.0 0.0 0.0 0.0 0.0 0.0 0.0 0.0 
371 0.0 0.0 0.0 0.0 0.0 0.0 0.0 0.0 0.0 0.0 0.0 0.0 0.0 0.0 0.0 0.0 0.0 0.0 0.0 0.0 0.0 
372 0.0 0.0 0.0 0.0 0.0 0.0 0.0 0.0 0.0 0.0 0.0 0.0 0.0 0.0 0.0 0.0 0.0 0.0 0.0 0.0 0.0 
373 0.0 0.0 0.0 0.0 0.0 0.0 0.0 0.0 0.0 0.0 0.0 0.0 0.0 0.0 0.0 0.0 0.0 0.0 0.0 0.0 0.0 
374 0.0 0.0 0.0 0.0 0.0 0.0 0.0 0.0 0.0 0.0 0.0 0.0 0.0 0.0 0.0 0.0 0.0 0.0 0.0 0.0 0.0 
375 0.0 0.0 0.0 0.0 0.0 0.0 0.0 0.0 0.0 0.0 0.0 0.0 0.0 0.0 0.0 0.0 0.0 0.0 0.0 0.0 0.0 
376 0.0 0.0 0.0 0.0 0.0 0.0 0.0 0.0 0.0 0.0 0.0 0.0 0.0 0.0 0.0 0.0 0.0 0.0 0.0 0.0 0.0 
377 0.0 0.0 0.0 0.0 0.0 0.0 0.0 0.0 0.0 0.0 0.0 0.0 0.0 0.0 0.0 0.0 0.0 0.0 0.0 0.0 0.0 
378 0.0 0.0 0.0 0.0 0.0 0.0 0.0 0.0 0.0 0.0 0.0 0.0 0.0 0.0 0.0 0.0 0.0 0.0 0.0 0.0 0.0 
379 0.0 0.0 0.0 0.0 0.0 0.0 0.0 0.0 0.0 0.0 0.0 0.0 0.0 0.0 0.0 0.0 0.0 0.0 0.0 0.0 0.0 
380 0.0 0.0 0.0 0.0 0.0 0.0 0.0 0.0 0.0 0.0 0.0 0.0 0.0 0.0 0.0 0.0 0.0 0.0 0.0 0.0 0.0 
381 0.0 0.0 0.0 0.0 0.0 0.0 0.0 0.0 0.0 0.0 0.0 0.0 0.0 0.0 0.0 0.0 0.0 0.0 0.0 0.0 0.0 
382 0.0 0.0 0.0 0.0 0.0 0.0 0.0 0.0 0.0 0.0 0.0 0.0 0.0 0.0 0.0 0.0 0.0 0.0 0.0 0.0 0.0 
383 0.0 0.0 0.0 0.0 0.0 0.0 0.0 0.0 0.0 0.0 0.0 0.0 0.0 0.0 0.0 0.0 0.0 0.0 0.0 0.0 0.0 
384 0.0 0.0 0.0 0.0 0.0 0.0 0.0 0.0 0.0 0.0 0.0 0.0 0.0 0.0 0.0 0.0 0.0 0.0 0.0 0.0 0.0 
385 0.0 0.0 0.0 0.0 0.0 0.0 0.0 0.0 0.0 0.0 0.0 0.0 0.0 0.0 0.0 0.0 0.0 0.0 0.0 0.0 0.0 
386 0.0 0.0 0.0 0.0 0.0 0.0 0.0 0.0 0.0 0.0 0.0 0.0 0.0 0.0 0.0 0.0 0.0 0.0 0.0 0.0 0.0 
387 0.0 0.0 0.0 0.0 0.0 0.0 0.0 0.0 0.0 0.0 0.0 0.0 0.0 0.0 0.0 0.0 0.0 0.0 0.0 0.0 0.0 
388 0.0 0.0 0.0 0.0 0.0 0.0 0.0 0.0 0.0 0.0 0.0 0.0 0.0 0.0 0.0 0.0 0.0 0.0 0.0 0.0 0.0 
389 0.0 0.0 0.0 0.0 0.0 0.0 0.0 0.0 0.0 0.0 0.0 0.0 0.0 0.0 0.0 0.0 0.0 0.0 0.0 0.0 0.0 
390 0.0 0.0 0.0 0.0 0.0 0.0 0.0 0.0 0.0 0.0 0.0 0.0 0.0 0.0 0.0 0.0 0.0 0.0 0.0 0.0 0.0 
391 0.0 0.0 0.0 0.0 0.0 0.0 0.0 0.0 0.0 0.0 0.0 0.0 0.0 0.0 0.0 0.0 0.0 0.0 0.0 0.0 0.0 
392 0.0 0.0 0.0 0.0 0.0 0.0 0.0 0.0 0.0 0.0 0.0 0.0 0.0 0.0 0.0 0.0 0.0 0.0 0.0 0.0 0.0 
393 0.0 0.0 0.0 0.0 0.0 0.0 0.0 0.0 0.0 0.0 0.0 0.0 0.0 0.0 0.0 0.0 0.0 0.0 0.0 0.0 0.0 
394 0.0 0.0 0.0 0.0 0.0 0.0 0.0 0.0 0.0 0.0 0.0 0.0 0.0 0.0 0.0 0.0 0.0 0.0 0.0 0.0 0.0 
395 0.0 0.0 0.0 0.0 0.0 0.0 0.0 0.0 0.0 0.0 0.0 0.0 0.0 0.0 0.0 0.0 0.0 0.0 0.0 0.0 0.0 
396 0.0 0.0 0.0 0.0 0.0 0.0 0.0 0.0 0.0 0.0 0.0 0.0 0.0 0.0 0.0 0.0 0.0 0.0 0.0 0.0 0.0 
397 0.0 0.0 0.0 0.0 0.0 0.0 0.0 0.0 0.0 0.0 0.0 0.0 0.0 0.0 0.0 0.0 0.0 0.0 0.0 0.0 0.0 
398 0.0 0.0 0.0 0.0 0.0 0.0 0.0 0.0 0.0 0.0 0.0 0.0 0.0 0.0 0.0 0.0 0.0 0.0 0.0 0.0 0.0 
399 0.0 0.0 0.0 0.0 0.0 0.0 0.0 0.0 0.0 0.0 0.0 0.0 0.0 0.0 0.0 0.0 0.0 0.0 0.0 0.0 0.0 
400 0.0 0.0 0.0 0.0 0.0 0.0 0.0 0.0 0.0 0.0 0.0 0.0 0.0 0.0 0.0 0.0 0.0 0.0 0.0 0.0 0.0 
401 0.0 0.0 0.0 0.0 0.0 0.0 0.0 0.0 0.0 0.0 0.0 0.0 0.0 0.0 0.0 0.0 0.0 0.0 0.0 0.0 0.0 
402 0.0 0.0 0.0 0.0 0.0 0.0 0.0 0.0 0.0 0.0 0.0 0.0 0.0 0.0 0.0 0.0 0.0 0.0 0.0 0.0 0.0 
403 0.0 0.0 0.0 0.0 0.0 0.0 0.0 0.0 0.0 0.0 0.0 0.0 0.0 0.0 0.0 0.0 0.0 0.0 0.0 0.0 0.0 
404 0.0 0.0 0.0 0.0 0.0 0.0 0.0 0.0 0.0 0.0 0.0 0.0 0.0 0.0 0.0 0.0 0.0 0.0 0.0 0.0 0.0 
405 0.0 0.0 0.0 0.0 0.0 0.0 0.0 0.0 0.0 0.0 0.0 0.0 0.0 0.0 0.0 0.0 0.0 0.0 0.0 0.0 0.0 
406 0.0 0.0 0.0 0.0 0.0 0.0 0.0 0.0 0.0 0.0 0.0 0.0 0.0 0.0 0.0 0.0 0.0 0.0 0.0 0.0 0.0 
407 0.0 0.0 0.0 0.0 0.0 0.0 0.0 0.0 0.0 0.0 0.0 0.0 0.0 0.0 0.0 0.0 0.0 0.0 0.0 0.0 0.0 
408 0.0 0.0 0.0 0.0 0.0 0.0 0.0 0.0 0.0 0.0 0.0 0.0 0.0 0.0 0.0 0.0 0.0 0.0 0.0 0.0 0.0 
409 0.0 0.0 0.0 0.0 0.0 0.0 0.0 0.0 0.0 0.0 0.0 0.0 0.0 0.0 0.0 0.0 0.0 0.0 0.0 0.0 0.0 
410 0.0 0.0 0.0 0.0 0.0 0.0 0.0 0.0 0.0 0.0 0.0 0.0 0.0 0.0 0.0 0.0 0.0 0.0 0.0 0.0 0.0 
411 0.0 0.0 0.0 0.0 0.0 0.0 0.0 0.0 0.0 0.0 0.0 0.0 0.0 0.0 0.0 0.0 0.0 0.0 0.0 0.0 0.0 
412 0.0 0.0 0.0 0.0 0.0 0.0 0.0 0.0 0.0 0.0 0.0 0.0 0.0 0.0 0.0 0.0 0.0 0.0 0.0 0.0 0.0 
413 0.0 0.0 0.0 0.0 0.0 0.0 0.0 0.0 0.0 0.0 0.0 0.0 0.0 0.0 0.0 0.0 0.0 0.0 0.0 0.0 0.0 
414 0.0 0.0 0.0 0.0 0.0 0.0 0.0 0.0 0.0 0.0 0.0 0.0 0.0 0.0 0.0 0.0 0.0 0.0 0.0 0.0 0.0 
415 0.0 0.0 0.0 0.0 0.0 0.0 0.0 0.0 0.0 0.0 0.0 0.0 0.0 0.0 0.0 0.0 0.0 0.0 0.0 0.0 0.0 
416 0.0 0.0 0.0 0.0 0.0 0.0 0.0 0.0 0.0 0.0 0.0 0.0 0.0 0.0 0.0 0.0 0.0 0.0 0.0 0.0 0.0 
417 0.0 0.0 0.0 0.0 0.0 0.0 0.0 0.0 0.0 0.0 0.0 0.0 0.0 0.0 0.0 0.0 0.0 0.0 0.0 0.0 0.0 
418 0.0 0.0 0.0 0.0 0.0 0.0 0.0 0.0 0.0 0.0 0.0 0.0 0.0 0.0 0.0 0.0 0.0 0.0 0.0 0.0 0.0 
419 0.0 0.0 0.0 0.0 0.0 0.0 0.0 0.0 0.0 0.0 0.0 0.0 0.0 0.0 0.0 0.0 0.0 0.0 0.0 0.0 0.0 
420 0.0 0.0 0.0 0.0 0.0 0.0 0.0 0.0 0.0 0.0 0.0 0.0 0.0 0.0 0.0 0.0 0.0 0.0 0.0 0.0 0.0 
421 0.0 0.0 0.0 0.0 0.0 0.0 0.0 0.0 0.0 0.0 0.0 0.0 0.0 0.0 0.0 0.0 0.0 0.0 0.0 0.0 0.0 
422 0.0 0.0 0.0 0.0 0.0 0.0 0.0 0.0 0.0 0.0 0.0 0.0 0.0 0.0 0.0 0.0 0.0 0.0 0.0 0.0 0.0 
423 0.0 0.0 0.0 0.0 0.0 0.0 0.0 0.0 0.0 0.0 0.0 0.0 0.0 0.0 0.0 0.0 0.0 0.0 0.0 0.0 0.0 
424 0.0 0.0 0.0 0.0 0.0 0.0 0.0 0.0 0.0 0.0 0.0 0.0 0.0 0.0 0.0 0.0 0.0 0.0 0.0 0.0 0.0 
425 0.0 0.0 0.0 0.0 0.0 0.0 0.0 0.0 0.0 0.0 0.0 0.0 0.0 0.0 0.0 0.0 0.0 0.0 0.0 0.0 0.0 
426 0.0 0.0 0.0 0.0 0.0 0.0 0.0 0.0 0.0 0.0 0.0 0.0 0.0 0.0 0.0 0.0 0.0 0.0 0.0 0.0 0.0 
427 0.0 0.0 0.0 0.0 0.0 0.0 0.0 0.0 0.0 0.0 0.0 0.0 0.0 0.0 0.0 0.0 0.0 0.0 0.0 0.0 0.0 
428 0.0 0.0 0.0 0.0 0.0 0.0 0.0 0.0 0.0 0.0 0.0 0.0 0.0 0.0 0.0 0.0 0.0 0.0 0.0 0.0 0.0 
429 0.0 0.0 0.0 0.0 0.0 0.0 0.0 0.0 0.0 0.0 0.0 0.0 0.0 0.0 0.0 0.0 0.0 0.0 0.0 0.0 0.0 
430 0.0 0.0 0.0 0.0 0.0 0.0 0.0 0.0 0.0 0.0 0.0 0.0 0.0 0.0 0.0 0.0 0.0 0.0 0.0 0.0 0.0 
431 0.0 0.0 0.0 0.0 0.0 0.0 0.0 0.0 0.0 0.0 0.0 0.0 0.0 0.0 0.0 0.0 0.0 0.0 0.0 0.0 0.0 
432 0.0 0.0 0.0 0.0 0.0 0.0 0.0 0.0 0.0 0.0 0.0 0.0 0.0 0.0 0.0 0.0 0.0 0.0 0.0 0.0 0.0 
433 0.0 0.0 0.0 0.0 0.0 0.0 0.0 0.0 0.0 0.0 0.0 0.0 0.0 0.0 0.0 0.0 0.0 0.0 0.0 0.0 0.0 
434 0.0 0.0 0.0 0.0 0.0 0.0 0.0 0.0 0.0 0.0 0.0 0.0 0.0 0.0 0.0 0.0 0.0 0.0 0.0 0.0 0.0 
435 0.0 0.0 0.0 0.0 0.0 0.0 0.0 0.0 0.0 0.0 0.0 0.0 0.0 0.0 0.0 0.0 0.0 0.0 0.0 0.0 0.0 
436 0.0 0.0 0.0 0.0 0.0 0.0 0.0 0.0 0.0 0.0 0.0 0.0 0.0 0.0 0.0 0.0 0.0 0.0 0.0 0.0 0.0 
437 0.0 0.0 0.0 0.0 0.0 0.0 0.0 0.0 0.0 0.0 0.0 0.0 0.0 0.0 0.0 0.0 0.0 0.0 0.0 0.0 0.0 
438 0.0 0.0 0.0 0.0 0.0 0.0 0.0 0.0 0.0 0.0 0.0 0.0 0.0 0.0 0.0 0.0 0.0 0.0 0.0 0.0 0.0 
439 0.0 0.0 0.0 0.0 0.0 0.0 0.0 0.0 0.0 0.0 0.0 0.0 0.0 0.0 0.0 0.0 0.0 0.0 0.0 0.0 0.0 
440 0.0 0.0 0.0 0.0 0.0 0.0 0.0 0.0 0.0 0.0 0.0 0.0 0.0 0.0 0.0 0.0 0.0 0.0 0.0 0.0 0.0 
441 0.0 0.0 0.0 0.0 0.0 0.0 0.0 0.0 0.0 0.0 0.0 0.0 0.0 0.0 0.0 0.0 0.0 0.0 0.0 0.0 0.0 
442 0.0 0.0 0.0 0.0 0.0 0.0 0.0 0.0 0.0 0.0 0.0 0.0 0.0 0.0 0.0 0.0 0.0 0.0 0.0 0.0 0.0 
443 0.0 0.0 0.0 0.0 0.0 0.0 0.0 0.0 0.0 0.0 0.0 0.0 0.0 0.0 0.0 0.0 0.0 0.0 0.0 0.0 0.0 
444 0.0 0.0 0.0 0.0 0.0 0.0 0.0 0.0 0.0 0.0 0.0 0.0 0.0 0.0 0.0 0.0 0.0 0.0 0.0 0.0 0.0 
445 0.0 0.0 0.0 0.0 0.0 0.0 0.0 0.0 0.0 0.0 0.0 0.0 0.0 0.0 0.0 0.0 0.0 0.0 0.0 0.0 0.0 
446 0.0 0.0 0.0 0.0 0.0 0.0 0.0 0.0 0.0 0.0 0.0 0.0 0.0 0.0 0.0 0.0 0.0 0.0 0.0 0.0 0.0 
447 0.0 0.0 0.0 0.0 0.0 0.0 0.0 0.0 0.0 0.0 0.0 0.0 0.0 0.0 0.0 0.0 0.0 0.0 0.0 0.0 0.0 
448 0.0 0.0 0.0 0.0 0.0 0.0 0.0 0.0 0.0 0.0 0.0 0.0 0.0 0.0 0.0 0.0 0.0 0.0 0.0 0.0 0.0 
449 0.0 0.0 0.0 0.0 0.0 0.0 0.0 0.0 0.0 0.0 0.0 0.0 0.0 0.0 0.0 0.0 0.0 0.0 0.0 0.0 0.0 
450 0.0 0.0 0.0 0.0 0.0 0.0 0.0 0.0 0.0 0.0 0.0 0.0 0.0 0.0 0.0 0.0 0.0 0.0 0.0 0.0 0.0 
451 0.0 0.0 0.0 0.0 0.0 0.0 0.0 0.0 0.0 0.0 0.0 0.0 0.0 0.0 0.0 0.0 0.0 0.0 0.0 0.0 0.0 
452 0.0 0.0 0.0 0.0 0.0 0.0 0.0 0.0 0.0 0.0 0.0 0.0 0.0 0.0 0.0 0.0 0.0 0.0 0.0 0.0 0.0 
453 0.0 0.0 0.0 0.0 0.0 0.0 0.0 0.0 0.0 0.0 0.0 0.0 0.0 0.0 0.0 0.0 0.0 0.0 0.0 0.0 0.0 
454 0.0 0.0 0.0 0.0 0.0 0.0 0.0 0.0 0.0 0.0 0.0 0.0 0.0 0.0 0.0 0.0 0.0 0.0 0.0 0.0 0.0 
455 0.0 0.0 0.0 0.0 0.0 0.0 0.0 0.0 0.0 0.0 0.0 0.0 0.0 0.0 0.0 0.0 0.0 0.0 0.0 0.0 0.0 
456 0.0 0.0 0.0 0.0 0.0 0.0 0.0 0.0 0.0 0.0 0.0 0.0 0.0 0.0 0.0 0.0 0.0 0.0 0.0 0.0 0.0 
457 0.0 0.0 0.0 0.0 0.0 0.0 0.0 0.0 0.0 0.0 0.0 0.0 0.0 0.0 0.0 0.0 0.0 0.0 0.0 0.0 0.0 
458 0.0 0.0 0.0 0.0 0.0 0.0 0.0 0.0 0.0 0.0 0.0 0.0 0.0 0.0 0.0 0.0 0.0 0.0 0.0 0.0 0.0 
459 0.0 0.0 0.0 0.0 0.0 0.0 0.0 0.0 0.0 0.0 0.0 0.0 0.0 0.0 0.0 0.0 0.0 0.0 0.0 0.0 0.0 
460 0.0 0.0 0.0 0.0 0.0 0.0 0.0 0.0 0.0 0.0 0.0 0.0 0.0 0.0 0.0 0.0 0.0 0.0 0.0 0.0 0.0 
461 0.0 0.0 0.0 0.0 0.0 0.0 0.0 0.0 0.0 0.0 0.0 0.0 0.0 0.0 0.0 0.0 0.0 0.0 0.0 0.0 0.0 
462 0.0 0.0 0.0 0.0 0.0 0.0 0.0 0.0 0.0 0.0 0.0 0.0 0.0 0.0 0.0 0.0 0.0 0.0 0.0 0.0 0.0 
463 0.0 0.0 0.0 0.0 0.0 0.0 0.0 0.0 0.0 0.0 0.0 0.0 0.0 0.0 0.0 0.0 0.0 0.0 0.0 0.0 0.0 
464 0.0 0.0 0.0 0.0 0.0 0.0 0.0 0.0 0.0 0.0 0.0 0.0 0.0 0.0 0.0 0.0 0.0 0.0 0.0 0.0 0.0 
465 0.0 0.0 0.0 0.0 0.0 0.0 0.0 0.0 0.0 0.0 0.0 0.0 0.0 0.0 0.0 0.0 0.0 0.0 0.0 0.0 0.0 
466 0.0 0.0 0.0 0.0 0.0 0.0 0.0 0.0 0.0 0.0 0.0 0.0 0.0 0.0 0.0 0.0 0.0 0.0 0.0 0.0 0.0 
467 0.0 0.0 0.0 0.0 0.0 0.0 0.0 0.0 0.0 0.0 0.0 0.0 0.0 0.0 0.0 0.0 0.0 0.0 0.0 0.0 0.0 
468 0.0 0.0 0.0 0.0 0.0 0.0 0.0 0.0 0.0 0.0 0.0 0.0 0.0 0.0 0.0 0.0 0.0 0.0 0.0 0.0 0.0 
469 0.0 0.0 0.0 0.0 0.0 0.0 0.0 0.0 0.0 0.0 0.0 0.0 0.0 0.0 0.0 0.0 0.0 0.0 0.0 0.0 0.0 
470 0.0 0.0 0.0 0.0 0.0 0.0 0.0 0.0 0.0 0.0 0.0 0.0 0.0 0.0 0.0 0.0 0.0 0.0 0.0 0.0 0.0 
471 0.0 0.0 0.0 0.0 0.0 0.0 0.0 0.0 0.0 0.0 0.0 0.0 0.0 0.0 0.0 0.0 0.0 0.0 0.0 0.0 0.0 
472 0.0 0.0 0.0 0.0 0.0 0.0 0.0 0.0 0.0 0.0 0.0 0.0 0.0 0.0 0.0 0.0 0.0 0.0 0.0 0.0 0.0 
473 0.0 0.0 0.0 0.0 0.0 0.0 0.0 0.0 0.0 0.0 0.0 0.0 0.0 0.0 0.0 0.0 0.0 0.0 0.0 0.0 0.0 
474 0.0 0.0 0.0 0.0 0.0 0.0 0.0 0.0 0.0 0.0 0.0 0.0 0.0 0.0 0.0 0.0 0.0 0.0 0.0 0.0 0.0 
475 0.0 0.0 0.0 0.0 0.0 0.0 0.0 0.0 0.0 0.0 0.0 0.0 0.0 0.0 0.0 0.0 0.0 0.0 0.0 0.0 0.0 
476 0.0 0.0 0.0 0.0 0.0 0.0 0.0 0.0 0.0 0.0 0.0 0.0 0.0 0.0 0.0 0.0 0.0 0.0 0.0 0.0 0.0 
477 0.0 0.0 0.0 0.0 0.0 0.0 0.0 0.0 0.0 0.0 0.0 0.0 0.0 0.0 0.0 0.0 0.0 0.0 0.0 0.0 0.0 
478 0.0 0.0 0.0 0.0 0.0 0.0 0.0 0.0 0.0 0.0 0.0 0.0 0.0 0.0 0.0 0.0 0.0 0.0 0.0 0.0 0.0 
479 0.0 0.0 0.0 0.0 0.0 0.0 0.0 0.0 0.0 0.0 0.0 0.0 0.0 0.0 0.0 0.0 0.0 0.0 0.0 0.0 0.0 
480 0.0 0.0 0.0 0.0 0.0 0.0 0.0 0.0 0.0 0.0 0.0 0.0 0.0 0.0 0.0 0.0 0.0 0.0 0.0 0.0 0.0 
481 0.0 0.0 0.0 0.0 0.0 0.0 0.0 0.0 0.0 0.0 0.0 0.0 0.0 0.0 0.0 0.0 0.0 0.0 0.0 0.0 0.0 
482 0.0 0.0 0.0 0.0 0.0 0.0 0.0 0.0 0.0 0.0 0.0 0.0 0.0 0.0 0.0 0.0 0.0 0.0 0.0 0.0 0.0 
483 0.0 0.0 0.0 0.0 0.0 0.0 0.0 0.0 0.0 0.0 0.0 0.0 0.0 0.0 0.0 0.0 0.0 0.0 0.0 0.0 0.0 
484 0.0 0.0 0.0 0.0 0.0 0.0 0.0 0.0 0.0 0.0 0.0 0.0 0.0 0.0 0.0 0.0 0.0 0.0 0.0 0.0 0.0 
485 0.0 0.0 0.0 0.0 0.0 0.0 0.0 0.0 0.0 0.0 0.0 0.0 0.0 0.0 0.0 0.0 0.0 0.0 0.0 0.0 0.0 
486 0.0 0.0 0.0 0.0 0.0 0.0 0.0 0.0 0.0 0.0 0.0 0.0 0.0 0.0 0.0 0.0 0.0 0.0 0.0 0.0 0.0 
487 0.0 0.0 0.0 0.0 0.0 0.0 0.0 0.0 0.0 0.0 0.0 0.0 0.0 0.0 0.0 0.0 0.0 0.0 0.0 0.0 0.0 
488 0.0 0.0 0.0 0.0 0.0 0.0 0.0 0.0 0.0 0.0 0.0 0.0 0.0 0.0 0.0 0.0 0.0 0.0 0.0 0.0 0.0 
489 0.0 0.0 0.0 0.0 0.0 0.0 0.0 0.0 0.0 0.0 0.0 0.0 0.0 0.0 0.0 0.0 0.0 0.0 0.0 0.0 0.0 
490 0.0 0.0 0.0 0.0 0.0 0.0 0.0 0.0 0.0 0.0 0.0 0.0 0.0 0.0 0.0 0.0 0.0 0.0 0.0 0.0 0.0 
491 0.0 0.0 0.0 0.0 0.0 0.0 0.0 0.0 0.0 0.0 0.0 0.0 0.0 0.0 0.0 0.0 0.0 0.0 0.0 0.0 0.0 
492 0.0 0.0 0.0 0.0 0.0 0.0 0.0 0.0 0.0 0.0 0.0 0.0 0.0 0.0 0.0 0.0 0.0 0.0 0.0 0.0 0.0 
493 0.0 0.0 0.0 0.0 0.0 0.0 0.0 0.0 0.0 0.0 0.0 0.0 0.0 0.0 0.0 0.0 0.0 0.0 0.0 0.0 0.0 
494 0.0 0.0 0.0 0.0 0.0 0.0 0.0 0.0 0.0 0.0 0.0 0.0 0.0 0.0 0.0 0.0 0.0 0.0 0.0 0.0 0.0 
495 0.0 0.0 0.0 0.0 0.0 0.0 0.0 0.0 0.0 0.0 0.0 0.0 0.0 0.0 0.0 0.0 0.0 0.0 0.0 0.0 0.0 
496 0.0 0.0 0.0 0.0 0.0 0.0 0.0 0.0 0.0 0.0 0.0 0.0 0.0 0.0 0.0 0.0 0.0 0.0 0.0 0.0 0.0 
497 0.0 0.0 0.0 0.0 0.0 0.0 0.0 0.0 0.0 0.0 0.0 0.0 0.0 0.0 0.0 0.0 0.0 0.0 0.0 0.0 0.0 
498 0.0 0.0 0.0 0.0 0.0 0.0 0.0 0.0 0.0 0.0 0.0 0.0 0.0 0.0 0.0 0.0 0.0 0.0 0.0 0.0 0.0 
499 0.0 0.0 0.0 0.0 0.0 0.0 0.0 0.0 0.0 0.0 0.0 0.0 0.0 0.0 0.0 0.0 0.0 0.0 0.0 0.0 0.0 
