0 100.6 277.75 262.05 257.65 258.75 256.0 254.75 254.45 249.15 246.65 249.35 246.0 246.2 247.0 248.75 242.6 249.4 245.2 242.5 242.5 245.1 
1 0.0 548.15 528.95 516.05 511.8 507.7 504.5 506.65 500.8 498.65 494.05 485.75 500.25 494.05 491.85 503.55 492.25 496.65 496.95 496.35 489.65 
2 0.0 534.95 523.45 519.2 505.1 499.5 502.4 500.4 502.15 499.65 491.8 498.35 490.8 498.3 497.45 497.15 488.35 499.65 495.35 493.9 489.7 
3 0.0 520.2 514.3 504.55 500.65 498.0 503.1 496.55 504.45 488.2 498.7 492.35 501.6 495.6 491.95 493.55 501.4 496.35 492.65 497.55 500.35 
4 0.0 510.25 503.4 509.45 502.65 511.75 500.25 503.7 495.3 497.15 486.45 507.0 487.25 488.8 488.25 492.85 494.4 492.15 492.35 489.15 485.1 
5 0.0 494.6 502.65 503.25 506.8 500.65 501.0 496.75 498.4 494.55 496.6 488.75 494.2 492.75 501.15 495.6 489.35 488.7 498.2 494.35 496.4 
6 0.0 484.65 500.4 509.2 499.55 502.55 490.35 499.35 495.85 487.1 494.7 496.8 497.25 501.0 497.95 492.55 495.35 492.0 496.35 500.4 500.05 
7 0.0 486.1 495.15 491.1 499.05 494.35 494.1 482.65 482.0 501.65 484.35 492.05 485.85 487.45 494.65 488.75 499.0 484.35 489.8 480.45 494.6 
8 0.0 483.6 483.45 493.65 499.35 488.2 495.65 493.0 485.6 490.05 488.6 488.4 489.65 490.95 495.5 495.0 489.35 499.55 478.7 490.2 481.95 
9 0.0 471.5 490.2 483.7 493.05 494.2 483.65 489.25 485.5 491.0 497.2 480.3 484.1 493.4 480.2 487.95 494.3 483.5 487.3 488.0 478.7 
10 0.0 477.45 483.3 489.25 491.45 492.8 490.15 487.55 490.8 489.7 496.6 499.25 489.75 484.4 483.65 489.35 485.2 488.4 489.7 488.25 495.55 
11 0.0 478.1 473.75 481.8 482.5 487.75 486.95 494.5 493.7 484.95 492.35 484.35 489.5 495.75 488.4 486.3 485.1 485.75 485.8 490.95 489.65 
12 0.0 470.65 476.55 479.75 481.75 489.2 488.4 484.15 490.7 491.35 489.95 493.6 495.2 492.1 492.25 485.3 481.55 487.85 486.5 486.2 486.85 
13 0.0 481.4 481.6 475.55 483.35 479.55 482.0 485.25 483.9 486.25 492.7 485.6 488.55 476.25 490.15 493.15 480.75 485.6 490.9 486.55 481.65 
14 0.0 481.65 479.6 487.95 481.75 484.4 488.35 484.5 486.4 495.5 483.1 489.05 486.5 477.45 490.45 478.35 494.4 485.0 489.85 487.55 480.35 
15 0.0 479.4 482.9 476.95 471.8 485.6 476.55 477.95 489.3 493.35 490.45 496.5 485.05 495.35 481.75 484.55 474.5 485.0 482.55 474.5 480.85 
16 0.0 477.6 481.0 475.5 477.6 480.65 480.05 483.4 484.4 487.1 485.0 485.65 484.65 485.95 489.7 487.75 487.5 485.0 482.7 483.4 490.15 
17 0.0 478.0 481.6 481.6 480.3 472.6 487.65 487.45 483.6 480.15 481.25 481.1 483.65 484.3 478.7 478.7 480.7 485.0 481.85 477.5 486.55 
18 0.0 474.85 469.45 471.95 478.4 476.0 488.45 485.05 484.85 482.95 487.45 480.3 485.05 483.3 476.9 481.75 492.7 479.9 479.3 488.95 484.75 
19 0.0 465.35 472.3 480.5 482.3 486.4 482.25 485.05 481.45 481.2 475.5 483.65 479.8 480.25 483.35 481.2 474.25 484.85 489.15 486.65 477.55 
20 0.0 483.5 477.5 472.2 475.6 481.9 481.45 474.9 489.0 481.55 488.25 478.25 484.45 477.7 479.75 481.7 483.15 481.8 485.2 482.4 483.75 
21 0.0 484.7 480.05 479.4 482.0 475.6 484.45 476.45 486.4 484.4 488.45 483.85 486.45 480.95 484.3 487.85 489.4 486.5 485.55 485.55 480.2 
22 0.0 472.55 477.5 480.85 479.55 466.0 470.5 478.25 475.9 476.2 474.7 484.35 473.75 483.45 478.05 484.6 480.75 481.35 477.95 483.1 490.2 
23 0.0 473.3 482.9 477.2 474.15 480.0 477.6 475.0 477.35 481.85 485.85 489.5 479.2 480.7 478.95 481.55 490.95 486.3 482.75 476.2 478.65 
24 0.0 490.4 473.7 471.95 477.1 485.05 480.6 485.7 477.3 476.05 478.1 479.55 486.45 487.6 484.7 484.2 486.55 483.6 479.4 479.8 482.05 
25 0.0 469.1 482.25 478.7 472.4 473.4 473.0 473.9 475.55 483.1 486.8 476.05 486.8 486.2 491.7 481.2 479.05 479.4 480.1 484.6 481.65 
26 0.0 469.0 471.9 476.8 472.0 475.65 472.05 484.65 486.9 479.45 478.3 482.95 482.7 485.65 486.3 473.15 480.25 473.7 483.4 480.3 479.6 
27 0.0 477.85 463.95 478.3 481.7 473.95 480.05 482.95 475.75 477.75 474.8 485.0 480.65 477.1 474.9 476.65 472.45 475.8 473.6 481.75 476.05 
28 0.0 477.0 476.1 482.8 474.95 475.95 481.0 478.25 478.95 474.85 468.85 473.2 485.6 472.75 477.85 478.6 470.65 488.0 481.15 479.8 479.85 
29 0.0 478.95 470.45 478.15 483.8 480.5 479.05 470.1 480.1 481.9 474.3 480.55 475.55 466.2 467.75 477.4 471.25 479.55 469.85 468.6 476.0 
30 0.0 476.45 478.8 474.35 477.15 475.95 483.3 479.1 469.8 476.3 481.05 475.35 466.85 488.45 481.45 471.55 476.3 471.25 477.7 478.9 480.45 
31 0.0 479.5 472.45 474.45 475.65 480.3 481.25 480.0 475.45 482.35 477.2 470.25 474.4 477.4 480.0 476.85 488.45 476.0 483.65 481.1 475.85 
32 0.0 480.45 486.95 481.05 484.65 486.5 476.25 471.05 471.5 464.7 477.55 466.9 475.35 477.65 483.45 482.9 470.55 471.3 484.25 480.15 479.65 
33 0.0 473.1 485.7 478.55 480.95 481.4 469.1 485.95 483.8 475.95 469.15 476.2 472.6 476.1 475.4 484.45 485.8 477.05 477.3 488.0 478.65 
34 0.0 476.55 468.8 476.95 484.05 468.8 475.85 475.75 475.15 478.45 476.6 472.55 476.75 473.9 471.1 471.35 475.55 480.2 482.95 474.75 490.3 
35 0.0 480.85 482.95 470.2 473.75 476.6 477.15 477.95 485.65 484.75 477.55 480.05 471.5 471.6 475.1 472.4 469.3 480.95 477.1 478.25 477.85 
36 0.0 470.4 485.95 482.55 474.65 481.45 484.35 472.8 474.0 472.5 478.25 478.55 482.35 479.35 470.65 475.15 478.0 477.1 478.4 477.15 480.4 
37 0.0 476.4 476.25 474.05 472.85 477.0 479.15 478.55 475.15 477.15 476.9 482.3 469.3 471.75 474.35 475.3 481.5 469.45 479.65 484.65 473.4 
38 0.0 480.5 485.05 477.85 470.6 476.9 474.9 480.55 479.9 470.1 464.15 472.75 477.3 470.7 472.95 479.15 482.85 475.35 475.25 473.6 477.75 
39 0.0 471.6 473.35 470.5 476.05 475.8 467.4 483.9 469.8 477.7 476.35 475.2 479.3 487.6 473.05 479.5 479.2 481.1 475.55 470.3 471.85 
40 0.0 430.8 466.65 478.35 469.15 475.15 471.05 473.4 468.4 479.6 479.6 467.15 473.3 472.05 478.5 481.95 472.0 480.55 469.75 473.3 477.0 
41 0.0 358.65 476.35 473.2 473.0 474.3 478.5 471.5 476.9 477.95 480.1 476.1 480.6 482.9 485.1 472.35 477.35 482.55 479.45 480.75 480.05 
42 0.0 203.8 474.2 469.1 472.3 466.65 473.55 470.15 477.25 474.45 474.0 477.0 479.8 478.85 479.35 482.2 475.4 478.65 479.25 479.25 473.1 
43 0.0 102.45 470.9 475.05 477.7 485.1 481.05 469.8 477.1 473.1 486.1 488.55 474.9 467.4 465.8 480.45 483.35 475.2 477.45 475.4 473.2 
44 0.0 54.85 480.9 479.3 471.45 465.55 481.55 479.9 474.45 474.65 472.05 475.9 486.95 482.35 478.4 477.6 483.2 485.4 481.1 478.85 477.35 
45 0.0 14.9 480.95 480.55 473.3 476.2 469.1 471.75 471.9 478.5 483.7 481.6 483.05 474.05 478.45 475.85 473.8 480.5 474.85 476.9 485.3 
46 0.0 1.75 477.4 477.7 481.0 474.6 476.7 477.35 481.05 473.3 473.25 477.15 475.85 473.9 478.5 475.0 475.5 472.7 477.65 469.9 478.1 
47 0.0 0.3 480.65 469.1 489.45 475.8 477.75 471.45 471.0 469.85 480.1 481.3 481.5 475.45 481.85 473.2 477.0 473.95 478.1 471.75 486.25 
48 0.0 0.0 470.75 476.65 478.5 484.05 472.55 479.55 477.0 476.9 482.95 478.65 477.05 485.95 472.8 480.6 471.7 473.6 473.85 480.05 473.55 
49 0.0 0.0 482.3 486.0 473.9 474.3 479.3 474.7 474.4 478.2 475.1 472.55 478.15 480.85 478.75 476.6 472.3 469.1 472.65 478.85 477.8 
50 0.0 0.0 478.95 477.55 469.85 473.45 478.15 480.8 478.7 481.85 476.75 475.1 474.05 471.7 473.35 475.2 477.9 480.0 469.5 474.2 478.7 
51 0.0 0.0 475.2 488.2 476.7 476.05 484.9 477.45 472.1 480.75 480.35 475.35 478.1 477.5 482.55 479.6 475.2 487.45 479.8 482.3 476.05 
52 0.0 0.0 480.1 468.55 479.1 481.1 474.4 477.4 472.85 478.05 469.9 489.35 485.0 485.0 483.3 484.05 479.25 483.9 486.3 482.65 475.3 
53 0.0 0.0 475.25 470.15 485.95 475.35 470.05 483.95 483.2 472.05 476.75 471.1 475.8 476.35 481.35 475.05 477.5 480.2 472.15 479.55 484.5 
54 0.0 0.0 470.75 480.5 472.55 479.65 475.1 471.5 480.8 476.05 479.05 469.7 468.5 481.15 474.3 480.95 478.65 465.85 480.05 492.6 479.7 
55 0.0 0.0 484.75 474.15 473.05 476.35 475.75 470.8 473.65 481.7 480.95 479.45 477.4 485.15 487.6 472.6 481.55 481.95 477.1 475.5 473.5 
56 0.0 0.0 477.5 481.25 480.05 472.8 478.85 486.0 476.45 472.0 474.9 467.95 473.2 474.25 473.5 473.3 478.15 475.95 475.7 480.85 483.7 
57 0.0 0.0 472.45 470.9 479.1 479.95 471.2 474.75 478.15 472.6 473.7 481.95 473.9 477.1 478.55 483.05 475.5 473.45 481.25 482.85 466.2 
58 0.0 0.0 477.75 473.8 469.9 477.65 488.65 478.1 481.4 475.4 475.3 482.4 485.9 474.55 482.55 472.7 469.95 474.6 478.35 468.45 486.95 
59 0.0 0.0 462.55 472.0 474.7 472.9 469.3 476.95 479.3 483.3 466.65 472.75 469.3 485.95 478.9 480.3 480.65 472.8 483.85 475.85 472.75 
60 0.0 0.0 476.5 477.95 476.05 477.1 470.7 473.5 483.2 484.75 477.55 476.65 472.8 480.2 474.1 470.85 481.2 471.2 478.7 471.3 471.4 
61 0.0 0.0 479.75 474.6 474.8 488.5 485.7 477.15 477.95 479.2 479.6 476.9 479.15 469.25 473.6 482.95 479.65 476.75 478.8 482.65 472.6 
62 0.0 0.0 481.75 476.5 481.2 475.4 467.35 484.75 485.2 479.55 475.9 476.95 479.8 467.05 462.05 467.4 475.1 478.55 476.75 479.35 470.95 
63 0.0 0.0 476.4 476.0 478.25 480.5 482.9 480.45 472.4 474.55 489.15 476.85 475.8 479.65 461.9 475.3 476.4 479.0 470.25 465.9 474.65 
64 0.0 0.0 475.5 472.55 487.25 474.0 487.95 474.1 476.0 474.45 470.75 478.1 484.75 466.55 478.1 483.85 477.45 486.05 472.6 472.7 484.0 
65 0.0 0.0 473.95 482.85 478.2 477.0 476.05 482.55 477.85 472.7 472.85 475.25 466.9 482.1 484.9 477.6 466.1 469.1 472.85 473.0 475.2 
66 0.0 0.0 478.35 486.45 472.85 469.8 470.8 475.65 476.1 482.95 478.4 472.55 474.15 469.75 476.25 471.2 482.45 475.1 478.95 480.7 480.6 
67 0.0 0.0 479.15 488.25 477.55 478.6 482.65 474.55 476.7 474.3 485.0 475.6 477.1 479.95 479.7 481.25 479.15 475.9 471.65 477.05 473.95 
68 0.0 0.0 472.4 471.9 477.1 477.5 476.8 469.8 481.75 479.2 475.2 481.2 468.45 480.9 473.45 469.1 467.15 490.15 485.15 474.55 481.4 
69 0.0 0.0 478.0 474.15 479.35 483.6 477.15 478.1 465.35 478.05 472.05 480.4 475.25 470.45 470.3 474.25 473.1 472.6 473.0 479.05 473.55 
70 0.0 0.0 483.35 484.45 478.2 471.25 478.05 479.8 471.1 475.8 481.05 470.25 472.45 468.5 475.8 473.2 468.9 470.9 474.35 477.55 476.15 
71 0.0 0.0 481.7 476.65 480.55 476.35 481.0 480.25 483.5 477.4 474.25 474.05 484.75 475.6 482.35 481.0 468.45 473.65 478.65 476.3 471.75 
72 0.0 0.0 478.25 478.65 470.1 485.8 476.85 472.65 477.45 480.95 478.75 477.1 464.4 477.05 476.6 475.15 483.45 474.6 468.75 474.85 476.05 
73 0.0 0.0 476.65 477.85 481.75 474.35 476.4 472.55 475.85 477.3 471.4 477.65 476.65 473.2 481.05 477.25 469.95 479.2 484.2 475.9 481.35 
74 0.0 0.0 473.85 477.8 471.8 474.8 469.25 486.2 476.75 478.15 476.95 478.7 477.5 473.75 480.6 477.7 485.9 483.0 472.4 477.3 475.85 
75 0.0 0.0 465.5 476.05 476.65 482.45 474.9 478.1 482.05 475.3 474.35 473.2 475.95 484.5 479.85 477.4 482.85 473.9 479.35 466.45 477.05 
76 0.0 0.0 481.65 479.65 476.85 480.9 478.0 470.2 472.3 473.15 474.1 471.1 473.5 480.8 478.65 483.6 482.8 476.85 475.15 482.15 481.25 
77 0.0 0.0 474.35 473.45 480.9 466.3 479.1 477.05 477.35 473.35 476.5 473.0 487.45 486.85 481.55 481.2 479.1 481.65 477.9 467.05 473.45 
78 0.0 0.0 483.75 471.35 476.95 472.85 479.1 476.45 474.05 470.55 484.95 473.5 486.65 478.95 474.45 478.25 480.25 481.75 475.35 484.5 474.15 
79 0.0 0.0 473.6 477.15 477.4 475.2 477.65 474.85 474.7 476.45 484.05 485.35 477.9 472.65 479.2 478.1 477.75 474.25 474.6 474.1 473.7 
80 0.0 0.0 480.7 473.65 478.25 479.25 482.85 475.5 470.35 479.35 471.1 479.35 470.1 474.3 472.8 483.15 482.8 476.15 479.65 477.25 474.25 
81 0.0 0.0 469.2 469.1 472.1 472.9 468.95 476.05 480.65 476.0 469.8 481.0 476.05 477.75 474.45 472.6 475.9 479.8 480.8 477.4 478.45 
82 0.0 0.0 419.9 479.2 475.9 481.1 473.35 478.1 481.55 473.6 477.15 468.85 477.5 475.8 473.85 475.6 470.4 478.1 486.6 477.65 470.8 
83 0.0 0.0 364.4 482.4 479.55 477.2 475.25 481.15 485.0 474.9 480.7 475.4 482.95 474.55 475.35 465.35 465.55 473.55 471.2 484.95 481.1 
84 0.0 0.0 259.95 477.45 478.35 472.75 478.85 473.9 480.1 476.4 472.55 490.05 468.8 469.15 478.85 472.05 478.9 465.1 492.4 487.05 482.5 
85 0.0 0.0 164.1 481.6 481.7 476.3 475.8 473.6 476.2 480.95 482.05 483.45 471.15 479.75 473.65 483.6 483.0 482.95 464.1 469.6 482.45 
86 0.0 0.0 88.3 482.0 472.6 487.5 475.15 485.85 469.65 478.3 482.0 476.75 481.2 477.1 474.6 472.25 476.6 473.5 474.45 479.2 476.1 
87 0.0 0.0 36.2 475.0 475.75 483.2 476.75 480.1 468.25 477.35 480.55 484.5 482.05 478.75 482.1 476.45 477.45 487.6 485.0 476.8 486.65 
88 0.0 0.0 6.8 479.75 475.0 477.25 477.6 475.2 484.95 487.1 474.6 477.65 480.55 473.5 464.6 490.25 471.7 478.4 476.0 471.75 484.85 
89 0.0 0.0 0.5 475.7 480.9 473.3 485.25 466.75 481.0 483.65 480.0 477.2 479.35 489.25 484.6 477.25 480.8 482.05 473.8 485.65 476.1 
90 0.0 0.0 0.15 474.7 480.1 472.0 478.3 476.65 473.5 478.3 477.2 479.5 481.9 480.4 477.2 478.45 480.9 472.7 478.1 478.05 475.0 
91 0.0 0.0 0.0 471.95 479.2 470.1 473.05 482.15 476.05 479.05 479.8 480.3 484.15 473.1 483.2 469.85 479.05 473.3 475.5 472.65 480.05 
92 0.0 0.0 0.0 467.65 472.45 472.15 476.5 481.2 484.7 475.95 479.85 473.2 476.65 475.95 476.9 476.85 472.9 474.8 478.95 476.75 469.45 
93 0.0 0.0 0.0 485.75 476.4 483.35 476.9 477.0 478.3 479.35 474.95 481.6 481.2 476.95 476.45 480.95 476.75 476.85 476.0 480.4 475.1 
94 0.0 0.0 0.0 476.7 470.2 482.45 482.1 477.1 473.0 479.5 481.0 483.75 487.75 474.25 475.1 482.0 476.95 480.7 471.85 466.95 476.2 
95 0.0 0.0 0.0 478.6 482.6 479.45 473.3 476.5 482.1 478.25 477.5 472.85 472.0 483.0 477.2 472.95 486.05 478.1 475.45 482.85 480.4 
96 0.0 0.0 0.0 484.6 475.45 477.3 475.1 474.95 479.25 472.7 479.65 472.75 472.45 477.1 484.45 479.85 481.15 475.3 478.65 476.85 481.2 
97 0.0 0.0 0.0 476.9 477.0 469.75 479.15 489.2 476.05 478.95 475.85 479.95 479.1 479.35 471.8 471.1 476.65 478.5 478.7 477.85 476.25 
98 0.0 0.0 0.0 471.65 482.35 480.1 487.0 479.15 476.85 481.25 481.45 487.3 479.7 474.95 473.5 480.0 476.05 475.8 476.1 475.5 473.25 
99 0.0 0.0 0.0 482.7 474.7 477.95 476.0 474.7 481.1 473.6 477.75 480.75 471.9 481.95 469.4 474.45 476.0 478.6 474.35 480.05 474.5 
100 0.0 0.0 0.0 474.3 486.95 484.9 468.6 476.8 482.25 482.8 470.65 463.4 477.2 475.6 486.8 477.2 471.35 477.8 473.65 474.3 481.25 
101 0.0 0.0 0.0 473.7 474.15 479.6 476.9 476.8 473.8 482.85 480.3 474.65 479.5 473.6 477.65 483.8 476.6 470.45 473.05 475.3 477.45 
102 0.0 0.0 0.0 481.45 468.95 479.05 479.9 472.7 481.65 477.75 477.75 481.0 475.9 486.65 487.45 474.95 472.25 479.15 473.65 477.55 476.8 
103 0.0 0.0 0.0 479.2 467.0 476.55 485.35 473.45 475.2 473.05 476.35 473.65 468.8 479.3 479.7 475.8 483.35 475.4 480.35 464.55 469.0 
104 0.0 0.0 0.0 474.5 484.35 473.25 480.95 474.15 469.65 472.15 484.65 476.65 480.4 476.7 472.65 481.95 481.2 468.15 472.85 481.35 478.1 
105 0.0 0.0 0.0 481.6 475.0 473.85 470.95 475.6 473.8 474.95 484.0 477.4 479.05 477.05 478.0 470.75 480.6 480.3 492.25 481.55 474.05 
106 0.0 0.0 0.0 477.05 481.8 475.15 472.65 483.7 479.05 474.45 478.3 480.25 487.95 480.95 481.35 480.55 483.95 484.3 478.2 477.7 473.45 
107 0.0 0.0 0.0 475.05 476.2 477.4 479.1 478.7 482.25 472.15 470.95 476.75 472.1 472.05 475.95 481.75 478.75 485.55 478.45 482.75 482.15 
108 0.0 0.0 0.0 474.15 474.65 474.6 480.1 483.75 486.15 480.4 469.4 475.3 478.6 481.45 480.8 479.7 479.95 474.5 481.6 479.85 478.0 
109 0.0 0.0 0.0 480.0 471.45 483.95 479.55 471.55 467.5 485.1 474.25 481.0 472.85 471.9 480.05 479.3 479.8 480.6 473.0 472.3 478.9 
110 0.0 0.0 0.0 470.5 483.8 480.05 472.7 474.9 472.05 475.15 476.1 469.75 473.9 480.65 474.6 477.0 475.6 478.85 474.0 478.75 480.2 
111 0.0 0.0 0.0 477.55 470.0 477.5 476.2 481.8 480.8 473.2 473.65 469.7 472.1 479.05 472.45 482.65 474.25 479.55 482.05 479.5 480.55 
112 0.0 0.0 0.0 473.95 479.9 471.05 481.0 477.9 475.8 471.6 474.9 476.45 472.4 476.65 489.15 481.0 478.45 479.65 473.95 485.15 478.55 
113 0.0 0.0 0.0 476.9 475.65 484.95 472.85 467.0 480.8 474.75 465.45 476.45 478.35 474.05 481.35 471.8 483.3 476.8 482.4 480.0 479.4 
114 0.0 0.0 0.0 479.65 484.6 470.25 468.85 482.7 472.75 472.95 481.1 471.9 479.8 480.3 479.3 479.2 471.6 466.55 478.3 478.5 487.75 
115 0.0 0.0 0.0 475.0 479.15 478.05 477.5 474.9 474.1 470.2 468.0 481.65 479.9 477.85 475.1 474.95 470.2 482.6 480.4 479.95 471.2 
116 0.0 0.0 0.0 469.9 472.8 475.3 472.7 473.85 476.0 476.85 479.9 478.55 479.75 475.45 475.55 474.35 477.6 475.8 471.0 477.2 485.8 
117 0.0 0.0 0.0 483.85 473.25 476.55 483.7 474.15 471.65 476.85 475.3 475.05 475.7 475.1 472.8 478.25 475.65 475.8 486.4 479.6 473.9 
118 0.0 0.0 0.0 478.95 480.85 471.4 485.8 482.6 475.75 475.05 474.5 475.35 476.55 477.0 465.65 472.85 484.05 478.2 476.35 484.6 482.25 
119 0.0 0.0 0.0 473.8 476.35 482.15 473.05 473.5 476.05 477.2 487.8 476.6 472.4 480.0 479.5 470.1 475.4 483.75 477.8 478.75 476.45 
120 0.0 0.0 0.0 472.65 480.95 477.95 471.25 476.35 474.85 477.1 481.6 473.55 480.85 475.5 475.95 480.35 476.2 477.9 478.15 476.25 478.95 
121 0.0 0.0 0.0 487.25 472.1 482.25 471.75 476.25 477.6 472.8 470.8 473.6 477.7 464.4 475.8 469.55 470.85 475.0 481.45 477.65 481.45 
122 0.0 0.0 0.0 475.6 479.55 481.15 477.15 478.85 481.25 487.1 474.25 474.6 468.8 471.2 473.4 469.05 476.95 475.3 472.9 474.6 476.65 
123 0.0 0.0 0.0 442.85 481.1 480.85 475.65 474.55 482.95 475.6 477.4 475.9 465.2 478.65 485.15 485.0 489.6 475.7 474.05 470.6 473.3 
124 0.0 0.0 0.0 409.95 486.25 468.9 484.8 488.75 471.1 479.75 469.55 482.4 473.45 483.2 479.55 480.3 476.75 479.15 479.1 477.65 470.25 
125 0.0 0.0 0.0 343.0 475.2 472.2 480.9 468.15 479.9 476.0 478.35 473.65 476.9 469.2 476.65 485.95 478.45 479.45 476.95 476.7 474.8 
126 0.0 0.0 0.0 276.75 464.1 475.55 478.95 482.0 476.5 474.35 479.85 478.3 482.9 480.0 475.05 480.8 479.4 476.95 480.9 480.0 471.0 
127 0.0 0.0 0.0 177.9 479.7 481.15 475.8 475.3 471.05 477.65 473.8 470.4 481.5 469.95 475.35 471.75 477.1 479.05 483.75 470.7 480.4 
128 0.0 0.0 0.0 118.4 476.95 467.05 465.5 476.1 465.95 467.65 481.4 482.8 477.2 480.7 476.1 471.4 473.05 483.45 471.0 474.05 473.8 
129 0.0 0.0 0.0 58.8 472.25 480.15 476.75 478.0 484.85 486.55 484.65 485.35 480.15 483.4 479.1 482.15 476.65 483.95 472.4 479.6 477.25 
130 0.0 0.0 0.0 18.55 472.2 474.3 473.95 468.85 476.9 482.5 475.45 477.15 479.35 489.3 477.9 481.1 478.35 484.5 482.4 474.75 475.6 
131 0.0 0.0 0.0 1.35 473.6 478.0 480.45 477.05 475.05 476.4 475.45 481.2 486.55 481.05 473.05 474.95 475.95 464.4 478.95 481.0 479.95 
132 0.0 0.0 0.0 0.0 486.95 468.7 475.3 475.5 476.1 481.75 481.45 482.55 469.3 470.05 479.8 488.0 469.6 468.75 478.0 479.85 475.35 
133 0.0 0.0 0.0 0.0 477.45 480.1 476.8 476.15 487.6 474.65 477.25 476.75 484.85 482.05 483.8 467.8 475.0 475.25 475.6 467.1 476.6 
134 0.0 0.0 0.0 0.0 482.25 474.4 471.85 474.05 477.45 480.0 480.95 475.55 473.75 475.9 482.8 476.05 481.5 468.45 470.95 469.75 478.0 
135 0.0 0.0 0.0 0.0 474.2 474.15 483.3 475.2 478.65 474.55 469.7 475.65 476.2 469.25 466.0 477.5 475.3 477.1 476.3 471.2 473.8 
136 0.0 0.0 0.0 0.0 472.5 474.9 478.85 472.0 477.75 470.15 480.1 471.25 476.5 475.45 480.0 479.4 472.6 474.0 473.65 482.9 484.1 
137 0.0 0.0 0.0 0.0 474.6 486.7 474.2 483.6 471.75 471.45 479.25 476.3 472.25 472.25 472.8 470.95 480.05 477.8 473.95 492.15 474.25 
138 0.0 0.0 0.0 0.0 474.35 479.45 478.8 476.85 470.85 476.7 470.35 471.05 474.35 476.7 473.6 462.85 472.1 483.0 475.5 475.85 476.65 
139 0.0 0.0 0.0 0.0 480.55 473.15 475.9 470.95 470.35 475.5 478.1 477.5 472.75 474.8 474.0 483.4 476.55 474.35 480.05 473.6 477.6 
140 0.0 0.0 0.0 0.0 477.75 476.9 474.65 478.5 473.1 470.8 477.95 481.85 481.65 480.55 473.8 476.65 476.35 472.3 476.1 481.2 479.7 
141 0.0 0.0 0.0 0.0 474.15 481.15 476.5 476.45 480.25 470.35 470.5 467.8 468.15 476.2 480.85 479.45 478.75 478.4 479.65 481.3 479.35 
142 0.0 0.0 0.0 0.0 481.65 472.2 478.5 476.95 477.4 478.3 471.9 474.4 480.45 473.75 479.2 467.55 478.75 480.35 476.75 477.0 473.85 
143 0.0 0.0 0.0 0.0 469.25 473.5 477.4 474.35 472.35 482.4 470.3 479.0 480.0 478.1 471.4 478.45 473.85 477.5 474.9 467.1 471.85 
144 0.0 0.0 0.0 0.0 485.0 475.65 473.05 477.05 480.3 475.55 476.95 477.0 475.45 479.0 473.5 475.35 474.7 474.75 470.95 469.55 465.6 
145 0.0 0.0 0.0 0.0 483.75 475.45 484.75 479.05 472.05 481.3 479.6 476.5 471.5 480.85 482.6 477.2 470.4 474.15 471.7 465.05 476.1 
146 0.0 0.0 0.0 0.0 471.35 477.95 475.05 476.35 480.85 478.1 482.8 476.7 476.65 478.85 467.8 479.1 472.05 475.65 476.65 477.8 468.55 
147 0.0 0.0 0.0 0.0 471.05 481.8 472.85 486.75 477.3 476.6 476.0 477.05 475.5 475.75 474.9 471.05 473.15 474.8 473.8 481.25 479.1 
148 0.0 0.0 0.0 0.0 479.5 483.55 473.45 480.8 473.45 469.75 480.35 469.85 473.1 470.7 472.7 475.85 481.1 472.75 480.4 470.7 476.55 
149 0.0 0.0 0.0 0.0 479.0 478.45 482.85 480.55 486.3 478.25 474.1 479.85 475.85 461.85 477.7 476.15 477.95 475.25 475.45 475.3 469.9 
150 0.0 0.0 0.0 0.0 476.45 476.0 485.1 479.5 478.95 481.35 474.1 476.5 475.2 480.95 477.1 478.5 478.0 473.45 472.8 476.1 476.1 
151 0.0 0.0 0.0 0.0 471.3 472.9 468.8 479.15 480.3 488.65 481.15 481.3 484.3 477.5 474.65 471.15 471.9 478.45 478.1 480.65 480.95 
152 0.0 0.0 0.0 0.0 475.7 477.55 478.1 468.4 472.15 480.5 477.7 478.4 476.8 472.55 474.35 477.1 467.0 478.4 480.15 476.75 471.3 
153 0.0 0.0 0.0 0.0 478.15 474.4 469.1 474.6 484.25 471.15 479.6 481.55 478.7 480.9 469.4 478.65 477.65 472.9 469.45 480.45 474.4 
154 0.0 0.0 0.0 0.0 478.95 477.5 485.75 474.9 479.8 476.3 481.4 477.3 476.9 475.9 482.3 482.85 487.7 479.6 485.1 475.35 479.25 
155 0.0 0.0 0.0 0.0 475.35 486.6 481.1 480.0 477.75 472.65 477.05 469.55 475.45 477.4 480.45 474.75 482.3 489.9 480.5 474.0 478.15 
156 0.0 0.0 0.0 0.0 476.35 484.5 476.0 476.7 472.4 479.55 474.4 475.35 475.75 478.4 484.1 472.3 492.2 474.85 479.7 478.25 478.65 
157 0.0 0.0 0.0 0.0 485.65 476.7 481.3 476.5 473.85 478.15 479.5 483.95 481.8 476.85 475.25 473.75 468.75 471.9 479.05 476.1 471.9 
158 0.0 0.0 0.0 0.0 477.25 473.5 471.0 469.35 474.25 478.7 473.5 479.5 476.0 483.6 471.25 476.85 473.45 478.1 481.05 472.25 482.3 
159 0.0 0.0 0.0 0.0 479.55 476.1 472.35 478.95 474.5 478.1 480.65 472.1 481.7 478.45 480.6 485.15 472.15 478.45 475.55 479.7 490.0 
160 0.0 0.0 0.0 0.0 475.65 477.35 486.55 478.75 486.25 471.6 479.95 486.2 479.75 479.35 483.6 479.15 475.3 477.4 480.1 481.7 481.85 
161 0.0 0.0 0.0 0.0 479.0 476.85 482.0 476.55 476.7 474.8 475.5 483.4 469.65 476.35 488.95 475.95 482.4 478.75 477.0 478.95 478.25 
162 0.0 0.0 0.0 0.0 473.05 474.6 475.8 476.8 479.3 478.85 478.9 471.35 483.9 476.5 477.85 483.95 478.0 479.1 469.5 485.4 475.5 
163 0.0 0.0 0.0 0.0 465.65 476.8 478.9 481.05 476.2 479.85 478.8 476.15 480.4 479.15 481.15 475.4 480.55 482.55 470.95 478.35 480.4 
164 0.0 0.0 0.0 0.0 446.7 481.2 475.7 480.75 482.1 468.7 473.65 478.55 483.2 479.8 476.9 485.1 470.75 472.55 478.35 476.15 477.45 
165 0.0 0.0 0.0 0.0 428.8 468.3 471.65 471.9 482.8 487.65 475.2 482.65 482.75 480.0 472.95 478.5 474.75 480.4 473.65 476.05 487.05 
166 0.0 0.0 0.0 0.0 403.4 478.35 470.0 481.95 479.15 470.8 478.9 477.7 476.35 475.15 468.45 475.15 479.55 472.9 483.65 485.35 467.0 
167 0.0 0.0 0.0 0.0 323.95 474.3 482.0 473.1 470.6 480.05 482.3 479.35 474.95 479.85 480.2 477.6 481.5 476.05 471.75 480.4 475.6 
168 0.0 0.0 0.0 0.0 230.4 478.05 480.65 466.5 479.75 484.9 478.7 472.35 476.85 481.2 475.5 471.8 472.55 474.1 472.0 471.25 472.0 
169 0.0 0.0 0.0 0.0 185.3 477.25 475.75 479.1 477.1 482.9 478.2 482.6 471.4 474.3 477.75 478.55 477.75 473.45 474.2 479.15 476.15 
170 0.0 0.0 0.0 0.0 149.55 477.05 477.4 483.0 476.8 482.35 481.6 484.8 476.8 478.2 476.95 473.0 480.2 477.1 482.8 472.05 483.35 
171 0.0 0.0 0.0 0.0 75.65 473.9 478.05 486.05 476.1 473.25 476.9 473.3 482.8 481.2 478.05 477.9 480.65 478.15 475.7 475.95 481.4 
172 0.0 0.0 0.0 0.0 31.1 473.95 478.75 470.95 470.4 479.45 471.65 474.55 478.75 477.85 484.4 483.2 469.55 477.45 483.55 477.5 475.6 
173 0.0 0.0 0.0 0.0 24.65 476.75 475.95 470.0 468.6 475.25 481.75 474.9 480.25 474.45 479.2 476.35 478.15 465.4 478.6 477.3 473.85 
174 0.0 0.0 0.0 0.0 23.8 484.8 469.85 481.25 473.25 473.95 479.3 475.5 477.5 471.4 468.5 471.2 480.6 480.4 481.6 474.65 471.3 
175 0.0 0.0 0.0 0.0 21.5 481.9 476.7 475.4 478.0 481.1 469.85 474.0 473.85 465.3 478.95 486.0 478.4 480.2 478.8 474.65 474.05 
176 0.0 0.0 0.0 0.0 7.2 471.8 478.75 476.55 481.25 472.7 474.2 480.6 464.15 468.6 464.7 476.4 473.95 481.3 475.75 472.05 486.05 
177 0.0 0.0 0.0 0.0 0.9 471.5 476.95 481.4 471.5 474.5 476.75 473.3 464.8 472.7 471.3 472.25 478.1 479.25 480.7 483.25 483.45 
178 0.0 0.0 0.0 0.0 0.0 479.55 479.4 479.15 480.25 475.35 475.6 473.9 476.9 482.1 477.1 468.6 479.75 484.8 484.1 477.7 475.55 
179 0.0 0.0 0.0 0.0 0.0 479.15 488.3 472.65 481.8 485.5 473.2 467.85 472.2 473.8 482.9 475.95 475.05 481.2 478.55 474.0 473.15 
180 0.0 0.0 0.0 0.0 0.0 474.35 472.65 479.7 474.9 475.3 479.25 479.4 477.5 477.55 482.7 480.9 475.0 477.65 476.9 475.85 481.1 
181 0.0 0.0 0.0 0.0 0.0 478.3 481.95 478.3 473.8 476.5 474.25 478.85 480.4 479.95 478.4 472.05 477.75 471.15 466.55 477.85 466.95 
182 0.0 0.0 0.0 0.0 0.0 478.4 474.6 472.65 477.5 458.9 480.5 480.35 477.8 467.1 468.25 482.6 478.3 483.7 474.0 478.05 484.8 
183 0.0 0.0 0.0 0.0 0.0 476.45 478.3 474.15 479.75 469.35 469.05 462.65 483.1 482.75 473.15 477.35 482.2 479.95 480.1 481.05 477.3 
184 0.0 0.0 0.0 0.0 0.0 485.1 466.1 482.5 471.45 475.6 474.65 483.4 469.95 475.8 477.85 472.1 477.85 476.95 478.45 473.35 474.65 
185 0.0 0.0 0.0 0.0 0.0 478.2 476.05 471.65 471.35 476.15 472.1 475.35 474.4 473.45 478.35 482.0 481.3 470.75 475.45 466.45 472.75 
186 0.0 0.0 0.0 0.0 0.0 471.15 475.95 477.55 479.3 476.4 472.85 476.45 475.75 484.2 481.95 475.85 480.2 474.55 475.45 477.35 479.45 
187 0.0 0.0 0.0 0.0 0.0 472.0 480.2 477.7 475.85 476.1 471.3 477.25 475.1 479.15 476.05 478.4 471.4 475.55 464.7 484.05 476.0 
188 0.0 0.0 0.0 0.0 0.0 477.55 479.35 475.2 478.3 473.65 481.1 473.3 485.85 475.55 473.2 478.35 473.7 474.1 473.15 482.6 476.8 
189 0.0 0.0 0.0 0.0 0.0 479.5 479.8 476.35 476.3 483.65 481.3 471.45 480.75 482.05 480.45 485.15 469.05 477.4 483.45 475.75 475.1 
190 0.0 0.0 0.0 0.0 0.0 474.55 467.9 474.65 478.8 483.15 474.9 478.9 477.55 480.1 484.05 478.15 481.7 474.25 477.7 473.3 470.5 
191 0.0 0.0 0.0 0.0 0.0 479.75 470.8 478.45 475.95 465.1 484.25 481.15 478.65 475.3 467.8 472.85 480.1 474.45 476.9 473.8 469.4 
192 0.0 0.0 0.0 0.0 0.0 472.85 474.25 477.65 480.75 478.0 477.45 474.6 473.2 473.35 473.95 474.8 473.8 474.4 478.75 476.4 471.8 
193 0.0 0.0 0.0 0.0 0.0 471.55 473.95 484.3 476.85 480.5 472.25 478.2 473.2 477.65 476.9 481.3 465.7 472.7 468.5 480.3 482.75 
194 0.0 0.0 0.0 0.0 0.0 478.6 478.8 476.15 477.8 485.9 480.6 478.9 471.1 487.0 486.05 476.1 480.1 472.55 475.0 481.6 488.95 
195 0.0 0.0 0.0 0.0 0.0 480.25 482.4 476.5 481.45 482.3 475.6 466.4 491.65 472.45 486.85 478.05 481.05 477.65 483.3 475.15 470.55 
196 0.0 0.0 0.0 0.0 0.0 473.3 480.25 476.35 472.4 482.95 482.0 482.2 480.1 478.7 475.8 478.75 481.6 485.55 477.35 481.95 467.55 
197 0.0 0.0 0.0 0.0 0.0 476.15 471.25 473.45 484.1 476.55 475.6 479.8 480.05 478.1 477.2 470.5 472.45 472.25 477.15 479.65 483.0 
198 0.0 0.0 0.0 0.0 0.0 476.0 475.0 479.4 478.95 474.4 479.3 481.95 471.9 479.45 478.8 472.9 475.95 486.15 481.55 474.25 489.0 
199 0.0 0.0 0.0 0.0 0.0 475.75 480.75 472.8 475.15 474.3 480.25 481.65 479.25 475.2 474.75 481.95 468.45 478.35 477.95 472.15 469.95 
200 0.0 0.0 0.0 0.0 0.0 483.8 477.85 475.55 479.5 473.85 469.7 478.05 481.5 479.15 474.35 481.35 474.0 482.15 477.15 474.55 478.4 
201 0.0 0.0 0.0 0.0 0.0 479.95 480.7 476.4 474.1 484.3 483.2 472.25 474.85 474.1 474.2 476.8 481.35 473.35 479.4 473.95 479.1 
202 0.0 0.0 0.0 0.0 0.0 476.75 487.6 472.7 478.0 477.2 470.45 478.0 477.55 477.6 478.35 471.55 478.2 478.45 471.15 469.1 471.2 
203 0.0 0.0 0.0 0.0 0.0 482.2 475.95 483.25 470.25 474.5 475.75 482.9 471.35 476.25 476.75 465.3 482.15 482.3 472.45 483.25 469.95 
204 0.0 0.0 0.0 0.0 0.0 479.45 470.8 477.1 480.1 474.3 472.4 471.4 472.0 473.15 468.65 480.4 482.25 467.35 487.1 477.5 475.15 
205 0.0 0.0 0.0 0.0 0.0 470.0 478.0 477.05 472.45 472.95 473.55 465.7 471.1 473.7 483.7 478.35 482.4 476.8 477.55 481.8 475.7 
206 0.0 0.0 0.0 0.0 0.0 445.1 469.6 480.2 479.2 480.9 483.05 475.8 475.7 470.95 478.0 488.85 473.5 472.65 476.4 477.35 480.0 
207 0.0 0.0 0.0 0.0 0.0 407.05 485.3 482.5 474.6 472.7 472.9 484.95 475.55 481.4 471.7 475.0 469.2 478.0 477.2 478.95 479.3 
208 0.0 0.0 0.0 0.0 0.0 371.15 471.8 476.1 481.3 470.95 477.3 469.95 475.15 471.95 479.1 474.8 474.25 479.35 477.2 480.1 483.25 
209 0.0 0.0 0.0 0.0 0.0 332.25 479.45 478.7 469.1 476.95 481.65 487.75 484.4 483.25 468.5 477.0 476.85 474.85 469.65 473.5 488.9 
210 0.0 0.0 0.0 0.0 0.0 265.25 476.6 476.9 474.55 477.85 484.3 476.25 482.15 471.85 478.5 472.45 481.6 481.9 469.65 473.5 478.15 
211 0.0 0.0 0.0 0.0 0.0 208.7 477.4 474.0 484.15 485.1 479.1 487.4 481.75 488.35 482.65 475.05 475.7 474.45 483.4 487.9 466.9 
212 0.0 0.0 0.0 0.0 0.0 130.05 478.5 474.0 478.3 477.1 478.5 475.4 470.7 474.25 477.35 467.7 467.55 479.7 479.7 470.65 475.35 
213 0.0 0.0 0.0 0.0 0.0 102.6 475.5 482.25 478.75 478.8 480.3 476.2 483.5 480.8 474.8 486.1 482.95 477.1 476.75 471.15 473.85 
214 0.0 0.0 0.0 0.0 0.0 86.9 470.75 468.45 477.65 476.5 481.3 469.25 477.25 472.85 481.3 478.65 482.1 475.95 476.8 476.6 470.7 
215 0.0 0.0 0.0 0.0 0.0 36.85 474.95 489.1 477.7 480.15 476.25 478.05 466.6 471.5 479.0 486.35 479.1 478.75 479.8 473.05 475.25 
216 0.0 0.0 0.0 0.0 0.0 25.55 477.9 472.95 473.2 482.15 474.45 478.3 478.15 480.9 475.15 477.2 475.55 478.1 481.7 482.0 479.55 
217 0.0 0.0 0.0 0.0 0.0 24.25 477.9 477.0 472.55 468.3 466.05 467.05 470.1 475.6 482.2 474.45 470.85 472.65 475.95 473.6 472.25 
218 0.0 0.0 0.0 0.0 0.0 23.5 484.7 478.55 488.1 472.0 477.25 467.75 470.65 476.9 475.45 474.3 478.75 476.9 471.05 474.8 476.75 
219 0.0 0.0 0.0 0.0 0.0 7.25 473.45 472.3 469.35 472.45 468.85 486.0 483.0 475.65 470.5 480.9 482.0 475.6 470.0 481.45 485.4 
220 0.0 0.0 0.0 0.0 0.0 0.8 475.3 483.1 476.4 475.75 481.6 471.95 481.0 481.1 474.35 471.55 474.15 484.65 471.3 484.25 478.8 
221 0.0 0.0 0.0 0.0 0.0 0.05 476.7 475.0 480.45 476.65 475.8 484.7 478.4 481.7 483.65 475.85 480.15 482.8 485.3 469.55 473.75 
222 0.0 0.0 0.0 0.0 0.0 0.0 476.25 474.4 477.65 478.35 480.85 484.75 471.6 477.35 480.05 483.6 474.2 476.8 469.1 475.7 485.7 
223 0.0 0.0 0.0 0.0 0.0 0.0 481.35 469.5 465.8 477.9 474.5 473.35 477.3 487.45 478.7 476.9 486.1 472.05 480.9 483.7 479.55 
224 0.0 0.0 0.0 0.0 0.0 0.0 479.95 480.5 485.05 480.45 475.1 477.9 480.85 475.85 475.2 481.7 477.75 477.4 483.0 486.6 468.25 
225 0.0 0.0 0.0 0.0 0.0 0.0 478.7 480.8 488.3 484.7 478.4 477.4 489.4 479.9 476.5 474.5 472.85 476.85 480.35 466.9 485.55 
226 0.0 0.0 0.0 0.0 0.0 0.0 485.05 480.7 475.3 479.05 484.15 476.8 479.15 471.25 474.3 478.15 480.7 479.3 484.65 484.8 486.15 
227 0.0 0.0 0.0 0.0 0.0 0.0 470.75 477.35 479.5 470.85 466.2 483.95 470.75 482.5 488.3 475.15 478.1 474.85 479.0 478.55 479.75 
228 0.0 0.0 0.0 0.0 0.0 0.0 479.55 480.25 479.8 483.4 482.3 482.55 484.4 470.0 466.6 479.4 473.9 475.65 474.8 468.15 470.5 
229 0.0 0.0 0.0 0.0 0.0 0.0 477.95 474.3 476.25 479.05 479.05 477.05 481.35 473.75 476.25 477.2 474.15 475.2 477.4 476.35 474.45 
230 0.0 0.0 0.0 0.0 0.0 0.0 472.3 473.5 479.35 478.0 485.6 473.6 474.95 479.85 471.3 477.05 480.85 477.15 474.15 473.05 474.45 
231 0.0 0.0 0.0 0.0 0.0 0.0 472.3 481.1 473.85 479.65 475.15 479.05 479.2 472.75 480.2 473.4 474.2 479.1 475.6 480.05 478.55 
232 0.0 0.0 0.0 0.0 0.0 0.0 476.8 482.8 469.15 471.2 481.4 475.1 474.55 479.15 477.35 475.85 468.55 472.2 486.9 487.65 471.6 
233 0.0 0.0 0.0 0.0 0.0 0.0 481.2 474.4 476.35 476.0 475.4 478.75 473.25 473.2 471.2 466.75 474.65 473.0 474.0 478.15 475.25 
234 0.0 0.0 0.0 0.0 0.0 0.0 474.5 476.65 475.5 480.8 479.45 470.5 468.5 476.35 477.55 462.95 480.8 470.9 474.75 474.5 472.4 
235 0.0 0.0 0.0 0.0 0.0 0.0 480.15 471.35 471.95 470.9 475.0 480.8 476.0 471.6 473.5 476.3 469.95 472.65 470.95 471.95 478.15 
236 0.0 0.0 0.0 0.0 0.0 0.0 477.15 475.35 478.5 484.95 476.6 482.15 469.95 476.95 480.9 475.75 470.65 476.75 470.3 470.15 477.1 
237 0.0 0.0 0.0 0.0 0.0 0.0 470.15 468.25 478.35 469.05 480.05 472.25 484.7 478.9 474.3 482.85 481.0 476.25 473.85 477.35 486.1 
238 0.0 0.0 0.0 0.0 0.0 0.0 475.75 472.95 479.05 475.5 472.45 473.35 471.15 477.3 474.3 474.05 468.8 476.05 473.2 466.25 475.8 
239 0.0 0.0 0.0 0.0 0.0 0.0 478.7 483.9 480.45 474.1 473.25 477.05 481.45 475.95 480.8 477.45 476.05 475.7 479.3 475.35 478.45 
240 0.0 0.0 0.0 0.0 0.0 0.0 476.7 477.3 475.45 476.05 475.15 478.55 481.7 485.95 479.2 481.45 481.4 482.4 470.95 478.1 473.1 
241 0.0 0.0 0.0 0.0 0.0 0.0 480.95 473.4 473.85 478.2 471.25 473.6 482.9 472.25 477.95 474.5 483.35 485.55 473.35 481.95 481.0 
242 0.0 0.0 0.0 0.0 0.0 0.0 477.45 482.55 481.3 474.3 479.5 478.15 470.45 473.5 479.05 487.1 477.4 475.6 487.1 483.7 471.35 
243 0.0 0.0 0.0 0.0 0.0 0.0 477.7 480.55 473.0 475.65 482.5 475.85 476.65 477.9 469.95 478.5 482.0 474.5 478.15 475.25 472.5 
244 0.0 0.0 0.0 0.0 0.0 0.0 479.1 473.2 474.6 476.4 472.7 482.1 476.4 478.55 481.9 481.3 471.85 469.8 479.05 474.7 482.05 
245 0.0 0.0 0.0 0.0 0.0 0.0 475.45 471.9 483.85 486.8 476.3 477.95 477.1 474.05 477.6 487.0 483.45 480.8 477.45 469.1 479.3 
246 0.0 0.0 0.0 0.0 0.0 0.0 476.05 484.15 485.85 470.25 469.9 475.55 474.95 479.2 479.85 470.3 477.05 477.8 473.95 481.5 480.1 
247 0.0 0.0 0.0 0.0 0.0 0.0 474.75 488.4 474.5 479.75 480.55 473.5 478.85 473.55 479.9 473.9 475.3 486.0 478.5 480.0 478.75 
248 0.0 0.0 0.0 0.0 0.0 0.0 467.75 480.6 474.35 480.4 484.4 476.75 478.35 474.7 482.95 477.65 479.8 470.35 480.3 476.6 468.7 
249 0.0 0.0 0.0 0.0 0.0 0.0 416.35 477.75 481.25 484.55 487.8 483.5 477.05 479.9 472.05 479.1 480.9 484.1 479.65 478.45 472.35 
250 0.0 0.0 0.0 0.0 0.0 0.0 388.9 477.0 489.4 481.0 477.1 479.9 472.6 492.45 476.4 480.5 480.3 487.85 485.15 474.9 485.35 
251 0.0 0.0 0.0 0.0 0.0 0.0 361.5 475.45 481.2 477.1 487.45 482.5 474.7 480.3 481.15 477.3 483.35 479.8 476.65 483.1 481.7 
252 0.0 0.0 0.0 0.0 0.0 0.0 296.75 471.8 481.0 481.45 470.65 474.05 486.25 480.25 471.95 474.5 479.95 473.25 479.3 477.3 483.1 
253 0.0 0.0 0.0 0.0 0.0 0.0 171.4 478.05 472.9 481.15 484.45 476.55 478.75 472.7 478.2 480.05 478.2 483.3 490.0 477.2 473.7 
254 0.0 0.0 0.0 0.0 0.0 0.0 149.0 482.3 474.45 472.95 481.8 487.15 482.9 479.1 480.2 480.5 477.0 477.8 476.9 481.2 476.75 
255 0.0 0.0 0.0 0.0 0.0 0.0 123.6 476.8 474.8 475.5 476.85 464.9 472.55 478.45 473.25 473.85 473.95 475.95 475.15 478.8 476.9 
256 0.0 0.0 0.0 0.0 0.0 0.0 115.1 473.2 476.95 484.55 469.35 477.35 477.95 470.3 478.75 477.1 478.95 472.25 469.5 479.95 471.8 
257 0.0 0.0 0.0 0.0 0.0 0.0 66.05 476.8 471.3 469.55 477.45 471.85 479.2 477.15 483.35 482.65 476.5 474.6 470.0 475.4 472.8 
258 0.0 0.0 0.0 0.0 0.0 0.0 43.25 473.6 474.15 475.65 474.0 480.6 476.1 474.4 474.45 471.35 480.85 476.95 482.95 475.0 486.25 
259 0.0 0.0 0.0 0.0 0.0 0.0 24.7 468.6 471.95 473.6 479.9 476.1 475.6 481.9 479.8 467.5 465.3 470.85 482.35 474.9 470.1 
260 0.0 0.0 0.0 0.0 0.0 0.0 25.25 474.4 476.7 477.0 468.5 482.1 481.4 469.5 472.3 471.6 475.05 470.45 473.85 478.05 468.05 
261 0.0 0.0 0.0 0.0 0.0 0.0 24.75 481.05 475.8 474.3 474.1 472.0 475.0 477.6 469.1 481.55 472.05 476.65 467.4 475.95 476.2 
262 0.0 0.0 0.0 0.0 0.0 0.0 8.6 483.4 475.4 468.45 464.4 474.6 474.3 475.4 480.25 479.15 472.75 478.55 479.85 474.15 478.6 
263 0.0 0.0 0.0 0.0 0.0 0.0 1.85 476.8 469.2 483.2 480.65 479.25 478.3 478.2 470.4 477.05 480.65 476.6 468.95 478.0 479.95 
264 0.0 0.0 0.0 0.0 0.0 0.0 0.1 479.5 481.35 480.7 481.15 476.9 480.25 476.25 478.1 480.4 480.6 479.55 482.9 477.65 476.05 
265 0.0 0.0 0.0 0.0 0.0 0.0 0.0 475.3 476.4 473.75 474.45 477.85 475.7 481.5 487.55 477.25 474.2 476.55 471.5 473.5 478.7 
266 0.0 0.0 0.0 0.0 0.0 0.0 0.0 476.1 476.1 476.9 479.7 473.15 476.1 470.9 474.3 479.4 474.05 467.0 483.9 476.05 472.9 
267 0.0 0.0 0.0 0.0 0.0 0.0 0.0 473.75 481.8 476.9 475.25 472.25 471.25 474.65 475.75 470.05 478.95 473.85 474.55 469.85 473.85 
268 0.0 0.0 0.0 0.0 0.0 0.0 0.0 478.35 476.35 475.2 477.55 476.4 467.95 472.3 470.95 479.45 476.45 485.7 470.55 474.9 467.15 
269 0.0 0.0 0.0 0.0 0.0 0.0 0.0 474.9 482.75 477.15 484.9 478.4 483.35 462.9 476.9 476.4 471.5 480.35 478.65 481.75 482.35 
270 0.0 0.0 0.0 0.0 0.0 0.0 0.0 483.95 470.8 477.5 478.1 475.75 476.45 480.15 477.75 475.85 478.65 472.2 477.55 472.75 480.05 
271 0.0 0.0 0.0 0.0 0.0 0.0 0.0 477.4 473.25 477.2 472.8 479.15 478.3 487.9 476.6 478.5 475.05 473.45 478.1 477.4 477.05 
272 0.0 0.0 0.0 0.0 0.0 0.0 0.0 471.25 477.8 485.8 479.6 466.5 476.25 473.45 473.9 474.05 477.45 483.85 478.05 475.3 484.0 
273 0.0 0.0 0.0 0.0 0.0 0.0 0.0 481.45 482.8 463.75 474.05 482.35 479.7 482.7 477.25 473.5 475.0 482.25 484.25 475.9 475.0 
274 0.0 0.0 0.0 0.0 0.0 0.0 0.0 474.7 477.4 484.75 474.9 480.75 473.05 479.35 482.85 477.25 483.5 481.95 467.65 489.6 475.1 
275 0.0 0.0 0.0 0.0 0.0 0.0 0.0 484.25 475.35 472.4 473.65 475.0 480.85 477.7 476.15 472.55 481.8 475.8 476.75 475.55 474.6 
276 0.0 0.0 0.0 0.0 0.0 0.0 0.0 471.5 478.75 481.65 477.8 485.75 474.55 480.05 476.4 481.45 475.65 480.2 473.45 479.35 477.05 
277 0.0 0.0 0.0 0.0 0.0 0.0 0.0 479.25 474.4 475.95 475.4 472.95 475.4 476.25 476.1 485.6 482.25 471.35 480.05 475.85 480.15 
278 0.0 0.0 0.0 0.0 0.0 0.0 0.0 479.2 477.15 476.5 480.75 470.45 476.85 477.05 484.6 478.2 475.65 467.55 483.1 472.05 478.35 
279 0.0 0.0 0.0 0.0 0.0 0.0 0.0 473.85 475.45 466.55 476.75 473.2 486.85 479.0 475.85 482.65 473.75 482.6 473.05 480.2 479.9 
280 0.0 0.0 0.0 0.0 0.0 0.0 0.0 474.0 482.2 478.75 480.05 481.7 482.3 481.3 483.35 479.8 483.2 475.25 470.9 470.25 476.6 
281 0.0 0.0 0.0 0.0 0.0 0.0 0.0 480.85 474.45 478.8 475.2 471.85 484.55 469.65 468.5 475.45 478.6 476.85 475.55 489.1 481.05 
282 0.0 0.0 0.0 0.0 0.0 0.0 0.0 481.8 477.55 488.6 476.1 482.95 469.6 482.8 488.0 471.2 470.5 480.95 476.0 472.45 481.95 
283 0.0 0.0 0.0 0.0 0.0 0.0 0.0 467.55 475.15 471.7 476.55 487.15 474.75 484.2 476.2 470.6 488.45 470.15 474.2 479.3 479.8 
284 0.0 0.0 0.0 0.0 0.0 0.0 0.0 482.65 479.9 476.8 480.65 471.0 469.85 475.8 474.1 481.05 469.25 474.6 482.6 488.25 470.4 
285 0.0 0.0 0.0 0.0 0.0 0.0 0.0 475.0 469.3 471.9 473.8 484.05 476.85 477.1 467.5 477.25 476.4 484.0 477.45 472.2 479.1 
286 0.0 0.0 0.0 0.0 0.0 0.0 0.0 480.7 477.7 488.3 476.1 479.9 493.65 468.5 481.7 469.25 475.45 481.95 480.95 473.65 474.05 
287 0.0 0.0 0.0 0.0 0.0 0.0 0.0 468.7 477.35 475.75 482.2 475.45 467.35 487.95 469.1 481.0 474.1 473.9 478.0 470.65 470.9 
288 0.0 0.0 0.0 0.0 0.0 0.0 0.0 475.75 480.95 470.6 478.3 485.0 478.65 481.85 475.9 483.0 470.75 481.6 475.15 473.5 480.3 
289 0.0 0.0 0.0 0.0 0.0 0.0 0.0 474.0 469.35 474.9 480.65 474.35 470.7 471.55 482.35 479.25 480.35 471.8 475.95 479.1 470.8 
290 0.0 0.0 0.0 0.0 0.0 0.0 0.0 461.35 478.5 469.95 482.3 474.45 482.35 481.25 476.15 481.25 486.45 481.1 483.75 483.95 481.25 
291 0.0 0.0 0.0 0.0 0.0 0.0 0.0 416.4 478.1 479.1 476.35 471.9 479.9 465.7 472.6 477.9 473.5 482.35 470.9 478.5 470.9 
292 0.0 0.0 0.0 0.0 0.0 0.0 0.0 405.85 481.35 472.9 479.0 469.45 478.25 481.05 477.3 464.5 486.8 474.05 476.65 470.55 485.25 
293 0.0 0.0 0.0 0.0 0.0 0.0 0.0 345.75 472.35 484.5 465.25 476.05 470.6 480.25 479.5 488.25 475.25 478.15 477.6 480.5 483.2 
294 0.0 0.0 0.0 0.0 0.0 0.0 0.0 260.95 475.5 477.6 475.9 474.85 474.6 474.65 480.9 468.8 471.0 483.9 480.55 481.2 477.25 
295 0.0 0.0 0.0 0.0 0.0 0.0 0.0 192.85 478.85 475.85 478.4 485.55 487.0 464.85 471.35 471.25 479.1 477.7 471.3 473.3 481.6 
296 0.0 0.0 0.0 0.0 0.0 0.0 0.0 149.4 478.3 478.2 475.2 474.0 470.6 478.9 475.15 475.5 474.45 474.25 486.15 479.15 476.55 
297 0.0 0.0 0.0 0.0 0.0 0.0 0.0 133.15 477.95 481.35 478.7 475.65 477.3 481.85 479.4 478.9 484.55 467.4 487.45 479.6 476.5 
298 0.0 0.0 0.0 0.0 0.0 0.0 0.0 87.05 480.1 482.0 478.35 477.8 485.35 482.15 483.05 478.9 470.9 480.8 474.1 481.8 479.75 
299 0.0 0.0 0.0 0.0 0.0 0.0 0.0 49.6 471.1 477.1 476.25 477.75 477.05 473.7 477.9 484.5 477.95 487.4 475.2 472.65 475.7 
300 0.0 0.0 0.0 0.0 0.0 0.0 0.0 29.85 479.8 475.0 484.35 474.5 475.9 474.45 483.25 466.6 474.9 480.1 475.0 482.3 478.5 
301 0.0 0.0 0.0 0.0 0.0 0.0 0.0 26.2 480.95 480.9 474.2 480.15 470.3 479.8 480.35 484.5 473.3 473.95 483.5 467.3 484.95 
302 0.0 0.0 0.0 0.0 0.0 0.0 0.0 7.8 476.95 471.75 471.9 476.3 473.25 480.2 480.0 477.1 483.3 473.5 477.1 470.7 471.5 
303 0.0 0.0 0.0 0.0 0.0 0.0 0.0 1.05 479.25 474.8 473.55 475.4 478.6 477.15 478.1 485.25 483.2 466.0 472.15 480.65 476.7 
304 0.0 0.0 0.0 0.0 0.0 0.0 0.0 0.0 477.05 475.15 467.4 483.9 477.75 475.65 483.65 482.65 480.1 486.8 481.45 485.2 475.3 
305 0.0 0.0 0.0 0.0 0.0 0.0 0.0 0.0 477.05 468.4 479.55 474.7 483.05 481.45 474.2 472.35 470.2 478.65 474.7 480.0 477.0 
306 0.0 0.0 0.0 0.0 0.0 0.0 0.0 0.0 478.15 475.35 473.75 467.4 472.05 479.15 476.55 474.75 482.3 476.8 475.1 482.8 476.7 
307 0.0 0.0 0.0 0.0 0.0 0.0 0.0 0.0 473.75 482.95 479.0 485.6 474.3 479.35 475.55 479.8 480.75 472.1 480.1 473.6 477.65 
308 0.0 0.0 0.0 0.0 0.0 0.0 0.0 0.0 475.15 481.5 480.95 477.5 476.35 470.2 473.5 473.8 472.2 477.95 472.55 480.7 476.15 
309 0.0 0.0 0.0 0.0 0.0 0.0 0.0 0.0 479.3 481.35 474.0 479.0 472.45 472.4 474.15 476.7 470.85 474.9 474.15 474.9 483.65 
310 0.0 0.0 0.0 0.0 0.0 0.0 0.0 0.0 479.0 479.3 471.7 472.05 480.0 478.6 475.15 475.85 476.4 478.5 479.35 474.35 479.85 
311 0.0 0.0 0.0 0.0 0.0 0.0 0.0 0.0 477.15 471.9 480.35 474.75 475.8 474.6 464.25 478.75 478.9 475.6 473.9 468.3 476.5 
312 0.0 0.0 0.0 0.0 0.0 0.0 0.0 0.0 477.55 481.95 478.7 489.9 473.45 477.5 487.85 473.6 473.2 475.0 470.85 475.85 475.35 
313 0.0 0.0 0.0 0.0 0.0 0.0 0.0 0.0 469.05 474.2 478.15 475.5 473.5 479.1 479.2 469.9 472.75 470.1 479.65 470.25 473.45 
314 0.0 0.0 0.0 0.0 0.0 0.0 0.0 0.0 479.35 481.3 482.95 478.0 484.45 472.1 482.85 477.8 472.35 479.3 477.9 482.45 479.75 
315 0.0 0.0 0.0 0.0 0.0 0.0 0.0 0.0 476.8 472.05 478.75 473.1 483.5 476.0 481.05 476.05 482.1 475.4 482.65 483.5 482.85 
316 0.0 0.0 0.0 0.0 0.0 0.0 0.0 0.0 475.0 480.3 470.4 479.8 484.4 484.65 471.3 481.75 474.65 482.0 475.25 477.05 475.55 
317 0.0 0.0 0.0 0.0 0.0 0.0 0.0 0.0 479.4 477.9 486.95 476.9 473.65 481.9 478.5 475.7 480.95 470.1 477.1 483.8 475.25 
318 0.0 0.0 0.0 0.0 0.0 0.0 0.0 0.0 487.8 473.9 472.6 470.45 480.0 483.3 473.2 477.1 475.6 478.55 478.95 467.0 480.05 
319 0.0 0.0 0.0 0.0 0.0 0.0 0.0 0.0 473.15 472.8 471.7 482.15 478.25 482.4 470.55 480.15 478.25 489.0 481.0 479.9 466.4 
320 0.0 0.0 0.0 0.0 0.0 0.0 0.0 0.0 479.7 478.85 483.8 477.0 481.1 477.85 481.45 482.6 482.25 468.15 475.8 481.3 485.7 
321 0.0 0.0 0.0 0.0 0.0 0.0 0.0 0.0 460.95 481.75 475.7 471.7 468.7 465.25 480.1 472.0 474.7 481.5 477.8 478.7 475.95 
322 0.0 0.0 0.0 0.0 0.0 0.0 0.0 0.0 481.5 475.2 484.6 476.25 473.1 465.4 473.2 480.05 474.25 476.9 468.5 476.8 469.9 
323 0.0 0.0 0.0 0.0 0.0 0.0 0.0 0.0 478.65 478.55 475.0 481.75 470.15 478.4 472.1 469.55 475.1 466.25 477.75 472.85 476.8 
324 0.0 0.0 0.0 0.0 0.0 0.0 0.0 0.0 483.05 468.9 481.85 475.2 476.15 470.75 483.9 472.85 471.7 479.5 478.0 477.3 483.15 
325 0.0 0.0 0.0 0.0 0.0 0.0 0.0 0.0 480.15 485.6 478.55 476.4 476.35 486.1 472.25 480.25 478.35 477.4 472.3 485.25 467.05 
326 0.0 0.0 0.0 0.0 0.0 0.0 0.0 0.0 478.6 483.4 474.75 480.7 479.3 473.65 468.7 480.65 479.05 476.65 477.3 470.65 476.35 
327 0.0 0.0 0.0 0.0 0.0 0.0 0.0 0.0 475.8 475.85 480.95 480.7 484.55 480.25 479.15 475.3 475.15 471.8 478.1 469.05 477.45 
328 0.0 0.0 0.0 0.0 0.0 0.0 0.0 0.0 471.65 480.85 466.15 477.15 480.5 470.4 474.05 468.95 478.45 485.2 481.3 480.4 476.3 
329 0.0 0.0 0.0 0.0 0.0 0.0 0.0 0.0 475.3 474.15 471.4 477.1 474.5 485.8 480.35 474.9 480.65 485.65 478.0 471.95 472.2 
330 0.0 0.0 0.0 0.0 0.0 0.0 0.0 0.0 483.7 474.25 481.1 482.25 477.6 477.0 474.8 476.9 473.25 474.15 481.85 487.65 480.6 
331 0.0 0.0 0.0 0.0 0.0 0.0 0.0 0.0 474.55 471.85 476.1 476.85 481.95 474.15 473.55 483.35 477.3 473.8 476.75 472.9 483.7 
332 0.0 0.0 0.0 0.0 0.0 0.0 0.0 0.0 458.45 476.25 473.8 476.3 472.4 471.75 475.85 474.85 476.7 479.8 482.35 478.05 474.95 
333 0.0 0.0 0.0 0.0 0.0 0.0 0.0 0.0 450.3 474.1 475.9 467.3 479.5 480.55 480.95 480.7 478.4 481.6 477.6 484.35 477.65 
334 0.0 0.0 0.0 0.0 0.0 0.0 0.0 0.0 413.3 477.85 482.85 480.85 473.4 474.85 475.15 475.85 481.55 477.75 470.85 481.8 475.9 
335 0.0 0.0 0.0 0.0 0.0 0.0 0.0 0.0 343.75 475.6 481.6 470.2 477.1 473.55 471.1 482.5 477.85 476.1 483.15 471.4 475.1 
336 0.0 0.0 0.0 0.0 0.0 0.0 0.0 0.0 266.65 480.8 472.9 475.45 468.3 477.1 476.5 476.2 476.65 477.25 475.2 474.55 481.8 
337 0.0 0.0 0.0 0.0 0.0 0.0 0.0 0.0 224.95 469.35 481.7 475.2 472.65 474.3 485.6 477.95 478.95 477.3 475.8 476.6 474.5 
338 0.0 0.0 0.0 0.0 0.0 0.0 0.0 0.0 166.75 474.0 467.95 475.45 474.65 479.3 472.7 480.05 466.65 476.3 477.6 469.0 472.8 
339 0.0 0.0 0.0 0.0 0.0 0.0 0.0 0.0 124.5 482.0 481.9 486.75 474.7 477.75 478.7 473.85 472.05 463.95 477.1 480.1 478.1 
340 0.0 0.0 0.0 0.0 0.0 0.0 0.0 0.0 73.1 476.35 471.7 481.95 484.5 472.3 484.25 472.5 489.05 477.7 468.9 478.3 476.85 
341 0.0 0.0 0.0 0.0 0.0 0.0 0.0 0.0 31.4 482.1 480.6 470.15 471.7 476.4 476.0 477.75 480.6 474.2 467.0 470.3 477.3 
342 0.0 0.0 0.0 0.0 0.0 0.0 0.0 0.0 25.75 477.05 485.3 479.85 478.5 474.0 472.8 486.15 482.2 478.1 478.6 479.4 475.55 
343 0.0 0.0 0.0 0.0 0.0 0.0 0.0 0.0 19.25 482.7 481.85 470.0 474.0 487.25 487.65 480.4 481.7 486.95 475.7 480.8 481.05 
344 0.0 0.0 0.0 0.0 0.0 0.0 0.0 0.0 1.95 476.45 478.75 476.85 486.8 474.85 479.45 471.45 478.85 480.75 480.55 481.35 478.05 
345 0.0 0.0 0.0 0.0 0.0 0.0 0.0 0.0 0.15 464.45 473.9 480.05 487.15 484.2 477.05 475.0 476.0 479.1 491.55 475.2 477.3 
346 0.0 0.0 0.0 0.0 0.0 0.0 0.0 0.0 0.0 481.75 473.1 483.05 472.2 481.85 471.15 482.05 478.4 483.55 489.05 480.05 480.4 
347 0.0 0.0 0.0 0.0 0.0 0.0 0.0 0.0 0.0 478.25 471.3 472.0 477.95 472.7 482.25 475.9 477.8 478.9 476.2 479.15 481.6 
348 0.0 0.0 0.0 0.0 0.0 0.0 0.0 0.0 0.0 480.5 471.7 481.1 479.55 479.6 480.45 475.95 475.2 481.7 468.5 485.8 479.75 
349 0.0 0.0 0.0 0.0 0.0 0.0 0.0 0.0 0.0 478.3 475.95 474.9 482.6 474.15 477.9 482.45 477.6 475.5 476.5 479.45 468.65 
350 0.0 0.0 0.0 0.0 0.0 0.0 0.0 0.0 0.0 470.65 470.1 478.0 476.4 480.1 467.45 472.95 476.3 479.8 477.85 464.75 480.65 
351 0.0 0.0 0.0 0.0 0.0 0.0 0.0 0.0 0.0 479.7 483.0 475.05 471.5 476.05 481.5 479.55 475.25 469.85 475.2 476.8 478.55 
352 0.0 0.0 0.0 0.0 0.0 0.0 0.0 0.0 0.0 467.15 472.8 482.45 482.45 483.35 476.6 477.25 478.35 480.45 478.55 481.05 484.7 
353 0.0 0.0 0.0 0.0 0.0 0.0 0.0 0.0 0.0 477.05 470.7 474.0 476.0 480.85 479.25 485.2 471.9 473.0 480.85 475.45 480.7 
354 0.0 0.0 0.0 0.0 0.0 0.0 0.0 0.0 0.0 481.65 475.15 472.6 470.45 478.0 490.45 479.9 474.2 470.4 472.1 474.65 477.55 
355 0.0 0.0 0.0 0.0 0.0 0.0 0.0 0.0 0.0 480.3 488.45 477.35 471.85 478.25 476.5 475.4 472.45 479.6 473.3 471.8 472.95 
356 0.0 0.0 0.0 0.0 0.0 0.0 0.0 0.0 0.0 478.85 476.8 476.9 475.5 472.75 475.3 473.3 473.0 471.4 478.45 476.55 469.7 
357 0.0 0.0 0.0 0.0 0.0 0.0 0.0 0.0 0.0 477.15 472.95 473.6 474.55 473.1 468.85 470.1 472.35 475.45 478.7 482.2 471.65 
358 0.0 0.0 0.0 0.0 0.0 0.0 0.0 0.0 0.0 480.0 483.1 483.85 482.2 476.55 480.95 464.15 473.2 477.1 478.9 474.35 471.0 
359 0.0 0.0 0.0 0.0 0.0 0.0 0.0 0.0 0.0 479.2 479.45 476.95 485.7 481.1 480.5 469.0 476.45 476.35 478.75 471.15 478.0 
360 0.0 0.0 0.0 0.0 0.0 0.0 0.0 0.0 0.0 474.15 474.95 474.95 475.95 482.95 470.6 475.65 476.95 477.35 470.65 472.4 475.75 
361 0.0 0.0 0.0 0.0 0.0 0.0 0.0 0.0 0.0 477.1 481.75 473.65 481.15 470.05 475.2 475.6 480.7 467.15 464.75 474.6 473.95 
362 0.0 0.0 0.0 0.0 0.0 0.0 0.0 0.0 0.0 476.05 473.05 479.05 474.6 474.4 479.45 482.35 476.1 467.7 475.8 466.95 477.1 
363 0.0 0.0 0.0 0.0 0.0 0.0 0.0 0.0 0.0 475.55 473.85 473.9 472.2 475.35 471.25 474.15 473.85 478.3 473.25 479.3 467.1 
364 0.0 0.0 0.0 0.0 0.0 0.0 0.0 0.0 0.0 477.85 473.2 479.25 483.4 478.9 473.75 490.55 465.45 475.2 468.2 473.95 468.8 
365 0.0 0.0 0.0 0.0 0.0 0.0 0.0 0.0 0.0 479.3 476.6 478.1 462.85 475.05 472.1 473.95 479.45 470.45 474.05 475.65 472.65 
366 0.0 0.0 0.0 0.0 0.0 0.0 0.0 0.0 0.0 471.35 483.0 475.9 476.55 479.2 482.5 479.9 482.0 473.95 477.55 477.95 482.95 
367 0.0 0.0 0.0 0.0 0.0 0.0 0.0 0.0 0.0 483.0 478.65 479.15 477.05 472.9 472.9 473.35 479.75 479.2 475.1 470.55 472.8 
368 0.0 0.0 0.0 0.0 0.0 0.0 0.0 0.0 0.0 476.65 477.5 476.2 472.7 475.05 469.15 477.6 484.45 480.65 484.2 471.45 476.7 
369 0.0 0.0 0.0 0.0 0.0 0.0 0.0 0.0 0.0 472.7 474.8 470.85 486.7 474.2 479.7 480.95 479.85 479.5 475.3 482.25 477.75 
370 0.0 0.0 0.0 0.0 0.0 0.0 0.0 0.0 0.0 470.95 482.2 482.7 471.2 475.8 478.75 478.85 476.15 473.25 481.1 479.5 471.75 
371 0.0 0.0 0.0 0.0 0.0 0.0 0.0 0.0 0.0 477.7 477.2 477.75 474.35 472.9 473.4 476.2 479.6 485.1 473.7 479.85 471.3 
372 0.0 0.0 0.0 0.0 0.0 0.0 0.0 0.0 0.0 479.3 479.85 480.25 473.85 485.3 486.35 477.6 480.85 479.15 481.85 477.5 474.35 
373 0.0 0.0 0.0 0.0 0.0 0.0 0.0 0.0 0.0 472.95 469.15 474.25 476.35 468.6 475.65 487.65 482.05 476.4 470.15 466.85 477.1 
374 0.0 0.0 0.0 0.0 0.0 0.0 0.0 0.0 0.0 455.7 479.55 473.45 476.2 472.3 481.45 474.3 471.05 479.1 474.65 479.65 484.85 
375 0.0 0.0 0.0 0.0 0.0 0.0 0.0 0.0 0.0 450.5 476.35 481.2 483.65 485.45 478.2 477.75 481.7 480.55 471.3 484.15 481.3 
376 0.0 0.0 0.0 0.0 0.0 0.0 0.0 0.0 0.0 419.3 474.85 475.55 478.05 484.9 485.2 472.7 476.4 481.25 483.3 475.0 475.35 
377 0.0 0.0 0.0 0.0 0.0 0.0 0.0 0.0 0.0 335.1 473.4 480.85 482.85 477.35 468.35 475.9 473.1 476.5 481.55 479.25 478.05 
378 0.0 0.0 0.0 0.0 0.0 0.0 0.0 0.0 0.0 294.05 479.35 474.9 478.15 482.1 481.0 477.7 471.75 472.65 474.8 483.3 493.4 
379 0.0 0.0 0.0 0.0 0.0 0.0 0.0 0.0 0.0 259.65 472.7 472.5 479.8 476.5 469.1 471.7 485.85 475.4 474.4 474.9 480.25 
380 0.0 0.0 0.0 0.0 0.0 0.0 0.0 0.0 0.0 205.65 477.6 481.2 474.3 475.2 472.9 471.3 474.4 478.05 479.2 479.6 473.45 
381 0.0 0.0 0.0 0.0 0.0 0.0 0.0 0.0 0.0 152.6 480.0 475.05 476.5 473.2 463.5 472.75 474.55 471.7 472.6 470.3 473.85 
382 0.0 0.0 0.0 0.0 0.0 0.0 0.0 0.0 0.0 92.15 484.65 479.8 472.55 475.15 473.45 483.4 464.85 476.95 485.85 485.9 472.4 
383 0.0 0.0 0.0 0.0 0.0 0.0 0.0 0.0 0.0 40.05 479.6 475.3 478.7 475.55 480.95 465.85 475.5 478.3 473.4 475.45 477.85 
384 0.0 0.0 0.0 0.0 0.0 0.0 0.0 0.0 0.0 17.85 475.4 477.0 461.95 468.55 485.5 474.9 477.5 473.0 472.15 477.85 465.0 
385 0.0 0.0 0.0 0.0 0.0 0.0 0.0 0.0 0.0 1.55 473.0 476.75 475.05 473.25 479.5 470.75 477.4 478.65 484.2 478.0 487.8 
386 0.0 0.0 0.0 0.0 0.0 0.0 0.0 0.0 0.0 0.0 475.25 478.7 474.1 470.05 477.65 477.7 475.2 479.0 472.7 468.8 480.3 
387 0.0 0.0 0.0 0.0 0.0 0.0 0.0 0.0 0.0 0.0 478.25 469.5 481.35 475.85 467.55 481.95 472.5 477.05 479.3 482.3 482.3 
388 0.0 0.0 0.0 0.0 0.0 0.0 0.0 0.0 0.0 0.0 474.1 473.2 477.4 477.25 475.25 477.75 485.65 480.95 473.0 479.45 474.1 
389 0.0 0.0 0.0 0.0 0.0 0.0 0.0 0.0 0.0 0.0 484.05 475.45 477.15 477.1 478.1 482.9 479.45 481.8 477.95 474.95 474.0 
390 0.0 0.0 0.0 0.0 0.0 0.0 0.0 0.0 0.0 0.0 474.05 479.95 480.65 486.8 479.35 475.65 477.65 474.25 484.5 476.7 479.25 
391 0.0 0.0 0.0 0.0 0.0 0.0 0.0 0.0 0.0 0.0 470.35 486.3 471.15 483.7 479.15 478.4 484.45 480.45 486.25 482.85 476.95 
392 0.0 0.0 0.0 0.0 0.0 0.0 0.0 0.0 0.0 0.0 479.05 477.8 480.35 473.8 479.5 480.15 471.6 476.6 485.35 468.8 469.0 
393 0.0 0.0 0.0 0.0 0.0 0.0 0.0 0.0 0.0 0.0 484.3 471.95 486.0 478.95 480.85 474.85 471.55 481.85 472.9 478.95 485.8 
394 0.0 0.0 0.0 0.0 0.0 0.0 0.0 0.0 0.0 0.0 470.45 469.6 483.75 476.6 474.65 471.45 477.2 472.35 482.4 479.0 478.1 
395 0.0 0.0 0.0 0.0 0.0 0.0 0.0 0.0 0.0 0.0 477.5 486.9 484.05 476.95 482.6 482.65 472.45 477.85 473.5 482.35 482.95 
396 0.0 0.0 0.0 0.0 0.0 0.0 0.0 0.0 0.0 0.0 485.7 482.35 472.4 479.5 483.75 480.65 483.4 476.2 471.1 480.95 470.05 
397 0.0 0.0 0.0 0.0 0.0 0.0 0.0 0.0 0.0 0.0 478.15 472.95 479.6 479.0 470.9 479.5 479.2 481.8 477.25 474.9 480.35 
398 0.0 0.0 0.0 0.0 0.0 0.0 0.0 0.0 0.0 0.0 467.5 476.45 479.35 478.55 469.9 476.65 474.85 477.1 470.3 470.4 483.0 
399 0.0 0.0 0.0 0.0 0.0 0.0 0.0 0.0 0.0 0.0 479.45 475.9 480.65 478.5 478.05 471.9 480.2 470.95 471.7 483.7 471.8 
400 0.0 0.0 0.0 0.0 0.0 0.0 0.0 0.0 0.0 0.0 475.4 476.4 469.65 478.25 470.7 479.0 482.25 472.7 490.2 480.3 480.0 
401 0.0 0.0 0.0 0.0 0.0 0.0 0.0 0.0 0.0 0.0 476.4 476.0 478.35 480.7 479.05 484.1 476.45 479.4 474.35 477.55 482.55 
402 0.0 0.0 0.0 0.0 0.0 0.0 0.0 0.0 0.0 0.0 477.8 485.9 473.2 475.15 475.05 480.05 482.65 476.6 478.35 469.7 473.05 
403 0.0 0.0 0.0 0.0 0.0 0.0 0.0 0.0 0.0 0.0 485.3 478.8 472.2 478.4 487.6 472.75 480.1 482.55 482.85 473.3 478.25 
404 0.0 0.0 0.0 0.0 0.0 0.0 0.0 0.0 0.0 0.0 476.1 476.3 480.4 469.55 478.4 475.9 474.1 476.1 478.35 482.5 475.2 
405 0.0 0.0 0.0 0.0 0.0 0.0 0.0 0.0 0.0 0.0 471.9 472.6 475.3 474.1 475.15 473.65 470.95 480.3 468.15 476.65 476.4 
406 0.0 0.0 0.0 0.0 0.0 0.0 0.0 0.0 0.0 0.0 478.35 475.1 475.0 477.4 481.05 474.6 475.15 480.6 481.15 476.9 481.7 
407 0.0 0.0 0.0 0.0 0.0 0.0 0.0 0.0 0.0 0.0 480.45 475.05 482.75 481.4 472.7 479.3 481.0 479.65 473.9 470.7 475.7 
408 0.0 0.0 0.0 0.0 0.0 0.0 0.0 0.0 0.0 0.0 471.9 474.5 476.35 477.05 476.5 475.9 468.65 481.7 480.85 475.35 477.7 
409 0.0 0.0 0.0 0.0 0.0 0.0 0.0 0.0 0.0 0.0 482.55 480.55 475.8 471.35 476.05 475.55 484.8 472.3 475.5 480.5 472.15 
410 0.0 0.0 0.0 0.0 0.0 0.0 0.0 0.0 0.0 0.0 475.1 476.25 473.6 479.05 479.2 487.65 473.35 468.8 479.85 482.35 479.4 
411 0.0 0.0 0.0 0.0 0.0 0.0 0.0 0.0 0.0 0.0 474.25 479.7 485.65 481.05 483.95 468.1 480.85 474.05 467.8 474.9 477.4 
412 0.0 0.0 0.0 0.0 0.0 0.0 0.0 0.0 0.0 0.0 475.05 476.9 476.15 482.9 479.95 479.75 477.95 478.05 479.25 485.25 476.75 
413 0.0 0.0 0.0 0.0 0.0 0.0 0.0 0.0 0.0 0.0 462.1 471.15 475.65 483.85 482.7 483.95 481.95 482.05 490.3 484.55 480.5 
414 0.0 0.0 0.0 0.0 0.0 0.0 0.0 0.0 0.0 0.0 458.15 484.8 483.75 475.8 483.65 487.25 477.45 477.95 478.05 477.3 478.35 
415 0.0 0.0 0.0 0.0 0.0 0.0 0.0 0.0 0.0 0.0 453.4 479.9 480.3 475.4 470.95 472.05 478.4 477.2 480.0 474.55 490.1 
416 0.0 0.0 0.0 0.0 0.0 0.0 0.0 0.0 0.0 0.0 441.9 474.8 474.95 476.3 476.05 475.25 470.9 476.6 477.0 476.2 476.8 
417 0.0 0.0 0.0 0.0 0.0 0.0 0.0 0.0 0.0 0.0 407.95 474.65 476.8 473.6 470.1 483.95 474.95 482.95 472.25 482.45 472.95 
418 0.0 0.0 0.0 0.0 0.0 0.0 0.0 0.0 0.0 0.0 366.05 477.4 473.45 482.5 478.3 471.05 476.45 487.5 482.4 478.7 478.75 
419 0.0 0.0 0.0 0.0 0.0 0.0 0.0 0.0 0.0 0.0 319.8 487.0 477.15 475.65 478.55 472.05 482.5 473.85 480.05 479.9 471.6 
420 0.0 0.0 0.0 0.0 0.0 0.0 0.0 0.0 0.0 0.0 283.35 467.05 471.3 466.6 472.05 474.6 478.95 474.45 479.85 477.95 475.7 
421 0.0 0.0 0.0 0.0 0.0 0.0 0.0 0.0 0.0 0.0 220.35 473.55 477.55 482.75 471.5 472.35 470.9 479.25 477.05 476.75 484.45 
422 0.0 0.0 0.0 0.0 0.0 0.0 0.0 0.0 0.0 0.0 169.95 475.5 480.35 472.45 474.65 475.45 477.0 471.9 464.7 470.55 470.65 
423 0.0 0.0 0.0 0.0 0.0 0.0 0.0 0.0 0.0 0.0 121.15 484.15 469.05 476.3 480.7 481.05 479.45 474.5 479.25 472.5 474.0 
424 0.0 0.0 0.0 0.0 0.0 0.0 0.0 0.0 0.0 0.0 80.5 475.75 473.95 471.95 478.1 480.25 477.7 469.25 466.35 469.15 477.1 
425 0.0 0.0 0.0 0.0 0.0 0.0 0.0 0.0 0.0 0.0 46.15 482.5 473.5 482.2 474.4 468.8 475.05 471.9 477.9 473.75 472.9 
426 0.0 0.0 0.0 0.0 0.0 0.0 0.0 0.0 0.0 0.0 28.15 471.85 484.45 483.25 477.9 477.9 475.75 471.75 475.2 483.05 480.65 
427 0.0 0.0 0.0 0.0 0.0 0.0 0.0 0.0 0.0 0.0 10.7 471.85 484.1 475.85 477.8 480.9 478.5 481.05 478.6 479.7 478.65 
428 0.0 0.0 0.0 0.0 0.0 0.0 0.0 0.0 0.0 0.0 2.2 473.85 477.65 479.1 475.9 478.0 473.25 479.9 471.8 474.0 476.0 
429 0.0 0.0 0.0 0.0 0.0 0.0 0.0 0.0 0.0 0.0 0.15 482.3 471.05 478.35 482.7 478.35 482.25 473.7 482.35 474.55 476.9 
430 0.0 0.0 0.0 0.0 0.0 0.0 0.0 0.0 0.0 0.0 0.0 479.7 468.85 466.05 473.8 475.8 480.1 480.35 477.7 467.4 469.7 
431 0.0 0.0 0.0 0.0 0.0 0.0 0.0 0.0 0.0 0.0 0.0 476.9 478.75 472.0 479.1 478.7 474.75 470.45 468.5 478.85 470.1 
432 0.0 0.0 0.0 0.0 0.0 0.0 0.0 0.0 0.0 0.0 0.0 471.6 470.15 469.1 476.15 478.1 469.55 486.45 484.15 478.8 470.0 
433 0.0 0.0 0.0 0.0 0.0 0.0 0.0 0.0 0.0 0.0 0.0 481.7 484.05 484.4 472.25 480.5 479.15 472.05 476.2 476.7 474.05 
434 0.0 0.0 0.0 0.0 0.0 0.0 0.0 0.0 0.0 0.0 0.0 474.75 475.4 477.55 476.95 470.8 479.15 477.85 471.5 474.7 477.1 
435 0.0 0.0 0.0 0.0 0.0 0.0 0.0 0.0 0.0 0.0 0.0 475.1 484.25 476.8 465.7 477.05 472.05 469.2 478.4 480.45 478.85 
436 0.0 0.0 0.0 0.0 0.0 0.0 0.0 0.0 0.0 0.0 0.0 475.25 471.15 474.7 478.85 471.35 475.95 478.25 468.15 462.35 481.25 
437 0.0 0.0 0.0 0.0 0.0 0.0 0.0 0.0 0.0 0.0 0.0 479.8 471.8 483.0 487.2 477.8 474.5 478.8 480.2 486.75 482.35 
438 0.0 0.0 0.0 0.0 0.0 0.0 0.0 0.0 0.0 0.0 0.0 474.8 477.9 475.95 477.35 478.6 474.35 485.75 475.15 471.1 469.25 
439 0.0 0.0 0.0 0.0 0.0 0.0 0.0 0.0 0.0 0.0 0.0 476.5 480.45 469.0 477.15 480.3 477.75 470.9 474.6 475.45 482.15 
440 0.0 0.0 0.0 0.0 0.0 0.0 0.0 0.0 0.0 0.0 0.0 473.45 482.35 471.9 480.7 477.4 486.75 471.55 479.0 476.0 477.6 
441 0.0 0.0 0.0 0.0 0.0 0.0 0.0 0.0 0.0 0.0 0.0 481.85 473.15 488.45 479.95 474.8 472.9 471.35 479.7 470.2 473.3 
442 0.0 0.0 0.0 0.0 0.0 0.0 0.0 0.0 0.0 0.0 0.0 477.7 474.5 477.15 473.5 478.0 472.25 479.7 483.15 478.45 474.6 
443 0.0 0.0 0.0 0.0 0.0 0.0 0.0 0.0 0.0 0.0 0.0 463.5 467.7 478.2 467.3 467.5 475.3 477.5 471.8 488.05 480.25 
444 0.0 0.0 0.0 0.0 0.0 0.0 0.0 0.0 0.0 0.0 0.0 479.1 490.85 478.35 479.05 471.45 472.5 480.4 480.45 486.75 473.8 
445 0.0 0.0 0.0 0.0 0.0 0.0 0.0 0.0 0.0 0.0 0.0 477.1 480.25 473.5 475.1 479.95 482.75 479.7 477.35 482.55 486.4 
446 0.0 0.0 0.0 0.0 0.0 0.0 0.0 0.0 0.0 0.0 0.0 480.75 475.6 475.45 480.85 482.0 478.9 475.2 477.15 485.2 477.05 
447 0.0 0.0 0.0 0.0 0.0 0.0 0.0 0.0 0.0 0.0 0.0 481.05 478.95 479.75 466.2 477.8 473.15 475.55 478.5 467.45 483.75 
448 0.0 0.0 0.0 0.0 0.0 0.0 0.0 0.0 0.0 0.0 0.0 481.5 463.15 472.35 483.5 476.75 475.85 481.15 483.65 476.9 473.8 
449 0.0 0.0 0.0 0.0 0.0 0.0 0.0 0.0 0.0 0.0 0.0 473.25 477.1 473.3 480.45 480.35 478.25 474.1 475.4 479.3 478.6 
450 0.0 0.0 0.0 0.0 0.0 0.0 0.0 0.0 0.0 0.0 0.0 474.7 473.5 484.0 484.05 475.35 480.2 471.7 473.15 480.0 476.55 
451 0.0 0.0 0.0 0.0 0.0 0.0 0.0 0.0 0.0 0.0 0.0 474.95 478.5 470.85 476.35 481.0 484.85 476.65 477.75 476.8 480.55 
452 0.0 0.0 0.0 0.0 0.0 0.0 0.0 0.0 0.0 0.0 0.0 471.95 478.9 471.05 470.0 472.6 468.25 478.3 474.4 480.85 475.85 
453 0.0 0.0 0.0 0.0 0.0 0.0 0.0 0.0 0.0 0.0 0.0 480.45 472.8 482.05 474.2 472.7 482.15 483.65 479.3 463.95 476.0 
454 0.0 0.0 0.0 0.0 0.0 0.0 0.0 0.0 0.0 0.0 0.0 471.1 483.1 479.85 481.4 490.4 475.5 472.1 478.75 481.3 474.1 
455 0.0 0.0 0.0 0.0 0.0 0.0 0.0 0.0 0.0 0.0 0.0 457.65 481.6 477.7 479.65 474.15 483.2 475.75 475.75 477.25 478.35 
456 0.0 0.0 0.0 0.0 0.0 0.0 0.0 0.0 0.0 0.0 0.0 450.5 479.95 483.7 474.75 473.3 475.85 479.0 473.75 476.8 472.15 
457 0.0 0.0 0.0 0.0 0.0 0.0 0.0 0.0 0.0 0.0 0.0 454.4 480.8 478.55 473.35 475.0 474.6 483.15 477.1 473.2 477.95 
458 0.0 0.0 0.0 0.0 0.0 0.0 0.0 0.0 0.0 0.0 0.0 452.9 478.95 476.75 476.9 475.95 477.7 490.85 471.35 473.6 474.95 
459 0.0 0.0 0.0 0.0 0.0 0.0 0.0 0.0 0.0 0.0 0.0 415.7 476.0 478.05 478.65 482.3 474.15 468.55 480.6 472.2 476.3 
460 0.0 0.0 0.0 0.0 0.0 0.0 0.0 0.0 0.0 0.0 0.0 401.85 475.15 472.5 487.05 480.55 476.2 477.2 478.3 479.05 476.05 
461 0.0 0.0 0.0 0.0 0.0 0.0 0.0 0.0 0.0 0.0 0.0 359.5 475.95 478.75 481.95 471.45 471.55 475.9 475.1 475.35 473.55 
462 0.0 0.0 0.0 0.0 0.0 0.0 0.0 0.0 0.0 0.0 0.0 280.8 469.85 478.85 478.6 475.9 480.6 477.15 471.7 474.7 473.7 
463 0.0 0.0 0.0 0.0 0.0 0.0 0.0 0.0 0.0 0.0 0.0 242.4 482.3 481.7 470.85 476.05 484.6 472.75 479.1 481.15 487.9 
464 0.0 0.0 0.0 0.0 0.0 0.0 0.0 0.0 0.0 0.0 0.0 175.65 470.45 476.0 469.2 482.1 478.55 476.7 484.0 473.55 472.65 
465 0.0 0.0 0.0 0.0 0.0 0.0 0.0 0.0 0.0 0.0 0.0 120.5 471.7 481.5 480.3 476.1 474.45 472.2 472.1 475.0 472.35 
466 0.0 0.0 0.0 0.0 0.0 0.0 0.0 0.0 0.0 0.0 0.0 69.55 477.75 473.75 476.85 485.5 479.0 480.4 472.15 475.6 484.7 
467 0.0 0.0 0.0 0.0 0.0 0.0 0.0 0.0 0.0 0.0 0.0 42.45 477.75 478.8 478.95 471.65 476.55 474.15 471.9 487.15 479.2 
468 0.0 0.0 0.0 0.0 0.0 0.0 0.0 0.0 0.0 0.0 0.0 6.9 478.45 474.8 480.45 475.8 474.55 474.15 478.6 474.75 475.75 
469 0.0 0.0 0.0 0.0 0.0 0.0 0.0 0.0 0.0 0.0 0.0 0.8 479.4 470.65 478.65 471.7 473.3 476.4 476.25 476.95 480.6 
470 0.0 0.0 0.0 0.0 0.0 0.0 0.0 0.0 0.0 0.0 0.0 0.05 485.8 467.15 467.55 479.4 478.2 471.4 484.25 481.8 475.7 
471 0.0 0.0 0.0 0.0 0.0 0.0 0.0 0.0 0.0 0.0 0.0 0.0 470.05 472.3 473.3 466.65 484.75 485.95 479.1 482.3 474.75 
472 0.0 0.0 0.0 0.0 0.0 0.0 0.0 0.0 0.0 0.0 0.0 0.0 475.25 481.1 478.8 478.2 471.25 485.7 475.4 468.35 482.05 
473 0.0 0.0 0.0 0.0 0.0 0.0 0.0 0.0 0.0 0.0 0.0 0.0 482.4 487.5 481.6 477.15 473.35 475.95 480.8 470.35 474.9 
474 0.0 0.0 0.0 0.0 0.0 0.0 0.0 0.0 0.0 0.0 0.0 0.0 478.45 477.6 473.6 480.55 475.4 470.5 480.85 476.6 477.95 
475 0.0 0.0 0.0 0.0 0.0 0.0 0.0 0.0 0.0 0.0 0.0 0.0 478.6 477.4 481.85 480.25 475.35 478.65 469.7 464.4 474.9 
476 0.0 0.0 0.0 0.0 0.0 0.0 0.0 0.0 0.0 0.0 0.0 0.0 481.1 482.3 475.6 477.55 471.9 469.35 477.45 487.6 480.9 
477 0.0 0.0 0.0 0.0 0.0 0.0 0.0 0.0 0.0 0.0 0.0 0.0 482.2 473.75 476.15 471.4 473.3 480.2 468.1 477.95 477.3 
478 0.0 0.0 0.0 0.0 0.0 0.0 0.0 0.0 0.0 0.0 0.0 0.0 468.1 481.9 477.85 473.15 479.75 475.55 473.55 478.75 475.4 
479 0.0 0.0 0.0 0.0 0.0 0.0 0.0 0.0 0.0 0.0 0.0 0.0 464.45 468.4 477.3 478.6 473.95 475.4 474.95 473.85 482.9 
480 0.0 0.0 0.0 0.0 0.0 0.0 0.0 0.0 0.0 0.0 0.0 0.0 477.25 475.55 473.8 477.9 482.15 474.7 481.25 480.7 477.75 
481 0.0 0.0 0.0 0.0 0.0 0.0 0.0 0.0 0.0 0.0 0.0 0.0 482.85 472.35 476.7 482.55 478.8 478.85 485.9 488.95 476.4 
482 0.0 0.0 0.0 0.0 0.0 0.0 0.0 0.0 0.0 0.0 0.0 0.0 472.35 475.55 478.9 474.8 476.75 477.65 476.3 477.4 480.35 
483 0.0 0.0 0.0 0.0 0.0 0.0 0.0 0.0 0.0 0.0 0.0 0.0 484.1 473.55 468.05 470.7 486.65 479.0 485.5 483.3 476.6 
484 0.0 0.0 0.0 0.0 0.0 0.0 0.0 0.0 0.0 0.0 0.0 0.0 472.3 478.4 470.3 485.05 479.45 478.25 479.8 477.6 486.35 
485 0.0 0.0 0.0 0.0 0.0 0.0 0.0 0.0 0.0 0.0 0.0 0.0 479.3 468.35 477.5 474.25 489.0 486.3 488.75 482.4 478.85 
486 0.0 0.0 0.0 0.0 0.0 0.0 0.0 0.0 0.0 0.0 0.0 0.0 476.35 482.6 484.0 482.35 480.1 486.1 485.5 483.85 492.4 
487 0.0 0.0 0.0 0.0 0.0 0.0 0.0 0.0 0.0 0.0 0.0 0.0 479.85 478.8 469.0 482.35 479.7 487.95 478.15 493.8 493.8 
488 0.0 0.0 0.0 0.0 0.0 0.0 0.0 0.0 0.0 0.0 0.0 0.0 467.15 478.0 484.8 479.7 483.45 489.15 488.75 493.65 478.45 
489 0.0 0.0 0.0 0.0 0.0 0.0 0.0 0.0 0.0 0.0 0.0 0.0 485.95 487.65 481.4 490.6 488.55 493.25 489.9 488.15 493.8 
490 0.0 0.0 0.0 0.0 0.0 0.0 0.0 0.0 0.0 0.0 0.0 0.0 477.75 477.7 488.35 485.45 475.65 487.25 495.65 497.95 493.8 
491 0.0 0.0 0.0 0.0 0.0 0.0 0.0 0.0 0.0 0.0 0.0 0.0 476.25 485.65 485.9 491.5 499.8 487.9 491.0 494.7 490.95 
492 0.0 0.0 0.0 0.0 0.0 0.0 0.0 0.0 0.0 0.0 0.0 0.0 479.75 489.3 490.6 491.45 501.45 498.5 500.95 497.9 493.7 
493 0.0 0.0 0.0 0.0 0.0 0.0 0.0 0.0 0.0 0.0 0.0 0.0 475.2 484.6 501.75 499.0 495.3 503.4 500.65 493.15 502.95 
494 0.0 0.0 0.0 0.0 0.0 0.0 0.0 0.0 0.0 0.0 0.0 0.0 477.5 491.65 503.7 507.4 504.65 506.9 499.75 501.9 492.5 
495 0.0 0.0 0.0 0.0 0.0 0.0 0.0 0.0 0.0 0.0 0.0 0.0 474.95 517.2 509.75 508.2 512.15 499.8 499.65 512.3 499.65 
496 0.0 0.0 0.0 0.0 0.0 0.0 0.0 0.0 0.0 0.0 0.0 0.0 469.05 521.35 529.9 514.45 514.95 515.65 511.4 501.4 499.85 
497 0.0 0.0 0.0 0.0 0.0 0.0 0.0 0.0 0.0 0.0 0.0 0.0 495.8 541.65 522.8 521.8 516.75 511.55 505.95 505.7 514.0 
498 0.0 0.0 0.0 0.0 0.0 0.0 0.0 0.0 0.0 0.0 0.0 0.0 565.55 548.95 525.45 522.75 517.2 508.75 516.7 504.1 505.15 
499 0.0 0.0 0.0 0.0 0.0 0.0 0.0 0.0 0.0 0.0 0.0 0.0 340.55 266.25 269.8 263.1 250.0 256.15 255.65 251.25 258.7 
