0 100.25 277.65 271.35 276.7 269.9 267.65 269.9 266.4 264.6 256.9 259.8 262.75 250.55 253.8 260.2 262.35 262.05 265.25 254.45 254.1 254.85 
1 0.05 571.85 554.35 541.15 538.0 526.15 533.2 530.9 522.7 531.1 522.55 524.4 515.55 517.85 511.7 518.0 516.35 511.3 509.7 517.0 513.1 
2 0.0 562.0 539.2 538.25 532.7 537.0 526.25 519.2 525.7 520.65 521.3 525.95 520.8 527.9 522.65 519.0 515.1 519.8 515.95 506.3 513.7 
3 0.0 538.1 545.6 536.55 529.2 535.8 515.0 522.45 527.9 529.8 519.8 516.0 522.6 521.1 521.55 510.45 520.9 513.1 508.45 515.7 526.65 
4 0.0 527.45 534.9 522.6 534.35 528.6 525.45 529.35 520.0 514.35 524.9 519.1 520.8 525.1 517.3 511.75 516.7 513.05 520.6 510.15 512.9 
5 0.0 521.95 530.15 527.3 529.1 519.65 530.65 522.9 525.1 523.75 523.1 525.9 524.8 517.1 521.7 516.9 518.7 514.0 520.1 512.45 501.95 
6 0.0 507.05 518.85 523.5 518.0 518.05 517.0 523.2 517.8 529.4 522.75 509.55 517.35 507.3 505.15 523.1 514.85 519.05 514.95 526.7 501.75 
7 0.0 509.15 507.8 520.05 508.2 515.0 521.75 514.4 521.6 516.3 516.05 516.05 516.55 511.75 516.8 508.25 506.25 512.45 518.3 504.25 517.05 
8 0.0 503.7 504.9 508.65 516.7 508.95 514.4 510.55 512.55 508.9 508.95 512.75 509.15 525.45 515.45 513.35 517.9 523.95 513.15 520.85 519.85 
9 0.0 497.35 499.35 511.0 515.65 511.45 506.9 511.15 512.9 514.65 523.85 520.7 518.95 516.25 512.55 521.35 510.25 511.8 511.55 501.45 517.55 
10 0.0 491.7 503.15 507.5 498.15 510.5 509.25 502.75 503.35 515.95 512.5 508.65 512.8 513.85 510.5 503.45 506.6 505.25 508.0 512.45 494.75 
11 0.0 501.4 497.45 501.6 508.1 510.85 512.05 502.8 506.45 515.95 505.45 507.2 505.7 507.95 507.0 505.95 507.95 508.45 506.45 514.5 511.1 
12 0.0 499.05 506.55 501.7 506.6 502.5 502.9 508.55 511.0 503.3 506.55 510.55 513.75 501.25 508.1 512.15 511.6 500.05 507.75 509.35 505.95 
13 0.0 503.9 495.35 489.4 497.4 511.1 502.95 503.0 505.8 494.9 508.4 506.6 508.35 506.5 504.65 519.65 504.55 505.7 501.8 510.55 512.05 
14 0.0 498.65 499.6 497.3 497.3 501.5 502.15 507.45 503.15 503.4 500.85 505.25 515.25 501.3 510.5 506.1 507.25 505.35 502.15 510.1 515.3 
15 0.0 501.95 499.35 499.45 489.15 501.95 492.05 511.55 508.55 501.75 506.8 505.0 509.05 504.7 510.75 503.15 509.25 502.95 502.25 500.25 503.75 
16 0.0 497.55 497.05 500.8 515.45 498.85 501.75 499.15 494.2 501.85 507.55 499.35 493.15 502.0 505.45 511.9 503.05 505.05 514.05 508.15 507.5 
17 0.0 497.0 499.45 501.4 506.7 486.9 500.8 502.65 503.0 496.5 500.1 509.2 503.1 505.65 506.9 504.45 509.3 509.2 520.7 502.05 510.7 
18 0.0 498.3 502.7 495.65 491.0 499.1 505.7 505.8 496.1 506.6 497.55 502.15 497.75 496.55 494.7 498.25 503.05 510.8 505.1 507.5 500.65 
19 0.0 505.2 494.0 498.0 500.65 498.55 510.1 498.6 498.6 504.5 504.2 495.85 494.8 511.75 509.15 507.35 506.05 511.1 499.05 509.25 502.55 
20 0.0 498.45 501.5 510.4 494.7 496.8 494.4 499.05 507.65 502.8 495.35 504.2 514.15 508.1 502.85 499.4 506.9 499.95 501.55 505.85 501.9 
21 0.0 502.2 505.4 496.4 502.35 513.95 504.0 504.95 494.65 499.45 504.35 500.6 502.75 504.75 507.8 503.3 507.65 509.85 508.7 499.7 506.85 
22 0.0 502.45 499.4 500.8 492.0 500.2 500.85 507.05 503.35 494.6 502.25 504.2 499.95 503.85 514.3 505.65 504.1 502.75 500.05 509.45 512.3 
23 0.0 491.9 501.9 497.8 506.75 500.15 507.2 503.1 503.85 505.7 502.15 504.2 509.85 505.7 511.75 502.7 505.45 505.55 504.85 503.1 506.35 
24 0.0 501.2 495.45 496.15 506.5 503.05 497.8 502.6 512.25 504.95 503.4 495.35 498.85 505.3 504.2 508.4 492.3 506.25 506.5 500.45 506.4 
25 0.0 500.8 500.7 499.7 498.65 497.7 505.55 501.95 505.05 493.9 500.4 507.8 509.1 503.85 496.7 510.95 509.45 504.5 507.35 513.8 510.0 
26 0.0 363.15 508.7 499.85 497.0 505.7 504.8 503.8 496.8 503.75 502.55 502.75 499.65 501.0 509.2 503.9 508.8 505.5 508.25 507.2 501.85 
27 0.0 156.4 503.35 504.7 500.15 504.75 503.35 492.55 495.75 501.9 495.7 503.65 509.3 511.15 503.3 501.9 500.05 506.55 508.85 499.1 509.85 
28 0.0 61.5 496.9 511.25 503.8 506.9 498.35 498.95 500.75 503.25 501.85 501.0 499.2 491.75 492.9 500.3 506.4 503.4 507.1 504.5 505.4 
29 0.0 14.35 496.25 503.05 502.9 502.7 501.75 505.95 500.15 492.4 505.8 507.05 504.1 499.9 495.35 497.3 504.25 505.25 508.8 512.05 501.0 
30 0.0 2.25 496.85 493.45 498.25 503.45 499.25 502.55 506.15 508.5 503.4 498.45 504.5 498.85 499.85 502.85 506.1 510.5 510.65 502.4 502.8 
31 0.0 0.1 500.3 504.1 497.65 493.2 504.8 497.0 508.7 498.4 497.3 498.9 500.55 502.3 497.1 496.65 510.7 499.55 494.8 503.4 514.6 
32 0.0 0.0 498.75 503.1 507.15 493.95 510.7 503.25 502.95 511.7 504.6 508.4 496.1 503.3 504.15 503.85 498.85 504.1 502.8 503.45 509.4 
33 0.0 0.0 499.2 491.9 498.6 504.3 493.1 498.3 492.7 501.55 500.35 495.8 491.85 501.45 495.35 503.3 500.15 503.1 492.0 503.85 495.95 
34 0.0 0.0 500.3 503.35 502.25 498.75 493.15 500.4 496.0 499.65 509.05 497.7 499.85 494.2 504.35 506.25 498.4 493.85 505.45 504.9 498.35 
35 0.0 0.0 499.7 499.95 512.5 504.15 496.65 500.85 497.85 504.25 501.05 505.3 493.75 496.2 507.05 491.2 495.75 499.7 504.85 507.7 496.75 
36 0.0 0.0 507.7 503.3 501.3 497.6 499.5 498.25 505.05 499.3 505.65 498.35 504.15 499.05 495.65 501.8 500.65 493.95 493.75 496.15 504.95 
37 0.0 0.0 494.05 502.25 493.8 489.35 499.55 493.95 496.75 492.25 493.25 501.3 501.7 509.65 503.1 507.95 494.25 504.7 496.9 501.7 503.7 
38 0.0 0.0 504.15 496.15 492.5 498.05 487.4 498.0 508.9 497.0 502.65 499.55 502.5 502.95 494.3 498.85 501.15 494.4 497.0 503.35 489.2 
39 0.0 0.0 496.45 502.15 499.7 501.8 499.85 505.25 491.9 499.6 499.2 503.75 508.35 495.45 497.9 499.85 503.1 489.65 501.35 491.3 502.3 
40 0.0 0.0 499.95 497.5 501.45 499.85 508.05 500.8 496.15 504.65 497.1 505.7 505.6 504.25 500.8 495.85 496.55 495.1 498.3 496.05 492.65 
41 0.0 0.0 495.7 502.65 501.3 502.4 503.6 499.6 502.2 502.95 502.1 505.8 495.45 498.75 505.4 497.75 498.7 505.0 500.1 493.75 503.05 
42 0.0 0.0 498.65 495.75 497.45 498.25 493.0 506.95 506.5 503.95 502.6 501.25 500.1 499.0 494.7 495.7 501.4 508.4 494.75 503.55 487.75 
43 0.0 0.0 505.45 501.05 496.4 497.9 513.05 506.75 503.25 500.85 504.3 494.3 501.6 497.35 497.15 495.4 497.55 498.3 497.85 495.35 503.05 
44 0.0 0.0 507.0 490.05 496.1 506.05 500.55 494.0 501.65 506.25 493.9 504.8 501.35 498.4 504.1 502.15 497.45 502.5 498.75 494.1 507.2 
45 0.0 0.0 491.35 502.95 501.1 507.1 502.3 497.85 503.4 502.4 502.55 498.85 497.35 501.1 504.2 497.7 494.15 492.15 499.7 491.85 497.9 
46 0.0 0.0 503.5 500.1 492.5 494.25 503.95 502.3 499.1 500.7 497.85 503.75 500.0 501.75 495.15 500.85 500.0 495.0 494.8 508.7 503.4 
47 0.0 0.0 498.8 506.2 504.1 503.7 495.45 508.95 497.3 505.25 504.9 499.95 508.5 501.1 499.8 503.55 502.4 495.9 500.75 500.4 492.8 
48 0.0 0.0 497.65 503.35 508.15 496.3 503.7 505.2 492.85 491.65 498.85 492.7 485.85 498.55 495.8 495.95 495.95 505.55 504.0 499.1 506.45 
49 0.0 0.0 504.25 500.3 507.95 508.1 509.1 491.55 500.1 509.4 497.8 484.65 496.95 499.3 504.35 503.65 504.75 514.3 502.1 503.25 499.9 
50 0.0 0.0 503.85 496.7 508.7 503.9 489.4 496.75 507.3 496.0 492.65 496.7 499.45 504.05 502.75 502.65 497.95 492.7 504.6 504.2 495.95 
51 0.0 0.0 504.25 497.55 493.15 499.85 490.65 493.75 502.55 492.0 494.95 505.0 495.55 495.75 497.4 509.0 501.55 501.5 499.5 495.85 499.75 
52 0.0 0.0 492.6 505.7 502.75 496.65 504.45 493.65 503.3 500.35 498.9 492.4 495.2 499.6 503.8 501.4 502.75 489.55 495.3 504.75 505.65 
53 0.0 0.0 442.05 499.8 491.35 494.4 485.45 507.9 499.15 487.45 491.8 495.05 505.85 492.25 496.5 498.4 498.55 503.6 503.9 496.75 498.65 
54 0.0 0.0 336.8 499.4 495.15 497.6 504.25 497.3 502.15 500.45 501.0 499.85 495.7 502.0 504.0 496.7 495.45 489.6 496.3 495.55 500.5 
55 0.0 0.0 192.95 502.85 497.35 502.45 501.1 501.7 491.75 494.55 500.55 497.0 500.45 500.65 504.0 500.35 502.25 511.2 506.05 504.8 504.8 
56 0.0 0.0 94.4 498.25 505.1 485.1 498.05 496.85 494.4 498.2 495.55 511.2 505.3 500.2 504.6 498.7 504.25 498.3 499.1 497.4 495.0 
57 0.0 0.0 43.2 498.75 491.25 498.7 494.9 494.8 492.45 499.65 504.15 501.15 498.6 498.3 499.5 493.8 508.2 509.05 505.25 497.2 501.75 
58 0.0 0.0 19.0 488.3 498.8 501.4 498.8 492.5 505.6 509.8 506.25 504.1 501.95 505.5 489.65 507.3 503.25 502.1 500.75 501.9 496.65 
59 0.0 0.0 7.1 495.65 503.7 504.1 503.55 498.7 498.25 501.7 507.85 510.75 499.3 498.25 498.0 496.7 499.4 494.25 498.85 500.7 502.65 
60 0.0 0.0 0.85 501.25 498.7 500.15 497.2 502.8 498.25 497.25 502.85 496.05 490.8 503.75 495.0 503.15 499.75 505.85 502.5 493.35 502.05 
61 0.0 0.0 0.0 500.4 512.55 501.95 500.25 513.4 496.2 496.65 498.5 498.45 498.35 494.1 501.85 492.55 499.0 494.2 497.9 507.5 494.5 
62 0.0 0.0 0.0 502.65 495.15 499.35 499.5 496.45 504.85 504.65 495.35 493.15 503.15 501.8 499.15 499.05 489.4 496.2 498.75 506.3 500.4 
63 0.0 0.0 0.0 495.25 490.95 490.75 503.1 490.55 498.55 504.05 500.95 499.3 495.5 493.85 506.8 500.1 494.95 501.75 494.0 502.65 507.05 
64 0.0 0.0 0.0 504.25 499.05 509.55 501.45 500.65 498.95 502.4 500.05 498.45 501.2 499.0 494.7 499.3 498.15 498.05 502.9 504.25 502.15 
65 0.0 0.0 0.0 497.35 511.0 499.05 495.25 505.85 503.9 501.1 490.9 487.0 503.55 499.9 496.75 496.35 504.7 503.95 504.15 503.35 494.35 
66 0.0 0.0 0.0 507.6 498.5 496.45 502.3 494.5 503.45 491.0 502.8 501.15 497.4 502.5 507.55 489.9 500.3 497.4 505.9 497.0 504.3 
67 0.0 0.0 0.0 506.35 498.75 508.4 500.8 506.35 496.6 497.9 491.15 507.2 499.95 508.7 500.7 498.7 501.55 501.65 503.4 495.5 508.0 
68 0.0 0.0 0.0 496.95 502.2 500.6 510.4 506.25 498.25 497.8 502.95 497.55 508.6 499.05 496.7 511.2 501.55 499.4 500.4 501.75 503.0 
69 0.0 0.0 0.0 501.85 505.15 499.2 501.3 503.05 504.0 495.8 504.3 501.45 500.55 511.55 502.35 507.8 498.9 499.5 500.25 499.65 505.7 
70 0.0 0.0 0.0 497.95 502.3 500.85 501.5 503.1 502.7 495.85 499.9 499.65 501.4 495.1 503.25 499.95 499.3 506.45 492.3 499.0 494.3 
71 0.0 0.0 0.0 495.7 494.85 498.65 507.1 501.9 493.65 503.55 492.9 501.45 499.85 498.25 500.25 506.8 506.15 504.45 500.05 507.7 493.5 
72 0.0 0.0 0.0 507.35 502.7 498.5 490.3 493.9 508.0 507.3 501.3 504.15 500.6 496.45 500.6 503.25 503.45 497.4 497.6 497.9 501.5 
73 0.0 0.0 0.0 495.3 499.45 492.0 497.8 493.85 494.5 504.65 504.45 514.25 505.55 504.65 491.6 504.0 501.3 499.35 506.75 504.35 496.4 
74 0.0 0.0 0.0 496.45 492.75 505.2 497.7 495.65 499.9 502.25 516.8 502.75 500.55 498.65 504.35 497.1 507.15 507.7 501.65 496.6 506.2 
75 0.0 0.0 0.0 496.2 487.75 497.35 501.85 497.1 503.45 509.0 505.85 495.7 514.25 503.7 510.15 496.2 499.15 505.25 492.85 488.55 503.25 
76 0.0 0.0 0.0 502.55 499.3 507.1 499.15 498.05 500.25 499.5 496.9 508.4 498.55 496.35 498.55 501.75 494.85 498.6 495.95 506.5 489.5 
77 0.0 0.0 0.0 496.85 504.1 496.6 495.5 503.2 503.95 503.6 505.8 502.2 500.55 503.65 504.0 505.15 496.55 503.25 504.6 494.4 499.7 
78 0.0 0.0 0.0 504.8 503.05 507.05 496.6 501.7 504.2 499.1 499.75 499.3 496.8 501.8 495.9 496.3 503.6 496.95 505.2 497.0 499.25 
79 0.0 0.0 0.0 488.8 504.85 502.45 500.35 507.55 504.8 502.2 496.9 500.7 501.0 503.05 494.6 502.75 503.75 491.0 506.65 506.85 505.9 
80 0.0 0.0 0.0 423.85 500.2 496.25 500.55 499.4 502.8 501.3 492.15 501.85 493.65 497.2 502.6 495.55 495.5 504.3 498.9 504.0 495.0 
81 0.0 0.0 0.0 341.75 499.0 497.5 504.2 509.25 497.25 499.25 497.8 501.8 494.7 503.0 491.65 493.5 505.3 499.15 497.85 496.0 499.35 
82 0.0 0.0 0.0 255.9 502.2 495.2 511.75 496.1 499.9 495.7 500.8 495.0 506.9 493.85 500.25 506.05 494.85 496.75 496.35 506.5 502.1 
83 0.0 0.0 0.0 162.1 498.65 504.65 496.55 503.75 500.2 496.65 495.85 493.85 507.25 498.85 502.7 498.25 498.55 497.85 500.2 500.3 507.0 
84 0.0 0.0 0.0 90.55 498.9 504.7 504.7 491.9 500.7 492.65 495.4 502.1 497.55 502.7 506.05 495.95 501.05 503.85 501.15 496.5 500.05 
85 0.0 0.0 0.0 60.65 493.5 498.65 496.55 496.05 495.5 493.55 499.0 488.5 502.7 498.65 502.6 506.85 500.65 497.9 501.1 498.65 500.8 
86 0.0 0.0 0.0 36.45 501.05 496.65 495.0 500.95 493.3 512.05 499.0 499.95 499.4 499.1 503.75 501.2 506.0 496.95 499.2 493.55 501.8 
87 0.0 0.0 0.0 9.65 504.9 503.4 506.9 504.0 500.3 494.5 493.55 494.1 491.55 502.35 499.4 504.95 497.75 505.2 496.0 500.6 489.75 
88 0.0 0.0 0.0 1.35 499.15 504.1 495.9 504.9 501.55 500.25 507.4 501.7 492.25 493.5 489.4 502.05 497.05 502.2 500.0 505.35 496.1 
89 0.0 0.0 0.0 0.0 503.85 496.05 496.15 500.7 491.45 495.2 498.85 496.3 500.85 500.0 503.0 496.35 497.05 504.2 496.85 493.1 493.0 
90 0.0 0.0 0.0 0.0 504.65 496.3 509.0 507.55 512.4 490.3 500.4 498.3 501.4 496.25 507.6 502.0 497.3 495.15 501.1 509.95 501.7 
91 0.0 0.0 0.0 0.0 495.85 498.3 499.35 495.55 498.35 510.75 502.1 505.3 494.25 496.6 501.15 501.1 498.3 495.35 502.15 496.5 499.9 
92 0.0 0.0 0.0 0.0 499.85 504.7 502.75 501.05 496.95 499.15 498.7 498.6 498.3 496.95 500.85 494.75 493.9 491.2 496.2 498.7 499.5 
93 0.0 0.0 0.0 0.0 502.05 489.55 493.9 507.25 504.45 502.45 496.0 500.15 504.7 503.5 498.55 500.4 501.2 501.35 505.0 497.5 500.55 
94 0.0 0.0 0.0 0.0 493.65 506.65 495.55 496.25 497.05 495.15 521.55 495.85 501.5 507.9 502.65 506.4 499.95 497.15 497.15 497.35 501.4 
95 0.0 0.0 0.0 0.0 499.1 496.15 505.95 490.85 497.8 506.05 499.95 506.55 498.6 500.4 499.6 489.35 496.4 501.85 497.0 496.0 495.8 
96 0.0 0.0 0.0 0.0 506.15 497.75 497.75 496.5 499.4 500.55 493.8 499.75 504.45 503.65 494.7 495.1 505.9 491.35 499.9 495.25 499.2 
97 0.0 0.0 0.0 0.0 493.95 504.1 503.95 500.1 498.3 495.8 490.5 497.2 495.15 492.8 489.75 496.15 503.4 501.9 489.3 494.6 500.65 
98 0.0 0.0 0.0 0.0 505.95 498.45 499.0 503.8 502.0 504.6 492.45 492.8 495.65 498.15 494.2 492.9 499.65 505.35 491.4 495.95 495.25 
99 0.0 0.0 0.0 0.0 506.0 501.05 488.55 498.1 500.9 502.3 503.55 504.7 498.35 488.15 491.7 493.55 491.8 492.15 492.0 498.1 500.75 
100 0.0 0.0 0.0 0.0 494.5 496.35 491.4 497.75 494.0 497.1 497.2 493.55 490.9 503.05 491.9 492.8 493.7 489.9 498.2 495.7 495.6 
101 0.0 0.0 0.0 0.0 504.55 497.9 505.45 494.6 499.7 497.5 508.5 506.9 493.2 495.8 495.4 500.4 493.25 496.05 503.75 495.3 493.7 
102 0.0 0.0 0.0 0.0 490.6 506.0 505.6 496.55 499.8 510.15 496.4 490.8 501.6 497.4 504.45 495.8 502.5 505.55 504.35 508.6 496.2 
103 0.0 0.0 0.0 0.0 499.4 508.8 503.0 499.8 501.05 490.05 503.75 494.9 495.75 502.1 505.6 509.85 494.25 501.5 498.05 498.8 504.95 
104 0.0 0.0 0.0 0.0 495.05 499.5 493.45 498.75 504.65 502.95 499.8 495.05 502.75 500.7 502.7 501.3 499.5 503.1 498.4 497.5 500.65 
105 0.0 0.0 0.0 0.0 504.9 497.35 504.3 506.0 503.9 493.6 498.45 510.1 499.1 503.7 498.1 498.15 497.4 497.35 504.55 507.6 491.65 
106 0.0 0.0 0.0 0.0 491.45 494.55 499.4 499.85 493.7 501.95 498.1 507.05 500.05 498.3 494.8 500.85 497.45 501.55 500.8 505.15 498.6 
107 0.0 0.0 0.0 0.0 423.55 501.85 503.25 492.15 494.05 501.0 494.65 502.65 506.9 502.5 497.85 493.6 504.3 494.55 504.1 496.45 496.95 
108 0.0 0.0 0.0 0.0 359.8 502.25 496.4 500.0 494.5 502.4 500.9 501.95 500.75 499.7 495.1 500.2 499.2 506.8 503.35 504.0 510.55 
109 0.0 0.0 0.0 0.0 282.7 505.0 493.9 499.25 503.45 489.3 502.65 504.05 500.55 496.95 513.45 494.8 501.4 505.35 503.35 505.45 505.8 
110 0.0 0.0 0.0 0.0 182.5 498.05 499.3 497.4 498.45 509.0 501.1 495.5 503.25 496.35 497.9 504.55 501.1 499.55 500.1 499.55 498.2 
111 0.0 0.0 0.0 0.0 119.4 491.8 501.85 501.35 500.6 508.2 505.95 499.45 500.25 502.75 499.25 505.8 501.65 498.0 503.85 501.6 500.75 
112 0.0 0.0 0.0 0.0 86.2 495.35 498.4 499.35 496.45 496.25 499.9 498.95 505.2 503.25 504.5 501.15 506.1 504.05 501.55 494.65 503.15 
113 0.0 0.0 0.0 0.0 48.1 500.7 500.1 502.45 495.65 500.95 503.95 506.55 503.15 499.7 506.0 496.85 499.95 503.25 493.95 495.75 498.8 
114 0.0 0.0 0.0 0.0 9.3 505.95 500.15 495.65 502.85 494.25 494.1 500.65 493.8 502.7 495.95 504.6 502.35 498.75 497.15 502.4 492.75 
115 0.0 0.0 0.0 0.0 1.7 499.15 498.75 499.8 496.7 501.45 495.0 494.95 503.0 503.8 499.8 501.75 497.15 497.65 497.65 497.3 491.3 
116 0.0 0.0 0.0 0.0 0.6 496.6 502.65 505.65 505.6 489.55 496.05 491.35 502.7 498.3 499.2 493.45 495.8 498.75 502.9 497.7 509.15 
117 0.0 0.0 0.0 0.0 0.25 494.7 494.7 493.45 503.75 500.3 493.25 499.45 497.1 497.95 507.35 502.85 509.7 501.8 489.5 504.95 502.7 
118 0.0 0.0 0.0 0.0 0.05 499.05 496.5 500.85 499.85 504.3 496.0 504.9 494.6 493.05 496.45 501.15 495.55 508.15 510.25 500.4 509.2 
119 0.0 0.0 0.0 0.0 0.0 511.1 501.3 501.4 500.9 495.8 506.45 497.45 503.4 500.55 508.7 512.2 500.3 499.95 500.55 503.9 500.5 
120 0.0 0.0 0.0 0.0 0.0 501.35 501.05 498.8 501.75 496.2 499.95 490.25 499.85 503.4 504.7 499.45 507.2 503.75 495.2 501.5 501.65 
121 0.0 0.0 0.0 0.0 0.0 501.95 498.4 498.25 489.05 507.8 495.6 500.85 495.1 497.1 490.2 501.95 501.4 497.25 500.8 497.9 498.9 
122 0.0 0.0 0.0 0.0 0.0 498.25 505.55 505.0 510.75 507.8 496.8 496.25 502.35 510.35 499.35 493.85 506.3 497.2 504.8 512.95 505.05 
123 0.0 0.0 0.0 0.0 0.0 502.8 503.65 501.9 503.15 495.95 499.25 503.35 504.7 502.45 496.2 504.2 498.5 501.75 518.9 502.6 505.1 
124 0.0 0.0 0.0 0.0 0.0 493.8 505.95 495.55 488.05 500.9 508.25 503.4 493.65 500.5 510.15 500.3 500.25 508.15 500.6 499.8 502.95 
125 0.0 0.0 0.0 0.0 0.0 502.55 498.5 507.55 499.05 505.0 506.4 505.55 496.55 491.15 496.9 499.1 501.0 502.3 498.9 495.0 500.4 
126 0.0 0.0 0.0 0.0 0.0 499.2 498.6 493.05 496.7 489.7 497.5 497.15 499.05 498.2 503.6 503.6 501.3 504.0 501.8 509.5 498.35 
127 0.0 0.0 0.0 0.0 0.0 501.85 503.4 499.4 510.5 501.7 499.6 502.2 501.8 501.0 495.2 497.2 504.9 499.65 494.1 496.9 497.5 
128 0.0 0.0 0.0 0.0 0.0 500.5 504.65 507.8 514.65 497.45 501.35 499.3 504.25 500.35 499.2 495.25 496.35 499.75 498.05 502.15 502.4 
129 0.0 0.0 0.0 0.0 0.0 503.5 503.0 498.8 498.85 510.55 504.95 501.6 501.45 504.35 497.85 509.05 497.45 495.85 497.8 503.35 501.95 
130 0.0 0.0 0.0 0.0 0.0 492.25 500.8 509.2 507.85 500.0 501.5 499.0 495.7 497.15 500.0 491.15 494.95 501.95 504.4 493.1 497.5 
131 0.0 0.0 0.0 0.0 0.0 496.95 495.95 498.75 500.35 503.9 502.65 507.35 504.35 503.4 505.75 499.95 501.95 498.5 501.05 488.7 498.45 
132 0.0 0.0 0.0 0.0 0.0 502.7 486.7 502.25 501.85 502.75 495.4 505.05 499.4 496.95 502.15 504.8 503.05 495.75 500.65 499.85 497.7 
133 0.0 0.0 0.0 0.0 0.0 495.65 495.3 505.9 505.85 497.3 503.3 491.45 499.6 500.4 492.65 507.95 504.65 498.45 501.85 495.8 494.55 
134 0.0 0.0 0.0 0.0 0.0 449.45 504.0 495.9 501.6 504.1 503.2 505.5 507.5 499.0 493.85 507.7 501.2 496.05 495.85 500.1 501.35 
135 0.0 0.0 0.0 0.0 0.0 382.0 506.7 507.2 494.35 493.6 496.55 496.7 501.25 498.7 504.05 492.65 502.25 494.3 495.4 496.7 494.05 
136 0.0 0.0 0.0 0.0 0.0 327.15 505.4 496.7 507.75 509.8 492.45 503.25 503.35 494.0 509.5 498.6 508.45 497.4 497.4 504.05 494.35 
137 0.0 0.0 0.0 0.0 0.0 287.15 490.0 500.25 488.9 497.7 504.0 495.65 493.4 510.25 500.65 501.9 493.95 501.75 493.45 497.95 504.7 
138 0.0 0.0 0.0 0.0 0.0 190.95 499.5 495.0 499.8 494.9 504.25 507.05 499.05 498.55 501.0 500.25 487.2 506.15 507.3 503.75 495.8 
139 0.0 0.0 0.0 0.0 0.0 90.0 497.5 499.65 490.4 496.15 507.8 500.15 503.35 502.65 501.4 501.05 497.7 509.35 503.7 499.7 504.6 
140 0.0 0.0 0.0 0.0 0.0 41.95 508.95 497.8 496.45 499.35 495.4 505.8 509.6 500.25 503.1 500.35 501.5 500.75 502.45 503.8 495.65 
141 0.0 0.0 0.0 0.0 0.0 28.95 493.1 497.95 492.25 505.8 511.05 495.55 496.65 497.55 496.9 499.95 496.3 502.2 501.05 498.9 509.25 
142 0.0 0.0 0.0 0.0 0.0 20.4 498.35 492.5 495.6 497.9 496.7 496.85 497.75 497.85 499.35 501.7 503.75 494.5 507.0 504.3 496.35 
143 0.0 0.0 0.0 0.0 0.0 8.35 498.95 496.75 503.2 503.75 492.2 502.25 504.75 509.25 499.9 494.9 503.3 498.35 509.2 495.65 506.25 
144 0.0 0.0 0.0 0.0 0.0 1.05 502.3 497.3 501.2 495.4 498.3 504.75 500.95 503.15 506.55 499.75 502.5 500.4 493.4 495.2 495.5 
145 0.0 0.0 0.0 0.0 0.0 0.15 513.3 507.15 497.4 494.0 499.85 494.25 496.4 497.05 494.6 496.75 492.0 494.75 489.05 498.95 496.95 
146 0.0 0.0 0.0 0.0 0.0 0.0 492.0 505.6 496.65 495.7 499.8 501.7 493.6 496.9 495.05 498.75 502.35 500.7 495.05 499.55 501.25 
147 0.0 0.0 0.0 0.0 0.0 0.0 504.95 500.3 500.65 493.1 499.85 498.3 501.6 495.65 493.35 497.35 495.8 499.55 498.65 503.95 500.4 
148 0.0 0.0 0.0 0.0 0.0 0.0 494.75 498.4 507.0 497.5 505.15 496.3 488.95 492.1 505.15 496.95 498.9 499.7 484.0 500.95 496.65 
149 0.0 0.0 0.0 0.0 0.0 0.0 497.4 501.4 499.2 495.0 489.3 495.9 492.95 502.85 488.35 494.4 502.2 502.6 501.05 503.55 504.7 
150 0.0 0.0 0.0 0.0 0.0 0.0 497.0 503.75 496.1 503.9 485.9 489.85 497.65 497.7 499.6 495.7 494.8 493.45 497.25 497.6 505.4 
151 0.0 0.0 0.0 0.0 0.0 0.0 498.75 496.4 506.05 502.55 500.25 502.6 498.0 497.2 499.2 494.6 497.25 487.8 499.8 493.4 503.8 
152 0.0 0.0 0.0 0.0 0.0 0.0 504.4 502.95 494.5 494.65 499.9 495.4 494.25 501.35 507.05 504.05 496.7 494.8 492.95 496.05 497.2 
153 0.0 0.0 0.0 0.0 0.0 0.0 505.35 503.15 499.2 497.9 502.15 500.55 503.65 499.7 495.35 502.4 501.1 500.25 508.05 503.15 509.65 
154 0.0 0.0 0.0 0.0 0.0 0.0 499.15 498.35 504.6 493.05 494.1 500.25 501.95 500.5 502.95 500.1 504.6 501.3 501.3 507.4 491.4 
155 0.0 0.0 0.0 0.0 0.0 0.0 494.8 498.2 497.55 495.8 501.8 503.55 493.5 493.7 499.2 492.9 496.95 501.8 495.8 496.55 498.0 
156 0.0 0.0 0.0 0.0 0.0 0.0 503.0 502.6 499.4 506.75 505.05 498.8 495.0 507.85 502.75 503.65 495.75 495.85 501.75 500.25 496.15 
157 0.0 0.0 0.0 0.0 0.0 0.0 494.1 496.9 507.75 500.8 497.1 496.9 511.1 499.25 500.1 499.05 499.6 503.0 497.35 498.35 504.9 
158 0.0 0.0 0.0 0.0 0.0 0.0 504.15 494.0 491.35 496.65 501.4 500.4 501.25 511.75 497.3 508.55 501.75 504.65 502.7 495.8 499.45 
159 0.0 0.0 0.0 0.0 0.0 0.0 508.2 501.45 502.75 511.7 509.05 497.1 501.4 496.95 505.6 501.4 501.5 496.95 508.6 497.2 505.0 
160 0.0 0.0 0.0 0.0 0.0 0.0 477.75 514.2 500.25 501.75 495.2 502.5 501.8 496.45 503.8 500.7 503.4 503.4 509.2 501.8 487.2 
161 0.0 0.0 0.0 0.0 0.0 0.0 441.9 497.15 507.75 510.15 500.95 491.7 501.95 511.0 500.85 504.8 500.6 504.45 496.25 504.0 497.15 
162 0.0 0.0 0.0 0.0 0.0 0.0 417.15 498.85 500.65 502.7 500.8 504.7 502.25 498.75 512.75 499.15 506.3 500.85 506.85 488.0 505.6 
163 0.0 0.0 0.0 0.0 0.0 0.0 359.15 499.5 501.25 504.45 501.45 508.3 506.45 500.9 497.65 508.55 501.2 501.6 499.0 510.1 497.65 
164 0.0 0.0 0.0 0.0 0.0 0.0 277.55 495.85 495.25 499.0 508.6 504.55 504.1 499.35 496.05 503.2 497.55 500.65 491.2 503.4 501.8 
165 0.0 0.0 0.0 0.0 0.0 0.0 188.6 504.95 499.8 498.5 503.85 496.1 508.95 513.6 495.6 493.9 502.1 503.65 499.7 497.75 497.15 
166 0.0 0.0 0.0 0.0 0.0 0.0 141.35 488.25 506.3 490.4 498.25 496.75 495.0 493.55 498.2 504.75 502.6 497.2 501.6 494.6 497.45 
167 0.0 0.0 0.0 0.0 0.0 0.0 123.1 493.55 489.2 496.6 497.5 503.65 497.4 496.7 501.4 499.75 501.15 499.15 500.75 496.7 508.8 
168 0.0 0.0 0.0 0.0 0.0 0.0 81.8 499.05 503.6 498.1 487.95 497.45 500.2 493.25 495.85 497.8 504.75 496.85 492.8 502.75 500.5 
169 0.0 0.0 0.0 0.0 0.0 0.0 40.65 492.6 498.1 499.3 493.7 498.55 490.0 494.0 499.5 500.1 492.95 500.8 509.05 501.35 498.25 
170 0.0 0.0 0.0 0.0 0.0 0.0 29.4 502.15 495.15 495.7 498.95 499.2 490.4 495.3 492.15 497.1 497.3 500.85 499.55 499.25 506.65 
171 0.0 0.0 0.0 0.0 0.0 0.0 13.75 502.45 504.0 503.0 496.3 496.05 504.6 495.7 493.85 486.85 490.1 497.85 498.25 503.5 498.85 
172 0.0 0.0 0.0 0.0 0.0 0.0 5.3 505.6 502.2 494.8 497.0 494.75 499.65 494.25 498.0 501.0 495.7 496.65 504.55 497.15 504.15 
173 0.0 0.0 0.0 0.0 0.0 0.0 1.15 497.0 505.2 499.1 501.3 503.35 491.95 499.7 503.9 495.4 499.8 503.5 493.95 505.25 502.9 
174 0.0 0.0 0.0 0.0 0.0 0.0 0.2 495.65 491.95 499.95 507.45 505.6 498.85 494.9 493.85 501.2 498.15 498.55 497.9 498.55 502.15 
175 0.0 0.0 0.0 0.0 0.0 0.0 0.0 499.95 500.95 506.3 503.85 503.1 494.0 510.8 504.7 496.9 495.0 492.05 497.45 510.7 498.2 
176 0.0 0.0 0.0 0.0 0.0 0.0 0.0 504.05 496.55 508.0 500.6 503.5 511.15 509.05 501.75 490.2 505.55 505.15 499.7 498.2 491.7 
177 0.0 0.0 0.0 0.0 0.0 0.0 0.0 497.95 496.55 499.6 501.65 505.7 501.3 501.45 490.9 501.65 499.45 496.45 498.05 491.5 504.75 
178 0.0 0.0 0.0 0.0 0.0 0.0 0.0 504.95 506.75 508.9 496.15 505.55 508.4 498.25 499.5 498.15 497.2 500.35 491.2 497.15 501.7 
179 0.0 0.0 0.0 0.0 0.0 0.0 0.0 501.9 508.8 497.85 499.75 497.45 504.95 502.75 505.55 505.8 502.95 500.15 502.3 505.25 498.25 
180 0.0 0.0 0.0 0.0 0.0 0.0 0.0 506.3 493.95 497.75 507.4 495.65 499.6 495.7 498.5 501.5 501.5 497.7 510.15 500.9 494.75 
181 0.0 0.0 0.0 0.0 0.0 0.0 0.0 503.0 502.6 505.15 501.35 496.3 509.5 494.95 500.9 504.95 498.65 501.95 502.05 500.0 493.95 
182 0.0 0.0 0.0 0.0 0.0 0.0 0.0 496.0 499.7 497.05 500.65 504.1 496.5 497.65 501.6 505.45 493.25 501.9 498.15 499.3 494.75 
183 0.0 0.0 0.0 0.0 0.0 0.0 0.0 498.65 500.1 492.7 521.8 506.7 499.45 504.5 502.3 491.5 508.45 511.4 499.55 499.15 500.1 
184 0.0 0.0 0.0 0.0 0.0 0.0 0.0 499.8 500.0 508.85 498.2 492.65 501.25 504.9 506.0 499.45 511.2 508.65 501.75 498.85 501.9 
185 0.0 0.0 0.0 0.0 0.0 0.0 0.0 505.75 498.7 506.5 500.95 499.8 500.45 504.2 509.35 504.75 507.45 492.05 499.8 501.1 499.65 
186 0.0 0.0 0.0 0.0 0.0 0.0 0.0 483.3 497.95 495.65 496.1 509.7 499.75 503.2 496.1 512.1 504.4 503.15 498.4 495.95 498.05 
187 0.0 0.0 0.0 0.0 0.0 0.0 0.0 476.65 513.6 501.35 496.75 500.3 502.45 498.0 505.05 503.8 496.9 504.05 500.25 498.95 503.4 
188 0.0 0.0 0.0 0.0 0.0 0.0 0.0 469.35 493.55 503.15 492.25 495.4 490.1 511.55 499.85 501.8 495.95 494.65 507.65 507.05 494.75 
189 0.0 0.0 0.0 0.0 0.0 0.0 0.0 443.3 497.25 501.9 504.25 507.95 510.3 504.65 508.1 503.15 492.95 495.15 498.2 504.0 502.0 
190 0.0 0.0 0.0 0.0 0.0 0.0 0.0 406.55 492.2 502.45 502.35 500.25 498.75 495.9 498.75 494.1 500.95 505.3 507.15 507.25 498.1 
191 0.0 0.0 0.0 0.0 0.0 0.0 0.0 326.65 501.65 501.1 506.85 501.45 504.65 498.5 495.3 496.45 497.9 503.65 501.75 499.15 500.2 
192 0.0 0.0 0.0 0.0 0.0 0.0 0.0 255.45 503.3 500.6 495.9 494.6 500.75 504.8 507.05 501.25 500.25 506.55 501.35 497.25 498.3 
193 0.0 0.0 0.0 0.0 0.0 0.0 0.0 177.55 504.85 487.45 499.05 508.7 504.75 494.55 503.2 503.9 506.35 505.7 507.25 500.7 501.0 
194 0.0 0.0 0.0 0.0 0.0 0.0 0.0 136.7 493.65 506.35 496.9 496.25 498.8 503.55 498.8 494.05 510.45 494.6 497.9 497.7 512.3 
195 0.0 0.0 0.0 0.0 0.0 0.0 0.0 89.55 502.1 491.35 500.95 502.05 499.15 494.5 495.7 506.8 506.35 493.65 495.4 491.95 502.3 
196 0.0 0.0 0.0 0.0 0.0 0.0 0.0 61.5 501.75 494.5 505.6 508.2 503.35 499.95 497.25 498.7 493.15 503.1 499.45 506.85 497.1 
197 0.0 0.0 0.0 0.0 0.0 0.0 0.0 39.05 499.95 504.0 492.85 503.05 506.2 506.35 499.25 501.75 496.7 499.7 505.75 499.15 497.6 
198 0.0 0.0 0.0 0.0 0.0 0.0 0.0 29.1 500.2 503.35 502.05 492.55 495.55 500.5 493.6 499.05 502.4 503.1 500.55 504.6 497.5 
199 0.0 0.0 0.0 0.0 0.0 0.0 0.0 12.45 501.45 501.1 499.05 496.1 492.1 493.5 503.8 498.5 496.15 492.5 493.75 494.75 507.6 
200 0.0 0.0 0.0 0.0 0.0 0.0 0.0 1.95 495.7 498.15 500.7 498.7 498.65 496.0 506.9 502.1 500.45 498.35 492.25 496.4 493.7 
201 0.0 0.0 0.0 0.0 0.0 0.0 0.0 0.1 505.2 503.15 504.75 495.85 497.3 502.0 495.3 499.85 500.4 493.9 503.95 497.75 501.55 
202 0.0 0.0 0.0 0.0 0.0 0.0 0.0 0.0 504.3 500.5 507.25 500.45 495.55 486.7 503.55 498.75 497.9 500.4 504.05 503.3 504.4 
203 0.0 0.0 0.0 0.0 0.0 0.0 0.0 0.0 486.05 506.55 497.55 504.3 491.1 503.15 497.15 493.8 493.35 500.9 497.95 495.45 498.55 
204 0.0 0.0 0.0 0.0 0.0 0.0 0.0 0.0 498.35 491.1 494.65 502.3 504.2 495.55 495.4 494.75 487.95 492.85 498.75 502.1 498.0 
205 0.0 0.0 0.0 0.0 0.0 0.0 0.0 0.0 501.5 495.9 503.55 495.8 502.45 495.85 492.1 499.8 507.85 504.05 497.95 504.5 500.65 
206 0.0 0.0 0.0 0.0 0.0 0.0 0.0 0.0 501.5 501.3 493.15 488.85 504.7 504.65 498.75 504.2 508.55 502.2 499.8 499.95 502.7 
207 0.0 0.0 0.0 0.0 0.0 0.0 0.0 0.0 501.55 501.35 494.3 503.55 500.95 501.85 501.5 505.05 501.9 503.3 497.0 495.8 503.15 
208 0.0 0.0 0.0 0.0 0.0 0.0 0.0 0.0 497.0 492.15 509.1 497.75 491.0 504.05 501.75 500.05 495.85 504.5 501.7 504.4 500.3 
209 0.0 0.0 0.0 0.0 0.0 0.0 0.0 0.0 512.4 503.65 495.8 501.2 496.2 499.95 506.85 502.55 503.15 502.3 501.5 504.25 496.5 
210 0.0 0.0 0.0 0.0 0.0 0.0 0.0 0.0 497.05 501.4 496.95 499.45 504.85 505.9 507.8 509.1 508.65 504.55 503.1 508.5 498.8 
211 0.0 0.0 0.0 0.0 0.0 0.0 0.0 0.0 501.55 508.55 500.45 505.2 505.9 503.75 501.25 506.1 498.85 493.9 500.3 509.6 506.15 
212 0.0 0.0 0.0 0.0 0.0 0.0 0.0 0.0 493.0 499.35 498.25 505.55 498.4 494.35 499.1 495.35 500.2 502.8 497.3 501.6 501.6 
213 0.0 0.0 0.0 0.0 0.0 0.0 0.0 0.0 482.6 501.4 502.6 502.4 502.15 498.95 504.0 499.5 508.8 500.65 499.3 501.5 508.35 
214 0.0 0.0 0.0 0.0 0.0 0.0 0.0 0.0 475.0 493.35 502.0 504.0 503.3 515.8 502.45 495.1 497.6 497.95 493.25 494.95 500.4 
215 0.0 0.0 0.0 0.0 0.0 0.0 0.0 0.0 471.6 500.3 496.0 506.4 505.35 505.3 493.6 497.65 496.1 501.8 507.25 502.65 493.5 
216 0.0 0.0 0.0 0.0 0.0 0.0 0.0 0.0 475.15 497.65 499.1 502.6 506.55 491.95 493.7 501.4 497.35 502.65 506.15 497.5 501.25 
217 0.0 0.0 0.0 0.0 0.0 0.0 0.0 0.0 411.45 503.05 502.3 499.5 499.95 497.0 501.1 494.55 501.2 497.3 489.25 495.3 497.9 
218 0.0 0.0 0.0 0.0 0.0 0.0 0.0 0.0 325.75 501.4 505.35 495.25 502.1 491.0 504.35 501.6 500.6 499.15 508.3 494.9 495.2 
219 0.0 0.0 0.0 0.0 0.0 0.0 0.0 0.0 257.35 498.15 498.45 492.8 498.3 504.65 494.4 498.7 499.6 504.75 506.45 485.9 501.4 
220 0.0 0.0 0.0 0.0 0.0 0.0 0.0 0.0 214.6 500.0 500.2 496.85 493.95 505.7 502.45 498.35 500.35 500.75 491.75 503.8 496.85 
221 0.0 0.0 0.0 0.0 0.0 0.0 0.0 0.0 169.65 496.6 508.2 505.8 499.1 497.4 504.85 503.75 501.35 494.5 495.75 493.9 494.55 
222 0.0 0.0 0.0 0.0 0.0 0.0 0.0 0.0 140.25 503.6 495.55 498.55 496.9 496.2 493.85 501.35 498.6 492.8 492.95 501.4 502.35 
223 0.0 0.0 0.0 0.0 0.0 0.0 0.0 0.0 102.85 500.15 501.25 507.1 503.95 502.75 495.9 495.85 494.25 503.2 499.45 500.55 497.15 
224 0.0 0.0 0.0 0.0 0.0 0.0 0.0 0.0 72.7 501.45 500.45 494.6 501.15 506.6 499.35 503.25 493.7 498.8 495.5 500.5 499.3 
225 0.0 0.0 0.0 0.0 0.0 0.0 0.0 0.0 54.15 497.8 497.1 490.45 493.0 501.75 505.05 488.4 504.6 495.0 498.05 497.6 497.35 
226 0.0 0.0 0.0 0.0 0.0 0.0 0.0 0.0 47.95 504.85 500.2 501.65 494.75 493.65 500.05 490.75 494.5 497.35 506.4 497.45 502.85 
227 0.0 0.0 0.0 0.0 0.0 0.0 0.0 0.0 29.6 498.65 494.15 493.0 497.5 494.35 495.55 500.9 495.9 504.35 502.45 501.85 497.0 
228 0.0 0.0 0.0 0.0 0.0 0.0 0.0 0.0 17.35 504.2 499.7 496.95 495.0 492.7 490.05 496.9 498.0 500.55 500.55 490.45 502.15 
229 0.0 0.0 0.0 0.0 0.0 0.0 0.0 0.0 5.15 495.45 488.4 495.3 499.6 490.9 495.4 499.45 499.75 494.5 501.35 500.9 494.5 
230 0.0 0.0 0.0 0.0 0.0 0.0 0.0 0.0 0.55 493.35 505.4 498.05 500.1 501.05 492.2 493.95 495.0 497.5 495.5 511.2 503.95 
231 0.0 0.0 0.0 0.0 0.0 0.0 0.0 0.0 0.1 501.6 497.9 500.1 492.3 497.15 501.0 502.7 501.6 494.6 509.35 507.5 493.85 
232 0.0 0.0 0.0 0.0 0.0 0.0 0.0 0.0 0.0 500.45 499.45 494.95 497.3 499.6 502.9 505.35 505.05 500.3 502.8 495.4 497.7 
233 0.0 0.0 0.0 0.0 0.0 0.0 0.0 0.0 0.0 497.3 496.9 490.35 497.8 497.7 501.65 505.15 499.75 501.85 503.9 490.55 499.95 
234 0.0 0.0 0.0 0.0 0.0 0.0 0.0 0.0 0.0 503.6 505.55 496.8 493.6 502.4 510.55 507.2 498.3 506.8 493.5 498.6 501.95 
235 0.0 0.0 0.0 0.0 0.0 0.0 0.0 0.0 0.0 498.2 503.4 512.0 510.6 506.7 507.45 495.3 503.6 506.15 499.8 493.65 497.4 
236 0.0 0.0 0.0 0.0 0.0 0.0 0.0 0.0 0.0 494.65 500.2 503.75 501.9 508.2 503.7 495.6 505.1 496.7 501.95 502.7 495.4 
237 0.0 0.0 0.0 0.0 0.0 0.0 0.0 0.0 0.0 504.25 500.35 502.2 512.6 499.2 499.9 503.35 497.4 499.3 502.65 504.2 502.7 
238 0.0 0.0 0.0 0.0 0.0 0.0 0.0 0.0 0.0 494.65 505.35 508.75 512.3 505.15 494.4 505.15 509.75 500.9 500.25 509.4 503.65 
239 0.0 0.0 0.0 0.0 0.0 0.0 0.0 0.0 0.0 503.7 498.75 511.0 504.1 504.15 499.7 499.65 498.0 512.55 492.95 508.25 505.8 
240 0.0 0.0 0.0 0.0 0.0 0.0 0.0 0.0 0.0 489.2 500.95 499.45 500.95 508.9 504.4 506.6 500.5 498.2 506.0 498.4 509.85 
241 0.0 0.0 0.0 0.0 0.0 0.0 0.0 0.0 0.0 473.8 506.25 501.0 500.9 505.5 510.65 511.75 493.2 494.85 500.6 499.0 511.45 
242 0.0 0.0 0.0 0.0 0.0 0.0 0.0 0.0 0.0 472.15 497.35 495.6 500.55 490.4 497.85 494.4 507.05 504.8 500.5 507.65 495.5 
243 0.0 0.0 0.0 0.0 0.0 0.0 0.0 0.0 0.0 462.45 499.95 502.95 499.15 508.8 498.8 496.85 502.1 496.1 498.65 497.45 503.85 
244 0.0 0.0 0.0 0.0 0.0 0.0 0.0 0.0 0.0 401.6 498.4 496.3 495.5 495.05 508.3 502.45 496.5 506.35 500.95 499.9 498.45 
245 0.0 0.0 0.0 0.0 0.0 0.0 0.0 0.0 0.0 336.55 499.4 499.4 493.55 496.1 498.8 505.0 499.75 496.25 499.85 503.65 502.6 
246 0.0 0.0 0.0 0.0 0.0 0.0 0.0 0.0 0.0 257.65 491.5 490.35 496.6 491.2 492.4 496.85 506.3 498.95 504.4 493.85 503.5 
247 0.0 0.0 0.0 0.0 0.0 0.0 0.0 0.0 0.0 213.85 495.35 494.35 498.35 503.15 506.25 494.95 495.95 498.95 498.35 502.25 496.0 
248 0.0 0.0 0.0 0.0 0.0 0.0 0.0 0.0 0.0 204.6 497.0 500.45 499.25 499.6 497.75 499.65 499.4 500.15 499.2 508.1 503.0 
249 0.0 0.0 0.0 0.0 0.0 0.0 0.0 0.0 0.0 179.9 507.05 508.55 501.5 508.45 485.9 498.55 502.15 497.3 498.55 500.1 493.9 
250 0.0 0.0 0.0 0.0 0.0 0.0 0.0 0.0 0.0 170.55 505.9 503.7 498.3 496.35 504.0 502.3 496.55 500.9 506.55 502.25 502.1 
251 0.0 0.0 0.0 0.0 0.0 0.0 0.0 0.0 0.0 123.05 490.85 497.3 504.9 491.45 503.6 499.6 496.4 503.3 494.6 498.15 502.8 
252 0.0 0.0 0.0 0.0 0.0 0.0 0.0 0.0 0.0 77.05 498.65 493.3 501.25 501.85 501.05 500.4 493.6 501.0 497.6 501.7 489.1 
253 0.0 0.0 0.0 0.0 0.0 0.0 0.0 0.0 0.0 51.7 495.3 495.45 498.0 494.25 497.7 496.55 496.8 498.0 496.95 493.3 493.05 
254 0.0 0.0 0.0 0.0 0.0 0.0 0.0 0.0 0.0 36.65 498.65 495.3 495.65 496.95 495.3 496.15 505.0 496.8 492.45 487.6 504.45 
255 0.0 0.0 0.0 0.0 0.0 0.0 0.0 0.0 0.0 29.2 502.6 496.75 499.85 499.85 500.8 506.95 498.3 499.9 506.15 505.65 497.0 
256 0.0 0.0 0.0 0.0 0.0 0.0 0.0 0.0 0.0 12.6 500.65 503.4 507.55 499.05 501.85 498.05 512.85 497.35 504.05 502.05 497.05 
257 0.0 0.0 0.0 0.0 0.0 0.0 0.0 0.0 0.0 2.35 496.3 510.15 497.85 503.75 503.3 504.75 505.0 493.05 496.85 493.85 499.95 
258 0.0 0.0 0.0 0.0 0.0 0.0 0.0 0.0 0.0 0.15 506.0 503.55 499.2 507.5 494.95 495.3 494.05 508.2 505.05 502.75 504.2 
259 0.0 0.0 0.0 0.0 0.0 0.0 0.0 0.0 0.0 0.0 499.1 504.25 496.4 497.85 494.55 501.05 501.8 508.65 496.9 498.75 500.35 
260 0.0 0.0 0.0 0.0 0.0 0.0 0.0 0.0 0.0 0.0 499.9 501.7 504.15 494.2 495.25 497.95 500.95 497.45 495.45 504.7 511.4 
261 0.0 0.0 0.0 0.0 0.0 0.0 0.0 0.0 0.0 0.0 498.1 493.25 507.45 498.4 499.65 496.1 497.85 500.75 504.05 503.45 502.1 
262 0.0 0.0 0.0 0.0 0.0 0.0 0.0 0.0 0.0 0.0 501.55 506.85 495.8 505.9 505.55 494.25 497.75 502.2 507.2 505.4 500.9 
263 0.0 0.0 0.0 0.0 0.0 0.0 0.0 0.0 0.0 0.0 505.1 501.9 495.0 496.05 497.75 500.65 498.3 498.65 496.0 495.05 494.0 
264 0.0 0.0 0.0 0.0 0.0 0.0 0.0 0.0 0.0 0.0 501.45 500.6 501.4 506.25 497.8 494.7 496.7 499.05 502.45 495.7 493.9 
265 0.0 0.0 0.0 0.0 0.0 0.0 0.0 0.0 0.0 0.0 497.2 497.45 499.9 495.0 503.4 503.1 501.6 498.95 503.2 508.15 498.55 
266 0.0 0.0 0.0 0.0 0.0 0.0 0.0 0.0 0.0 0.0 480.4 497.85 488.8 498.7 500.35 499.95 505.45 497.9 499.05 495.35 502.35 
267 0.0 0.0 0.0 0.0 0.0 0.0 0.0 0.0 0.0 0.0 481.55 505.9 501.85 499.2 502.55 499.6 501.4 499.4 495.15 490.4 497.25 
268 0.0 0.0 0.0 0.0 0.0 0.0 0.0 0.0 0.0 0.0 467.25 499.55 499.45 510.1 495.2 501.5 505.85 504.45 499.8 504.95 494.1 
269 0.0 0.0 0.0 0.0 0.0 0.0 0.0 0.0 0.0 0.0 474.05 502.65 500.8 497.45 502.0 500.4 492.95 505.9 499.8 501.3 503.85 
270 0.0 0.0 0.0 0.0 0.0 0.0 0.0 0.0 0.0 0.0 476.35 497.8 505.65 497.2 496.95 501.55 493.05 498.75 501.8 492.55 498.3 
271 0.0 0.0 0.0 0.0 0.0 0.0 0.0 0.0 0.0 0.0 433.8 493.4 501.65 499.0 506.75 503.65 496.35 498.65 501.25 498.45 499.25 
272 0.0 0.0 0.0 0.0 0.0 0.0 0.0 0.0 0.0 0.0 398.45 497.8 496.5 505.15 499.9 498.85 502.35 487.1 501.85 499.55 504.95 
273 0.0 0.0 0.0 0.0 0.0 0.0 0.0 0.0 0.0 0.0 348.2 497.7 502.0 500.5 499.8 496.65 503.9 495.05 495.1 501.85 498.85 
274 0.0 0.0 0.0 0.0 0.0 0.0 0.0 0.0 0.0 0.0 274.45 500.05 501.15 496.65 511.4 494.75 499.7 507.05 504.3 503.7 495.5 
275 0.0 0.0 0.0 0.0 0.0 0.0 0.0 0.0 0.0 0.0 220.75 491.3 491.65 495.45 500.5 499.55 504.35 497.95 492.85 501.05 497.9 
276 0.0 0.0 0.0 0.0 0.0 0.0 0.0 0.0 0.0 0.0 199.7 500.95 500.75 509.5 494.25 503.75 498.05 497.25 498.85 501.2 507.95 
277 0.0 0.0 0.0 0.0 0.0 0.0 0.0 0.0 0.0 0.0 182.4 503.3 503.85 499.3 499.15 505.2 488.15 494.55 495.95 492.45 498.85 
278 0.0 0.0 0.0 0.0 0.0 0.0 0.0 0.0 0.0 0.0 127.45 511.8 506.15 497.25 498.6 503.85 502.1 499.35 500.3 493.65 497.1 
279 0.0 0.0 0.0 0.0 0.0 0.0 0.0 0.0 0.0 0.0 78.75 502.65 494.9 488.5 502.9 499.9 501.1 497.6 496.1 505.3 501.0 
280 0.0 0.0 0.0 0.0 0.0 0.0 0.0 0.0 0.0 0.0 60.6 499.75 497.95 492.75 495.0 503.5 504.4 515.05 509.0 501.5 500.75 
281 0.0 0.0 0.0 0.0 0.0 0.0 0.0 0.0 0.0 0.0 49.7 502.9 504.65 508.75 498.45 506.0 509.5 505.65 506.6 499.25 497.35 
282 0.0 0.0 0.0 0.0 0.0 0.0 0.0 0.0 0.0 0.0 22.15 486.85 497.2 493.3 500.25 499.9 501.95 501.95 495.25 505.25 507.5 
283 0.0 0.0 0.0 0.0 0.0 0.0 0.0 0.0 0.0 0.0 4.95 497.3 496.5 502.25 502.65 498.0 498.65 494.5 498.15 499.5 490.25 
284 0.0 0.0 0.0 0.0 0.0 0.0 0.0 0.0 0.0 0.0 0.35 496.95 496.1 498.75 498.95 498.9 501.65 495.5 503.9 506.05 497.35 
285 0.0 0.0 0.0 0.0 0.0 0.0 0.0 0.0 0.0 0.0 0.05 495.25 503.3 500.5 501.45 502.65 499.0 503.55 497.75 502.8 509.85 
286 0.0 0.0 0.0 0.0 0.0 0.0 0.0 0.0 0.0 0.0 0.0 505.05 498.4 503.6 504.75 494.15 506.2 497.9 503.35 504.75 505.6 
287 0.0 0.0 0.0 0.0 0.0 0.0 0.0 0.0 0.0 0.0 0.0 497.05 495.6 506.2 501.2 507.95 496.3 505.85 504.1 491.35 497.2 
288 0.0 0.0 0.0 0.0 0.0 0.0 0.0 0.0 0.0 0.0 0.0 501.35 505.0 509.85 490.25 501.45 497.1 501.4 499.95 502.55 499.3 
289 0.0 0.0 0.0 0.0 0.0 0.0 0.0 0.0 0.0 0.0 0.0 495.1 497.05 494.2 497.95 501.6 487.35 498.15 493.9 498.5 503.2 
290 0.0 0.0 0.0 0.0 0.0 0.0 0.0 0.0 0.0 0.0 0.0 506.35 501.75 485.75 504.45 499.05 499.7 502.15 500.8 495.2 499.25 
291 0.0 0.0 0.0 0.0 0.0 0.0 0.0 0.0 0.0 0.0 0.0 500.3 500.8 505.85 492.15 497.5 506.35 492.4 496.7 495.2 500.5 
292 0.0 0.0 0.0 0.0 0.0 0.0 0.0 0.0 0.0 0.0 0.0 499.7 502.35 497.95 502.25 493.1 498.0 500.35 499.7 502.8 496.1 
293 0.0 0.0 0.0 0.0 0.0 0.0 0.0 0.0 0.0 0.0 0.0 495.35 494.5 501.0 495.55 492.6 502.6 499.6 488.15 498.95 493.45 
294 0.0 0.0 0.0 0.0 0.0 0.0 0.0 0.0 0.0 0.0 0.0 483.15 503.2 498.55 494.7 494.25 492.55 493.0 505.0 496.75 496.15 
295 0.0 0.0 0.0 0.0 0.0 0.0 0.0 0.0 0.0 0.0 0.0 479.65 498.0 496.55 496.1 500.75 487.35 491.8 496.0 507.35 499.5 
296 0.0 0.0 0.0 0.0 0.0 0.0 0.0 0.0 0.0 0.0 0.0 468.7 506.45 500.9 501.9 501.2 499.1 495.3 501.55 494.3 497.4 
297 0.0 0.0 0.0 0.0 0.0 0.0 0.0 0.0 0.0 0.0 0.0 477.75 504.2 497.9 495.2 497.65 502.3 498.85 504.4 500.05 503.95 
298 0.0 0.0 0.0 0.0 0.0 0.0 0.0 0.0 0.0 0.0 0.0 456.15 498.65 502.8 504.95 503.15 499.7 502.5 496.25 494.65 505.1 
299 0.0 0.0 0.0 0.0 0.0 0.0 0.0 0.0 0.0 0.0 0.0 413.0 498.95 503.15 502.4 497.95 503.95 506.4 505.3 507.65 507.1 
300 0.0 0.0 0.0 0.0 0.0 0.0 0.0 0.0 0.0 0.0 0.0 400.3 493.4 501.35 501.85 495.9 497.85 501.7 499.4 501.0 499.35 
301 0.0 0.0 0.0 0.0 0.0 0.0 0.0 0.0 0.0 0.0 0.0 317.6 497.55 501.35 494.65 498.95 490.0 502.45 492.95 504.2 497.35 
302 0.0 0.0 0.0 0.0 0.0 0.0 0.0 0.0 0.0 0.0 0.0 250.8 505.15 497.2 498.75 502.75 502.65 499.7 496.85 501.5 500.0 
303 0.0 0.0 0.0 0.0 0.0 0.0 0.0 0.0 0.0 0.0 0.0 218.5 493.4 499.85 497.95 488.7 501.8 504.15 500.75 501.15 503.65 
304 0.0 0.0 0.0 0.0 0.0 0.0 0.0 0.0 0.0 0.0 0.0 169.5 502.65 494.0 505.5 500.1 506.2 499.6 509.25 500.55 493.6 
305 0.0 0.0 0.0 0.0 0.0 0.0 0.0 0.0 0.0 0.0 0.0 121.8 504.1 507.0 503.05 503.25 499.45 507.0 498.8 497.9 499.2 
306 0.0 0.0 0.0 0.0 0.0 0.0 0.0 0.0 0.0 0.0 0.0 105.2 497.6 498.05 497.15 507.8 505.45 495.25 503.35 493.3 503.05 
307 0.0 0.0 0.0 0.0 0.0 0.0 0.0 0.0 0.0 0.0 0.0 82.4 505.95 502.75 507.4 499.0 503.8 489.75 496.05 501.0 499.95 
308 0.0 0.0 0.0 0.0 0.0 0.0 0.0 0.0 0.0 0.0 0.0 53.7 503.2 496.7 498.9 505.6 500.2 496.05 498.3 501.3 492.5 
309 0.0 0.0 0.0 0.0 0.0 0.0 0.0 0.0 0.0 0.0 0.0 37.2 499.05 503.5 506.25 501.8 505.2 507.6 492.1 503.7 508.85 
310 0.0 0.0 0.0 0.0 0.0 0.0 0.0 0.0 0.0 0.0 0.0 15.8 499.8 505.1 499.5 509.15 498.7 501.1 498.25 489.45 496.05 
311 0.0 0.0 0.0 0.0 0.0 0.0 0.0 0.0 0.0 0.0 0.0 2.45 504.45 496.75 504.75 493.95 499.45 500.4 500.85 507.9 500.65 
312 0.0 0.0 0.0 0.0 0.0 0.0 0.0 0.0 0.0 0.0 0.0 0.6 498.95 496.8 495.65 495.8 491.9 488.6 508.85 502.0 497.9 
313 0.0 0.0 0.0 0.0 0.0 0.0 0.0 0.0 0.0 0.0 0.0 0.0 491.55 503.8 496.0 494.95 502.3 501.5 500.5 499.95 499.55 
314 0.0 0.0 0.0 0.0 0.0 0.0 0.0 0.0 0.0 0.0 0.0 0.0 496.1 489.45 498.65 504.3 495.05 506.55 507.85 495.35 498.65 
315 0.0 0.0 0.0 0.0 0.0 0.0 0.0 0.0 0.0 0.0 0.0 0.0 502.5 497.6 492.35 502.1 504.75 505.55 489.1 490.6 500.3 
316 0.0 0.0 0.0 0.0 0.0 0.0 0.0 0.0 0.0 0.0 0.0 0.0 497.7 501.3 495.7 500.6 506.35 501.1 502.9 501.05 493.2 
317 0.0 0.0 0.0 0.0 0.0 0.0 0.0 0.0 0.0 0.0 0.0 0.0 504.55 510.3 511.05 499.35 497.65 500.6 498.8 507.8 502.6 
318 0.0 0.0 0.0 0.0 0.0 0.0 0.0 0.0 0.0 0.0 0.0 0.0 510.5 494.15 502.55 502.9 500.45 505.35 507.25 495.9 492.85 
319 0.0 0.0 0.0 0.0 0.0 0.0 0.0 0.0 0.0 0.0 0.0 0.0 496.7 506.85 500.2 501.35 503.0 497.1 498.85 499.65 508.5 
320 0.0 0.0 0.0 0.0 0.0 0.0 0.0 0.0 0.0 0.0 0.0 0.0 499.7 505.35 503.5 499.3 495.95 498.75 508.25 496.75 502.25 
321 0.0 0.0 0.0 0.0 0.0 0.0 0.0 0.0 0.0 0.0 0.0 0.0 483.95 497.85 494.65 501.95 509.0 496.95 499.6 499.75 490.7 
322 0.0 0.0 0.0 0.0 0.0 0.0 0.0 0.0 0.0 0.0 0.0 0.0 485.5 498.9 493.85 507.45 497.4 499.25 494.4 494.2 506.4 
323 0.0 0.0 0.0 0.0 0.0 0.0 0.0 0.0 0.0 0.0 0.0 0.0 472.35 494.65 502.35 500.7 497.8 500.7 491.0 502.35 499.45 
324 0.0 0.0 0.0 0.0 0.0 0.0 0.0 0.0 0.0 0.0 0.0 0.0 475.5 508.25 500.55 505.15 500.8 498.3 494.9 501.55 500.85 
325 0.0 0.0 0.0 0.0 0.0 0.0 0.0 0.0 0.0 0.0 0.0 0.0 459.55 499.15 504.0 492.05 501.9 495.15 496.15 505.7 504.85 
326 0.0 0.0 0.0 0.0 0.0 0.0 0.0 0.0 0.0 0.0 0.0 0.0 452.5 498.15 499.1 494.45 502.55 506.2 502.0 499.95 501.4 
327 0.0 0.0 0.0 0.0 0.0 0.0 0.0 0.0 0.0 0.0 0.0 0.0 404.4 495.45 493.85 500.95 488.1 492.85 503.05 495.3 497.0 
328 0.0 0.0 0.0 0.0 0.0 0.0 0.0 0.0 0.0 0.0 0.0 0.0 364.25 497.05 499.3 493.5 490.15 498.45 500.25 495.35 498.95 
329 0.0 0.0 0.0 0.0 0.0 0.0 0.0 0.0 0.0 0.0 0.0 0.0 302.15 492.35 507.3 500.7 488.1 498.3 497.45 506.8 488.75 
330 0.0 0.0 0.0 0.0 0.0 0.0 0.0 0.0 0.0 0.0 0.0 0.0 250.9 502.25 491.95 489.9 504.05 501.45 493.25 497.55 498.6 
331 0.0 0.0 0.0 0.0 0.0 0.0 0.0 0.0 0.0 0.0 0.0 0.0 191.95 497.55 496.6 498.35 499.75 495.05 499.3 496.3 500.05 
332 0.0 0.0 0.0 0.0 0.0 0.0 0.0 0.0 0.0 0.0 0.0 0.0 147.25 499.1 497.6 496.45 500.85 496.85 496.75 496.7 501.4 
333 0.0 0.0 0.0 0.0 0.0 0.0 0.0 0.0 0.0 0.0 0.0 0.0 116.45 502.7 506.85 502.25 505.35 502.45 500.5 499.55 508.75 
334 0.0 0.0 0.0 0.0 0.0 0.0 0.0 0.0 0.0 0.0 0.0 0.0 106.5 501.6 499.75 501.25 500.1 497.0 496.5 505.0 500.25 
335 0.0 0.0 0.0 0.0 0.0 0.0 0.0 0.0 0.0 0.0 0.0 0.0 92.15 508.7 497.85 506.25 495.9 501.1 505.05 498.9 503.55 
336 0.0 0.0 0.0 0.0 0.0 0.0 0.0 0.0 0.0 0.0 0.0 0.0 55.75 491.45 504.25 503.65 507.05 493.5 503.5 505.6 492.95 
337 0.0 0.0 0.0 0.0 0.0 0.0 0.0 0.0 0.0 0.0 0.0 0.0 30.8 501.15 504.2 501.5 494.55 509.05 503.95 510.0 505.95 
338 0.0 0.0 0.0 0.0 0.0 0.0 0.0 0.0 0.0 0.0 0.0 0.0 15.9 502.75 497.35 492.95 502.45 512.25 505.25 504.75 501.6 
339 0.0 0.0 0.0 0.0 0.0 0.0 0.0 0.0 0.0 0.0 0.0 0.0 3.2 498.85 502.2 496.7 505.05 502.45 506.3 496.2 497.7 
340 0.0 0.0 0.0 0.0 0.0 0.0 0.0 0.0 0.0 0.0 0.0 0.0 0.55 504.1 504.8 508.1 499.3 505.95 501.75 495.75 507.1 
341 0.0 0.0 0.0 0.0 0.0 0.0 0.0 0.0 0.0 0.0 0.0 0.0 0.05 502.55 504.1 501.5 504.15 495.8 498.05 504.2 498.0 
342 0.0 0.0 0.0 0.0 0.0 0.0 0.0 0.0 0.0 0.0 0.0 0.0 0.0 497.9 494.15 493.6 502.6 488.6 499.3 490.5 502.65 
343 0.0 0.0 0.0 0.0 0.0 0.0 0.0 0.0 0.0 0.0 0.0 0.0 0.0 501.55 499.85 498.15 499.55 496.25 502.25 500.1 499.35 
344 0.0 0.0 0.0 0.0 0.0 0.0 0.0 0.0 0.0 0.0 0.0 0.0 0.0 499.3 503.65 501.05 501.6 508.3 504.8 496.75 498.9 
345 0.0 0.0 0.0 0.0 0.0 0.0 0.0 0.0 0.0 0.0 0.0 0.0 0.0 498.75 494.7 499.1 499.9 497.8 497.7 504.75 507.4 
346 0.0 0.0 0.0 0.0 0.0 0.0 0.0 0.0 0.0 0.0 0.0 0.0 0.0 498.9 491.25 507.7 497.4 507.85 500.6 505.75 490.45 
347 0.0 0.0 0.0 0.0 0.0 0.0 0.0 0.0 0.0 0.0 0.0 0.0 0.0 499.35 505.15 501.3 497.45 506.7 510.3 506.2 506.0 
348 0.0 0.0 0.0 0.0 0.0 0.0 0.0 0.0 0.0 0.0 0.0 0.0 0.0 486.2 499.2 509.15 502.15 512.4 500.1 509.25 501.05 
349 0.0 0.0 0.0 0.0 0.0 0.0 0.0 0.0 0.0 0.0 0.0 0.0 0.0 492.2 497.8 501.4 507.4 497.5 498.8 507.35 510.55 
350 0.0 0.0 0.0 0.0 0.0 0.0 0.0 0.0 0.0 0.0 0.0 0.0 0.0 469.9 503.7 503.75 500.15 501.75 505.0 506.8 509.65 
351 0.0 0.0 0.0 0.0 0.0 0.0 0.0 0.0 0.0 0.0 0.0 0.0 0.0 477.8 495.7 498.2 501.8 504.65 500.55 494.2 501.6 
352 0.0 0.0 0.0 0.0 0.0 0.0 0.0 0.0 0.0 0.0 0.0 0.0 0.0 461.65 496.5 495.45 499.75 497.95 508.0 494.35 500.35 
353 0.0 0.0 0.0 0.0 0.0 0.0 0.0 0.0 0.0 0.0 0.0 0.0 0.0 451.55 494.9 488.75 494.05 497.95 501.85 504.7 497.95 
354 0.0 0.0 0.0 0.0 0.0 0.0 0.0 0.0 0.0 0.0 0.0 0.0 0.0 456.2 504.55 496.85 501.75 502.45 493.15 500.25 498.4 
355 0.0 0.0 0.0 0.0 0.0 0.0 0.0 0.0 0.0 0.0 0.0 0.0 0.0 406.85 506.55 499.7 500.6 495.85 503.5 505.6 497.1 
356 0.0 0.0 0.0 0.0 0.0 0.0 0.0 0.0 0.0 0.0 0.0 0.0 0.0 334.35 503.3 503.1 512.25 494.1 494.85 499.95 488.6 
357 0.0 0.0 0.0 0.0 0.0 0.0 0.0 0.0 0.0 0.0 0.0 0.0 0.0 269.35 498.5 495.05 495.15 497.95 497.85 488.45 493.25 
358 0.0 0.0 0.0 0.0 0.0 0.0 0.0 0.0 0.0 0.0 0.0 0.0 0.0 188.95 497.55 499.7 494.95 498.05 502.05 496.65 501.4 
359 0.0 0.0 0.0 0.0 0.0 0.0 0.0 0.0 0.0 0.0 0.0 0.0 0.0 143.95 499.8 504.2 494.75 499.2 497.9 503.5 495.75 
360 0.0 0.0 0.0 0.0 0.0 0.0 0.0 0.0 0.0 0.0 0.0 0.0 0.0 128.95 502.2 507.25 506.55 508.5 498.65 494.25 495.0 
361 0.0 0.0 0.0 0.0 0.0 0.0 0.0 0.0 0.0 0.0 0.0 0.0 0.0 121.75 498.55 505.05 503.85 495.6 502.4 489.95 505.9 
362 0.0 0.0 0.0 0.0 0.0 0.0 0.0 0.0 0.0 0.0 0.0 0.0 0.0 112.55 500.7 495.05 501.25 501.05 495.1 498.7 499.15 
363 0.0 0.0 0.0 0.0 0.0 0.0 0.0 0.0 0.0 0.0 0.0 0.0 0.0 65.8 502.25 497.4 505.65 498.95 497.6 499.85 497.9 
364 0.0 0.0 0.0 0.0 0.0 0.0 0.0 0.0 0.0 0.0 0.0 0.0 0.0 54.3 501.5 500.0 498.7 500.05 498.1 502.9 498.45 
365 0.0 0.0 0.0 0.0 0.0 0.0 0.0 0.0 0.0 0.0 0.0 0.0 0.0 37.75 499.0 507.75 490.6 506.2 498.1 494.55 494.8 
366 0.0 0.0 0.0 0.0 0.0 0.0 0.0 0.0 0.0 0.0 0.0 0.0 0.0 23.95 501.5 502.15 501.3 502.3 501.55 504.6 508.15 
367 0.0 0.0 0.0 0.0 0.0 0.0 0.0 0.0 0.0 0.0 0.0 0.0 0.0 6.15 499.75 505.55 490.75 493.35 503.7 498.4 504.4 
368 0.0 0.0 0.0 0.0 0.0 0.0 0.0 0.0 0.0 0.0 0.0 0.0 0.0 1.45 502.15 501.0 499.3 493.9 500.35 509.35 502.35 
369 0.0 0.0 0.0 0.0 0.0 0.0 0.0 0.0 0.0 0.0 0.0 0.0 0.0 0.45 506.9 496.1 503.95 509.0 499.0 501.85 493.9 
370 0.0 0.0 0.0 0.0 0.0 0.0 0.0 0.0 0.0 0.0 0.0 0.0 0.0 0.0 497.0 492.6 502.75 488.9 496.45 507.6 495.85 
371 0.0 0.0 0.0 0.0 0.0 0.0 0.0 0.0 0.0 0.0 0.0 0.0 0.0 0.0 503.6 494.95 503.4 498.1 505.1 500.6 498.55 
372 0.0 0.0 0.0 0.0 0.0 0.0 0.0 0.0 0.0 0.0 0.0 0.0 0.0 0.0 494.95 508.25 499.25 495.5 497.65 492.7 507.65 
373 0.0 0.0 0.0 0.0 0.0 0.0 0.0 0.0 0.0 0.0 0.0 0.0 0.0 0.0 501.1 502.1 500.3 500.35 499.1 499.0 498.65 
374 0.0 0.0 0.0 0.0 0.0 0.0 0.0 0.0 0.0 0.0 0.0 0.0 0.0 0.0 490.4 495.0 502.35 505.25 494.7 499.15 504.1 
375 0.0 0.0 0.0 0.0 0.0 0.0 0.0 0.0 0.0 0.0 0.0 0.0 0.0 0.0 505.15 506.6 506.2 508.05 507.8 494.9 500.95 
376 0.0 0.0 0.0 0.0 0.0 0.0 0.0 0.0 0.0 0.0 0.0 0.0 0.0 0.0 498.7 496.2 503.65 501.85 507.65 492.25 497.75 
377 0.0 0.0 0.0 0.0 0.0 0.0 0.0 0.0 0.0 0.0 0.0 0.0 0.0 0.0 484.3 499.1 497.0 495.7 495.05 502.5 508.3 
378 0.0 0.0 0.0 0.0 0.0 0.0 0.0 0.0 0.0 0.0 0.0 0.0 0.0 0.0 480.55 503.35 505.7 494.75 495.85 497.1 504.8 
379 0.0 0.0 0.0 0.0 0.0 0.0 0.0 0.0 0.0 0.0 0.0 0.0 0.0 0.0 468.65 498.25 492.9 503.25 501.85 496.55 492.95 
380 0.0 0.0 0.0 0.0 0.0 0.0 0.0 0.0 0.0 0.0 0.0 0.0 0.0 0.0 447.7 490.5 498.6 501.05 499.95 511.55 502.8 
381 0.0 0.0 0.0 0.0 0.0 0.0 0.0 0.0 0.0 0.0 0.0 0.0 0.0 0.0 444.05 504.8 501.5 496.85 493.95 503.35 495.1 
382 0.0 0.0 0.0 0.0 0.0 0.0 0.0 0.0 0.0 0.0 0.0 0.0 0.0 0.0 452.1 492.3 495.7 505.35 504.7 497.45 501.3 
383 0.0 0.0 0.0 0.0 0.0 0.0 0.0 0.0 0.0 0.0 0.0 0.0 0.0 0.0 396.0 504.75 496.5 499.1 494.95 499.15 497.75 
384 0.0 0.0 0.0 0.0 0.0 0.0 0.0 0.0 0.0 0.0 0.0 0.0 0.0 0.0 295.9 506.85 499.7 496.95 490.95 499.6 501.7 
385 0.0 0.0 0.0 0.0 0.0 0.0 0.0 0.0 0.0 0.0 0.0 0.0 0.0 0.0 201.4 501.3 496.45 503.7 500.95 497.6 506.05 
386 0.0 0.0 0.0 0.0 0.0 0.0 0.0 0.0 0.0 0.0 0.0 0.0 0.0 0.0 159.45 500.05 506.75 497.2 499.6 504.85 490.8 
387 0.0 0.0 0.0 0.0 0.0 0.0 0.0 0.0 0.0 0.0 0.0 0.0 0.0 0.0 138.0 503.4 501.9 500.8 500.4 508.4 500.65 
388 0.0 0.0 0.0 0.0 0.0 0.0 0.0 0.0 0.0 0.0 0.0 0.0 0.0 0.0 118.2 495.5 498.5 493.85 502.05 500.25 504.75 
389 0.0 0.0 0.0 0.0 0.0 0.0 0.0 0.0 0.0 0.0 0.0 0.0 0.0 0.0 96.15 507.65 504.1 503.65 504.4 497.0 505.2 
390 0.0 0.0 0.0 0.0 0.0 0.0 0.0 0.0 0.0 0.0 0.0 0.0 0.0 0.0 68.25 498.4 498.75 506.95 496.85 496.1 493.75 
391 0.0 0.0 0.0 0.0 0.0 0.0 0.0 0.0 0.0 0.0 0.0 0.0 0.0 0.0 52.35 486.7 499.2 495.15 499.1 494.65 490.5 
392 0.0 0.0 0.0 0.0 0.0 0.0 0.0 0.0 0.0 0.0 0.0 0.0 0.0 0.0 50.2 501.15 496.85 483.85 494.55 505.35 498.45 
393 0.0 0.0 0.0 0.0 0.0 0.0 0.0 0.0 0.0 0.0 0.0 0.0 0.0 0.0 52.85 502.85 497.25 496.1 505.0 496.3 496.5 
394 0.0 0.0 0.0 0.0 0.0 0.0 0.0 0.0 0.0 0.0 0.0 0.0 0.0 0.0 40.85 498.35 499.5 504.2 498.8 491.6 496.15 
395 0.0 0.0 0.0 0.0 0.0 0.0 0.0 0.0 0.0 0.0 0.0 0.0 0.0 0.0 11.5 492.4 497.1 504.05 494.5 497.45 498.45 
396 0.0 0.0 0.0 0.0 0.0 0.0 0.0 0.0 0.0 0.0 0.0 0.0 0.0 0.0 1.45 502.05 495.35 504.25 498.35 501.1 504.45 
397 0.0 0.0 0.0 0.0 0.0 0.0 0.0 0.0 0.0 0.0 0.0 0.0 0.0 0.0 0.0 505.4 506.55 492.4 499.1 498.45 496.2 
398 0.0 0.0 0.0 0.0 0.0 0.0 0.0 0.0 0.0 0.0 0.0 0.0 0.0 0.0 0.0 499.45 497.85 504.75 505.3 498.8 496.0 
399 0.0 0.0 0.0 0.0 0.0 0.0 0.0 0.0 0.0 0.0 0.0 0.0 0.0 0.0 0.0 497.95 497.8 501.45 499.55 507.1 498.65 
400 0.0 0.0 0.0 0.0 0.0 0.0 0.0 0.0 0.0 0.0 0.0 0.0 0.0 0.0 0.0 503.55 499.15 491.1 494.65 503.85 507.5 
401 0.0 0.0 0.0 0.0 0.0 0.0 0.0 0.0 0.0 0.0 0.0 0.0 0.0 0.0 0.0 493.4 491.5 498.7 504.7 493.45 506.3 
402 0.0 0.0 0.0 0.0 0.0 0.0 0.0 0.0 0.0 0.0 0.0 0.0 0.0 0.0 0.0 498.2 501.5 499.65 506.35 497.2 504.6 
403 0.0 0.0 0.0 0.0 0.0 0.0 0.0 0.0 0.0 0.0 0.0 0.0 0.0 0.0 0.0 498.55 496.95 503.95 502.65 502.8 498.4 
404 0.0 0.0 0.0 0.0 0.0 0.0 0.0 0.0 0.0 0.0 0.0 0.0 0.0 0.0 0.0 491.55 499.85 506.1 494.1 501.35 499.25 
405 0.0 0.0 0.0 0.0 0.0 0.0 0.0 0.0 0.0 0.0 0.0 0.0 0.0 0.0 0.0 472.0 507.8 499.5 496.85 500.05 498.55 
406 0.0 0.0 0.0 0.0 0.0 0.0 0.0 0.0 0.0 0.0 0.0 0.0 0.0 0.0 0.0 471.0 502.1 500.75 497.4 505.95 502.55 
407 0.0 0.0 0.0 0.0 0.0 0.0 0.0 0.0 0.0 0.0 0.0 0.0 0.0 0.0 0.0 471.6 494.3 498.65 500.35 499.4 492.45 
408 0.0 0.0 0.0 0.0 0.0 0.0 0.0 0.0 0.0 0.0 0.0 0.0 0.0 0.0 0.0 448.95 507.5 506.55 499.9 502.15 496.15 
409 0.0 0.0 0.0 0.0 0.0 0.0 0.0 0.0 0.0 0.0 0.0 0.0 0.0 0.0 0.0 453.2 504.6 489.95 496.7 495.1 495.45 
410 0.0 0.0 0.0 0.0 0.0 0.0 0.0 0.0 0.0 0.0 0.0 0.0 0.0 0.0 0.0 396.1 499.8 504.55 503.6 495.4 501.7 
411 0.0 0.0 0.0 0.0 0.0 0.0 0.0 0.0 0.0 0.0 0.0 0.0 0.0 0.0 0.0 316.25 493.9 494.65 494.8 499.7 502.65 
412 0.0 0.0 0.0 0.0 0.0 0.0 0.0 0.0 0.0 0.0 0.0 0.0 0.0 0.0 0.0 245.5 495.5 500.8 496.9 496.85 498.85 
413 0.0 0.0 0.0 0.0 0.0 0.0 0.0 0.0 0.0 0.0 0.0 0.0 0.0 0.0 0.0 196.8 496.25 501.9 501.35 489.75 498.2 
414 0.0 0.0 0.0 0.0 0.0 0.0 0.0 0.0 0.0 0.0 0.0 0.0 0.0 0.0 0.0 152.1 492.7 495.6 494.25 504.8 494.95 
415 0.0 0.0 0.0 0.0 0.0 0.0 0.0 0.0 0.0 0.0 0.0 0.0 0.0 0.0 0.0 114.35 505.05 493.45 506.1 504.4 500.55 
416 0.0 0.0 0.0 0.0 0.0 0.0 0.0 0.0 0.0 0.0 0.0 0.0 0.0 0.0 0.0 106.65 501.7 502.45 501.8 499.55 495.65 
417 0.0 0.0 0.0 0.0 0.0 0.0 0.0 0.0 0.0 0.0 0.0 0.0 0.0 0.0 0.0 86.45 498.0 500.9 498.35 492.15 501.4 
418 0.0 0.0 0.0 0.0 0.0 0.0 0.0 0.0 0.0 0.0 0.0 0.0 0.0 0.0 0.0 68.9 508.35 507.95 500.3 496.25 504.0 
419 0.0 0.0 0.0 0.0 0.0 0.0 0.0 0.0 0.0 0.0 0.0 0.0 0.0 0.0 0.0 55.9 502.6 493.7 506.7 506.7 504.45 
420 0.0 0.0 0.0 0.0 0.0 0.0 0.0 0.0 0.0 0.0 0.0 0.0 0.0 0.0 0.0 50.1 500.95 504.7 497.2 497.45 495.05 
421 0.0 0.0 0.0 0.0 0.0 0.0 0.0 0.0 0.0 0.0 0.0 0.0 0.0 0.0 0.0 49.5 501.35 497.9 498.3 506.9 501.05 
422 0.0 0.0 0.0 0.0 0.0 0.0 0.0 0.0 0.0 0.0 0.0 0.0 0.0 0.0 0.0 37.25 497.45 513.9 502.95 504.2 493.6 
423 0.0 0.0 0.0 0.0 0.0 0.0 0.0 0.0 0.0 0.0 0.0 0.0 0.0 0.0 0.0 13.0 500.7 500.6 504.25 494.9 499.45 
424 0.0 0.0 0.0 0.0 0.0 0.0 0.0 0.0 0.0 0.0 0.0 0.0 0.0 0.0 0.0 3.25 502.7 496.55 506.3 507.4 509.55 
425 0.0 0.0 0.0 0.0 0.0 0.0 0.0 0.0 0.0 0.0 0.0 0.0 0.0 0.0 0.0 2.2 499.8 501.1 495.9 505.6 505.75 
426 0.0 0.0 0.0 0.0 0.0 0.0 0.0 0.0 0.0 0.0 0.0 0.0 0.0 0.0 0.0 0.55 508.5 499.8 507.85 500.8 505.7 
427 0.0 0.0 0.0 0.0 0.0 0.0 0.0 0.0 0.0 0.0 0.0 0.0 0.0 0.0 0.0 0.15 498.95 499.65 497.45 495.35 506.9 
428 0.0 0.0 0.0 0.0 0.0 0.0 0.0 0.0 0.0 0.0 0.0 0.0 0.0 0.0 0.0 0.0 495.95 503.1 501.45 504.15 507.45 
429 0.0 0.0 0.0 0.0 0.0 0.0 0.0 0.0 0.0 0.0 0.0 0.0 0.0 0.0 0.0 0.0 494.45 494.6 505.25 486.15 489.25 
430 0.0 0.0 0.0 0.0 0.0 0.0 0.0 0.0 0.0 0.0 0.0 0.0 0.0 0.0 0.0 0.0 490.7 503.0 497.2 500.9 494.9 
431 0.0 0.0 0.0 0.0 0.0 0.0 0.0 0.0 0.0 0.0 0.0 0.0 0.0 0.0 0.0 0.0 483.2 494.5 505.35 494.6 493.15 
432 0.0 0.0 0.0 0.0 0.0 0.0 0.0 0.0 0.0 0.0 0.0 0.0 0.0 0.0 0.0 0.0 475.45 511.95 492.05 506.05 496.4 
433 0.0 0.0 0.0 0.0 0.0 0.0 0.0 0.0 0.0 0.0 0.0 0.0 0.0 0.0 0.0 0.0 485.25 505.5 491.5 502.95 492.75 
434 0.0 0.0 0.0 0.0 0.0 0.0 0.0 0.0 0.0 0.0 0.0 0.0 0.0 0.0 0.0 0.0 458.65 492.95 508.7 496.25 504.75 
435 0.0 0.0 0.0 0.0 0.0 0.0 0.0 0.0 0.0 0.0 0.0 0.0 0.0 0.0 0.0 0.0 457.0 501.9 498.55 497.95 490.75 
436 0.0 0.0 0.0 0.0 0.0 0.0 0.0 0.0 0.0 0.0 0.0 0.0 0.0 0.0 0.0 0.0 448.75 493.0 495.5 499.3 507.65 
437 0.0 0.0 0.0 0.0 0.0 0.0 0.0 0.0 0.0 0.0 0.0 0.0 0.0 0.0 0.0 0.0 433.65 487.4 495.95 499.55 497.7 
438 0.0 0.0 0.0 0.0 0.0 0.0 0.0 0.0 0.0 0.0 0.0 0.0 0.0 0.0 0.0 0.0 378.0 506.55 492.1 498.35 504.75 
439 0.0 0.0 0.0 0.0 0.0 0.0 0.0 0.0 0.0 0.0 0.0 0.0 0.0 0.0 0.0 0.0 293.45 495.55 495.2 499.0 496.5 
440 0.0 0.0 0.0 0.0 0.0 0.0 0.0 0.0 0.0 0.0 0.0 0.0 0.0 0.0 0.0 0.0 249.5 494.05 502.75 492.85 515.6 
441 0.0 0.0 0.0 0.0 0.0 0.0 0.0 0.0 0.0 0.0 0.0 0.0 0.0 0.0 0.0 0.0 196.05 502.1 501.45 502.8 498.95 
442 0.0 0.0 0.0 0.0 0.0 0.0 0.0 0.0 0.0 0.0 0.0 0.0 0.0 0.0 0.0 0.0 151.0 502.2 501.2 499.25 500.6 
443 0.0 0.0 0.0 0.0 0.0 0.0 0.0 0.0 0.0 0.0 0.0 0.0 0.0 0.0 0.0 0.0 110.25 507.6 505.45 508.5 495.45 
444 0.0 0.0 0.0 0.0 0.0 0.0 0.0 0.0 0.0 0.0 0.0 0.0 0.0 0.0 0.0 0.0 86.8 496.9 498.05 503.0 500.3 
445 0.0 0.0 0.0 0.0 0.0 0.0 0.0 0.0 0.0 0.0 0.0 0.0 0.0 0.0 0.0 0.0 68.25 501.6 499.1 498.2 500.1 
446 0.0 0.0 0.0 0.0 0.0 0.0 0.0 0.0 0.0 0.0 0.0 0.0 0.0 0.0 0.0 0.0 53.1 507.6 498.9 503.95 501.35 
447 0.0 0.0 0.0 0.0 0.0 0.0 0.0 0.0 0.0 0.0 0.0 0.0 0.0 0.0 0.0 0.0 51.45 498.25 501.75 491.05 506.25 
448 0.0 0.0 0.0 0.0 0.0 0.0 0.0 0.0 0.0 0.0 0.0 0.0 0.0 0.0 0.0 0.0 50.2 501.25 501.15 501.35 490.5 
449 0.0 0.0 0.0 0.0 0.0 0.0 0.0 0.0 0.0 0.0 0.0 0.0 0.0 0.0 0.0 0.0 50.55 497.0 500.2 505.25 504.05 
450 0.0 0.0 0.0 0.0 0.0 0.0 0.0 0.0 0.0 0.0 0.0 0.0 0.0 0.0 0.0 0.0 30.8 497.65 502.35 492.9 501.0 
451 0.0 0.0 0.0 0.0 0.0 0.0 0.0 0.0 0.0 0.0 0.0 0.0 0.0 0.0 0.0 0.0 27.65 497.2 489.1 497.4 491.0 
452 0.0 0.0 0.0 0.0 0.0 0.0 0.0 0.0 0.0 0.0 0.0 0.0 0.0 0.0 0.0 0.0 13.1 500.0 505.35 499.15 491.35 
453 0.0 0.0 0.0 0.0 0.0 0.0 0.0 0.0 0.0 0.0 0.0 0.0 0.0 0.0 0.0 0.0 4.15 493.8 494.55 490.7 511.8 
454 0.0 0.0 0.0 0.0 0.0 0.0 0.0 0.0 0.0 0.0 0.0 0.0 0.0 0.0 0.0 0.0 0.95 508.35 493.65 500.85 499.65 
455 0.0 0.0 0.0 0.0 0.0 0.0 0.0 0.0 0.0 0.0 0.0 0.0 0.0 0.0 0.0 0.0 0.15 499.05 503.8 495.95 495.35 
456 0.0 0.0 0.0 0.0 0.0 0.0 0.0 0.0 0.0 0.0 0.0 0.0 0.0 0.0 0.0 0.0 0.1 498.25 500.15 503.75 502.95 
457 0.0 0.0 0.0 0.0 0.0 0.0 0.0 0.0 0.0 0.0 0.0 0.0 0.0 0.0 0.0 0.0 0.0 498.1 503.25 506.8 498.15 
458 0.0 0.0 0.0 0.0 0.0 0.0 0.0 0.0 0.0 0.0 0.0 0.0 0.0 0.0 0.0 0.0 0.0 504.0 504.2 498.5 491.9 
459 0.0 0.0 0.0 0.0 0.0 0.0 0.0 0.0 0.0 0.0 0.0 0.0 0.0 0.0 0.0 0.0 0.0 492.65 491.6 501.7 502.05 
460 0.0 0.0 0.0 0.0 0.0 0.0 0.0 0.0 0.0 0.0 0.0 0.0 0.0 0.0 0.0 0.0 0.0 471.35 502.35 498.05 506.5 
461 0.0 0.0 0.0 0.0 0.0 0.0 0.0 0.0 0.0 0.0 0.0 0.0 0.0 0.0 0.0 0.0 0.0 455.7 502.25 500.2 502.3 
462 0.0 0.0 0.0 0.0 0.0 0.0 0.0 0.0 0.0 0.0 0.0 0.0 0.0 0.0 0.0 0.0 0.0 459.85 501.2 502.7 502.1 
463 0.0 0.0 0.0 0.0 0.0 0.0 0.0 0.0 0.0 0.0 0.0 0.0 0.0 0.0 0.0 0.0 0.0 444.95 505.5 504.1 499.95 
464 0.0 0.0 0.0 0.0 0.0 0.0 0.0 0.0 0.0 0.0 0.0 0.0 0.0 0.0 0.0 0.0 0.0 435.5 501.5 511.4 499.05 
465 0.0 0.0 0.0 0.0 0.0 0.0 0.0 0.0 0.0 0.0 0.0 0.0 0.0 0.0 0.0 0.0 0.0 391.35 506.7 504.4 503.95 
466 0.0 0.0 0.0 0.0 0.0 0.0 0.0 0.0 0.0 0.0 0.0 0.0 0.0 0.0 0.0 0.0 0.0 372.25 499.4 498.1 511.7 
467 0.0 0.0 0.0 0.0 0.0 0.0 0.0 0.0 0.0 0.0 0.0 0.0 0.0 0.0 0.0 0.0 0.0 327.4 494.6 500.9 497.6 
468 0.0 0.0 0.0 0.0 0.0 0.0 0.0 0.0 0.0 0.0 0.0 0.0 0.0 0.0 0.0 0.0 0.0 226.65 499.6 494.5 501.35 
469 0.0 0.0 0.0 0.0 0.0 0.0 0.0 0.0 0.0 0.0 0.0 0.0 0.0 0.0 0.0 0.0 0.0 166.45 508.7 505.7 499.9 
470 0.0 0.0 0.0 0.0 0.0 0.0 0.0 0.0 0.0 0.0 0.0 0.0 0.0 0.0 0.0 0.0 0.0 137.5 499.6 503.65 502.6 
471 0.0 0.0 0.0 0.0 0.0 0.0 0.0 0.0 0.0 0.0 0.0 0.0 0.0 0.0 0.0 0.0 0.0 114.45 500.85 492.1 502.6 
472 0.0 0.0 0.0 0.0 0.0 0.0 0.0 0.0 0.0 0.0 0.0 0.0 0.0 0.0 0.0 0.0 0.0 98.3 498.65 498.65 487.65 
473 0.0 0.0 0.0 0.0 0.0 0.0 0.0 0.0 0.0 0.0 0.0 0.0 0.0 0.0 0.0 0.0 0.0 69.0 487.05 496.5 501.4 
474 0.0 0.0 0.0 0.0 0.0 0.0 0.0 0.0 0.0 0.0 0.0 0.0 0.0 0.0 0.0 0.0 0.0 54.8 498.6 496.05 498.9 
475 0.0 0.0 0.0 0.0 0.0 0.0 0.0 0.0 0.0 0.0 0.0 0.0 0.0 0.0 0.0 0.0 0.0 50.5 503.35 501.65 499.35 
476 0.0 0.0 0.0 0.0 0.0 0.0 0.0 0.0 0.0 0.0 0.0 0.0 0.0 0.0 0.0 0.0 0.0 51.1 500.0 507.9 499.8 
477 0.0 0.0 0.0 0.0 0.0 0.0 0.0 0.0 0.0 0.0 0.0 0.0 0.0 0.0 0.0 0.0 0.0 46.25 501.7 503.3 495.85 
478 0.0 0.0 0.0 0.0 0.0 0.0 0.0 0.0 0.0 0.0 0.0 0.0 0.0 0.0 0.0 0.0 0.0 31.15 503.4 494.75 494.7 
479 0.0 0.0 0.0 0.0 0.0 0.0 0.0 0.0 0.0 0.0 0.0 0.0 0.0 0.0 0.0 0.0 0.0 26.4 495.25 495.8 510.6 
480 0.0 0.0 0.0 0.0 0.0 0.0 0.0 0.0 0.0 0.0 0.0 0.0 0.0 0.0 0.0 0.0 0.0 25.2 496.85 496.0 501.0 
481 0.0 0.0 0.0 0.0 0.0 0.0 0.0 0.0 0.0 0.0 0.0 0.0 0.0 0.0 0.0 0.0 0.0 6.15 499.45 501.2 490.65 
482 0.0 0.0 0.0 0.0 0.0 0.0 0.0 0.0 0.0 0.0 0.0 0.0 0.0 0.0 0.0 0.0 0.0 0.45 503.9 501.5 504.35 
483 0.0 0.0 0.0 0.0 0.0 0.0 0.0 0.0 0.0 0.0 0.0 0.0 0.0 0.0 0.0 0.0 0.0 1.2 496.9 503.15 493.85 
484 0.0 0.0 0.0 0.0 0.0 0.0 0.0 0.0 0.0 0.0 0.0 0.0 0.0 0.0 0.0 0.0 0.0 0.05 497.6 498.3 499.9 
485 0.0 0.0 0.0 0.0 0.0 0.0 0.0 0.0 0.0 0.0 0.0 0.0 0.0 0.0 0.0 0.0 0.0 0.0 505.7 493.1 493.15 
486 0.0 0.0 0.0 0.0 0.0 0.0 0.0 0.0 0.0 0.0 0.0 0.0 0.0 0.0 0.0 0.0 0.0 0.0 501.95 502.5 504.0 
487 0.0 0.0 0.0 0.0 0.0 0.0 0.0 0.0 0.0 0.0 0.0 0.0 0.0 0.0 0.0 0.0 0.0 0.0 475.1 505.0 509.3 
488 0.0 0.0 0.0 0.0 0.0 0.0 0.0 0.0 0.0 0.0 0.0 0.0 0.0 0.0 0.0 0.0 0.0 0.0 460.6 501.9 512.75 
489 0.0 0.0 0.0 0.0 0.0 0.0 0.0 0.0 0.0 0.0 0.0 0.0 0.0 0.0 0.0 0.0 0.0 0.0 453.55 504.45 503.4 
490 0.0 0.0 0.0 0.0 0.0 0.0 0.0 0.0 0.0 0.0 0.0 0.0 0.0 0.0 0.0 0.0 0.0 0.0 456.65 503.9 508.1 
491 0.0 0.0 0.0 0.0 0.0 0.0 0.0 0.0 0.0 0.0 0.0 0.0 0.0 0.0 0.0 0.0 0.0 0.0 444.4 508.75 511.35 
492 0.0 0.0 0.0 0.0 0.0 0.0 0.0 0.0 0.0 0.0 0.0 0.0 0.0 0.0 0.0 0.0 0.0 0.0 437.95 502.8 517.6 
493 0.0 0.0 0.0 0.0 0.0 0.0 0.0 0.0 0.0 0.0 0.0 0.0 0.0 0.0 0.0 0.0 0.0 0.0 409.35 508.5 536.65 
494 0.0 0.0 0.0 0.0 0.0 0.0 0.0 0.0 0.0 0.0 0.0 0.0 0.0 0.0 0.0 0.0 0.0 0.0 335.9 526.95 539.4 
495 0.0 0.0 0.0 0.0 0.0 0.0 0.0 0.0 0.0 0.0 0.0 0.0 0.0 0.0 0.0 0.0 0.0 0.0 265.3 533.8 536.9 
496 0.0 0.0 0.0 0.0 0.0 0.0 0.0 0.0 0.0 0.0 0.0 0.0 0.0 0.0 0.0 0.0 0.0 0.0 203.75 552.35 540.5 
497 0.0 0.0 0.0 0.0 0.0 0.0 0.0 0.0 0.0 0.0 0.0 0.0 0.0 0.0 0.0 0.0 0.0 0.0 169.15 572.25 550.0 
498 0.0 0.0 0.0 0.0 0.0 0.0 0.0 0.0 0.0 0.0 0.0 0.0 0.0 0.0 0.0 0.0 0.0 0.0 168.2 584.85 555.05 
499 0.0 0.0 0.0 0.0 0.0 0.0 0.0 0.0 0.0 0.0 0.0 0.0 0.0 0.0 0.0 0.0 0.0 0.0 99.65 294.75 278.15 
