0 100.8 289.65 275.3 272.6 264.85 264.4 267.25 271.0 267.1 267.05 271.8 257.75 260.65 262.4 258.6 260.3 261.65 258.7 256.1 260.15 258.95 
1 0.05 568.4 557.85 539.0 543.1 533.5 523.0 527.3 523.85 527.35 521.7 527.05 523.8 520.25 512.55 516.85 509.05 523.9 519.35 525.6 516.85 
2 0.0 564.2 543.65 542.15 532.65 528.6 536.6 521.1 527.35 524.6 522.35 521.7 517.8 515.65 520.85 507.0 523.8 515.55 518.9 519.55 518.25 
3 0.0 536.2 529.95 536.3 532.75 528.45 528.05 520.55 524.5 522.55 523.45 519.35 521.5 517.65 516.0 516.8 516.85 515.35 521.45 517.2 519.35 
4 0.0 534.4 541.8 537.35 537.8 530.8 520.0 523.45 518.5 524.75 512.45 523.9 514.4 520.65 519.2 516.3 512.1 524.0 508.45 506.3 514.7 
5 0.0 518.1 520.15 525.75 530.95 533.85 518.0 516.85 527.05 517.75 528.0 516.65 523.8 517.5 520.45 512.85 516.4 513.1 518.5 514.4 507.75 
6 0.0 519.95 531.1 521.6 517.9 535.45 520.15 531.05 516.55 513.45 515.95 515.15 506.5 516.3 515.35 527.7 508.05 518.35 514.9 516.6 513.95 
7 0.0 509.85 518.3 518.1 518.5 511.4 523.75 525.05 524.15 522.95 516.8 521.1 519.5 516.85 518.25 522.8 514.75 517.7 515.55 508.25 519.45 
8 0.0 500.7 505.15 523.1 515.15 513.9 523.8 513.9 515.05 519.25 520.2 514.55 515.9 510.3 514.3 509.0 524.3 507.1 506.95 509.75 507.2 
9 0.0 496.1 505.75 507.6 516.8 514.35 516.4 512.2 519.5 514.9 514.8 514.6 515.6 518.35 512.45 516.1 519.0 507.0 511.25 510.85 510.2 
10 0.0 500.05 509.05 503.55 508.2 506.75 517.05 512.1 512.7 513.25 504.3 512.3 513.3 509.15 505.2 509.35 514.85 507.45 517.45 512.25 515.15 
11 0.0 500.8 506.0 507.95 505.8 507.35 509.75 513.3 512.2 506.6 504.25 513.7 513.95 514.7 518.6 513.4 512.1 517.85 508.95 511.75 512.95 
12 0.0 507.65 504.85 502.7 513.95 516.3 504.8 515.45 510.9 509.6 516.9 511.4 517.0 512.3 511.6 512.15 515.55 514.4 514.6 505.4 505.35 
13 0.0 495.95 498.25 505.35 503.4 508.35 508.4 503.65 509.95 506.95 514.2 505.85 511.1 519.25 520.15 510.2 510.55 513.55 507.45 519.6 518.2 
14 0.0 503.6 500.8 501.95 507.7 499.1 508.15 514.8 507.85 497.65 509.2 515.9 508.45 511.2 514.65 508.1 512.55 520.25 513.5 519.4 508.3 
15 0.0 504.3 498.75 506.2 502.4 503.1 503.1 497.65 501.2 516.5 505.85 508.2 513.6 507.4 507.8 512.95 507.3 510.35 514.35 507.35 516.4 
16 0.0 503.55 507.75 497.5 504.4 504.4 500.05 508.4 501.05 512.9 518.25 504.95 510.3 516.9 509.05 517.3 509.55 502.4 507.6 513.2 508.55 
17 0.0 500.25 501.5 505.35 500.45 497.2 505.25 499.8 504.3 504.7 500.4 505.15 510.1 508.45 508.9 511.8 505.25 497.8 508.2 510.55 505.6 
18 0.0 513.0 498.85 506.55 489.0 496.85 493.45 499.7 499.2 504.3 512.05 524.1 503.85 504.4 511.8 508.5 511.2 501.3 511.55 508.2 505.6 
19 0.0 492.35 501.5 495.35 501.5 502.3 501.85 506.7 506.3 505.5 505.35 500.5 509.05 504.9 509.6 514.8 502.5 517.35 511.75 512.9 515.25 
20 0.0 492.45 496.35 496.0 493.45 502.4 505.85 499.4 501.75 506.2 507.6 506.2 509.45 514.2 506.35 509.2 516.4 509.1 509.55 513.2 510.65 
21 0.0 503.2 497.3 489.4 500.25 505.4 502.2 505.25 502.65 513.5 499.5 505.8 510.9 509.35 505.75 497.95 510.3 509.15 505.75 501.4 504.4 
22 0.0 498.45 501.55 503.95 508.15 498.7 499.1 510.75 505.9 507.15 505.7 505.65 502.0 506.9 505.65 505.8 510.8 509.05 498.85 495.8 500.45 
23 0.0 501.25 500.1 505.6 498.95 488.8 494.8 498.75 503.1 495.9 504.7 506.05 500.85 503.35 507.8 508.0 508.15 503.35 498.3 502.85 513.65 
24 0.0 495.95 502.05 503.05 505.4 497.35 496.0 492.5 503.7 498.1 496.25 500.3 504.7 490.7 496.4 504.05 498.9 503.45 500.9 496.85 503.35 
25 0.0 496.75 498.75 500.3 500.45 499.75 499.1 496.9 495.0 498.8 498.45 495.5 498.5 498.2 497.45 495.05 498.85 501.05 509.6 509.95 510.65 
26 0.0 503.35 500.35 500.65 498.6 502.2 504.15 496.9 500.6 506.95 507.0 508.05 500.4 501.5 493.5 496.85 493.75 504.25 506.55 507.35 501.75 
27 0.0 505.95 500.3 504.6 505.25 509.85 504.85 497.15 497.8 502.1 494.25 499.0 498.75 488.3 496.95 497.15 498.9 496.25 504.7 506.6 501.95 
28 0.0 493.1 490.8 502.6 496.05 502.85 498.55 495.05 502.2 482.7 502.2 494.7 488.0 494.35 501.4 503.7 499.75 498.6 499.05 510.05 493.7 
29 0.0 501.95 506.1 496.3 503.1 500.45 496.8 501.35 501.2 507.65 494.15 493.65 499.15 504.0 498.05 497.8 494.0 495.7 497.75 495.1 505.35 
30 0.0 498.95 499.8 489.45 494.35 496.65 506.75 508.4 500.6 506.85 499.75 498.7 493.65 499.4 502.2 496.35 506.55 506.2 499.15 498.7 501.85 
31 0.0 495.85 499.55 493.55 496.4 500.3 511.85 505.9 500.85 495.2 497.9 504.0 503.15 503.0 492.05 491.9 501.55 495.65 493.05 491.8 501.3 
32 0.0 501.7 496.8 481.75 495.6 500.95 500.55 502.6 503.0 496.55 498.5 491.3 500.75 502.1 500.15 505.95 491.35 503.2 501.95 497.05 501.65 
33 0.0 503.5 496.9 512.3 496.65 505.9 496.45 498.95 497.5 495.15 494.45 491.45 495.9 497.2 498.55 499.85 500.95 495.25 502.85 501.15 499.25 
34 0.0 499.15 495.15 501.25 503.1 500.35 502.3 502.15 497.3 495.3 497.65 505.7 497.5 497.6 509.7 501.3 500.75 497.6 503.05 503.15 497.85 
35 0.0 497.85 503.6 500.05 499.05 501.0 497.45 496.85 505.5 499.5 498.1 492.9 491.15 499.4 504.3 498.65 492.45 500.35 504.0 499.8 498.5 
36 0.0 504.25 506.85 506.95 501.25 496.55 494.95 503.6 495.7 494.95 501.05 505.8 507.65 503.7 494.4 493.25 492.3 500.75 503.6 493.15 501.25 
37 0.0 501.35 510.45 512.45 507.35 497.85 497.05 493.9 500.75 504.25 495.4 501.9 502.65 494.3 501.55 501.35 507.7 508.0 494.95 502.8 494.4 
38 0.0 500.5 496.3 500.8 498.15 504.8 510.3 497.75 495.9 508.7 508.6 500.3 500.2 504.5 500.0 500.05 497.35 498.6 501.6 496.85 490.15 
39 0.0 493.2 500.0 495.15 502.8 498.2 500.65 504.6 500.8 498.0 500.65 500.85 500.5 503.55 500.7 486.25 501.55 499.65 497.8 498.7 494.55 
40 0.0 503.75 499.15 509.4 498.25 504.05 497.25 500.9 499.2 491.05 497.95 493.2 500.35 501.1 494.0 501.1 492.7 498.45 496.65 508.45 498.45 
41 0.0 499.8 498.05 495.25 505.3 504.75 501.8 502.25 500.95 500.85 505.4 503.75 497.45 502.2 495.75 503.05 504.8 493.5 495.5 501.55 500.5 
42 0.0 504.35 498.25 493.9 497.45 494.95 495.95 500.1 494.4 497.15 495.85 502.6 496.8 489.3 492.9 493.95 502.4 496.8 508.2 491.55 500.35 
43 0.0 495.2 500.65 499.75 500.1 504.8 501.95 505.95 499.0 503.25 498.0 491.15 503.3 495.6 499.1 498.4 497.45 505.3 503.55 499.8 499.3 
44 0.0 501.5 498.8 500.75 496.35 493.9 505.75 493.65 502.45 494.75 495.1 499.1 502.85 500.4 501.35 505.6 504.8 493.7 498.0 504.8 504.85 
45 0.0 494.75 503.45 501.15 501.0 500.45 502.0 501.2 506.7 500.1 502.15 501.65 493.2 495.05 509.4 506.2 494.4 498.45 495.4 490.85 502.1 
46 0.0 505.55 500.3 498.25 506.2 495.15 501.0 494.9 499.0 505.7 500.05 500.0 496.0 506.8 500.9 501.4 496.8 503.55 499.2 494.65 504.55 
47 0.0 498.3 498.9 504.95 499.15 509.7 497.15 502.85 500.45 496.05 494.25 510.3 498.0 493.1 498.9 503.2 502.2 499.2 497.05 508.4 503.05 
48 0.0 459.2 495.65 493.4 495.25 501.75 501.85 505.7 500.75 505.7 503.85 499.0 504.25 498.75 500.3 506.35 503.15 497.85 495.25 497.3 500.25 
49 0.0 327.3 502.45 501.2 499.55 498.65 491.4 495.1 494.95 506.6 506.3 489.9 502.05 507.35 500.5 506.05 500.15 502.1 506.1 506.2 503.95 
50 0.0 225.2 504.45 499.75 496.6 493.55 498.1 500.75 504.35 497.35 498.75 497.45 502.0 498.4 505.9 499.85 498.6 500.45 505.75 498.35 502.65 
51 0.0 75.7 501.45 500.95 493.8 497.1 500.25 505.15 504.15 497.1 503.75 508.3 504.05 498.15 492.45 507.25 495.6 499.85 495.25 506.75 498.5 
52 0.0 12.2 496.2 500.95 497.5 499.35 494.45 501.15 501.85 508.6 495.7 500.0 503.7 506.95 514.8 495.15 497.4 500.85 502.45 502.25 498.55 
53 0.0 0.65 490.7 496.05 504.55 499.15 501.15 505.8 502.65 503.3 500.05 501.85 507.3 509.1 499.35 494.75 508.5 510.05 516.95 510.75 509.55 
54 0.0 0.0 501.95 500.55 502.0 499.0 505.75 502.8 496.6 493.6 504.8 499.9 499.65 503.4 503.25 495.2 506.7 503.0 503.1 504.6 490.1 
55 0.0 0.0 500.25 501.2 505.55 511.45 505.7 504.0 503.8 502.75 503.5 503.55 502.15 500.85 499.3 498.9 501.35 504.95 495.95 504.15 500.25 
56 0.0 0.0 505.55 502.8 506.4 503.35 499.9 499.75 498.2 495.85 515.15 501.15 500.95 507.0 496.9 506.1 506.2 496.8 498.3 495.6 501.95 
57 0.0 0.0 503.25 502.25 492.8 500.95 513.95 487.9 496.75 497.7 499.7 499.9 501.6 511.55 502.95 511.25 493.75 495.7 492.0 492.25 508.45 
58 0.0 0.0 499.0 507.6 513.95 504.1 492.8 500.7 503.95 500.85 493.9 497.25 501.65 496.5 502.35 502.85 505.55 501.95 500.5 501.05 502.45 
59 0.0 0.0 501.3 500.25 497.8 503.9 501.3 498.45 507.1 501.85 506.2 498.35 496.5 498.7 497.7 501.85 505.2 504.3 505.0 500.4 495.45 
60 0.0 0.0 503.25 499.2 501.8 502.05 500.45 498.7 496.1 500.9 497.4 506.2 502.75 490.4 508.7 493.4 513.15 503.2 499.35 503.1 500.35 
61 0.0 0.0 496.6 492.45 498.75 492.35 501.1 504.0 505.15 505.2 500.15 502.15 506.55 504.6 509.4 505.3 497.6 497.95 504.1 491.0 501.55 
62 0.0 0.0 498.5 509.1 506.0 501.0 499.15 503.35 492.2 504.5 490.25 501.5 495.45 498.85 497.6 502.85 497.2 497.95 495.6 498.25 503.8 
63 0.0 0.0 501.9 501.75 494.8 497.55 495.05 497.8 502.5 506.5 499.85 498.45 505.65 506.0 500.95 506.45 500.25 504.05 495.1 498.35 493.5 
64 0.0 0.0 500.8 494.25 494.35 492.4 494.95 503.3 501.45 495.15 510.9 506.1 507.45 501.7 504.35 499.6 497.4 504.2 495.45 497.05 503.6 
65 0.0 0.0 496.8 496.65 492.05 500.45 502.75 492.05 501.4 502.7 507.8 501.55 492.45 497.5 500.15 507.5 503.2 500.15 508.75 506.2 496.6 
66 0.0 0.0 502.6 500.0 507.3 503.0 508.85 503.8 506.05 497.95 498.6 514.3 501.8 504.95 501.1 505.05 504.5 507.4 492.25 504.05 498.7 
67 0.0 0.0 506.8 502.9 501.05 503.65 510.05 495.15 492.1 496.6 493.7 499.3 501.75 506.7 495.75 500.25 502.35 494.0 504.25 498.9 499.7 
68 0.0 0.0 496.7 492.1 504.95 505.15 498.5 507.95 495.9 509.3 508.7 497.05 497.55 501.75 501.25 490.65 494.35 499.4 507.35 499.3 508.3 
69 0.0 0.0 497.3 501.45 503.6 510.05 498.35 497.4 515.5 499.3 500.3 494.9 498.6 490.35 498.15 499.9 513.1 505.5 506.9 501.45 498.3 
70 0.0 0.0 494.35 506.7 498.9 490.5 506.05 500.65 499.75 497.8 495.5 506.25 502.4 497.3 498.2 505.4 505.5 505.05 511.15 498.85 495.75 
71 0.0 0.0 501.1 499.05 498.9 503.6 503.05 508.65 497.75 491.6 505.4 493.05 499.35 502.95 501.25 501.65 499.0 505.55 499.35 510.85 501.1 
72 0.0 0.0 502.05 497.75 504.75 503.95 506.45 503.7 500.7 503.6 498.0 492.25 501.55 503.85 503.0 500.3 497.2 502.4 497.35 506.4 496.45 
73 0.0 0.0 495.65 496.25 494.1 491.3 497.35 493.95 495.05 508.55 496.0 510.35 502.05 499.1 501.25 492.2 500.75 492.85 497.7 497.4 500.8 
74 0.0 0.0 497.05 503.15 497.15 500.3 489.65 493.35 496.5 497.5 492.75 500.05 503.25 496.1 501.1 495.9 497.75 490.5 503.7 501.85 503.3 
75 0.0 0.0 498.7 500.75 492.7 502.0 487.25 502.75 506.15 489.9 502.1 503.7 498.35 503.1 492.35 501.9 501.55 495.55 498.8 496.9 499.55 
76 0.0 0.0 502.6 488.1 497.3 498.7 505.1 503.1 492.2 499.0 495.85 492.85 497.0 498.65 502.95 496.3 493.65 504.4 493.65 495.55 502.9 
77 0.0 0.0 497.1 492.4 494.3 503.05 499.25 488.3 500.05 500.95 503.8 498.15 500.2 498.8 501.05 503.0 502.95 498.8 495.5 497.45 499.75 
78 0.0 0.0 499.55 508.9 504.85 494.0 492.45 499.9 496.55 498.65 497.6 500.2 495.0 492.7 495.5 503.1 497.55 503.3 499.4 501.2 503.6 
79 0.0 0.0 505.1 501.85 510.55 483.85 505.0 496.85 497.35 511.2 500.1 500.05 495.45 497.8 500.8 500.1 495.2 499.55 496.3 504.1 498.85 
80 0.0 0.0 497.8 503.4 501.15 499.95 491.9 506.1 502.55 496.55 504.7 503.7 503.3 502.05 503.45 499.15 497.25 489.5 499.3 496.35 498.7 
81 0.0 0.0 498.5 499.9 501.15 501.7 494.55 498.55 500.25 494.05 501.8 492.2 499.85 503.1 499.35 485.95 493.65 500.25 502.15 492.95 499.75 
82 0.0 0.0 498.1 498.9 501.95 502.0 511.85 502.15 507.0 503.65 503.95 501.7 491.45 491.15 500.1 494.3 503.9 497.3 503.95 503.65 503.7 
83 0.0 0.0 499.95 495.95 497.35 505.45 495.9 504.65 488.95 499.2 494.55 501.0 500.15 502.4 500.65 503.7 499.95 507.2 498.35 503.85 499.15 
84 0.0 0.0 500.55 497.5 504.5 507.65 497.7 502.95 504.95 496.4 509.95 498.35 503.25 504.0 492.9 495.35 499.15 499.55 496.3 496.75 503.4 
85 0.0 0.0 499.7 499.2 487.5 498.35 501.9 492.5 506.6 498.0 495.85 499.85 500.2 495.7 499.7 496.6 494.05 491.85 497.45 492.95 495.7 
86 0.0 0.0 501.9 496.5 496.7 497.2 499.05 493.95 493.25 509.7 497.4 498.8 498.45 499.5 495.1 502.95 502.9 506.15 497.5 500.4 493.3 
87 0.0 0.0 503.1 500.3 501.25 492.5 499.0 501.65 500.9 493.15 499.0 494.2 495.4 499.35 494.9 502.7 498.9 505.5 501.35 501.8 500.6 
88 0.0 0.0 503.45 502.3 500.75 497.25 497.0 500.15 498.0 502.9 503.25 502.35 497.05 501.15 506.75 505.2 497.55 494.85 501.3 501.25 503.95 
89 0.0 0.0 495.45 507.85 498.3 499.95 499.45 505.15 497.55 499.9 490.55 504.75 491.45 492.6 499.9 501.9 501.1 506.95 496.15 498.65 493.35 
90 0.0 0.0 507.1 501.65 500.7 501.2 495.7 498.85 502.75 492.6 493.1 488.75 507.0 493.95 483.95 499.7 494.95 501.1 500.4 494.75 507.95 
91 0.0 0.0 496.5 503.95 499.25 503.0 498.05 495.15 503.5 497.65 499.9 500.05 500.15 499.0 509.1 505.85 502.25 497.2 504.8 496.15 496.85 
92 0.0 0.0 501.3 489.6 500.2 491.85 501.15 498.15 501.75 504.95 502.45 497.5 502.45 503.9 496.15 501.3 500.75 499.5 492.55 503.85 492.3 
93 0.0 0.0 496.8 503.05 492.95 499.15 501.85 504.6 500.15 501.05 495.35 501.7 499.4 495.75 506.0 495.9 501.4 496.25 508.7 507.85 502.25 
94 0.0 0.0 495.15 503.9 494.95 494.8 499.85 502.2 498.8 497.7 499.0 497.6 497.85 497.5 498.25 502.05 499.8 501.3 495.45 496.0 503.1 
95 0.0 0.0 505.15 498.1 499.75 503.65 495.6 497.8 502.35 490.1 503.9 496.8 506.45 506.55 509.15 497.2 509.8 497.65 504.7 504.2 502.0 
96 0.0 0.0 485.05 498.75 503.65 505.35 503.8 492.7 503.4 507.9 493.65 503.2 506.6 504.25 497.9 495.55 487.65 494.35 506.05 504.55 508.4 
97 0.0 0.0 470.15 486.4 500.4 503.65 501.6 499.95 493.2 501.4 494.75 504.5 500.25 505.8 495.55 495.65 495.55 493.5 498.25 500.55 496.2 
98 0.0 0.0 384.05 503.05 504.8 506.4 501.55 502.3 502.4 490.05 504.0 500.95 492.95 502.55 496.8 502.75 489.8 497.15 489.9 498.05 507.2 
99 0.0 0.0 267.55 495.05 498.05 488.9 497.0 494.45 499.7 498.45 501.25 499.2 496.35 492.85 498.15 495.9 506.95 502.8 497.65 496.5 490.95 
100 0.0 0.0 218.35 501.35 499.15 506.05 499.45 501.65 491.55 499.45 503.5 501.85 500.45 494.75 497.85 494.75 497.0 498.8 495.25 495.8 490.85 
101 0.0 0.0 129.2 502.7 491.85 498.1 501.35 499.65 500.9 493.7 503.75 502.35 496.8 492.65 497.05 499.05 500.7 501.0 504.15 502.85 495.35 
102 0.0 0.0 66.95 509.2 505.85 497.1 499.3 512.15 495.8 507.9 492.3 489.4 499.2 503.0 501.85 499.8 502.3 500.2 498.95 493.4 491.9 
103 0.0 0.0 28.85 496.25 507.35 502.95 493.35 495.85 498.5 502.55 495.0 494.8 488.7 500.85 505.75 496.2 502.75 510.35 495.25 492.15 497.55 
104 0.0 0.0 4.9 506.55 502.85 498.1 507.95 492.2 498.85 498.65 501.5 502.4 492.45 500.4 494.4 506.35 505.6 489.95 487.95 496.7 495.1 
105 0.0 0.0 0.2 505.5 500.05 509.0 497.4 500.7 496.5 493.2 503.6 491.3 502.4 496.5 497.7 489.4 495.6 496.25 500.95 493.6 505.25 
106 0.0 0.0 0.0 500.1 504.6 502.1 507.35 498.3 504.35 503.25 503.8 503.8 504.85 501.55 493.05 500.95 494.7 503.15 494.2 497.55 502.1 
107 0.0 0.0 0.0 496.6 500.85 508.5 497.7 507.2 496.0 491.4 500.85 506.3 509.05 491.75 493.5 501.2 500.85 492.05 498.4 507.85 496.2 
108 0.0 0.0 0.0 499.55 495.2 489.15 492.75 497.3 502.7 505.75 492.95 504.4 503.4 510.3 498.25 494.55 501.15 506.2 500.7 500.7 491.75 
109 0.0 0.0 0.0 499.65 496.65 501.9 507.95 501.05 502.25 497.5 500.8 499.1 499.7 502.05 501.1 493.9 497.25 493.7 505.3 503.65 499.65 
110 0.0 0.0 0.0 500.3 492.75 485.15 492.1 505.3 504.8 496.25 496.7 502.45 498.15 504.25 502.65 500.65 498.4 503.65 498.55 496.7 492.5 
111 0.0 0.0 0.0 501.25 499.2 505.7 504.0 505.25 494.7 505.35 502.35 499.1 502.55 496.0 508.45 504.5 492.3 497.45 500.8 489.0 502.5 
112 0.0 0.0 0.0 494.55 501.1 503.45 507.25 499.75 505.35 506.65 504.75 499.1 498.0 488.3 499.35 504.2 501.5 502.35 505.65 493.5 505.35 
113 0.0 0.0 0.0 497.5 503.55 490.0 504.5 503.95 499.75 501.45 490.7 500.65 494.0 506.55 497.4 501.35 497.4 497.8 500.45 507.75 512.9 
114 0.0 0.0 0.0 501.85 502.15 505.85 499.2 491.5 500.8 501.3 498.7 489.45 506.6 505.1 501.05 500.0 495.2 496.95 500.9 508.05 501.25 
115 0.0 0.0 0.0 504.5 507.8 503.65 491.5 498.7 490.85 506.6 496.25 499.1 490.65 501.35 492.6 496.2 502.35 502.75 504.6 502.7 513.35 
116 0.0 0.0 0.0 502.55 493.0 495.0 501.8 490.35 497.3 490.6 493.5 496.1 494.9 492.2 500.9 501.7 501.8 501.3 500.7 505.35 494.4 
117 0.0 0.0 0.0 505.35 492.2 507.3 502.8 497.95 503.35 489.6 505.05 500.5 502.9 492.75 493.95 503.85 505.05 502.25 501.0 504.2 501.65 
118 0.0 0.0 0.0 501.5 504.35 498.85 502.7 496.7 495.75 508.0 502.6 507.9 501.45 502.5 506.6 500.0 498.75 501.15 499.85 502.25 500.7 
119 0.0 0.0 0.0 490.85 501.35 492.9 496.4 498.6 506.3 496.6 501.4 498.1 505.35 499.6 500.95 504.9 500.25 502.55 503.8 506.3 505.4 
120 0.0 0.0 0.0 497.65 509.55 499.15 487.8 497.4 497.45 502.9 498.8 500.75 506.8 505.6 505.65 502.2 504.05 498.35 506.35 500.3 506.05 
121 0.0 0.0 0.0 502.95 498.75 506.5 504.05 507.35 487.8 500.95 497.8 503.8 498.0 513.65 507.2 500.15 501.8 501.3 501.75 504.15 494.4 
122 0.0 0.0 0.0 489.45 502.75 505.6 500.55 492.15 498.8 500.05 503.0 499.8 505.65 502.2 502.3 509.65 496.7 500.65 506.9 497.15 504.2 
123 0.0 0.0 0.0 502.8 495.85 497.35 504.1 498.6 504.4 498.2 505.25 502.3 504.3 503.5 500.2 497.45 505.65 507.65 499.4 502.55 491.6 
124 0.0 0.0 0.0 511.1 491.65 495.65 506.0 511.0 503.9 507.4 512.9 502.6 495.8 493.05 504.2 505.85 502.25 496.25 497.75 498.55 495.05 
125 0.0 0.0 0.0 507.55 505.35 501.7 496.85 503.75 508.55 498.05 502.35 504.25 497.05 494.25 503.55 502.3 503.4 509.95 496.95 500.1 508.1 
126 0.0 0.0 0.0 495.3 504.7 500.3 503.9 495.25 506.1 496.0 498.15 504.7 501.5 505.6 504.05 505.6 518.4 503.0 512.0 501.5 493.5 
127 0.0 0.0 0.0 493.45 496.85 504.3 494.55 501.6 491.65 504.3 496.1 499.05 500.65 494.3 500.15 494.35 502.8 494.1 496.1 494.2 501.4 
128 0.0 0.0 0.0 509.7 500.35 485.05 503.05 503.0 495.45 498.1 502.4 502.9 502.45 498.2 507.8 496.5 495.5 500.05 501.2 508.35 503.5 
129 0.0 0.0 0.0 490.8 497.8 510.35 505.9 509.4 496.8 500.2 503.9 494.7 504.0 504.25 494.0 503.1 501.8 500.15 495.8 494.15 502.4 
130 0.0 0.0 0.0 504.85 500.65 488.8 502.8 494.8 507.4 507.55 507.2 505.8 499.65 498.85 496.0 505.55 500.65 494.45 495.4 500.3 506.95 
131 0.0 0.0 0.0 504.45 495.85 503.8 494.3 496.25 504.4 497.35 494.35 490.9 496.3 495.4 482.45 494.2 499.2 499.15 495.05 494.25 505.7 
132 0.0 0.0 0.0 503.1 497.8 506.8 500.85 504.95 499.95 489.2 491.65 500.85 499.5 500.1 499.75 491.8 490.3 493.65 496.9 497.85 496.95 
133 0.0 0.0 0.0 497.0 502.5 505.5 498.05 503.8 507.05 503.75 499.95 497.0 495.2 500.9 494.2 496.45 496.0 495.85 498.15 509.35 492.2 
134 0.0 0.0 0.0 490.45 498.6 492.3 490.6 501.25 501.4 508.4 495.3 501.65 499.2 497.85 498.95 501.45 494.55 508.85 499.15 510.25 501.5 
135 0.0 0.0 0.0 493.15 499.45 493.55 504.2 499.65 497.55 501.1 505.55 491.05 494.0 499.9 499.4 496.75 501.3 515.2 500.7 505.65 500.5 
136 0.0 0.0 0.0 504.0 501.85 497.4 497.05 492.95 499.5 502.85 495.55 496.6 505.35 505.55 503.9 499.65 508.3 500.4 500.05 500.45 499.85 
137 0.0 0.0 0.0 501.05 497.45 503.8 504.45 500.0 495.2 501.7 503.6 508.05 497.1 507.45 506.0 500.8 500.35 495.85 501.8 498.55 505.15 
138 0.0 0.0 0.0 489.65 499.0 500.75 497.2 496.7 500.1 497.05 501.05 506.5 510.6 490.9 510.2 506.2 500.45 499.5 508.25 503.7 498.1 
139 0.0 0.0 0.0 506.65 499.35 503.4 497.15 504.2 505.65 505.15 502.45 493.9 492.65 500.1 498.25 489.8 491.05 505.65 505.1 490.7 502.6 
140 0.0 0.0 0.0 506.65 490.6 499.05 499.6 495.95 494.45 501.4 492.0 492.7 498.4 495.55 496.95 498.95 501.3 499.35 503.9 500.55 495.95 
141 0.0 0.0 0.0 492.6 508.8 491.2 496.6 501.75 503.2 506.3 499.7 500.65 490.35 508.2 499.05 507.8 495.5 493.3 501.2 496.5 503.9 
142 0.0 0.0 0.0 500.45 508.65 502.05 499.25 502.25 500.5 496.25 502.3 502.55 509.55 497.3 499.1 501.3 508.2 504.05 504.3 500.0 503.3 
143 0.0 0.0 0.0 503.65 502.65 498.3 504.95 501.25 503.95 493.55 499.15 506.15 495.8 497.6 503.6 498.05 503.4 501.4 502.05 495.15 493.55 
144 0.0 0.0 0.0 505.25 502.05 504.7 501.75 508.8 499.35 495.45 498.95 504.3 505.65 507.2 506.35 502.45 492.35 493.1 497.3 510.4 511.05 
145 0.0 0.0 0.0 485.45 500.5 501.85 501.75 500.05 501.7 502.6 503.6 501.6 503.2 498.95 494.55 503.15 503.65 506.2 500.45 506.15 496.25 
146 0.0 0.0 0.0 429.85 507.6 505.7 504.5 507.95 497.75 507.5 505.3 502.15 515.3 502.6 513.35 507.1 497.35 497.25 502.45 494.75 511.45 
147 0.0 0.0 0.0 430.65 500.35 501.15 499.6 502.6 497.4 499.25 503.95 504.15 494.15 503.0 496.6 497.3 505.2 500.95 492.3 503.15 496.7 
148 0.0 0.0 0.0 313.25 495.15 508.85 502.85 497.8 495.3 500.0 500.45 498.45 501.15 505.1 499.25 499.95 494.25 502.75 501.65 502.35 498.5 
149 0.0 0.0 0.0 205.8 496.0 493.8 500.9 487.1 514.15 503.0 493.85 490.65 501.55 502.15 504.35 496.35 504.25 495.35 493.5 500.15 497.8 
150 0.0 0.0 0.0 163.65 495.8 499.75 496.75 499.6 503.45 495.45 498.35 500.05 494.55 497.65 504.05 492.15 504.5 501.65 503.9 497.15 491.65 
151 0.0 0.0 0.0 131.25 489.95 497.75 497.9 504.05 493.65 493.85 507.35 507.05 500.8 498.85 495.6 497.85 500.4 496.65 498.55 492.45 499.05 
152 0.0 0.0 0.0 114.2 501.15 496.15 500.65 500.15 507.8 507.3 500.05 494.3 503.65 503.2 496.35 494.45 502.2 502.55 499.6 499.8 498.65 
153 0.0 0.0 0.0 81.9 504.35 498.55 500.2 493.2 501.7 497.65 498.6 506.75 498.15 499.9 498.9 506.0 502.5 507.45 505.95 502.0 497.4 
154 0.0 0.0 0.0 55.95 497.3 500.85 509.05 503.95 501.85 505.85 497.6 501.65 507.6 499.55 499.9 507.95 499.6 503.45 504.8 498.85 503.65 
155 0.0 0.0 0.0 33.65 497.95 500.75 499.2 501.9 496.8 504.3 498.4 499.9 495.8 499.6 502.6 508.7 508.55 514.35 497.65 498.9 508.5 
156 0.0 0.0 0.0 5.7 510.25 506.8 501.8 506.5 496.0 515.0 509.4 504.35 505.25 497.5 493.8 494.8 496.35 493.9 497.65 502.4 502.0 
157 0.0 0.0 0.0 0.55 491.4 501.7 494.65 494.75 506.7 493.4 500.2 491.3 508.2 506.85 506.85 505.85 504.55 498.8 505.0 502.7 496.7 
158 0.0 0.0 0.0 0.0 498.05 498.15 490.2 492.85 502.8 492.1 502.3 499.35 497.3 497.3 501.75 502.5 499.25 503.95 502.2 497.45 499.0 
159 0.0 0.0 0.0 0.0 500.45 497.6 501.95 497.7 498.1 502.95 503.6 501.05 496.15 507.45 497.45 502.6 508.2 491.7 494.25 499.35 502.75 
160 0.0 0.0 0.0 0.0 506.65 499.65 498.85 495.95 492.8 495.4 505.4 502.3 506.3 502.25 505.25 506.75 497.6 500.4 495.55 502.4 498.05 
161 0.0 0.0 0.0 0.0 507.4 499.1 498.15 501.4 494.6 495.6 493.15 504.3 496.8 503.15 505.4 498.15 495.0 502.9 504.15 498.5 498.55 
162 0.0 0.0 0.0 0.0 496.85 489.4 491.8 499.6 486.45 495.65 495.35 502.65 495.3 495.15 499.2 500.05 490.7 505.4 496.55 497.5 504.9 
163 0.0 0.0 0.0 0.0 493.45 498.0 506.25 495.5 506.65 497.8 494.8 507.2 496.1 494.0 497.05 500.65 497.8 488.55 499.6 500.95 501.15 
164 0.0 0.0 0.0 0.0 495.15 502.85 499.05 493.55 504.35 493.1 497.85 495.55 496.8 500.65 488.75 507.45 499.6 494.1 498.85 500.25 488.3 
165 0.0 0.0 0.0 0.0 498.95 500.25 492.25 503.05 498.55 499.8 499.75 494.8 499.85 493.35 497.35 496.6 502.4 498.45 503.4 504.5 493.9 
166 0.0 0.0 0.0 0.0 498.75 503.1 502.25 499.6 493.9 509.45 503.1 492.25 491.05 495.45 495.8 496.05 500.95 505.15 493.2 498.1 494.8 
167 0.0 0.0 0.0 0.0 504.65 497.2 498.8 503.3 505.05 496.8 495.9 488.6 497.75 503.3 502.0 491.6 500.4 489.85 494.2 499.55 499.55 
168 0.0 0.0 0.0 0.0 503.8 502.9 500.1 503.1 495.25 499.85 500.55 509.4 499.6 500.1 498.05 504.25 499.75 494.55 495.65 489.0 491.25 
169 0.0 0.0 0.0 0.0 500.1 496.35 501.7 507.85 502.45 496.8 493.15 495.0 495.05 494.3 500.85 490.15 493.95 502.95 497.45 500.95 506.3 
170 0.0 0.0 0.0 0.0 505.05 503.25 500.05 498.3 505.5 501.35 495.15 503.3 499.65 495.2 495.0 492.65 496.35 507.4 492.2 493.75 493.9 
171 0.0 0.0 0.0 0.0 496.05 500.05 497.85 501.25 502.6 507.65 514.0 502.75 509.3 513.05 508.65 500.0 486.2 498.25 497.45 501.85 496.45 
172 0.0 0.0 0.0 0.0 501.75 493.65 499.0 499.1 496.55 495.25 494.1 492.9 500.9 497.6 497.65 499.35 504.85 489.85 495.15 486.7 504.7 
173 0.0 0.0 0.0 0.0 488.7 504.45 499.15 500.8 501.5 502.8 499.2 506.2 501.55 498.7 501.95 497.1 508.6 502.35 513.05 507.95 501.85 
174 0.0 0.0 0.0 0.0 504.95 502.45 514.3 493.4 493.7 496.95 499.95 506.1 501.85 499.1 498.85 509.25 496.1 499.4 503.5 498.6 498.3 
175 0.0 0.0 0.0 0.0 499.8 498.7 501.9 500.55 498.55 504.6 505.25 498.75 508.25 507.3 497.2 501.45 503.15 499.0 501.0 510.9 505.35 
176 0.0 0.0 0.0 0.0 505.8 502.8 496.25 502.35 498.35 491.5 496.7 499.3 499.05 507.85 499.9 495.9 507.95 504.6 500.75 497.4 498.7 
177 0.0 0.0 0.0 0.0 500.95 501.2 501.5 507.8 508.1 497.0 491.05 507.9 505.0 503.65 494.3 498.3 500.5 500.0 505.1 501.8 505.8 
178 0.0 0.0 0.0 0.0 502.5 501.1 497.5 498.05 493.6 501.75 501.9 490.1 498.4 495.3 509.65 505.75 499.25 497.15 498.1 500.95 499.35 
179 0.0 0.0 0.0 0.0 501.8 495.1 493.0 496.6 502.15 505.9 497.4 496.2 498.25 496.15 490.4 497.45 499.3 499.35 497.9 499.8 500.2 
180 0.0 0.0 0.0 0.0 507.55 503.6 508.0 498.7 497.6 498.05 499.9 500.35 499.1 497.4 508.85 498.75 494.1 503.95 495.15 500.95 507.35 
181 0.0 0.0 0.0 0.0 489.75 492.35 498.65 505.35 503.55 499.1 506.75 501.55 492.85 493.85 504.7 500.45 500.4 499.6 501.05 505.0 495.75 
182 0.0 0.0 0.0 0.0 489.9 494.5 504.85 510.3 499.65 505.3 496.95 502.55 492.45 495.35 500.65 500.25 505.8 498.85 503.0 498.75 505.4 
183 0.0 0.0 0.0 0.0 505.5 502.75 503.3 498.1 505.65 503.3 506.9 491.15 492.35 504.55 494.1 492.2 495.95 502.8 510.0 495.1 493.75 
184 0.0 0.0 0.0 0.0 506.9 498.5 503.05 492.3 492.55 496.0 496.05 499.9 507.2 497.9 496.35 502.65 494.8 498.4 503.2 502.4 500.15 
185 0.0 0.0 0.0 0.0 502.3 506.6 496.6 492.65 498.65 498.35 499.5 506.0 503.05 499.5 498.2 503.65 499.85 499.85 505.1 504.3 500.15 
186 0.0 0.0 0.0 0.0 491.75 501.15 503.55 502.2 494.4 493.6 498.2 490.0 497.15 500.1 500.4 492.15 503.9 506.9 498.85 502.65 492.4 
187 0.0 0.0 0.0 0.0 499.7 507.7 497.4 497.05 498.0 488.9 487.4 496.15 501.75 498.8 504.0 499.7 499.1 501.9 497.75 493.6 506.65 
188 0.0 0.0 0.0 0.0 499.45 499.55 497.8 498.15 494.75 492.75 501.1 503.65 492.75 499.2 501.0 499.25 508.25 493.9 498.7 502.4 503.9 
189 0.0 0.0 0.0 0.0 496.0 498.15 495.35 500.05 504.9 506.5 505.5 502.75 493.35 501.3 495.9 507.9 492.2 497.85 491.3 492.8 494.1 
190 0.0 0.0 0.0 0.0 506.05 500.9 497.6 502.9 503.75 505.55 501.3 500.75 500.95 497.9 495.55 498.0 496.6 503.1 485.8 497.6 498.45 
191 0.0 0.0 0.0 0.0 502.7 505.0 499.1 500.5 497.3 494.8 505.9 507.25 512.5 501.75 502.4 498.35 496.55 504.6 494.8 494.25 496.45 
192 0.0 0.0 0.0 0.0 492.5 496.6 498.8 494.95 501.8 508.1 502.6 509.95 498.6 497.75 504.45 498.7 500.3 492.05 500.45 494.8 498.4 
193 0.0 0.0 0.0 0.0 508.15 500.9 499.1 498.3 503.5 504.7 512.2 495.75 500.4 503.8 507.7 502.55 500.75 496.45 510.0 504.4 502.95 
194 0.0 0.0 0.0 0.0 485.65 504.0 501.6 494.25 492.9 510.7 500.35 503.6 501.3 503.55 498.65 503.1 501.2 502.1 502.05 500.0 504.7 
195 0.0 0.0 0.0 0.0 451.5 500.0 497.8 498.15 507.25 499.2 500.55 502.95 507.6 496.75 504.5 506.0 504.35 502.9 497.45 502.8 503.95 
196 0.0 0.0 0.0 0.0 427.1 497.05 506.45 508.0 496.2 501.95 493.75 501.6 501.15 502.9 494.4 494.35 501.2 494.65 500.55 500.55 492.4 
197 0.0 0.0 0.0 0.0 381.6 501.0 508.9 501.2 514.05 501.8 506.8 498.6 498.9 503.55 498.55 503.1 495.75 499.45 501.4 514.4 502.1 
198 0.0 0.0 0.0 0.0 345.1 496.5 490.35 504.65 502.75 500.9 490.0 501.4 501.0 498.35 502.1 499.85 499.6 511.15 506.1 495.75 513.95 
199 0.0 0.0 0.0 0.0 238.9 493.85 503.2 498.85 498.75 493.5 503.1 500.5 502.6 500.1 499.9 502.15 503.85 502.7 495.85 494.15 499.95 
200 0.0 0.0 0.0 0.0 164.0 492.55 498.1 512.5 502.55 500.85 501.45 493.6 492.7 500.35 505.2 499.05 501.1 498.55 492.45 496.05 491.6 
201 0.0 0.0 0.0 0.0 151.75 509.3 503.5 504.65 500.6 489.95 495.1 497.45 500.35 507.8 504.65 499.3 492.45 492.45 508.2 496.0 494.0 
202 0.0 0.0 0.0 0.0 142.15 503.35 492.5 498.15 495.05 501.85 500.7 499.55 500.9 491.3 502.85 497.45 500.65 496.5 505.4 492.3 497.85 
203 0.0 0.0 0.0 0.0 116.25 493.1 508.45 500.65 498.75 497.15 483.8 506.75 498.8 496.8 490.3 495.2 501.85 499.7 501.35 501.7 501.05 
204 0.0 0.0 0.0 0.0 80.15 507.75 504.0 498.15 508.7 504.55 506.3 488.95 502.2 496.85 502.3 504.65 505.2 493.95 497.65 504.4 497.65 
205 0.0 0.0 0.0 0.0 40.8 494.5 500.65 496.4 490.25 500.4 501.7 495.4 498.5 500.25 488.3 500.3 501.25 504.05 498.45 496.55 506.7 
206 0.0 0.0 0.0 0.0 6.55 500.7 497.75 496.75 497.25 494.55 504.3 499.35 501.3 498.7 500.0 501.1 505.85 507.0 502.35 504.45 498.0 
207 0.0 0.0 0.0 0.0 0.4 505.75 504.55 495.25 497.35 503.7 507.05 504.45 491.0 497.7 504.95 496.75 494.2 506.05 496.9 501.65 503.2 
208 0.0 0.0 0.0 0.0 0.0 506.8 507.95 509.9 494.35 508.85 500.45 501.6 507.0 498.85 496.45 499.25 493.45 496.1 505.8 507.8 500.7 
209 0.0 0.0 0.0 0.0 0.0 495.55 498.75 493.8 505.75 491.85 496.95 500.65 498.65 506.55 506.6 509.65 505.55 500.75 511.0 503.0 496.8 
210 0.0 0.0 0.0 0.0 0.0 500.45 495.75 497.45 503.35 490.85 491.45 506.55 510.55 500.8 494.95 503.1 507.4 502.25 492.2 506.1 504.0 
211 0.0 0.0 0.0 0.0 0.0 501.85 498.85 498.85 502.4 497.15 499.2 499.2 492.45 492.75 497.3 497.55 501.75 503.65 503.0 494.75 498.0 
212 0.0 0.0 0.0 0.0 0.0 494.2 494.55 497.75 495.5 495.25 501.05 497.45 496.05 496.25 496.35 498.9 493.05 495.5 493.75 504.75 497.95 
213 0.0 0.0 0.0 0.0 0.0 499.75 496.7 495.25 501.6 504.75 493.15 483.6 497.65 504.0 499.95 495.75 498.25 502.05 505.2 501.3 505.3 
214 0.0 0.0 0.0 0.0 0.0 497.15 501.25 501.9 499.2 505.95 496.85 498.1 488.45 503.95 506.65 499.1 498.3 493.3 497.0 499.75 493.25 
215 0.0 0.0 0.0 0.0 0.0 503.05 494.05 499.9 490.75 497.75 500.95 495.65 497.4 497.8 500.0 496.4 499.2 493.15 501.2 493.25 501.45 
216 0.0 0.0 0.0 0.0 0.0 497.2 495.4 501.4 499.75 502.0 503.3 504.35 501.8 502.8 502.55 500.45 495.35 500.05 495.15 493.25 500.35 
217 0.0 0.0 0.0 0.0 0.0 490.85 508.7 499.65 495.95 499.8 501.55 499.55 499.2 504.7 502.85 501.6 505.95 500.2 499.7 509.2 505.4 
218 0.0 0.0 0.0 0.0 0.0 504.6 506.6 492.25 503.0 500.8 498.55 496.45 502.75 494.95 497.5 503.5 499.1 504.55 498.65 492.05 500.1 
219 0.0 0.0 0.0 0.0 0.0 501.95 484.35 492.3 509.15 489.5 501.35 507.7 504.1 496.75 498.5 493.35 495.55 499.3 497.75 497.85 497.7 
220 0.0 0.0 0.0 0.0 0.0 507.55 504.65 504.4 496.85 499.65 489.4 502.85 501.85 497.15 500.6 504.2 508.1 505.15 495.05 497.25 498.0 
221 0.0 0.0 0.0 0.0 0.0 493.4 499.0 498.45 486.45 501.85 496.9 503.4 501.2 499.65 499.0 494.1 505.65 496.25 508.5 510.55 502.55 
222 0.0 0.0 0.0 0.0 0.0 503.55 487.0 494.15 495.45 497.4 501.7 493.9 489.95 497.55 495.75 496.45 501.25 501.35 502.8 493.45 496.25 
223 0.0 0.0 0.0 0.0 0.0 493.8 498.25 504.65 504.75 500.15 503.2 494.4 495.25 495.35 499.25 499.7 497.15 500.35 499.15 497.85 496.15 
224 0.0 0.0 0.0 0.0 0.0 502.85 494.75 495.0 504.35 494.85 494.8 498.1 495.95 495.2 493.95 502.1 496.55 494.6 495.9 500.45 498.85 
225 0.0 0.0 0.0 0.0 0.0 498.5 496.9 505.4 497.95 497.6 497.6 499.2 495.6 493.35 490.05 496.4 502.25 497.55 489.35 502.95 494.0 
226 0.0 0.0 0.0 0.0 0.0 504.35 507.65 490.6 497.25 498.05 505.85 497.35 504.3 507.35 502.6 498.8 496.25 497.4 497.4 500.05 506.55 
227 0.0 0.0 0.0 0.0 0.0 492.4 508.85 500.45 499.75 503.55 489.55 502.6 505.0 501.25 504.95 507.0 493.25 493.0 496.2 499.3 497.5 
228 0.0 0.0 0.0 0.0 0.0 508.2 500.7 503.5 498.15 509.3 503.2 503.2 501.1 499.7 505.75 498.25 494.05 508.1 502.1 500.6 503.15 
229 0.0 0.0 0.0 0.0 0.0 495.95 504.75 503.3 506.6 500.95 496.25 495.3 495.65 499.75 497.55 501.1 504.55 494.1 504.5 500.55 501.5 
230 0.0 0.0 0.0 0.0 0.0 498.15 500.75 501.95 496.0 499.2 504.7 493.2 501.75 504.0 500.65 505.8 502.9 501.75 504.75 500.9 501.15 
231 0.0 0.0 0.0 0.0 0.0 508.8 505.75 508.2 506.25 501.6 513.35 505.3 504.0 503.95 507.95 499.7 502.25 509.15 499.9 493.7 505.05 
232 0.0 0.0 0.0 0.0 0.0 494.55 500.9 504.45 505.85 505.35 506.4 510.0 502.8 498.45 501.2 496.1 503.3 494.6 493.9 498.2 496.85 
233 0.0 0.0 0.0 0.0 0.0 504.2 504.7 503.0 495.55 500.4 499.0 505.5 498.75 500.05 497.95 505.6 494.65 504.55 502.0 512.3 499.55 
234 0.0 0.0 0.0 0.0 0.0 501.1 493.7 507.7 501.35 505.55 496.45 504.4 503.6 504.55 496.85 494.2 496.55 505.95 505.15 496.2 504.45 
235 0.0 0.0 0.0 0.0 0.0 504.25 497.85 503.2 501.9 500.65 505.8 506.1 507.2 495.3 494.4 489.25 496.65 502.65 506.6 496.55 506.3 
236 0.0 0.0 0.0 0.0 0.0 489.95 499.55 499.85 510.55 505.0 509.2 490.25 499.45 501.6 503.05 505.05 503.6 496.4 503.4 501.85 489.35 
237 0.0 0.0 0.0 0.0 0.0 501.65 498.95 504.05 508.65 503.45 502.05 504.85 510.65 503.65 498.05 494.4 493.7 493.95 500.5 508.65 503.9 
238 0.0 0.0 0.0 0.0 0.0 498.6 504.8 496.75 492.85 505.15 493.35 495.4 488.3 490.4 499.1 507.05 499.6 502.0 498.75 500.8 509.85 
239 0.0 0.0 0.0 0.0 0.0 497.95 497.2 493.7 499.9 495.9 504.2 499.55 500.8 497.05 495.9 500.45 501.25 499.25 498.55 498.1 492.75 
240 0.0 0.0 0.0 0.0 0.0 499.9 506.35 497.5 496.15 495.2 501.8 500.1 504.05 498.4 494.2 500.9 511.3 498.25 497.25 501.55 502.5 
241 0.0 0.0 0.0 0.0 0.0 502.1 498.2 495.25 498.55 494.85 503.3 504.35 501.2 497.9 500.75 498.35 499.6 499.95 500.9 495.3 500.9 
242 0.0 0.0 0.0 0.0 0.0 502.05 495.55 499.65 501.65 500.65 493.15 495.5 491.7 507.6 504.8 500.8 496.3 508.25 495.85 501.7 495.6 
243 0.0 0.0 0.0 0.0 0.0 505.45 502.7 507.1 495.0 499.1 499.95 506.45 505.55 507.8 501.25 498.4 503.95 497.5 489.9 496.5 499.25 
244 0.0 0.0 0.0 0.0 0.0 479.7 502.1 503.05 494.65 506.4 495.1 503.9 502.3 505.25 505.4 498.45 506.45 496.45 504.9 489.3 499.35 
245 0.0 0.0 0.0 0.0 0.0 449.1 493.5 501.0 514.35 490.7 506.55 499.65 504.75 502.65 509.6 509.65 490.45 499.2 500.75 492.2 495.05 
246 0.0 0.0 0.0 0.0 0.0 404.95 500.05 501.5 502.8 501.6 498.25 492.1 505.5 500.3 501.35 499.55 497.4 499.55 499.3 504.1 508.9 
247 0.0 0.0 0.0 0.0 0.0 377.7 504.2 496.85 507.25 498.05 510.05 506.6 498.2 498.2 498.15 496.2 501.5 501.35 503.7 500.6 492.15 
248 0.0 0.0 0.0 0.0 0.0 278.3 494.3 493.7 503.0 503.85 502.4 503.4 498.0 502.8 494.85 505.1 498.85 502.75 503.05 504.5 495.85 
249 0.0 0.0 0.0 0.0 0.0 204.2 505.75 501.15 495.75 513.5 506.35 500.7 502.2 499.1 501.3 491.9 501.4 499.85 498.2 503.65 499.05 
250 0.0 0.0 0.0 0.0 0.0 175.85 504.45 497.5 497.8 497.65 491.35 510.6 505.45 496.05 500.65 497.25 502.1 494.75 504.5 500.15 504.05 
251 0.0 0.0 0.0 0.0 0.0 174.3 495.4 507.3 498.0 499.15 505.75 505.3 496.45 499.4 500.1 507.25 501.45 494.6 504.0 501.1 504.75 
252 0.0 0.0 0.0 0.0 0.0 175.75 496.0 504.15 496.45 493.65 496.55 490.25 493.8 501.75 505.65 502.3 494.5 502.65 492.7 495.35 494.5 
253 0.0 0.0 0.0 0.0 0.0 112.7 505.3 494.65 493.95 500.05 501.45 507.5 497.8 513.05 500.95 498.55 497.25 506.65 499.85 501.15 496.05 
254 0.0 0.0 0.0 0.0 0.0 62.85 493.05 498.5 493.55 496.65 492.95 507.75 499.25 501.55 499.8 502.8 493.65 500.65 497.4 503.6 502.35 
255 0.0 0.0 0.0 0.0 0.0 31.05 507.35 495.1 498.5 500.7 501.7 491.5 497.4 496.25 494.95 507.9 505.9 502.8 500.05 499.05 495.05 
256 0.0 0.0 0.0 0.0 0.0 7.65 501.3 501.45 497.65 498.25 497.3 491.7 510.5 494.8 498.85 498.55 500.25 492.1 495.5 499.2 495.5 
257 0.0 0.0 0.0 0.0 0.0 0.4 489.75 496.9 506.75 501.5 494.55 494.25 491.6 495.55 507.05 497.2 500.75 497.4 503.6 499.95 501.2 
258 0.0 0.0 0.0 0.0 0.0 0.0 500.45 498.3 505.15 497.65 498.0 492.15 494.85 502.0 497.0 492.55 494.15 500.75 498.8 497.85 495.55 
259 0.0 0.0 0.0 0.0 0.0 0.0 501.75 497.9 495.9 500.75 503.25 501.25 501.7 493.15 501.65 502.0 506.6 498.3 504.95 495.85 500.45 
260 0.0 0.0 0.0 0.0 0.0 0.0 506.15 500.85 502.85 494.1 501.65 495.05 504.3 497.45 499.4 500.3 498.05 505.55 500.35 507.45 502.35 
261 0.0 0.0 0.0 0.0 0.0 0.0 491.15 507.2 498.65 500.05 495.05 503.6 498.5 508.85 491.45 502.35 504.45 504.45 492.5 502.75 502.45 
262 0.0 0.0 0.0 0.0 0.0 0.0 507.5 499.45 499.0 499.5 494.25 495.5 492.85 499.8 495.8 500.75 500.7 498.5 505.2 497.65 495.2 
263 0.0 0.0 0.0 0.0 0.0 0.0 502.6 502.7 498.75 495.1 493.5 496.6 503.5 492.45 496.6 497.5 502.45 503.1 498.85 502.2 505.25 
264 0.0 0.0 0.0 0.0 0.0 0.0 502.35 495.9 497.2 502.1 499.9 504.55 496.2 496.95 502.1 497.9 495.55 489.1 500.55 495.15 502.5 
265 0.0 0.0 0.0 0.0 0.0 0.0 504.2 503.2 495.95 502.8 505.25 493.35 495.2 498.05 504.35 500.2 494.95 504.55 509.25 507.35 507.75 
266 0.0 0.0 0.0 0.0 0.0 0.0 499.05 503.8 502.4 494.1 498.4 503.4 500.85 499.15 499.25 497.85 498.4 502.1 499.15 496.55 495.65 
267 0.0 0.0 0.0 0.0 0.0 0.0 500.55 498.6 497.85 506.9 497.7 500.8 504.05 501.0 494.5 491.35 500.8 498.9 497.35 496.25 501.7 
268 0.0 0.0 0.0 0.0 0.0 0.0 502.35 503.05 496.45 498.25 486.4 491.05 506.7 495.5 500.55 503.8 506.65 491.8 500.1 506.5 501.95 
269 0.0 0.0 0.0 0.0 0.0 0.0 493.7 495.85 502.7 501.25 503.75 506.45 499.75 508.1 502.15 506.0 495.6 508.5 500.3 501.35 501.05 
270 0.0 0.0 0.0 0.0 0.0 0.0 489.1 494.25 506.2 504.0 513.85 499.6 507.3 503.75 516.9 510.2 499.85 502.9 497.4 503.9 505.6 
271 0.0 0.0 0.0 0.0 0.0 0.0 499.15 500.9 504.05 510.0 502.3 506.05 493.05 505.75 502.7 505.8 507.1 505.55 498.85 495.3 505.95 
272 0.0 0.0 0.0 0.0 0.0 0.0 506.9 500.3 507.65 505.3 499.6 505.85 499.95 501.2 504.55 495.55 503.0 497.7 505.75 504.7 498.3 
273 0.0 0.0 0.0 0.0 0.0 0.0 500.25 502.25 490.2 495.55 512.1 510.95 502.5 504.9 497.8 501.25 506.7 509.0 501.15 504.3 500.5 
274 0.0 0.0 0.0 0.0 0.0 0.0 500.15 499.55 496.15 503.85 506.25 497.65 505.85 498.6 501.1 504.9 505.2 500.65 499.3 493.5 500.7 
275 0.0 0.0 0.0 0.0 0.0 0.0 498.8 497.15 502.85 495.1 502.25 500.5 498.7 502.0 490.2 499.3 499.65 503.6 499.85 501.35 501.8 
276 0.0 0.0 0.0 0.0 0.0 0.0 500.15 506.6 501.6 495.7 495.45 499.75 491.2 500.25 497.2 505.15 500.65 493.6 503.55 497.25 509.4 
277 0.0 0.0 0.0 0.0 0.0 0.0 501.75 494.55 498.95 502.7 496.5 498.15 509.2 502.85 498.9 490.6 500.0 503.35 497.9 505.3 496.65 
278 0.0 0.0 0.0 0.0 0.0 0.0 500.45 496.4 502.7 499.8 501.1 493.65 501.9 496.95 502.2 500.3 496.6 506.65 502.95 500.95 496.2 
279 0.0 0.0 0.0 0.0 0.0 0.0 503.55 502.8 496.9 497.45 501.25 501.2 501.5 486.9 499.6 497.3 507.15 496.5 497.4 496.9 499.95 
280 0.0 0.0 0.0 0.0 0.0 0.0 491.9 504.25 498.15 498.0 496.4 501.05 498.3 499.6 502.7 502.15 499.0 504.45 498.7 509.3 500.4 
281 0.0 0.0 0.0 0.0 0.0 0.0 507.55 493.4 505.45 498.85 497.05 506.4 503.15 514.55 504.7 494.2 498.8 496.5 498.1 500.3 500.95 
282 0.0 0.0 0.0 0.0 0.0 0.0 500.7 503.45 499.35 500.8 498.6 502.25 493.55 504.5 499.35 508.25 496.4 495.55 506.1 491.0 494.9 
283 0.0 0.0 0.0 0.0 0.0 0.0 497.45 500.1 498.95 506.2 501.6 493.15 504.85 499.3 495.1 495.5 499.25 503.95 494.85 500.45 500.55 
284 0.0 0.0 0.0 0.0 0.0 0.0 499.15 497.7 501.05 502.25 500.65 496.45 506.4 497.75 501.95 489.3 503.7 491.3 506.3 500.95 500.65 
285 0.0 0.0 0.0 0.0 0.0 0.0 503.55 498.45 496.15 497.05 499.3 499.75 497.15 498.7 504.55 499.3 491.6 497.0 503.55 506.05 495.55 
286 0.0 0.0 0.0 0.0 0.0 0.0 497.35 502.35 504.1 494.1 497.4 504.45 500.6 498.6 494.95 505.35 496.95 501.5 503.4 506.05 502.1 
287 0.0 0.0 0.0 0.0 0.0 0.0 498.1 502.9 496.45 495.5 502.65 501.5 493.95 501.8 504.45 497.35 505.45 502.5 498.9 502.55 505.85 
288 0.0 0.0 0.0 0.0 0.0 0.0 502.3 504.85 497.25 492.25 498.4 506.05 497.35 496.75 501.7 489.95 500.15 504.95 502.05 495.45 503.85 
289 0.0 0.0 0.0 0.0 0.0 0.0 502.45 500.95 506.8 499.75 499.05 495.55 496.95 497.0 491.6 506.9 491.55 499.9 498.15 495.25 493.35 
290 0.0 0.0 0.0 0.0 0.0 0.0 499.2 491.5 495.8 500.8 499.95 492.15 507.3 506.2 500.45 498.0 499.75 502.8 495.2 506.45 494.1 
291 0.0 0.0 0.0 0.0 0.0 0.0 500.0 507.2 506.2 510.45 501.85 503.2 501.55 498.2 500.5 503.55 508.75 498.55 496.7 498.4 504.7 
292 0.0 0.0 0.0 0.0 0.0 0.0 500.65 506.5 504.45 504.65 497.1 497.5 501.0 496.8 504.65 503.6 494.1 497.6 504.85 497.65 505.35 
293 0.0 0.0 0.0 0.0 0.0 0.0 495.95 493.95 496.7 504.65 507.65 502.7 497.75 490.2 493.15 508.6 505.45 502.35 498.1 499.4 492.55 
294 0.0 0.0 0.0 0.0 0.0 0.0 472.65 504.2 511.4 493.3 500.45 505.55 495.75 506.45 513.3 498.9 500.85 494.4 495.0 491.7 488.6 
295 0.0 0.0 0.0 0.0 0.0 0.0 461.2 502.45 495.8 504.85 502.75 497.3 497.45 499.55 495.95 508.05 505.7 503.5 500.6 497.0 501.2 
296 0.0 0.0 0.0 0.0 0.0 0.0 413.75 505.95 495.95 500.8 490.65 487.05 504.25 497.15 499.25 495.85 502.3 494.5 498.45 500.35 501.5 
297 0.0 0.0 0.0 0.0 0.0 0.0 296.2 489.5 499.75 500.5 497.55 508.95 496.85 503.8 499.8 493.25 504.75 513.15 500.65 500.1 501.2 
298 0.0 0.0 0.0 0.0 0.0 0.0 239.65 498.05 490.55 493.4 498.5 497.25 499.4 502.0 502.6 506.7 498.8 492.6 500.65 498.8 504.55 
299 0.0 0.0 0.0 0.0 0.0 0.0 223.1 499.75 495.0 495.05 508.95 507.2 497.9 494.0 496.65 499.65 494.8 499.35 502.7 495.75 504.2 
300 0.0 0.0 0.0 0.0 0.0 0.0 217.65 489.0 500.65 500.95 499.4 491.6 506.3 505.1 496.7 490.35 495.5 499.3 501.7 490.15 491.4 
301 0.0 0.0 0.0 0.0 0.0 0.0 183.75 496.85 496.05 488.0 496.4 494.05 499.0 499.95 494.6 499.95 499.55 501.25 498.1 498.55 490.6 
302 0.0 0.0 0.0 0.0 0.0 0.0 166.7 500.1 491.65 510.1 497.45 499.25 498.45 499.7 503.25 502.7 500.65 498.9 499.55 510.35 496.6 
303 0.0 0.0 0.0 0.0 0.0 0.0 130.1 496.1 506.85 492.25 495.1 502.6 504.1 501.25 507.6 509.1 506.1 498.3 498.0 500.85 498.45 
304 0.0 0.0 0.0 0.0 0.0 0.0 113.1 510.95 499.0 507.3 501.55 499.9 501.1 503.35 508.8 496.35 496.35 492.85 499.8 493.95 498.45 
305 0.0 0.0 0.0 0.0 0.0 0.0 55.75 494.75 493.75 495.35 500.5 502.15 496.35 498.75 496.8 497.25 494.75 502.4 500.2 494.55 502.4 
306 0.0 0.0 0.0 0.0 0.0 0.0 21.9 503.3 507.8 495.85 501.7 494.9 505.25 510.8 508.25 506.65 495.55 503.45 502.55 502.55 497.7 
307 0.0 0.0 0.0 0.0 0.0 0.0 2.7 502.35 501.4 501.9 501.05 506.85 507.5 505.9 501.1 498.05 503.85 496.9 501.25 504.3 506.05 
308 0.0 0.0 0.0 0.0 0.0 0.0 0.05 497.95 495.55 505.3 502.25 497.7 496.75 502.1 497.55 501.1 509.85 505.6 503.2 501.65 503.9 
309 0.0 0.0 0.0 0.0 0.0 0.0 0.0 503.35 506.9 504.85 503.65 509.75 506.4 491.5 494.0 497.7 499.3 497.05 498.25 503.65 499.5 
310 0.0 0.0 0.0 0.0 0.0 0.0 0.0 493.0 500.15 499.35 503.9 508.5 493.5 504.85 495.95 507.5 490.95 496.3 494.35 500.15 503.9 
311 0.0 0.0 0.0 0.0 0.0 0.0 0.0 502.85 505.35 502.2 497.6 493.75 497.5 491.05 500.6 505.6 507.2 504.8 500.35 506.4 500.8 
312 0.0 0.0 0.0 0.0 0.0 0.0 0.0 509.0 514.75 501.4 499.5 504.55 499.9 497.35 504.4 502.6 506.15 504.0 496.1 494.15 494.5 
313 0.0 0.0 0.0 0.0 0.0 0.0 0.0 499.55 497.8 500.7 495.6 497.5 494.3 498.1 495.7 501.5 500.45 498.75 497.3 502.85 499.25 
314 0.0 0.0 0.0 0.0 0.0 0.0 0.0 503.4 487.4 496.6 500.0 495.0 499.6 496.8 501.65 497.85 503.0 506.0 504.05 504.8 499.6 
315 0.0 0.0 0.0 0.0 0.0 0.0 0.0 497.75 497.2 500.1 502.05 500.75 497.85 499.75 499.8 490.35 495.0 500.0 501.45 500.65 507.5 
316 0.0 0.0 0.0 0.0 0.0 0.0 0.0 492.95 499.5 510.05 501.05 499.35 498.8 500.6 499.3 492.1 492.65 502.7 502.7 499.7 501.85 
317 0.0 0.0 0.0 0.0 0.0 0.0 0.0 499.1 505.9 495.35 500.0 504.15 506.05 500.4 497.95 502.75 504.35 495.0 493.05 501.95 511.0 
318 0.0 0.0 0.0 0.0 0.0 0.0 0.0 494.6 501.25 494.95 496.95 497.8 497.55 497.65 498.25 501.2 503.2 495.45 495.0 500.5 502.8 
319 0.0 0.0 0.0 0.0 0.0 0.0 0.0 499.2 503.95 504.7 505.75 503.35 507.85 500.65 492.25 496.35 499.05 506.25 511.45 503.3 508.5 
320 0.0 0.0 0.0 0.0 0.0 0.0 0.0 503.3 498.7 502.85 496.5 494.05 497.8 494.9 498.25 508.45 509.65 505.35 503.7 501.0 497.65 
321 0.0 0.0 0.0 0.0 0.0 0.0 0.0 504.5 500.1 506.5 509.2 499.85 503.05 500.35 501.05 490.85 491.6 495.55 509.35 505.05 498.1 
322 0.0 0.0 0.0 0.0 0.0 0.0 0.0 505.1 497.95 502.75 501.35 503.75 503.0 506.25 500.25 500.05 496.1 490.75 508.65 493.25 491.65 
323 0.0 0.0 0.0 0.0 0.0 0.0 0.0 501.1 505.0 503.15 503.05 502.75 495.85 507.0 502.0 504.2 498.25 501.8 493.2 499.15 499.95 
324 0.0 0.0 0.0 0.0 0.0 0.0 0.0 500.35 505.65 504.1 500.4 500.15 498.95 505.3 502.7 498.85 487.75 497.85 490.05 496.3 498.25 
325 0.0 0.0 0.0 0.0 0.0 0.0 0.0 498.05 500.3 499.85 496.15 501.05 496.85 500.3 497.3 502.65 497.05 501.45 492.65 503.0 496.2 
326 0.0 0.0 0.0 0.0 0.0 0.0 0.0 498.65 499.5 497.05 500.4 499.5 503.0 497.35 501.45 498.0 503.9 493.6 503.05 496.0 509.0 
327 0.0 0.0 0.0 0.0 0.0 0.0 0.0 496.45 496.4 500.9 495.1 501.9 502.95 500.95 498.95 495.25 503.75 497.15 494.6 500.45 502.55 
328 0.0 0.0 0.0 0.0 0.0 0.0 0.0 503.6 503.6 493.85 508.25 496.8 501.7 497.25 500.5 493.9 494.45 498.3 499.15 500.25 497.9 
329 0.0 0.0 0.0 0.0 0.0 0.0 0.0 497.7 500.75 502.45 510.15 505.65 500.2 503.3 505.15 497.25 494.0 494.85 493.15 492.0 489.0 
330 0.0 0.0 0.0 0.0 0.0 0.0 0.0 501.5 489.5 502.4 490.45 500.05 495.2 499.7 497.2 497.55 505.85 496.2 497.1 499.35 495.95 
331 0.0 0.0 0.0 0.0 0.0 0.0 0.0 503.55 504.35 497.55 489.5 497.9 493.0 497.75 496.3 491.45 501.4 503.35 498.35 499.85 500.55 
332 0.0 0.0 0.0 0.0 0.0 0.0 0.0 503.8 497.35 494.65 494.35 493.9 496.3 499.65 500.25 503.4 496.25 499.15 502.7 492.0 500.65 
333 0.0 0.0 0.0 0.0 0.0 0.0 0.0 497.9 503.5 497.9 495.05 499.1 506.85 489.95 499.2 501.1 503.25 508.4 507.7 503.75 500.85 
334 0.0 0.0 0.0 0.0 0.0 0.0 0.0 501.85 494.35 489.45 505.1 501.0 494.8 505.9 500.4 501.25 499.3 506.6 503.1 501.65 502.05 
335 0.0 0.0 0.0 0.0 0.0 0.0 0.0 495.9 507.1 508.55 496.0 495.85 499.95 501.0 504.8 506.1 498.85 502.5 489.45 499.8 495.65 
336 0.0 0.0 0.0 0.0 0.0 0.0 0.0 496.3 498.15 498.15 499.85 499.3 496.75 497.85 496.3 500.1 500.25 501.2 498.6 494.85 492.0 
337 0.0 0.0 0.0 0.0 0.0 0.0 0.0 495.15 498.55 507.75 504.1 501.35 491.65 497.0 502.1 504.1 500.3 497.0 500.85 500.75 499.3 
338 0.0 0.0 0.0 0.0 0.0 0.0 0.0 499.65 497.2 495.3 500.35 494.6 506.4 497.2 500.4 503.95 496.7 495.1 495.6 497.65 502.4 
339 0.0 0.0 0.0 0.0 0.0 0.0 0.0 502.2 503.05 495.25 503.3 508.45 498.9 498.6 493.4 500.25 507.05 499.25 497.45 503.1 506.45 
340 0.0 0.0 0.0 0.0 0.0 0.0 0.0 512.25 507.15 500.65 495.5 497.65 495.25 494.95 501.65 496.1 494.8 505.0 499.4 500.3 495.6 
341 0.0 0.0 0.0 0.0 0.0 0.0 0.0 503.95 491.15 496.9 497.7 500.85 498.2 503.3 510.35 494.25 507.6 499.05 501.15 502.95 508.95 
342 0.0 0.0 0.0 0.0 0.0 0.0 0.0 492.25 499.6 501.9 488.95 493.6 502.4 500.9 495.65 503.9 498.65 496.3 505.2 504.0 503.4 
343 0.0 0.0 0.0 0.0 0.0 0.0 0.0 503.25 502.1 492.1 494.85 492.15 508.1 495.8 492.3 495.45 497.35 502.55 503.35 499.95 490.55 
344 0.0 0.0 0.0 0.0 0.0 0.0 0.0 455.9 492.95 494.95 500.25 498.2 498.85 495.55 495.85 495.5 492.95 498.55 513.15 504.85 501.6 
345 0.0 0.0 0.0 0.0 0.0 0.0 0.0 441.35 497.45 500.45 496.7 504.65 500.8 501.15 499.1 499.95 500.7 494.0 502.05 508.3 502.0 
346 0.0 0.0 0.0 0.0 0.0 0.0 0.0 389.8 501.65 508.85 499.65 497.0 499.95 498.45 501.6 502.7 510.4 499.2 502.25 496.85 497.75 
347 0.0 0.0 0.0 0.0 0.0 0.0 0.0 373.5 502.65 505.85 513.35 505.95 493.05 500.4 502.55 501.1 492.9 513.8 504.1 503.05 498.95 
348 0.0 0.0 0.0 0.0 0.0 0.0 0.0 351.4 497.85 497.8 505.75 509.75 510.1 508.1 498.5 506.05 506.15 501.2 499.4 488.7 504.6 
349 0.0 0.0 0.0 0.0 0.0 0.0 0.0 320.5 501.8 503.35 501.0 496.45 503.7 506.8 495.45 504.35 499.15 496.75 497.75 502.0 498.45 
350 0.0 0.0 0.0 0.0 0.0 0.0 0.0 268.6 498.55 497.15 495.55 501.35 493.4 503.1 501.35 500.95 503.5 495.65 498.4 505.95 506.2 
351 0.0 0.0 0.0 0.0 0.0 0.0 0.0 222.85 491.0 497.0 501.05 499.85 510.2 506.25 493.8 500.0 498.8 500.45 492.45 499.1 494.05 
352 0.0 0.0 0.0 0.0 0.0 0.0 0.0 203.8 507.65 495.15 503.35 495.5 496.9 491.45 504.3 494.05 496.85 498.75 505.25 499.5 497.0 
353 0.0 0.0 0.0 0.0 0.0 0.0 0.0 175.95 498.75 498.45 505.0 502.3 505.8 499.1 504.2 503.9 499.5 491.15 496.65 492.3 490.85 
354 0.0 0.0 0.0 0.0 0.0 0.0 0.0 142.5 507.25 502.95 499.1 499.55 495.95 498.05 506.85 503.0 499.0 498.8 495.8 502.65 505.0 
355 0.0 0.0 0.0 0.0 0.0 0.0 0.0 109.55 500.25 501.15 501.8 496.45 499.15 494.2 498.15 499.6 508.2 498.85 497.4 493.1 488.45 
356 0.0 0.0 0.0 0.0 0.0 0.0 0.0 49.7 497.55 503.65 495.85 499.45 493.8 495.5 502.75 496.0 504.15 501.45 492.2 494.8 493.65 
357 0.0 0.0 0.0 0.0 0.0 0.0 0.0 28.3 499.85 500.3 501.4 495.0 497.65 502.35 500.55 496.65 497.55 500.1 496.5 501.3 508.05 
358 0.0 0.0 0.0 0.0 0.0 0.0 0.0 5.9 501.15 502.5 495.6 503.25 493.55 502.7 498.15 500.8 488.15 501.75 504.4 500.65 503.2 
359 0.0 0.0 0.0 0.0 0.0 0.0 0.0 0.8 503.6 503.25 504.2 501.25 497.8 505.55 497.55 492.35 502.7 491.85 499.95 496.5 490.0 
360 0.0 0.0 0.0 0.0 0.0 0.0 0.0 0.25 505.65 495.35 497.5 493.4 504.1 491.3 498.15 502.2 493.95 504.4 501.3 503.5 496.05 
361 0.0 0.0 0.0 0.0 0.0 0.0 0.0 0.0 494.9 492.95 500.75 493.95 499.9 497.35 501.45 500.3 501.7 493.75 501.65 486.6 505.25 
362 0.0 0.0 0.0 0.0 0.0 0.0 0.0 0.0 498.1 494.95 497.2 501.25 496.55 498.95 494.25 505.9 490.8 498.15 497.3 501.05 502.65 
363 0.0 0.0 0.0 0.0 0.0 0.0 0.0 0.0 497.0 494.6 489.65 502.25 497.1 498.55 494.35 493.15 497.35 501.25 494.0 502.4 502.8 
364 0.0 0.0 0.0 0.0 0.0 0.0 0.0 0.0 495.25 503.65 499.9 505.85 500.8 504.1 500.75 496.3 498.55 497.55 499.3 500.45 494.25 
365 0.0 0.0 0.0 0.0 0.0 0.0 0.0 0.0 495.9 499.75 501.5 499.55 496.4 490.7 494.25 496.8 488.05 498.55 496.1 494.6 501.65 
366 0.0 0.0 0.0 0.0 0.0 0.0 0.0 0.0 497.0 495.85 502.05 503.8 509.75 504.65 500.25 488.6 491.0 495.35 495.7 494.9 497.75 
367 0.0 0.0 0.0 0.0 0.0 0.0 0.0 0.0 500.7 501.35 495.15 501.85 500.2 494.9 495.6 506.3 509.4 499.8 494.5 499.25 500.8 
368 0.0 0.0 0.0 0.0 0.0 0.0 0.0 0.0 502.05 507.1 501.45 497.0 498.9 494.8 500.0 501.45 506.95 495.8 502.75 510.4 492.1 
369 0.0 0.0 0.0 0.0 0.0 0.0 0.0 0.0 507.1 493.05 494.65 491.95 493.5 503.75 499.5 505.7 504.45 504.35 495.35 488.8 504.8 
370 0.0 0.0 0.0 0.0 0.0 0.0 0.0 0.0 501.85 499.6 498.9 495.85 492.85 495.95 495.15 492.1 498.7 496.55 506.55 510.6 495.15 
371 0.0 0.0 0.0 0.0 0.0 0.0 0.0 0.0 498.1 497.9 498.8 491.2 508.05 498.6 503.2 501.4 497.55 504.0 506.25 496.4 497.35 
372 0.0 0.0 0.0 0.0 0.0 0.0 0.0 0.0 497.7 502.5 505.55 500.7 489.0 489.6 496.1 506.3 503.15 512.55 493.9 500.9 504.25 
373 0.0 0.0 0.0 0.0 0.0 0.0 0.0 0.0 498.6 505.35 495.45 498.25 493.0 500.5 499.0 494.25 498.4 501.45 504.7 496.4 511.9 
374 0.0 0.0 0.0 0.0 0.0 0.0 0.0 0.0 503.0 498.45 505.05 503.8 506.3 511.35 496.8 501.1 498.0 493.05 497.6 496.8 502.7 
375 0.0 0.0 0.0 0.0 0.0 0.0 0.0 0.0 508.6 505.6 499.45 509.55 503.6 501.8 497.95 495.55 494.25 498.05 504.65 506.65 491.2 
376 0.0 0.0 0.0 0.0 0.0 0.0 0.0 0.0 492.8 497.85 498.7 505.9 499.2 497.0 509.8 489.65 507.7 503.7 503.95 498.05 499.35 
377 0.0 0.0 0.0 0.0 0.0 0.0 0.0 0.0 494.4 496.1 497.6 498.9 507.3 502.15 501.55 504.2 504.8 509.55 505.9 508.5 497.35 
378 0.0 0.0 0.0 0.0 0.0 0.0 0.0 0.0 505.25 499.4 505.2 497.0 497.8 502.5 503.3 506.15 500.55 497.75 497.75 504.7 503.0 
379 0.0 0.0 0.0 0.0 0.0 0.0 0.0 0.0 494.6 494.95 506.15 497.4 500.0 503.3 499.1 509.0 498.2 504.4 503.55 503.4 506.65 
380 0.0 0.0 0.0 0.0 0.0 0.0 0.0 0.0 499.1 502.7 500.95 496.25 504.95 499.05 499.4 500.45 504.65 494.9 502.6 500.1 500.65 
381 0.0 0.0 0.0 0.0 0.0 0.0 0.0 0.0 503.7 511.75 504.55 497.8 498.4 504.2 498.15 501.7 495.45 497.3 503.45 496.9 500.55 
382 0.0 0.0 0.0 0.0 0.0 0.0 0.0 0.0 497.15 501.45 500.8 507.9 498.25 494.15 502.3 501.95 493.8 494.55 499.25 506.75 500.65 
383 0.0 0.0 0.0 0.0 0.0 0.0 0.0 0.0 505.05 502.4 499.6 503.45 500.5 507.65 494.1 496.25 511.4 500.85 491.35 497.7 509.6 
384 0.0 0.0 0.0 0.0 0.0 0.0 0.0 0.0 509.6 511.75 505.45 497.45 506.55 505.65 501.0 507.05 495.75 495.1 496.15 502.25 500.25 
385 0.0 0.0 0.0 0.0 0.0 0.0 0.0 0.0 489.7 491.05 503.75 508.15 497.9 501.8 506.0 500.4 498.9 499.45 503.25 491.05 494.25 
386 0.0 0.0 0.0 0.0 0.0 0.0 0.0 0.0 506.2 505.2 503.75 511.1 507.15 493.1 507.4 493.65 502.7 518.2 503.3 502.1 505.2 
387 0.0 0.0 0.0 0.0 0.0 0.0 0.0 0.0 500.05 496.3 489.4 498.85 510.85 500.45 500.35 497.7 505.0 510.2 507.45 504.55 500.8 
388 0.0 0.0 0.0 0.0 0.0 0.0 0.0 0.0 498.8 499.55 499.8 497.3 488.9 509.1 502.25 505.2 506.35 500.05 497.7 494.45 496.25 
389 0.0 0.0 0.0 0.0 0.0 0.0 0.0 0.0 501.6 498.65 507.7 504.4 501.4 506.55 510.95 507.85 492.25 499.5 509.2 504.1 501.6 
390 0.0 0.0 0.0 0.0 0.0 0.0 0.0 0.0 496.25 500.25 493.7 495.85 502.65 502.3 502.6 502.25 498.6 496.5 500.7 505.3 498.55 
391 0.0 0.0 0.0 0.0 0.0 0.0 0.0 0.0 499.05 504.65 498.4 505.65 505.3 499.25 493.75 494.65 502.0 502.9 492.6 505.7 502.45 
392 0.0 0.0 0.0 0.0 0.0 0.0 0.0 0.0 503.4 490.25 496.8 496.7 508.85 499.25 499.15 505.0 510.1 499.65 501.05 502.15 502.9 
393 0.0 0.0 0.0 0.0 0.0 0.0 0.0 0.0 481.55 500.0 502.4 491.4 496.95 501.3 493.75 498.45 510.7 503.85 505.35 496.45 499.6 
394 0.0 0.0 0.0 0.0 0.0 0.0 0.0 0.0 445.0 501.95 497.6 498.8 481.75 491.6 505.4 501.8 496.85 502.55 498.8 497.6 497.65 
395 0.0 0.0 0.0 0.0 0.0 0.0 0.0 0.0 429.2 494.1 503.0 509.3 496.25 502.8 504.45 509.75 503.15 501.4 494.05 503.5 504.45 
396 0.0 0.0 0.0 0.0 0.0 0.0 0.0 0.0 416.5 498.95 498.2 494.55 506.55 499.3 500.45 500.5 489.65 498.4 500.75 493.9 492.65 
397 0.0 0.0 0.0 0.0 0.0 0.0 0.0 0.0 398.3 502.55 504.25 498.0 510.35 496.9 504.15 497.9 504.8 488.35 507.6 494.6 492.1 
398 0.0 0.0 0.0 0.0 0.0 0.0 0.0 0.0 339.75 499.8 496.6 500.95 506.65 506.55 500.0 492.6 497.35 498.85 496.45 501.2 507.65 
399 0.0 0.0 0.0 0.0 0.0 0.0 0.0 0.0 292.4 509.25 504.85 497.9 500.8 503.5 500.0 505.35 498.8 503.1 503.35 504.5 494.8 
400 0.0 0.0 0.0 0.0 0.0 0.0 0.0 0.0 259.45 496.5 504.35 499.2 501.1 495.05 503.35 497.05 499.0 500.7 488.15 495.95 500.1 
401 0.0 0.0 0.0 0.0 0.0 0.0 0.0 0.0 253.45 491.65 501.15 494.05 495.7 505.1 498.6 497.65 499.05 499.85 501.5 496.9 500.45 
402 0.0 0.0 0.0 0.0 0.0 0.0 0.0 0.0 249.85 504.6 498.9 509.6 488.3 503.8 503.2 500.7 503.45 501.65 499.1 495.95 500.45 
403 0.0 0.0 0.0 0.0 0.0 0.0 0.0 0.0 226.55 502.25 491.9 495.9 493.35 492.55 507.1 494.05 498.5 491.4 500.4 508.3 498.6 
404 0.0 0.0 0.0 0.0 0.0 0.0 0.0 0.0 194.9 498.95 499.7 496.8 500.35 503.0 498.0 498.15 500.75 504.25 491.45 496.75 495.1 
405 0.0 0.0 0.0 0.0 0.0 0.0 0.0 0.0 128.5 498.8 500.1 499.25 501.1 498.7 490.3 505.7 505.7 496.0 505.05 501.85 499.6 
406 0.0 0.0 0.0 0.0 0.0 0.0 0.0 0.0 97.4 491.6 496.6 503.7 498.45 502.85 499.3 505.5 500.9 505.05 495.2 493.3 507.8 
407 0.0 0.0 0.0 0.0 0.0 0.0 0.0 0.0 45.0 499.75 498.8 498.8 506.9 490.0 495.45 499.45 494.2 495.55 497.65 504.25 501.4 
408 0.0 0.0 0.0 0.0 0.0 0.0 0.0 0.0 26.95 511.6 505.9 494.3 499.75 494.05 499.6 499.25 502.25 499.4 506.9 490.4 502.7 
409 0.0 0.0 0.0 0.0 0.0 0.0 0.0 0.0 5.95 502.9 501.6 508.55 498.7 500.35 501.25 493.0 494.05 496.15 499.7 509.15 502.05 
410 0.0 0.0 0.0 0.0 0.0 0.0 0.0 0.0 0.55 504.05 509.2 505.85 498.5 507.4 496.6 500.2 492.85 503.15 504.75 507.85 500.7 
411 0.0 0.0 0.0 0.0 0.0 0.0 0.0 0.0 0.0 496.8 501.2 497.3 504.6 495.15 503.0 501.25 504.95 500.8 488.95 495.1 503.05 
412 0.0 0.0 0.0 0.0 0.0 0.0 0.0 0.0 0.0 496.7 493.95 507.05 499.35 504.85 504.25 505.5 494.5 496.4 500.05 506.1 502.9 
413 0.0 0.0 0.0 0.0 0.0 0.0 0.0 0.0 0.0 500.95 496.8 498.05 501.85 490.8 497.1 498.05 503.95 500.6 504.5 501.7 496.65 
414 0.0 0.0 0.0 0.0 0.0 0.0 0.0 0.0 0.0 502.35 502.8 501.95 498.25 511.7 501.25 500.8 491.0 494.25 498.15 502.85 502.05 
415 0.0 0.0 0.0 0.0 0.0 0.0 0.0 0.0 0.0 497.65 495.15 497.1 502.6 500.0 498.9 498.2 503.05 506.5 502.45 498.0 493.75 
416 0.0 0.0 0.0 0.0 0.0 0.0 0.0 0.0 0.0 501.45 503.45 500.95 493.35 498.9 503.15 502.6 499.0 497.45 498.85 497.75 494.35 
417 0.0 0.0 0.0 0.0 0.0 0.0 0.0 0.0 0.0 500.55 495.8 501.2 509.55 500.35 493.65 488.3 506.25 494.45 497.55 502.0 504.35 
418 0.0 0.0 0.0 0.0 0.0 0.0 0.0 0.0 0.0 501.0 502.65 502.05 505.15 498.15 496.25 505.4 494.75 504.65 501.5 499.45 505.45 
419 0.0 0.0 0.0 0.0 0.0 0.0 0.0 0.0 0.0 494.9 502.4 504.95 495.0 496.65 498.7 498.45 499.0 498.1 497.65 508.6 494.75 
420 0.0 0.0 0.0 0.0 0.0 0.0 0.0 0.0 0.0 500.95 503.8 494.8 495.95 506.65 501.2 496.75 502.15 499.25 504.9 498.0 506.5 
421 0.0 0.0 0.0 0.0 0.0 0.0 0.0 0.0 0.0 489.9 494.4 498.85 495.2 502.8 503.25 502.7 507.65 499.8 497.1 498.75 502.75 
422 0.0 0.0 0.0 0.0 0.0 0.0 0.0 0.0 0.0 503.55 493.0 489.9 503.45 498.7 497.45 500.65 502.5 499.6 504.55 495.6 503.35 
423 0.0 0.0 0.0 0.0 0.0 0.0 0.0 0.0 0.0 500.05 488.4 496.5 494.7 496.85 501.45 496.45 498.5 505.65 500.9 500.6 490.8 
424 0.0 0.0 0.0 0.0 0.0 0.0 0.0 0.0 0.0 492.95 493.0 502.85 504.0 500.25 497.2 498.9 490.3 495.6 497.0 502.9 493.2 
425 0.0 0.0 0.0 0.0 0.0 0.0 0.0 0.0 0.0 508.2 504.0 496.95 493.75 499.2 496.5 498.9 501.75 494.95 496.5 492.15 504.95 
426 0.0 0.0 0.0 0.0 0.0 0.0 0.0 0.0 0.0 508.5 503.55 499.05 504.0 498.25 500.05 501.4 508.35 498.65 493.85 495.85 496.8 
427 0.0 0.0 0.0 0.0 0.0 0.0 0.0 0.0 0.0 497.05 505.4 502.9 503.6 499.15 493.65 498.95 498.25 513.9 498.5 490.05 498.85 
428 0.0 0.0 0.0 0.0 0.0 0.0 0.0 0.0 0.0 495.0 503.85 505.4 498.55 496.55 494.0 507.2 496.65 503.2 503.2 492.45 502.1 
429 0.0 0.0 0.0 0.0 0.0 0.0 0.0 0.0 0.0 497.6 504.45 491.75 499.0 499.85 507.5 498.45 501.75 504.3 490.15 508.5 492.4 
430 0.0 0.0 0.0 0.0 0.0 0.0 0.0 0.0 0.0 506.75 497.1 499.35 504.55 504.95 502.4 489.4 503.7 490.85 506.55 502.65 505.05 
431 0.0 0.0 0.0 0.0 0.0 0.0 0.0 0.0 0.0 500.3 500.8 505.75 499.55 498.7 499.05 504.35 495.35 496.4 505.15 495.55 494.8 
432 0.0 0.0 0.0 0.0 0.0 0.0 0.0 0.0 0.0 488.55 505.7 504.05 496.05 499.25 496.75 501.3 499.3 495.4 498.75 507.3 503.9 
433 0.0 0.0 0.0 0.0 0.0 0.0 0.0 0.0 0.0 501.1 498.85 502.85 500.65 495.35 514.55 496.5 496.55 501.65 505.25 503.9 507.95 
434 0.0 0.0 0.0 0.0 0.0 0.0 0.0 0.0 0.0 506.3 499.25 493.2 493.0 501.65 493.9 520.15 501.95 501.9 500.7 497.1 502.9 
435 0.0 0.0 0.0 0.0 0.0 0.0 0.0 0.0 0.0 498.8 492.9 494.55 494.9 494.8 510.05 501.8 499.0 501.7 502.5 494.4 500.4 
436 0.0 0.0 0.0 0.0 0.0 0.0 0.0 0.0 0.0 499.85 498.55 499.35 498.75 502.2 499.95 494.2 501.95 508.9 504.45 505.3 488.5 
437 0.0 0.0 0.0 0.0 0.0 0.0 0.0 0.0 0.0 501.65 493.25 494.15 495.7 493.2 495.65 496.45 495.7 500.0 497.95 497.8 499.25 
438 0.0 0.0 0.0 0.0 0.0 0.0 0.0 0.0 0.0 498.35 500.1 495.5 499.35 503.45 500.05 500.05 500.25 499.15 502.6 499.05 494.05 
439 0.0 0.0 0.0 0.0 0.0 0.0 0.0 0.0 0.0 498.4 504.1 495.6 497.15 507.85 497.0 502.05 506.8 493.05 501.8 500.8 502.85 
440 0.0 0.0 0.0 0.0 0.0 0.0 0.0 0.0 0.0 505.25 501.2 501.2 503.8 499.15 494.0 497.1 496.5 500.95 497.1 505.45 496.8 
441 0.0 0.0 0.0 0.0 0.0 0.0 0.0 0.0 0.0 484.75 504.3 510.15 508.3 505.5 501.45 496.6 502.55 500.65 499.5 501.0 500.55 
442 0.0 0.0 0.0 0.0 0.0 0.0 0.0 0.0 0.0 454.9 503.3 505.5 506.8 486.6 495.15 495.0 496.5 495.2 498.65 500.35 498.95 
443 0.0 0.0 0.0 0.0 0.0 0.0 0.0 0.0 0.0 452.55 500.5 505.05 503.45 503.3 507.35 492.45 498.0 502.1 500.85 497.6 500.65 
444 0.0 0.0 0.0 0.0 0.0 0.0 0.0 0.0 0.0 426.4 497.9 496.05 500.35 500.65 505.25 507.8 491.35 504.45 504.75 496.3 502.1 
445 0.0 0.0 0.0 0.0 0.0 0.0 0.0 0.0 0.0 421.8 507.2 497.15 497.0 496.6 497.3 499.75 496.7 494.55 502.75 499.45 501.6 
446 0.0 0.0 0.0 0.0 0.0 0.0 0.0 0.0 0.0 424.4 495.95 502.3 500.15 508.7 500.75 506.5 505.35 497.7 496.35 497.85 502.25 
447 0.0 0.0 0.0 0.0 0.0 0.0 0.0 0.0 0.0 395.0 498.9 503.25 497.3 505.85 504.85 498.05 505.9 499.5 491.45 502.65 498.85 
448 0.0 0.0 0.0 0.0 0.0 0.0 0.0 0.0 0.0 353.95 492.25 499.6 497.6 501.45 506.5 503.1 501.15 509.05 503.6 497.5 502.55 
449 0.0 0.0 0.0 0.0 0.0 0.0 0.0 0.0 0.0 306.35 508.5 497.3 506.5 497.65 498.15 492.85 503.4 502.05 495.95 501.0 504.05 
450 0.0 0.0 0.0 0.0 0.0 0.0 0.0 0.0 0.0 285.55 488.45 500.95 493.05 503.15 494.5 505.7 502.8 505.75 515.1 505.85 495.05 
451 0.0 0.0 0.0 0.0 0.0 0.0 0.0 0.0 0.0 257.9 503.45 499.25 498.75 498.0 502.8 506.55 503.0 499.6 495.75 507.7 507.3 
452 0.0 0.0 0.0 0.0 0.0 0.0 0.0 0.0 0.0 229.4 499.4 502.1 499.55 495.95 497.0 496.3 492.25 499.6 501.05 495.75 498.05 
453 0.0 0.0 0.0 0.0 0.0 0.0 0.0 0.0 0.0 224.9 515.35 500.8 502.4 505.2 507.0 498.55 510.75 492.65 499.5 494.0 509.4 
454 0.0 0.0 0.0 0.0 0.0 0.0 0.0 0.0 0.0 191.4 508.35 496.7 510.45 495.15 502.95 502.95 499.3 508.35 498.85 504.15 501.95 
455 0.0 0.0 0.0 0.0 0.0 0.0 0.0 0.0 0.0 144.95 494.45 508.0 497.45 502.65 496.3 507.85 504.7 501.0 510.35 506.4 503.05 
456 0.0 0.0 0.0 0.0 0.0 0.0 0.0 0.0 0.0 92.5 495.15 503.35 498.65 496.95 500.45 502.65 508.6 497.25 501.6 510.4 507.6 
457 0.0 0.0 0.0 0.0 0.0 0.0 0.0 0.0 0.0 48.6 496.0 500.6 506.75 508.25 507.1 504.0 495.6 500.4 504.2 502.25 497.2 
458 0.0 0.0 0.0 0.0 0.0 0.0 0.0 0.0 0.0 22.9 498.6 495.3 504.95 509.3 507.1 500.3 503.35 504.2 500.9 498.4 507.85 
459 0.0 0.0 0.0 0.0 0.0 0.0 0.0 0.0 0.0 2.15 508.3 504.3 504.85 493.6 494.45 506.55 500.0 497.1 498.75 497.55 496.65 
460 0.0 0.0 0.0 0.0 0.0 0.0 0.0 0.0 0.0 0.05 487.6 498.0 500.6 501.75 505.45 498.15 493.45 498.65 501.6 500.85 495.95 
461 0.0 0.0 0.0 0.0 0.0 0.0 0.0 0.0 0.0 0.0 497.25 503.75 496.65 503.6 506.4 500.3 506.25 510.3 492.45 503.4 507.15 
462 0.0 0.0 0.0 0.0 0.0 0.0 0.0 0.0 0.0 0.0 504.45 500.15 499.75 503.6 497.45 502.45 504.3 502.2 500.5 507.7 496.6 
463 0.0 0.0 0.0 0.0 0.0 0.0 0.0 0.0 0.0 0.0 501.15 497.45 506.35 494.35 508.2 503.0 503.2 504.45 492.7 492.6 501.2 
464 0.0 0.0 0.0 0.0 0.0 0.0 0.0 0.0 0.0 0.0 494.65 493.15 499.65 498.45 498.55 498.75 509.2 496.15 506.85 505.05 510.1 
465 0.0 0.0 0.0 0.0 0.0 0.0 0.0 0.0 0.0 0.0 504.75 494.4 496.95 497.65 495.5 503.95 499.65 506.7 502.2 498.8 499.6 
466 0.0 0.0 0.0 0.0 0.0 0.0 0.0 0.0 0.0 0.0 508.3 509.75 500.0 506.8 496.2 497.05 503.05 506.45 504.75 496.4 493.05 
467 0.0 0.0 0.0 0.0 0.0 0.0 0.0 0.0 0.0 0.0 499.05 513.6 505.15 503.5 506.4 504.1 496.4 499.0 498.95 504.4 496.1 
468 0.0 0.0 0.0 0.0 0.0 0.0 0.0 0.0 0.0 0.0 492.45 497.25 498.7 499.9 502.95 502.9 495.2 494.55 501.65 492.3 502.55 
469 0.0 0.0 0.0 0.0 0.0 0.0 0.0 0.0 0.0 0.0 502.5 494.1 493.75 495.7 493.85 492.0 498.3 502.45 498.8 498.05 491.6 
470 0.0 0.0 0.0 0.0 0.0 0.0 0.0 0.0 0.0 0.0 500.95 499.2 497.1 509.65 492.0 493.85 501.05 503.05 503.2 506.65 494.95 
471 0.0 0.0 0.0 0.0 0.0 0.0 0.0 0.0 0.0 0.0 506.75 497.3 497.7 490.65 495.7 500.55 494.15 500.55 493.25 499.35 494.75 
472 0.0 0.0 0.0 0.0 0.0 0.0 0.0 0.0 0.0 0.0 496.55 511.85 498.75 496.5 494.2 489.15 492.75 495.15 505.1 502.7 502.5 
473 0.0 0.0 0.0 0.0 0.0 0.0 0.0 0.0 0.0 0.0 500.95 505.05 496.55 502.55 501.7 501.25 497.25 486.5 496.85 495.2 501.2 
474 0.0 0.0 0.0 0.0 0.0 0.0 0.0 0.0 0.0 0.0 490.25 486.65 497.0 488.05 491.85 486.4 496.25 494.25 499.35 496.6 497.25 
475 0.0 0.0 0.0 0.0 0.0 0.0 0.0 0.0 0.0 0.0 499.0 490.15 489.35 489.35 490.35 496.4 491.7 495.45 492.55 507.7 509.5 
476 0.0 0.0 0.0 0.0 0.0 0.0 0.0 0.0 0.0 0.0 509.2 498.1 497.6 501.05 497.65 504.45 502.75 502.45 495.5 495.15 505.8 
477 0.0 0.0 0.0 0.0 0.0 0.0 0.0 0.0 0.0 0.0 491.3 496.9 505.15 497.55 502.7 489.7 497.3 503.6 500.15 506.2 499.3 
478 0.0 0.0 0.0 0.0 0.0 0.0 0.0 0.0 0.0 0.0 500.65 493.3 499.45 503.8 500.2 502.25 513.25 504.65 503.65 495.25 501.2 
479 0.0 0.0 0.0 0.0 0.0 0.0 0.0 0.0 0.0 0.0 506.8 503.2 496.3 501.4 506.45 501.1 506.25 502.1 508.0 507.15 502.8 
480 0.0 0.0 0.0 0.0 0.0 0.0 0.0 0.0 0.0 0.0 498.45 497.6 509.3 502.3 501.1 508.9 504.2 502.2 498.45 509.1 499.05 
481 0.0 0.0 0.0 0.0 0.0 0.0 0.0 0.0 0.0 0.0 494.2 508.9 506.6 499.8 501.65 504.55 500.05 504.7 507.95 500.7 504.05 
482 0.0 0.0 0.0 0.0 0.0 0.0 0.0 0.0 0.0 0.0 502.5 511.55 496.6 497.7 503.35 508.1 503.8 505.35 500.05 499.45 506.5 
483 0.0 0.0 0.0 0.0 0.0 0.0 0.0 0.0 0.0 0.0 499.7 492.15 498.3 497.65 505.45 502.3 493.45 502.45 498.15 499.35 503.4 
484 0.0 0.0 0.0 0.0 0.0 0.0 0.0 0.0 0.0 0.0 503.55 501.3 497.95 503.0 493.4 502.6 502.1 501.55 506.3 507.6 509.75 
485 0.0 0.0 0.0 0.0 0.0 0.0 0.0 0.0 0.0 0.0 504.45 501.15 503.0 507.35 507.45 509.45 501.75 507.25 512.2 506.45 502.15 
486 0.0 0.0 0.0 0.0 0.0 0.0 0.0 0.0 0.0 0.0 509.55 503.5 505.75 497.7 506.65 505.1 509.2 502.85 513.85 500.8 511.65 
487 0.0 0.0 0.0 0.0 0.0 0.0 0.0 0.0 0.0 0.0 495.4 502.5 500.9 509.35 507.2 507.9 512.45 513.15 512.75 509.2 505.9 
488 0.0 0.0 0.0 0.0 0.0 0.0 0.0 0.0 0.0 0.0 493.5 493.3 505.05 510.0 504.2 510.65 507.4 515.4 507.95 513.05 509.15 
489 0.0 0.0 0.0 0.0 0.0 0.0 0.0 0.0 0.0 0.0 477.65 504.75 502.3 515.0 516.8 504.15 517.55 518.85 510.0 511.8 523.0 
490 0.0 0.0 0.0 0.0 0.0 0.0 0.0 0.0 0.0 0.0 473.45 500.4 506.05 510.5 511.15 509.05 515.6 507.5 519.35 519.5 512.2 
491 0.0 0.0 0.0 0.0 0.0 0.0 0.0 0.0 0.0 0.0 479.8 499.35 513.8 516.85 519.55 525.6 505.95 517.0 518.25 522.7 520.3 
492 0.0 0.0 0.0 0.0 0.0 0.0 0.0 0.0 0.0 0.0 459.25 507.9 514.05 525.95 515.0 510.2 529.6 526.4 517.55 526.4 524.2 
493 0.0 0.0 0.0 0.0 0.0 0.0 0.0 0.0 0.0 0.0 440.9 512.5 526.2 523.6 529.35 521.6 524.85 525.1 519.3 527.45 531.4 
494 0.0 0.0 0.0 0.0 0.0 0.0 0.0 0.0 0.0 0.0 426.9 525.6 528.6 525.0 526.2 528.95 524.05 512.25 531.25 530.85 519.35 
495 0.0 0.0 0.0 0.0 0.0 0.0 0.0 0.0 0.0 0.0 424.95 538.1 532.1 531.1 528.85 526.15 529.7 531.3 531.5 525.85 527.5 
496 0.0 0.0 0.0 0.0 0.0 0.0 0.0 0.0 0.0 0.0 424.4 549.8 548.3 530.85 532.1 531.4 523.7 531.1 522.9 525.05 524.0 
497 0.0 0.0 0.0 0.0 0.0 0.0 0.0 0.0 0.0 0.0 424.25 560.25 542.85 534.4 536.85 540.65 527.55 530.0 527.9 517.45 519.2 
498 0.0 0.0 0.0 0.0 0.0 0.0 0.0 0.0 0.0 0.0 483.3 563.65 553.75 545.15 531.85 532.8 531.75 524.2 513.75 516.8 518.75 
499 0.0 0.0 0.0 0.0 0.0 0.0 0.0 0.0 0.0 0.0 315.05 284.65 267.4 266.95 268.65 265.85 265.3 257.6 263.1 256.75 254.15 
