0 0.913969234719068 0.0 0.0 0.0 0.0 0.0 0.0 0.0 0.0 0.0 0.0 0.0 0.0 0.0 0.0 0.0 0.0 0.0 0.0 0.0 0.0 
1 0.9140712945590993 0.0 0.0 0.0 0.0 0.0 0.0 0.0 0.0 0.0 0.0 0.0 0.0 0.0 0.0 0.0 0.0 0.0 0.0 0.0 0.0 
2 0.9140712945590993 0.0 0.0 0.0 0.0 0.0 0.0 0.0 0.0 0.0 0.0 0.0 0.0 0.0 0.0 0.0 0.0 0.0 0.0 0.0 0.0 
3 0.9140712945590993 0.0 0.0 0.0 0.0 0.0 0.0 0.0 0.0 0.0 0.0 0.0 0.0 0.0 0.0 0.0 0.0 0.0 0.0 0.0 0.0 
4 0.9140712945590993 0.0 0.0 0.0 0.0 0.0 0.0 0.0 0.0 0.0 0.0 0.0 0.0 0.0 0.0 0.0 0.0 0.0 0.0 0.0 0.0 
5 0.9140712945590993 0.0 0.0 0.0 0.0 0.0 0.0 0.0 0.0 0.0 0.0 0.0 0.0 0.0 0.0 0.0 0.0 0.0 0.0 0.0 0.0 
6 0.9140712945590993 0.0 0.0 0.0 0.0 0.0 0.0 0.0 0.0 0.0 0.0 0.0 0.0 0.0 0.0 0.0 0.0 0.0 0.0 0.0 0.0 
7 0.9140712945590993 0.0 0.0 0.0 0.0 0.0 0.0 0.0 0.0 0.0 0.0 0.0 0.0 0.0 0.0 0.0 0.0 0.0 0.0 0.0 0.0 
8 0.9140712945590993 0.0 0.0 0.0 0.0 0.0 0.0 0.0 0.0 0.0 0.0 0.0 0.0 0.0 0.0 0.0 0.0 0.0 0.0 0.0 0.0 
9 0.9140712945590993 0.0 0.0 0.0 0.0 0.0 0.0 0.0 0.0 0.0 0.0 0.0 0.0 0.0 0.0 0.0 0.0 0.0 0.0 0.0 0.0 
10 0.9140712945590993 0.0 0.0 0.0 0.0 0.0 0.0 0.0 0.0 0.0 0.0 0.0 0.0 0.0 0.0 0.0 0.0 0.0 0.0 0.0 0.0 
11 0.9140712945590993 0.0 0.0 0.0 0.0 0.0 0.0 0.0 0.0 0.0 0.0 0.0 0.0 0.0 0.0 0.0 0.0 0.0 0.0 0.0 0.0 
12 0.9140712945590993 0.0 0.0 0.0 0.0 0.0 0.0 0.0 0.0 0.0 0.0 0.0 0.0 0.0 0.0 0.0 0.0 0.0 0.0 0.0 0.0 
13 0.9140712945590993 0.0 0.0 0.0 0.0 0.0 0.0 0.0 0.0 0.0 0.0 0.0 0.0 0.0 0.0 0.0 0.0 0.0 0.0 0.0 0.0 
14 0.9140712945590993 0.0 0.0 0.0 0.0 0.0 0.0 0.0 0.0 0.0 0.0 0.0 0.0 0.0 0.0 0.0 0.0 0.0 0.0 0.0 0.0 
15 0.9140712945590993 0.0 0.0 0.0 0.0 0.0 0.0 0.0 0.0 0.0 0.0 0.0 0.0 0.0 0.0 0.0 0.0 0.0 0.0 0.0 0.0 
16 0.9140712945590993 0.0 0.0 0.0 0.0 0.0 0.0 0.0 0.0 0.0 0.0 0.0 0.0 0.0 0.0 0.0 0.0 0.0 0.0 0.0 0.0 
17 0.9140712945590993 0.0 0.0 0.0 0.0 0.0 0.0 0.0 0.0 0.0 0.0 0.0 0.0 0.0 0.0 0.0 0.0 0.0 0.0 0.0 0.0 
18 0.9140712945590993 0.0 0.0 0.0 0.0 0.0 0.0 0.0 0.0 0.0 0.0 0.0 0.0 0.0 0.0 0.0 0.0 0.0 0.0 0.0 0.0 
19 0.9140712945590993 0.0 0.0 0.0 0.0 0.0 0.0 0.0 0.0 0.0 0.0 0.0 0.0 0.0 0.0 0.0 0.0 0.0 0.0 0.0 0.0 
20 0.9140712945590993 0.0 0.0 0.0 0.0 0.0 0.0 0.0 0.0 0.0 0.0 0.0 0.0 0.0 0.0 0.0 0.0 0.0 0.0 0.0 0.0 
21 0.9140712945590993 0.0 0.0 0.0 0.0 0.0 0.0 0.0 0.0 0.0 0.0 0.0 0.0 0.0 0.0 0.0 0.0 0.0 0.0 0.0 0.0 
22 0.9140712945590993 0.0 0.0 0.0 0.0 0.0 0.0 0.0 0.0 0.0 0.0 0.0 0.0 0.0 0.0 0.0 0.0 0.0 0.0 0.0 0.0 
23 0.9140712945590993 0.0 0.0 0.0 0.0 0.0 0.0 0.0 0.0 0.0 0.0 0.0 0.0 0.0 0.0 0.0 0.0 0.0 0.0 0.0 0.0 
24 0.9140712945590993 0.0 0.0 0.0 0.0 0.0 0.0 0.0 0.0 0.0 0.0 0.0 0.0 0.0 0.0 0.0 0.0 0.0 0.0 0.0 0.0 
25 0.9140712945590993 0.0 0.0 0.0 0.0 0.0 0.0 0.0 0.0 0.0 0.0 0.0 0.0 0.0 0.0 0.0 0.0 0.0 0.0 0.0 0.0 
26 0.9140712945590993 0.0 0.0 0.0 0.0 0.0 0.0 0.0 0.0 0.0 0.0 0.0 0.0 0.0 0.0 0.0 0.0 0.0 0.0 0.0 0.0 
27 0.9140712945590993 0.0 0.0 0.0 0.0 0.0 0.0 0.0 0.0 0.0 0.0 0.0 0.0 0.0 0.0 0.0 0.0 0.0 0.0 0.0 0.0 
28 0.9140712945590993 0.0 0.0 0.0 0.0 0.0 0.0 0.0 0.0 0.0 0.0 0.0 0.0 0.0 0.0 0.0 0.0 0.0 0.0 0.0 0.0 
29 0.9140712945590993 0.0 0.0 0.0 0.0 0.0 0.0 0.0 0.0 0.0 0.0 0.0 0.0 0.0 0.0 0.0 0.0 0.0 0.0 0.0 0.0 
30 0.9140712945590993 0.0 0.0 0.0 0.0 0.0 0.0 0.0 0.0 0.0 0.0 0.0 0.0 0.0 0.0 0.0 0.0 0.0 0.0 0.0 0.0 
31 0.9140712945590993 0.0 0.0 0.0 0.0 0.0 0.0 0.0 0.0 0.0 0.0 0.0 0.0 0.0 0.0 0.0 0.0 0.0 0.0 0.0 0.0 
32 0.9140712945590993 0.0 0.0 0.0 0.0 0.0 0.0 0.0 0.0 0.0 0.0 0.0 0.0 0.0 0.0 0.0 0.0 0.0 0.0 0.0 0.0 
33 0.9140712945590993 0.0 0.0 0.0 0.0 0.0 0.0 0.0 0.0 0.0 0.0 0.0 0.0 0.0 0.0 0.0 0.0 0.0 0.0 0.0 0.0 
34 0.9140712945590993 0.0 0.0 0.0 0.0 0.0 0.0 0.0 0.0 0.0 0.0 0.0 0.0 0.0 0.0 0.0 0.0 0.0 0.0 0.0 0.0 
35 0.9140712945590993 0.0 0.0 0.0 0.0 0.0 0.0 0.0 0.0 0.0 0.0 0.0 0.0 0.0 0.0 0.0 0.0 0.0 0.0 0.0 0.0 
36 0.9140712945590993 0.0 0.0 0.0 0.0 0.0 0.0 0.0 0.0 0.0 0.0 0.0 0.0 0.0 0.0 0.0 0.0 0.0 0.0 0.0 0.0 
37 0.9140712945590993 0.0 0.0 0.0 0.0 0.0 0.0 0.0 0.0 0.0 0.0 0.0 0.0 0.0 0.0 0.0 0.0 0.0 0.0 0.0 0.0 
38 0.9140712945590993 0.0 0.0 0.0 0.0 0.0 0.0 0.0 0.0 0.0 0.0 0.0 0.0 0.0 0.0 0.0 0.0 0.0 0.0 0.0 0.0 
39 0.9140712945590993 0.0 0.0 0.0 0.0 0.0 0.0 0.0 0.0 0.0 0.0 0.0 0.0 0.0 0.0 0.0 0.0 0.0 0.0 0.0 0.0 
40 0.9140712945590993 0.0 0.0 0.0 0.0 0.0 0.0 0.0 0.0 0.0 0.0 0.0 0.0 0.0 0.0 0.0 0.0 0.0 0.0 0.0 0.0 
41 0.9140712945590993 0.0 0.0 0.0 0.0 0.0 0.0 0.0 0.0 0.0 0.0 0.0 0.0 0.0 0.0 0.0 0.0 0.0 0.0 0.0 0.0 
42 0.9140712945590993 0.0 0.0 0.0 0.0 0.0 0.0 0.0 0.0 0.0 0.0 0.0 0.0 0.0 0.0 0.0 0.0 0.0 0.0 0.0 0.0 
43 0.9140712945590993 0.0 0.0 0.0 0.0 0.0 0.0 0.0 0.0 0.0 0.0 0.0 0.0 0.0 0.0 0.0 0.0 0.0 0.0 0.0 0.0 
44 0.9140712945590993 0.0 0.0 0.0 0.0 0.0 0.0 0.0 0.0 0.0 0.0 0.0 0.0 0.0 0.0 0.0 0.0 0.0 0.0 0.0 0.0 
45 0.9140712945590993 0.0 0.0 0.0 0.0 0.0 0.0 0.0 0.0 0.0 0.0 0.0 0.0 0.0 0.0 0.0 0.0 0.0 0.0 0.0 0.0 
46 0.9140712945590993 0.0 0.0 0.0 0.0 0.0 0.0 0.0 0.0 0.0 0.0 0.0 0.0 0.0 0.0 0.0 0.0 0.0 0.0 0.0 0.0 
47 0.9140712945590993 0.20499707398301198 0.0 0.0 0.0 0.0 0.0 0.0 0.0 0.0 0.0 0.0 0.0 0.0 0.0 0.0 0.0 0.0 0.0 0.0 0.0 
48 0.9140712945590993 0.39332505306605137 0.0 0.0 0.0 0.0 0.0 0.0 0.0 0.0 0.0 0.0 0.0 0.0 0.0 0.0 0.0 0.0 0.0 0.0 0.0 
49 0.9140712945590993 0.5437637103016904 0.0 0.0 0.0 0.0 0.0 0.0 0.0 0.0 0.0 0.0 0.0 0.0 0.0 0.0 0.0 0.0 0.0 0.0 0.0 
50 0.9140712945590993 0.7570576730540401 0.0 0.0 0.0 0.0 0.0 0.0 0.0 0.0 0.0 0.0 0.0 0.0 0.0 0.0 0.0 0.0 0.0 0.0 0.0 
51 0.9140712945590993 0.8659548978610687 0.0 0.0 0.0 0.0 0.0 0.0 0.0 0.0 0.0 0.0 0.0 0.0 0.0 0.0 0.0 0.0 0.0 0.0 0.0 
52 0.9140712945590993 0.9095552777014824 0.0 0.0 0.0 0.0 0.0 0.0 0.0 0.0 0.0 0.0 0.0 0.0 0.0 0.0 0.0 0.0 0.0 0.0 0.0 
53 0.9140712945590993 0.9137167148732075 0.0 0.0 0.0 0.0 0.0 0.0 0.0 0.0 0.0 0.0 0.0 0.0 0.0 0.0 0.0 0.0 0.0 0.0 0.0 
54 0.9140712945590993 0.9138977298311444 0.0 0.0 0.0 0.0 0.0 0.0 0.0 0.0 0.0 0.0 0.0 0.0 0.0 0.0 0.0 0.0 0.0 0.0 0.0 
55 0.9140712945590993 0.9140712945590993 0.0 0.0 0.0 0.0 0.0 0.0 0.0 0.0 0.0 0.0 0.0 0.0 0.0 0.0 0.0 0.0 0.0 0.0 0.0 
56 0.9140712945590993 0.9140712945590993 0.0 0.0 0.0 0.0 0.0 0.0 0.0 0.0 0.0 0.0 0.0 0.0 0.0 0.0 0.0 0.0 0.0 0.0 0.0 
57 0.9140712945590993 0.9140712945590993 0.0 0.0 0.0 0.0 0.0 0.0 0.0 0.0 0.0 0.0 0.0 0.0 0.0 0.0 0.0 0.0 0.0 0.0 0.0 
58 0.9140712945590993 0.9140712945590993 0.0 0.0 0.0 0.0 0.0 0.0 0.0 0.0 0.0 0.0 0.0 0.0 0.0 0.0 0.0 0.0 0.0 0.0 0.0 
59 0.9140712945590993 0.9140712945590993 0.0 0.0 0.0 0.0 0.0 0.0 0.0 0.0 0.0 0.0 0.0 0.0 0.0 0.0 0.0 0.0 0.0 0.0 0.0 
60 0.9140712945590993 0.9140712945590993 0.0 0.0 0.0 0.0 0.0 0.0 0.0 0.0 0.0 0.0 0.0 0.0 0.0 0.0 0.0 0.0 0.0 0.0 0.0 
61 0.9140712945590993 0.9140712945590993 0.0 0.0 0.0 0.0 0.0 0.0 0.0 0.0 0.0 0.0 0.0 0.0 0.0 0.0 0.0 0.0 0.0 0.0 0.0 
62 0.9140712945590993 0.9140712945590993 0.0 0.0 0.0 0.0 0.0 0.0 0.0 0.0 0.0 0.0 0.0 0.0 0.0 0.0 0.0 0.0 0.0 0.0 0.0 
63 0.9140712945590993 0.9140712945590993 0.0 0.0 0.0 0.0 0.0 0.0 0.0 0.0 0.0 0.0 0.0 0.0 0.0 0.0 0.0 0.0 0.0 0.0 0.0 
64 0.9140712945590993 0.9140712945590993 0.0 0.0 0.0 0.0 0.0 0.0 0.0 0.0 0.0 0.0 0.0 0.0 0.0 0.0 0.0 0.0 0.0 0.0 0.0 
65 0.9140712945590993 0.9140712945590993 0.0 0.0 0.0 0.0 0.0 0.0 0.0 0.0 0.0 0.0 0.0 0.0 0.0 0.0 0.0 0.0 0.0 0.0 0.0 
66 0.9140712945590993 0.9140712945590993 0.0 0.0 0.0 0.0 0.0 0.0 0.0 0.0 0.0 0.0 0.0 0.0 0.0 0.0 0.0 0.0 0.0 0.0 0.0 
67 0.9140712945590993 0.9140712945590993 0.0 0.0 0.0 0.0 0.0 0.0 0.0 0.0 0.0 0.0 0.0 0.0 0.0 0.0 0.0 0.0 0.0 0.0 0.0 
68 0.9140712945590993 0.9140712945590993 0.0 0.0 0.0 0.0 0.0 0.0 0.0 0.0 0.0 0.0 0.0 0.0 0.0 0.0 0.0 0.0 0.0 0.0 0.0 
69 0.9140712945590993 0.9140712945590993 0.0 0.0 0.0 0.0 0.0 0.0 0.0 0.0 0.0 0.0 0.0 0.0 0.0 0.0 0.0 0.0 0.0 0.0 0.0 
70 0.9140712945590993 0.9140712945590993 0.0 0.0 0.0 0.0 0.0 0.0 0.0 0.0 0.0 0.0 0.0 0.0 0.0 0.0 0.0 0.0 0.0 0.0 0.0 
71 0.9140712945590993 0.9140712945590993 0.0 0.0 0.0 0.0 0.0 0.0 0.0 0.0 0.0 0.0 0.0 0.0 0.0 0.0 0.0 0.0 0.0 0.0 0.0 
72 0.9140712945590993 0.9140712945590993 0.0 0.0 0.0 0.0 0.0 0.0 0.0 0.0 0.0 0.0 0.0 0.0 0.0 0.0 0.0 0.0 0.0 0.0 0.0 
73 0.9140712945590993 0.9140712945590993 0.0 0.0 0.0 0.0 0.0 0.0 0.0 0.0 0.0 0.0 0.0 0.0 0.0 0.0 0.0 0.0 0.0 0.0 0.0 
74 0.9140712945590993 0.9140712945590993 0.0 0.0 0.0 0.0 0.0 0.0 0.0 0.0 0.0 0.0 0.0 0.0 0.0 0.0 0.0 0.0 0.0 0.0 0.0 
75 0.9140712945590993 0.9140712945590993 0.0 0.0 0.0 0.0 0.0 0.0 0.0 0.0 0.0 0.0 0.0 0.0 0.0 0.0 0.0 0.0 0.0 0.0 0.0 
76 0.9140712945590993 0.9140712945590993 0.0 0.0 0.0 0.0 0.0 0.0 0.0 0.0 0.0 0.0 0.0 0.0 0.0 0.0 0.0 0.0 0.0 0.0 0.0 
77 0.9140712945590993 0.9140712945590993 0.0 0.0 0.0 0.0 0.0 0.0 0.0 0.0 0.0 0.0 0.0 0.0 0.0 0.0 0.0 0.0 0.0 0.0 0.0 
78 0.9140712945590993 0.9140712945590993 0.0 0.0 0.0 0.0 0.0 0.0 0.0 0.0 0.0 0.0 0.0 0.0 0.0 0.0 0.0 0.0 0.0 0.0 0.0 
79 0.9140712945590993 0.9140712945590993 0.0 0.0 0.0 0.0 0.0 0.0 0.0 0.0 0.0 0.0 0.0 0.0 0.0 0.0 0.0 0.0 0.0 0.0 0.0 
80 0.9140712945590993 0.9140712945590993 0.0 0.0 0.0 0.0 0.0 0.0 0.0 0.0 0.0 0.0 0.0 0.0 0.0 0.0 0.0 0.0 0.0 0.0 0.0 
81 0.9140712945590993 0.9140712945590993 0.0 0.0 0.0 0.0 0.0 0.0 0.0 0.0 0.0 0.0 0.0 0.0 0.0 0.0 0.0 0.0 0.0 0.0 0.0 
82 0.9140712945590993 0.9140712945590993 0.0 0.0 0.0 0.0 0.0 0.0 0.0 0.0 0.0 0.0 0.0 0.0 0.0 0.0 0.0 0.0 0.0 0.0 0.0 
83 0.9140712945590993 0.9140712945590993 0.0 0.0 0.0 0.0 0.0 0.0 0.0 0.0 0.0 0.0 0.0 0.0 0.0 0.0 0.0 0.0 0.0 0.0 0.0 
84 0.9140712945590993 0.9140712945590993 0.0 0.0 0.0 0.0 0.0 0.0 0.0 0.0 0.0 0.0 0.0 0.0 0.0 0.0 0.0 0.0 0.0 0.0 0.0 
85 0.9140712945590993 0.9140712945590993 0.0 0.0 0.0 0.0 0.0 0.0 0.0 0.0 0.0 0.0 0.0 0.0 0.0 0.0 0.0 0.0 0.0 0.0 0.0 
86 0.9140712945590993 0.9140712945590993 0.0 0.0 0.0 0.0 0.0 0.0 0.0 0.0 0.0 0.0 0.0 0.0 0.0 0.0 0.0 0.0 0.0 0.0 0.0 
87 0.9140712945590993 0.9140712945590993 0.0 0.0 0.0 0.0 0.0 0.0 0.0 0.0 0.0 0.0 0.0 0.0 0.0 0.0 0.0 0.0 0.0 0.0 0.0 
88 0.9140712945590993 0.9140712945590993 0.0 0.0 0.0 0.0 0.0 0.0 0.0 0.0 0.0 0.0 0.0 0.0 0.0 0.0 0.0 0.0 0.0 0.0 0.0 
89 0.9140712945590993 0.9140712945590993 0.0 0.0 0.0 0.0 0.0 0.0 0.0 0.0 0.0 0.0 0.0 0.0 0.0 0.0 0.0 0.0 0.0 0.0 0.0 
90 0.9140712945590993 0.9140712945590993 0.0 0.0 0.0 0.0 0.0 0.0 0.0 0.0 0.0 0.0 0.0 0.0 0.0 0.0 0.0 0.0 0.0 0.0 0.0 
91 0.9140712945590993 0.9140712945590993 0.0 0.0 0.0 0.0 0.0 0.0 0.0 0.0 0.0 0.0 0.0 0.0 0.0 0.0 0.0 0.0 0.0 0.0 0.0 
92 0.9140712945590993 0.9140712945590993 0.0 0.0 0.0 0.0 0.0 0.0 0.0 0.0 0.0 0.0 0.0 0.0 0.0 0.0 0.0 0.0 0.0 0.0 0.0 
93 0.9140712945590993 0.9140712945590993 0.0 0.0 0.0 0.0 0.0 0.0 0.0 0.0 0.0 0.0 0.0 0.0 0.0 0.0 0.0 0.0 0.0 0.0 0.0 
94 0.9140712945590993 0.9140712945590993 0.0 0.0 0.0 0.0 0.0 0.0 0.0 0.0 0.0 0.0 0.0 0.0 0.0 0.0 0.0 0.0 0.0 0.0 0.0 
95 0.9140712945590993 0.9140712945590993 0.0607998904109589 0.0 0.0 0.0 0.0 0.0 0.0 0.0 0.0 0.0 0.0 0.0 0.0 0.0 0.0 0.0 0.0 0.0 0.0 
96 0.9140712945590993 0.9140712945590993 0.13543958756406976 0.0 0.0 0.0 0.0 0.0 0.0 0.0 0.0 0.0 0.0 0.0 0.0 0.0 0.0 0.0 0.0 0.0 0.0 
97 0.9140712945590993 0.9140712945590993 0.29892448885701484 0.0 0.0 0.0 0.0 0.0 0.0 0.0 0.0 0.0 0.0 0.0 0.0 0.0 0.0 0.0 0.0 0.0 0.0 
98 0.9140712945590993 0.9140712945590993 0.5217024012894604 0.0 0.0 0.0 0.0 0.0 0.0 0.0 0.0 0.0 0.0 0.0 0.0 0.0 0.0 0.0 0.0 0.0 0.0 
99 0.9140712945590993 0.9140712945590993 0.6752117920427317 0.0 0.0 0.0 0.0 0.0 0.0 0.0 0.0 0.0 0.0 0.0 0.0 0.0 0.0 0.0 0.0 0.0 0.0 
100 0.9140712945590993 0.9140712945590993 0.811732772078131 0.0 0.0 0.0 0.0 0.0 0.0 0.0 0.0 0.0 0.0 0.0 0.0 0.0 0.0 0.0 0.0 0.0 0.0 
101 0.9140712945590993 0.9140712945590993 0.8629301591856287 0.0 0.0 0.0 0.0 0.0 0.0 0.0 0.0 0.0 0.0 0.0 0.0 0.0 0.0 0.0 0.0 0.0 0.0 
102 0.9140712945590993 0.9140712945590993 0.8678589100771434 0.0 0.0 0.0 0.0 0.0 0.0 0.0 0.0 0.0 0.0 0.0 0.0 0.0 0.0 0.0 0.0 0.0 0.0 
103 0.9140712945590993 0.9140712945590993 0.8683677298311443 0.0 0.0 0.0 0.0 0.0 0.0 0.0 0.0 0.0 0.0 0.0 0.0 0.0 0.0 0.0 0.0 0.0 0.0 
104 0.9140712945590993 0.9140712945590993 0.9093207733094053 0.0 0.0 0.0 0.0 0.0 0.0 0.0 0.0 0.0 0.0 0.0 0.0 0.0 0.0 0.0 0.0 0.0 0.0 
105 0.9140712945590993 0.9140712945590993 0.9138065869740016 0.0 0.0 0.0 0.0 0.0 0.0 0.0 0.0 0.0 0.0 0.0 0.0 0.0 0.0 0.0 0.0 0.0 0.0 
106 0.9140712945590993 0.9140712945590993 0.9140712945590993 0.0 0.0 0.0 0.0 0.0 0.0 0.0 0.0 0.0 0.0 0.0 0.0 0.0 0.0 0.0 0.0 0.0 0.0 
107 0.9140712945590993 0.9140712945590993 0.9140712945590993 0.0 0.0 0.0 0.0 0.0 0.0 0.0 0.0 0.0 0.0 0.0 0.0 0.0 0.0 0.0 0.0 0.0 0.0 
108 0.9140712945590993 0.9140712945590993 0.9140712945590993 0.0 0.0 0.0 0.0 0.0 0.0 0.0 0.0 0.0 0.0 0.0 0.0 0.0 0.0 0.0 0.0 0.0 0.0 
109 0.9140712945590993 0.9140712945590993 0.9140712945590993 0.0 0.0 0.0 0.0 0.0 0.0 0.0 0.0 0.0 0.0 0.0 0.0 0.0 0.0 0.0 0.0 0.0 0.0 
110 0.9140712945590993 0.9140712945590993 0.9140712945590993 0.0 0.0 0.0 0.0 0.0 0.0 0.0 0.0 0.0 0.0 0.0 0.0 0.0 0.0 0.0 0.0 0.0 0.0 
111 0.9140712945590993 0.9140712945590993 0.9140712945590993 0.0 0.0 0.0 0.0 0.0 0.0 0.0 0.0 0.0 0.0 0.0 0.0 0.0 0.0 0.0 0.0 0.0 0.0 
112 0.9140712945590993 0.9140712945590993 0.9140712945590993 0.0 0.0 0.0 0.0 0.0 0.0 0.0 0.0 0.0 0.0 0.0 0.0 0.0 0.0 0.0 0.0 0.0 0.0 
113 0.9140712945590993 0.9140712945590993 0.9140712945590993 0.0 0.0 0.0 0.0 0.0 0.0 0.0 0.0 0.0 0.0 0.0 0.0 0.0 0.0 0.0 0.0 0.0 0.0 
114 0.9140712945590993 0.9140712945590993 0.9140712945590993 0.0 0.0 0.0 0.0 0.0 0.0 0.0 0.0 0.0 0.0 0.0 0.0 0.0 0.0 0.0 0.0 0.0 0.0 
115 0.9140712945590993 0.9140712945590993 0.9140712945590993 0.0 0.0 0.0 0.0 0.0 0.0 0.0 0.0 0.0 0.0 0.0 0.0 0.0 0.0 0.0 0.0 0.0 0.0 
116 0.9140712945590993 0.9140712945590993 0.9140712945590993 0.0 0.0 0.0 0.0 0.0 0.0 0.0 0.0 0.0 0.0 0.0 0.0 0.0 0.0 0.0 0.0 0.0 0.0 
117 0.9140712945590993 0.9140712945590993 0.9140712945590993 0.0 0.0 0.0 0.0 0.0 0.0 0.0 0.0 0.0 0.0 0.0 0.0 0.0 0.0 0.0 0.0 0.0 0.0 
118 0.9140712945590993 0.9140712945590993 0.9140712945590993 0.0 0.0 0.0 0.0 0.0 0.0 0.0 0.0 0.0 0.0 0.0 0.0 0.0 0.0 0.0 0.0 0.0 0.0 
119 0.9140712945590993 0.9140712945590993 0.9140712945590993 0.0 0.0 0.0 0.0 0.0 0.0 0.0 0.0 0.0 0.0 0.0 0.0 0.0 0.0 0.0 0.0 0.0 0.0 
120 0.9140712945590993 0.9140712945590993 0.9140712945590993 0.0 0.0 0.0 0.0 0.0 0.0 0.0 0.0 0.0 0.0 0.0 0.0 0.0 0.0 0.0 0.0 0.0 0.0 
121 0.9140712945590993 0.9140712945590993 0.9140712945590993 0.0 0.0 0.0 0.0 0.0 0.0 0.0 0.0 0.0 0.0 0.0 0.0 0.0 0.0 0.0 0.0 0.0 0.0 
122 0.9140712945590993 0.9140712945590993 0.9140712945590993 0.0 0.0 0.0 0.0 0.0 0.0 0.0 0.0 0.0 0.0 0.0 0.0 0.0 0.0 0.0 0.0 0.0 0.0 
123 0.9140712945590993 0.9140712945590993 0.9140712945590993 0.0 0.0 0.0 0.0 0.0 0.0 0.0 0.0 0.0 0.0 0.0 0.0 0.0 0.0 0.0 0.0 0.0 0.0 
124 0.9140712945590993 0.9140712945590993 0.9140712945590993 0.0 0.0 0.0 0.0 0.0 0.0 0.0 0.0 0.0 0.0 0.0 0.0 0.0 0.0 0.0 0.0 0.0 0.0 
125 0.9140712945590993 0.9140712945590993 0.9140712945590993 0.0 0.0 0.0 0.0 0.0 0.0 0.0 0.0 0.0 0.0 0.0 0.0 0.0 0.0 0.0 0.0 0.0 0.0 
126 0.9140712945590993 0.9140712945590993 0.9140712945590993 0.0 0.0 0.0 0.0 0.0 0.0 0.0 0.0 0.0 0.0 0.0 0.0 0.0 0.0 0.0 0.0 0.0 0.0 
127 0.9140712945590993 0.9140712945590993 0.9140712945590993 0.0 0.0 0.0 0.0 0.0 0.0 0.0 0.0 0.0 0.0 0.0 0.0 0.0 0.0 0.0 0.0 0.0 0.0 
128 0.9140712945590993 0.9140712945590993 0.9140712945590993 0.0 0.0 0.0 0.0 0.0 0.0 0.0 0.0 0.0 0.0 0.0 0.0 0.0 0.0 0.0 0.0 0.0 0.0 
129 0.9140712945590993 0.9140712945590993 0.9140712945590993 0.0 0.0 0.0 0.0 0.0 0.0 0.0 0.0 0.0 0.0 0.0 0.0 0.0 0.0 0.0 0.0 0.0 0.0 
130 0.9140712945590993 0.9140712945590993 0.9140712945590993 0.0 0.0 0.0 0.0 0.0 0.0 0.0 0.0 0.0 0.0 0.0 0.0 0.0 0.0 0.0 0.0 0.0 0.0 
131 0.9140712945590993 0.9140712945590993 0.9140712945590993 0.0 0.0 0.0 0.0 0.0 0.0 0.0 0.0 0.0 0.0 0.0 0.0 0.0 0.0 0.0 0.0 0.0 0.0 
132 0.9140712945590993 0.9140712945590993 0.9140712945590993 0.0 0.0 0.0 0.0 0.0 0.0 0.0 0.0 0.0 0.0 0.0 0.0 0.0 0.0 0.0 0.0 0.0 0.0 
133 0.9140712945590993 0.9140712945590993 0.9140712945590993 0.0 0.0 0.0 0.0 0.0 0.0 0.0 0.0 0.0 0.0 0.0 0.0 0.0 0.0 0.0 0.0 0.0 0.0 
134 0.9140712945590993 0.9140712945590993 0.9140712945590993 0.0 0.0 0.0 0.0 0.0 0.0 0.0 0.0 0.0 0.0 0.0 0.0 0.0 0.0 0.0 0.0 0.0 0.0 
135 0.9140712945590993 0.9140712945590993 0.9140712945590993 0.0 0.0 0.0 0.0 0.0 0.0 0.0 0.0 0.0 0.0 0.0 0.0 0.0 0.0 0.0 0.0 0.0 0.0 
136 0.9140712945590993 0.9140712945590993 0.9140712945590993 0.0 0.0 0.0 0.0 0.0 0.0 0.0 0.0 0.0 0.0 0.0 0.0 0.0 0.0 0.0 0.0 0.0 0.0 
137 0.9140712945590993 0.9140712945590993 0.9140712945590993 0.0 0.0 0.0 0.0 0.0 0.0 0.0 0.0 0.0 0.0 0.0 0.0 0.0 0.0 0.0 0.0 0.0 0.0 
138 0.9140712945590993 0.9140712945590993 0.9140712945590993 0.0 0.0 0.0 0.0 0.0 0.0 0.0 0.0 0.0 0.0 0.0 0.0 0.0 0.0 0.0 0.0 0.0 0.0 
139 0.9140712945590993 0.9140712945590993 0.9140712945590993 0.0 0.0 0.0 0.0 0.0 0.0 0.0 0.0 0.0 0.0 0.0 0.0 0.0 0.0 0.0 0.0 0.0 0.0 
140 0.9140712945590993 0.9140712945590993 0.9140712945590993 0.0 0.0 0.0 0.0 0.0 0.0 0.0 0.0 0.0 0.0 0.0 0.0 0.0 0.0 0.0 0.0 0.0 0.0 
141 0.9140712945590993 0.9140712945590993 0.9140712945590993 0.0 0.0 0.0 0.0 0.0 0.0 0.0 0.0 0.0 0.0 0.0 0.0 0.0 0.0 0.0 0.0 0.0 0.0 
142 0.9140712945590993 0.9140712945590993 0.9140712945590993 0.0 0.0 0.0 0.0 0.0 0.0 0.0 0.0 0.0 0.0 0.0 0.0 0.0 0.0 0.0 0.0 0.0 0.0 
143 0.9140712945590993 0.9140712945590993 0.9140712945590993 0.04323276450511945 0.0 0.0 0.0 0.0 0.0 0.0 0.0 0.0 0.0 0.0 0.0 0.0 0.0 0.0 0.0 0.0 0.0 
144 0.9140712945590993 0.9140712945590993 0.9140712945590993 0.047043153942428036 0.0 0.0 0.0 0.0 0.0 0.0 0.0 0.0 0.0 0.0 0.0 0.0 0.0 0.0 0.0 0.0 0.0 
145 0.9140712945590993 0.9140712945590993 0.9140712945590993 0.13301652472795497 0.0 0.0 0.0 0.0 0.0 0.0 0.0 0.0 0.0 0.0 0.0 0.0 0.0 0.0 0.0 0.0 0.0 
146 0.9140712945590993 0.9140712945590993 0.9140712945590993 0.2164336804762022 0.0 0.0 0.0 0.0 0.0 0.0 0.0 0.0 0.0 0.0 0.0 0.0 0.0 0.0 0.0 0.0 0.0 
147 0.9140712945590993 0.9140712945590993 0.9140712945590993 0.3099419923064097 0.0 0.0 0.0 0.0 0.0 0.0 0.0 0.0 0.0 0.0 0.0 0.0 0.0 0.0 0.0 0.0 0.0 
148 0.9140712945590993 0.9140712945590993 0.9140712945590993 0.43944845805256644 0.0 0.0 0.0 0.0 0.0 0.0 0.0 0.0 0.0 0.0 0.0 0.0 0.0 0.0 0.0 0.0 0.0 
149 0.9140712945590993 0.9140712945590993 0.9140712945590993 0.584963839915819 0.0 0.0 0.0 0.0 0.0 0.0 0.0 0.0 0.0 0.0 0.0 0.0 0.0 0.0 0.0 0.0 0.0 
150 0.9140712945590993 0.9140712945590993 0.9140712945590993 0.7014484343954387 0.0 0.0 0.0 0.0 0.0 0.0 0.0 0.0 0.0 0.0 0.0 0.0 0.0 0.0 0.0 0.0 0.0 
151 0.9140712945590993 0.9140712945590993 0.9140712945590993 0.8205008552319166 0.0 0.0 0.0 0.0 0.0 0.0 0.0 0.0 0.0 0.0 0.0 0.0 0.0 0.0 0.0 0.0 0.0 
152 0.9140712945590993 0.9140712945590993 0.9140712945590993 0.8672699495261877 0.0 0.0 0.0 0.0 0.0 0.0 0.0 0.0 0.0 0.0 0.0 0.0 0.0 0.0 0.0 0.0 0.0 
153 0.9140712945590993 0.9140712945590993 0.9140712945590993 0.868298253394936 0.0 0.0 0.0 0.0 0.0 0.0 0.0 0.0 0.0 0.0 0.0 0.0 0.0 0.0 0.0 0.0 0.0 
154 0.9140712945590993 0.9140712945590993 0.9140712945590993 0.9138349168801166 0.0 0.0 0.0 0.0 0.0 0.0 0.0 0.0 0.0 0.0 0.0 0.0 0.0 0.0 0.0 0.0 0.0 
155 0.9140712945590993 0.9140712945590993 0.9140712945590993 0.9140542203971821 0.0 0.0 0.0 0.0 0.0 0.0 0.0 0.0 0.0 0.0 0.0 0.0 0.0 0.0 0.0 0.0 0.0 
156 0.9140712945590993 0.9140712945590993 0.9140712945590993 0.9140712945590993 0.0 0.0 0.0 0.0 0.0 0.0 0.0 0.0 0.0 0.0 0.0 0.0 0.0 0.0 0.0 0.0 0.0 
157 0.9140712945590993 0.9140712945590993 0.9140712945590993 0.9140712945590993 0.0 0.0 0.0 0.0 0.0 0.0 0.0 0.0 0.0 0.0 0.0 0.0 0.0 0.0 0.0 0.0 0.0 
158 0.9140712945590993 0.9140712945590993 0.9140712945590993 0.9140712945590993 0.0 0.0 0.0 0.0 0.0 0.0 0.0 0.0 0.0 0.0 0.0 0.0 0.0 0.0 0.0 0.0 0.0 
159 0.9140712945590993 0.9140712945590993 0.9140712945590993 0.9140712945590993 0.0 0.0 0.0 0.0 0.0 0.0 0.0 0.0 0.0 0.0 0.0 0.0 0.0 0.0 0.0 0.0 0.0 
160 0.9140712945590993 0.9140712945590993 0.9140712945590993 0.9140712945590993 0.0 0.0 0.0 0.0 0.0 0.0 0.0 0.0 0.0 0.0 0.0 0.0 0.0 0.0 0.0 0.0 0.0 
161 0.9140712945590993 0.9140712945590993 0.9140712945590993 0.9140712945590993 0.0 0.0 0.0 0.0 0.0 0.0 0.0 0.0 0.0 0.0 0.0 0.0 0.0 0.0 0.0 0.0 0.0 
162 0.9140712945590993 0.9140712945590993 0.9140712945590993 0.9140712945590993 0.0 0.0 0.0 0.0 0.0 0.0 0.0 0.0 0.0 0.0 0.0 0.0 0.0 0.0 0.0 0.0 0.0 
163 0.9140712945590993 0.9140712945590993 0.9140712945590993 0.9140712945590993 0.0 0.0 0.0 0.0 0.0 0.0 0.0 0.0 0.0 0.0 0.0 0.0 0.0 0.0 0.0 0.0 0.0 
164 0.9140712945590993 0.9140712945590993 0.9140712945590993 0.9140712945590993 0.0 0.0 0.0 0.0 0.0 0.0 0.0 0.0 0.0 0.0 0.0 0.0 0.0 0.0 0.0 0.0 0.0 
165 0.9140712945590993 0.9140712945590993 0.9140712945590993 0.9140712945590993 0.0 0.0 0.0 0.0 0.0 0.0 0.0 0.0 0.0 0.0 0.0 0.0 0.0 0.0 0.0 0.0 0.0 
166 0.9140712945590993 0.9140712945590993 0.9140712945590993 0.9140712945590993 0.0 0.0 0.0 0.0 0.0 0.0 0.0 0.0 0.0 0.0 0.0 0.0 0.0 0.0 0.0 0.0 0.0 
167 0.9140712945590993 0.9140712945590993 0.9140712945590993 0.9140712945590993 0.0 0.0 0.0 0.0 0.0 0.0 0.0 0.0 0.0 0.0 0.0 0.0 0.0 0.0 0.0 0.0 0.0 
168 0.9140712945590993 0.9140712945590993 0.9140712945590993 0.9140712945590993 0.0 0.0 0.0 0.0 0.0 0.0 0.0 0.0 0.0 0.0 0.0 0.0 0.0 0.0 0.0 0.0 0.0 
169 0.9140712945590993 0.9140712945590993 0.9140712945590993 0.9140712945590993 0.0 0.0 0.0 0.0 0.0 0.0 0.0 0.0 0.0 0.0 0.0 0.0 0.0 0.0 0.0 0.0 0.0 
170 0.9140712945590993 0.9140712945590993 0.9140712945590993 0.9140712945590993 0.0 0.0 0.0 0.0 0.0 0.0 0.0 0.0 0.0 0.0 0.0 0.0 0.0 0.0 0.0 0.0 0.0 
171 0.9140712945590993 0.9140712945590993 0.9140712945590993 0.9140712945590993 0.0 0.0 0.0 0.0 0.0 0.0 0.0 0.0 0.0 0.0 0.0 0.0 0.0 0.0 0.0 0.0 0.0 
172 0.9140712945590993 0.9140712945590993 0.9140712945590993 0.9140712945590993 0.0 0.0 0.0 0.0 0.0 0.0 0.0 0.0 0.0 0.0 0.0 0.0 0.0 0.0 0.0 0.0 0.0 
173 0.9140712945590993 0.9140712945590993 0.9140712945590993 0.9140712945590993 0.0 0.0 0.0 0.0 0.0 0.0 0.0 0.0 0.0 0.0 0.0 0.0 0.0 0.0 0.0 0.0 0.0 
174 0.9140712945590993 0.9140712945590993 0.9140712945590993 0.9140712945590993 0.0 0.0 0.0 0.0 0.0 0.0 0.0 0.0 0.0 0.0 0.0 0.0 0.0 0.0 0.0 0.0 0.0 
175 0.9140712945590993 0.9140712945590993 0.9140712945590993 0.9140712945590993 0.0 0.0 0.0 0.0 0.0 0.0 0.0 0.0 0.0 0.0 0.0 0.0 0.0 0.0 0.0 0.0 0.0 
176 0.9140712945590993 0.9140712945590993 0.9140712945590993 0.9140712945590993 0.0 0.0 0.0 0.0 0.0 0.0 0.0 0.0 0.0 0.0 0.0 0.0 0.0 0.0 0.0 0.0 0.0 
177 0.9140712945590993 0.9140712945590993 0.9140712945590993 0.9140712945590993 0.0 0.0 0.0 0.0 0.0 0.0 0.0 0.0 0.0 0.0 0.0 0.0 0.0 0.0 0.0 0.0 0.0 
178 0.9140712945590993 0.9140712945590993 0.9140712945590993 0.9140712945590993 0.0 0.0 0.0 0.0 0.0 0.0 0.0 0.0 0.0 0.0 0.0 0.0 0.0 0.0 0.0 0.0 0.0 
179 0.9140712945590993 0.9140712945590993 0.9140712945590993 0.9140712945590993 0.0 0.0 0.0 0.0 0.0 0.0 0.0 0.0 0.0 0.0 0.0 0.0 0.0 0.0 0.0 0.0 0.0 
180 0.9140712945590993 0.9140712945590993 0.9140712945590993 0.9140712945590993 0.0 0.0 0.0 0.0 0.0 0.0 0.0 0.0 0.0 0.0 0.0 0.0 0.0 0.0 0.0 0.0 0.0 
181 0.9140712945590993 0.9140712945590993 0.9140712945590993 0.9140712945590993 0.0 0.0 0.0 0.0 0.0 0.0 0.0 0.0 0.0 0.0 0.0 0.0 0.0 0.0 0.0 0.0 0.0 
182 0.9140712945590993 0.9140712945590993 0.9140712945590993 0.9140712945590993 0.0 0.0 0.0 0.0 0.0 0.0 0.0 0.0 0.0 0.0 0.0 0.0 0.0 0.0 0.0 0.0 0.0 
183 0.9140712945590993 0.9140712945590993 0.9140712945590993 0.9140712945590993 0.0 0.0 0.0 0.0 0.0 0.0 0.0 0.0 0.0 0.0 0.0 0.0 0.0 0.0 0.0 0.0 0.0 
184 0.9140712945590993 0.9140712945590993 0.9140712945590993 0.9140712945590993 0.0 0.0 0.0 0.0 0.0 0.0 0.0 0.0 0.0 0.0 0.0 0.0 0.0 0.0 0.0 0.0 0.0 
185 0.9140712945590993 0.9140712945590993 0.9140712945590993 0.9140712945590993 0.0 0.0 0.0 0.0 0.0 0.0 0.0 0.0 0.0 0.0 0.0 0.0 0.0 0.0 0.0 0.0 0.0 
186 0.9140712945590993 0.9140712945590993 0.9140712945590993 0.9140712945590993 0.0 0.0 0.0 0.0 0.0 0.0 0.0 0.0 0.0 0.0 0.0 0.0 0.0 0.0 0.0 0.0 0.0 
187 0.9140712945590993 0.9140712945590993 0.9140712945590993 0.9140712945590993 0.0 0.0 0.0 0.0 0.0 0.0 0.0 0.0 0.0 0.0 0.0 0.0 0.0 0.0 0.0 0.0 0.0 
188 0.9140712945590993 0.9140712945590993 0.9140712945590993 0.9140712945590993 0.0 0.0 0.0 0.0 0.0 0.0 0.0 0.0 0.0 0.0 0.0 0.0 0.0 0.0 0.0 0.0 0.0 
189 0.9140712945590993 0.9140712945590993 0.9140712945590993 0.9140712945590993 0.0 0.0 0.0 0.0 0.0 0.0 0.0 0.0 0.0 0.0 0.0 0.0 0.0 0.0 0.0 0.0 0.0 
190 0.9140712945590993 0.9140712945590993 0.9140712945590993 0.9140712945590993 0.0 0.0 0.0 0.0 0.0 0.0 0.0 0.0 0.0 0.0 0.0 0.0 0.0 0.0 0.0 0.0 0.0 
191 0.9140712945590993 0.9140712945590993 0.9140712945590993 0.9140712945590993 0.0 0.0 0.0 0.0 0.0 0.0 0.0 0.0 0.0 0.0 0.0 0.0 0.0 0.0 0.0 0.0 0.0 
192 0.9140712945590993 0.9140712945590993 0.9140712945590993 0.9140712945590993 0.0 0.0 0.0 0.0 0.0 0.0 0.0 0.0 0.0 0.0 0.0 0.0 0.0 0.0 0.0 0.0 0.0 
193 0.9140712945590993 0.9140712945590993 0.9140712945590993 0.9140712945590993 0.06891334397677794 0.0 0.0 0.0 0.0 0.0 0.0 0.0 0.0 0.0 0.0 0.0 0.0 0.0 0.0 0.0 0.0 
194 0.9140712945590993 0.9140712945590993 0.9140712945590993 0.9140712945590993 0.13062013003095976 0.0 0.0 0.0 0.0 0.0 0.0 0.0 0.0 0.0 0.0 0.0 0.0 0.0 0.0 0.0 0.0 
195 0.9140712945590993 0.9140712945590993 0.9140712945590993 0.9140712945590993 0.2647809397457011 0.0 0.0 0.0 0.0 0.0 0.0 0.0 0.0 0.0 0.0 0.0 0.0 0.0 0.0 0.0 0.0 
196 0.9140712945590993 0.9140712945590993 0.9140712945590993 0.9140712945590993 0.40447748962750696 0.0 0.0 0.0 0.0 0.0 0.0 0.0 0.0 0.0 0.0 0.0 0.0 0.0 0.0 0.0 0.0 
197 0.9140712945590993 0.9140712945590993 0.9140712945590993 0.9140712945590993 0.4559080617157547 0.0 0.0 0.0 0.0 0.0 0.0 0.0 0.0 0.0 0.0 0.0 0.0 0.0 0.0 0.0 0.0 
198 0.9140712945590993 0.9140712945590993 0.9140712945590993 0.9140712945590993 0.5466904605077436 0.0 0.0 0.0 0.0 0.0 0.0 0.0 0.0 0.0 0.0 0.0 0.0 0.0 0.0 0.0 0.0 
199 0.9140712945590993 0.9140712945590993 0.9140712945590993 0.9140712945590993 0.6377107884325197 0.0 0.0 0.0 0.0 0.0 0.0 0.0 0.0 0.0 0.0 0.0 0.0 0.0 0.0 0.0 0.0 
200 0.9140712945590993 0.9140712945590993 0.9140712945590993 0.9140712945590993 0.7422902029773135 0.0 0.0 0.0 0.0 0.0 0.0 0.0 0.0 0.0 0.0 0.0 0.0 0.0 0.0 0.0 0.0 
201 0.9140712945590993 0.9140712945590993 0.9140712945590993 0.9140712945590993 0.7761404848559759 0.0 0.0 0.0 0.0 0.0 0.0 0.0 0.0 0.0 0.0 0.0 0.0 0.0 0.0 0.0 0.0 
202 0.9140712945590993 0.9140712945590993 0.9140712945590993 0.9140712945590993 0.8215295741088179 0.0 0.0 0.0 0.0 0.0 0.0 0.0 0.0 0.0 0.0 0.0 0.0 0.0 0.0 0.0 0.0 
203 0.9140712945590993 0.9140712945590993 0.9140712945590993 0.9140712945590993 0.8640184894765728 0.0 0.0 0.0 0.0 0.0 0.0 0.0 0.0 0.0 0.0 0.0 0.0 0.0 0.0 0.0 0.0 
204 0.9140712945590993 0.9140712945590993 0.9140712945590993 0.9140712945590993 0.907962018318585 0.0 0.0 0.0 0.0 0.0 0.0 0.0 0.0 0.0 0.0 0.0 0.0 0.0 0.0 0.0 0.0 
205 0.9140712945590993 0.9140712945590993 0.9140712945590993 0.9140712945590993 0.9139601957623616 0.0 0.0 0.0 0.0 0.0 0.0 0.0 0.0 0.0 0.0 0.0 0.0 0.0 0.0 0.0 0.0 
206 0.9140712945590993 0.9140712945590993 0.9140712945590993 0.9140712945590993 0.9140369518425295 0.0 0.0 0.0 0.0 0.0 0.0 0.0 0.0 0.0 0.0 0.0 0.0 0.0 0.0 0.0 0.0 
207 0.9140712945590993 0.9140712945590993 0.9140712945590993 0.9140712945590993 0.9140712945590993 0.0 0.0 0.0 0.0 0.0 0.0 0.0 0.0 0.0 0.0 0.0 0.0 0.0 0.0 0.0 0.0 
208 0.9140712945590993 0.9140712945590993 0.9140712945590993 0.9140712945590993 0.9140712945590993 0.0 0.0 0.0 0.0 0.0 0.0 0.0 0.0 0.0 0.0 0.0 0.0 0.0 0.0 0.0 0.0 
209 0.9140712945590993 0.9140712945590993 0.9140712945590993 0.9140712945590993 0.9140712945590993 0.0 0.0 0.0 0.0 0.0 0.0 0.0 0.0 0.0 0.0 0.0 0.0 0.0 0.0 0.0 0.0 
210 0.9140712945590993 0.9140712945590993 0.9140712945590993 0.9140712945590993 0.9140712945590993 0.0 0.0 0.0 0.0 0.0 0.0 0.0 0.0 0.0 0.0 0.0 0.0 0.0 0.0 0.0 0.0 
211 0.9140712945590993 0.9140712945590993 0.9140712945590993 0.9140712945590993 0.9140712945590993 0.0 0.0 0.0 0.0 0.0 0.0 0.0 0.0 0.0 0.0 0.0 0.0 0.0 0.0 0.0 0.0 
212 0.9140712945590993 0.9140712945590993 0.9140712945590993 0.9140712945590993 0.9140712945590993 0.0 0.0 0.0 0.0 0.0 0.0 0.0 0.0 0.0 0.0 0.0 0.0 0.0 0.0 0.0 0.0 
213 0.9140712945590993 0.9140712945590993 0.9140712945590993 0.9140712945590993 0.9140712945590993 0.0 0.0 0.0 0.0 0.0 0.0 0.0 0.0 0.0 0.0 0.0 0.0 0.0 0.0 0.0 0.0 
214 0.9140712945590993 0.9140712945590993 0.9140712945590993 0.9140712945590993 0.9140712945590993 0.0 0.0 0.0 0.0 0.0 0.0 0.0 0.0 0.0 0.0 0.0 0.0 0.0 0.0 0.0 0.0 
215 0.9140712945590993 0.9140712945590993 0.9140712945590993 0.9140712945590993 0.9140712945590993 0.0 0.0 0.0 0.0 0.0 0.0 0.0 0.0 0.0 0.0 0.0 0.0 0.0 0.0 0.0 0.0 
216 0.9140712945590993 0.9140712945590993 0.9140712945590993 0.9140712945590993 0.9140712945590993 0.0 0.0 0.0 0.0 0.0 0.0 0.0 0.0 0.0 0.0 0.0 0.0 0.0 0.0 0.0 0.0 
217 0.9140712945590993 0.9140712945590993 0.9140712945590993 0.9140712945590993 0.9140712945590993 0.0 0.0 0.0 0.0 0.0 0.0 0.0 0.0 0.0 0.0 0.0 0.0 0.0 0.0 0.0 0.0 
218 0.9140712945590993 0.9140712945590993 0.9140712945590993 0.9140712945590993 0.9140712945590993 0.0 0.0 0.0 0.0 0.0 0.0 0.0 0.0 0.0 0.0 0.0 0.0 0.0 0.0 0.0 0.0 
219 0.9140712945590993 0.9140712945590993 0.9140712945590993 0.9140712945590993 0.9140712945590993 0.0 0.0 0.0 0.0 0.0 0.0 0.0 0.0 0.0 0.0 0.0 0.0 0.0 0.0 0.0 0.0 
220 0.9140712945590993 0.9140712945590993 0.9140712945590993 0.9140712945590993 0.9140712945590993 0.0 0.0 0.0 0.0 0.0 0.0 0.0 0.0 0.0 0.0 0.0 0.0 0.0 0.0 0.0 0.0 
221 0.9140712945590993 0.9140712945590993 0.9140712945590993 0.9140712945590993 0.9140712945590993 0.0 0.0 0.0 0.0 0.0 0.0 0.0 0.0 0.0 0.0 0.0 0.0 0.0 0.0 0.0 0.0 
222 0.9140712945590993 0.9140712945590993 0.9140712945590993 0.9140712945590993 0.9140712945590993 0.0 0.0 0.0 0.0 0.0 0.0 0.0 0.0 0.0 0.0 0.0 0.0 0.0 0.0 0.0 0.0 
223 0.9140712945590993 0.9140712945590993 0.9140712945590993 0.9140712945590993 0.9140712945590993 0.0 0.0 0.0 0.0 0.0 0.0 0.0 0.0 0.0 0.0 0.0 0.0 0.0 0.0 0.0 0.0 
224 0.9140712945590993 0.9140712945590993 0.9140712945590993 0.9140712945590993 0.9140712945590993 0.0 0.0 0.0 0.0 0.0 0.0 0.0 0.0 0.0 0.0 0.0 0.0 0.0 0.0 0.0 0.0 
225 0.9140712945590993 0.9140712945590993 0.9140712945590993 0.9140712945590993 0.9140712945590993 0.0 0.0 0.0 0.0 0.0 0.0 0.0 0.0 0.0 0.0 0.0 0.0 0.0 0.0 0.0 0.0 
226 0.9140712945590993 0.9140712945590993 0.9140712945590993 0.9140712945590993 0.9140712945590993 0.0 0.0 0.0 0.0 0.0 0.0 0.0 0.0 0.0 0.0 0.0 0.0 0.0 0.0 0.0 0.0 
227 0.9140712945590993 0.9140712945590993 0.9140712945590993 0.9140712945590993 0.9140712945590993 0.0 0.0 0.0 0.0 0.0 0.0 0.0 0.0 0.0 0.0 0.0 0.0 0.0 0.0 0.0 0.0 
228 0.9140712945590993 0.9140712945590993 0.9140712945590993 0.9140712945590993 0.9140712945590993 0.0 0.0 0.0 0.0 0.0 0.0 0.0 0.0 0.0 0.0 0.0 0.0 0.0 0.0 0.0 0.0 
229 0.9140712945590993 0.9140712945590993 0.9140712945590993 0.9140712945590993 0.9140712945590993 0.0 0.0 0.0 0.0 0.0 0.0 0.0 0.0 0.0 0.0 0.0 0.0 0.0 0.0 0.0 0.0 
230 0.9140712945590993 0.9140712945590993 0.9140712945590993 0.9140712945590993 0.9140712945590993 0.0 0.0 0.0 0.0 0.0 0.0 0.0 0.0 0.0 0.0 0.0 0.0 0.0 0.0 0.0 0.0 
231 0.9140712945590993 0.9140712945590993 0.9140712945590993 0.9140712945590993 0.9140712945590993 0.0 0.0 0.0 0.0 0.0 0.0 0.0 0.0 0.0 0.0 0.0 0.0 0.0 0.0 0.0 0.0 
232 0.9140712945590993 0.9140712945590993 0.9140712945590993 0.9140712945590993 0.9140712945590993 0.0 0.0 0.0 0.0 0.0 0.0 0.0 0.0 0.0 0.0 0.0 0.0 0.0 0.0 0.0 0.0 
233 0.9140712945590993 0.9140712945590993 0.9140712945590993 0.9140712945590993 0.9140712945590993 0.0 0.0 0.0 0.0 0.0 0.0 0.0 0.0 0.0 0.0 0.0 0.0 0.0 0.0 0.0 0.0 
234 0.9140712945590993 0.9140712945590993 0.9140712945590993 0.9140712945590993 0.9140712945590993 0.0 0.0 0.0 0.0 0.0 0.0 0.0 0.0 0.0 0.0 0.0 0.0 0.0 0.0 0.0 0.0 
235 0.9140712945590993 0.9140712945590993 0.9140712945590993 0.9140712945590993 0.9140712945590993 0.0 0.0 0.0 0.0 0.0 0.0 0.0 0.0 0.0 0.0 0.0 0.0 0.0 0.0 0.0 0.0 
236 0.9140712945590993 0.9140712945590993 0.9140712945590993 0.9140712945590993 0.9140712945590993 0.0 0.0 0.0 0.0 0.0 0.0 0.0 0.0 0.0 0.0 0.0 0.0 0.0 0.0 0.0 0.0 
237 0.9140712945590993 0.9140712945590993 0.9140712945590993 0.9140712945590993 0.9140712945590993 0.0 0.0 0.0 0.0 0.0 0.0 0.0 0.0 0.0 0.0 0.0 0.0 0.0 0.0 0.0 0.0 
238 0.9140712945590993 0.9140712945590993 0.9140712945590993 0.9140712945590993 0.9140712945590993 0.0 0.0 0.0 0.0 0.0 0.0 0.0 0.0 0.0 0.0 0.0 0.0 0.0 0.0 0.0 0.0 
239 0.9140712945590993 0.9140712945590993 0.9140712945590993 0.9140712945590993 0.9140712945590993 0.0 0.0 0.0 0.0 0.0 0.0 0.0 0.0 0.0 0.0 0.0 0.0 0.0 0.0 0.0 0.0 
240 0.9140712945590993 0.9140712945590993 0.9140712945590993 0.9140712945590993 0.9140712945590993 0.0 0.0 0.0 0.0 0.0 0.0 0.0 0.0 0.0 0.0 0.0 0.0 0.0 0.0 0.0 0.0 
241 0.9140712945590993 0.9140712945590993 0.9140712945590993 0.9140712945590993 0.9140712945590993 0.0 0.0 0.0 0.0 0.0 0.0 0.0 0.0 0.0 0.0 0.0 0.0 0.0 0.0 0.0 0.0 
242 0.9140712945590993 0.9140712945590993 0.9140712945590993 0.9140712945590993 0.9140712945590993 0.04474039603960396 0.0 0.0 0.0 0.0 0.0 0.0 0.0 0.0 0.0 0.0 0.0 0.0 0.0 0.0 0.0 
243 0.9140712945590993 0.9140712945590993 0.9140712945590993 0.9140712945590993 0.9140712945590993 0.08894597837837839 0.0 0.0 0.0 0.0 0.0 0.0 0.0 0.0 0.0 0.0 0.0 0.0 0.0 0.0 0.0 
244 0.9140712945590993 0.9140712945590993 0.9140712945590993 0.9140712945590993 0.9140712945590993 0.17384515024677624 0.0 0.0 0.0 0.0 0.0 0.0 0.0 0.0 0.0 0.0 0.0 0.0 0.0 0.0 0.0 
245 0.9140712945590993 0.9140712945590993 0.9140712945590993 0.9140712945590993 0.9140712945590993 0.2718088648088458 0.0 0.0 0.0 0.0 0.0 0.0 0.0 0.0 0.0 0.0 0.0 0.0 0.0 0.0 0.0 
246 0.9140712945590993 0.9140712945590993 0.9140712945590993 0.9140712945590993 0.9140712945590993 0.40040569903999357 0.0 0.0 0.0 0.0 0.0 0.0 0.0 0.0 0.0 0.0 0.0 0.0 0.0 0.0 0.0 
247 0.9140712945590993 0.9140712945590993 0.9140712945590993 0.9140712945590993 0.9140712945590993 0.543813191623092 0.0 0.0 0.0 0.0 0.0 0.0 0.0 0.0 0.0 0.0 0.0 0.0 0.0 0.0 0.0 
248 0.9140712945590993 0.9140712945590993 0.9140712945590993 0.9140712945590993 0.9140712945590993 0.6737768161771499 0.0 0.0 0.0 0.0 0.0 0.0 0.0 0.0 0.0 0.0 0.0 0.0 0.0 0.0 0.0 
249 0.9140712945590993 0.9140712945590993 0.9140712945590993 0.9140712945590993 0.9140712945590993 0.7273861493316502 0.0 0.0 0.0 0.0 0.0 0.0 0.0 0.0 0.0 0.0 0.0 0.0 0.0 0.0 0.0 
250 0.9140712945590993 0.9140712945590993 0.9140712945590993 0.9140712945590993 0.9140712945590993 0.775963923445128 0.0 0.0 0.0 0.0 0.0 0.0 0.0 0.0 0.0 0.0 0.0 0.0 0.0 0.0 0.0 
251 0.9140712945590993 0.9140712945590993 0.9140712945590993 0.9140712945590993 0.9140712945590993 0.822225054178997 0.0 0.0 0.0 0.0 0.0 0.0 0.0 0.0 0.0 0.0 0.0 0.0 0.0 0.0 0.0 
252 0.9140712945590993 0.9140712945590993 0.9140712945590993 0.9140712945590993 0.9140712945590993 0.8226414424269404 0.0 0.0 0.0 0.0 0.0 0.0 0.0 0.0 0.0 0.0 0.0 0.0 0.0 0.0 0.0 
253 0.9140712945590993 0.9140712945590993 0.9140712945590993 0.9140712945590993 0.9140712945590993 0.8226356003752343 0.0 0.0 0.0 0.0 0.0 0.0 0.0 0.0 0.0 0.0 0.0 0.0 0.0 0.0 0.0 
254 0.9140712945590993 0.9140712945590993 0.9140712945590993 0.9140712945590993 0.9140712945590993 0.8441339956116639 0.0 0.0 0.0 0.0 0.0 0.0 0.0 0.0 0.0 0.0 0.0 0.0 0.0 0.0 0.0 
255 0.9140712945590993 0.9140712945590993 0.9140712945590993 0.9140712945590993 0.9140712945590993 0.8679633991457425 0.0 0.0 0.0 0.0 0.0 0.0 0.0 0.0 0.0 0.0 0.0 0.0 0.0 0.0 0.0 
256 0.9140712945590993 0.9140712945590993 0.9140712945590993 0.9140712945590993 0.9140712945590993 0.8683391651031893 0.0 0.0 0.0 0.0 0.0 0.0 0.0 0.0 0.0 0.0 0.0 0.0 0.0 0.0 0.0 
257 0.9140712945590993 0.9140712945590993 0.9140712945590993 0.9140712945590993 0.9140712945590993 0.8683677298311443 0.0 0.0 0.0 0.0 0.0 0.0 0.0 0.0 0.0 0.0 0.0 0.0 0.0 0.0 0.0 
258 0.9140712945590993 0.9140712945590993 0.9140712945590993 0.9140712945590993 0.9140712945590993 0.9100669438049435 0.0 0.0 0.0 0.0 0.0 0.0 0.0 0.0 0.0 0.0 0.0 0.0 0.0 0.0 0.0 
259 0.9140712945590993 0.9140712945590993 0.9140712945590993 0.9140712945590993 0.9140712945590993 0.9138331549323591 0.0 0.0 0.0 0.0 0.0 0.0 0.0 0.0 0.0 0.0 0.0 0.0 0.0 0.0 0.0 
260 0.9140712945590993 0.9140712945590993 0.9140712945590993 0.9140712945590993 0.9140712945590993 0.9140656245679866 0.0 0.0 0.0 0.0 0.0 0.0 0.0 0.0 0.0 0.0 0.0 0.0 0.0 0.0 0.0 
261 0.9140712945590993 0.9140712945590993 0.9140712945590993 0.9140712945590993 0.9140712945590993 0.9140712945590993 0.0 0.0 0.0 0.0 0.0 0.0 0.0 0.0 0.0 0.0 0.0 0.0 0.0 0.0 0.0 
262 0.9140712945590993 0.9140712945590993 0.9140712945590993 0.9140712945590993 0.9140712945590993 0.9140712945590993 0.0 0.0 0.0 0.0 0.0 0.0 0.0 0.0 0.0 0.0 0.0 0.0 0.0 0.0 0.0 
263 0.9140712945590993 0.9140712945590993 0.9140712945590993 0.9140712945590993 0.9140712945590993 0.9140712945590993 0.0 0.0 0.0 0.0 0.0 0.0 0.0 0.0 0.0 0.0 0.0 0.0 0.0 0.0 0.0 
264 0.9140712945590993 0.9140712945590993 0.9140712945590993 0.9140712945590993 0.9140712945590993 0.9140712945590993 0.0 0.0 0.0 0.0 0.0 0.0 0.0 0.0 0.0 0.0 0.0 0.0 0.0 0.0 0.0 
265 0.9140712945590993 0.9140712945590993 0.9140712945590993 0.9140712945590993 0.9140712945590993 0.9140712945590993 0.0 0.0 0.0 0.0 0.0 0.0 0.0 0.0 0.0 0.0 0.0 0.0 0.0 0.0 0.0 
266 0.9140712945590993 0.9140712945590993 0.9140712945590993 0.9140712945590993 0.9140712945590993 0.9140712945590993 0.0 0.0 0.0 0.0 0.0 0.0 0.0 0.0 0.0 0.0 0.0 0.0 0.0 0.0 0.0 
267 0.9140712945590993 0.9140712945590993 0.9140712945590993 0.9140712945590993 0.9140712945590993 0.9140712945590993 0.0 0.0 0.0 0.0 0.0 0.0 0.0 0.0 0.0 0.0 0.0 0.0 0.0 0.0 0.0 
268 0.9140712945590993 0.9140712945590993 0.9140712945590993 0.9140712945590993 0.9140712945590993 0.9140712945590993 0.0 0.0 0.0 0.0 0.0 0.0 0.0 0.0 0.0 0.0 0.0 0.0 0.0 0.0 0.0 
269 0.9140712945590993 0.9140712945590993 0.9140712945590993 0.9140712945590993 0.9140712945590993 0.9140712945590993 0.0 0.0 0.0 0.0 0.0 0.0 0.0 0.0 0.0 0.0 0.0 0.0 0.0 0.0 0.0 
270 0.9140712945590993 0.9140712945590993 0.9140712945590993 0.9140712945590993 0.9140712945590993 0.9140712945590993 0.0 0.0 0.0 0.0 0.0 0.0 0.0 0.0 0.0 0.0 0.0 0.0 0.0 0.0 0.0 
271 0.9140712945590993 0.9140712945590993 0.9140712945590993 0.9140712945590993 0.9140712945590993 0.9140712945590993 0.0 0.0 0.0 0.0 0.0 0.0 0.0 0.0 0.0 0.0 0.0 0.0 0.0 0.0 0.0 
272 0.9140712945590993 0.9140712945590993 0.9140712945590993 0.9140712945590993 0.9140712945590993 0.9140712945590993 0.0 0.0 0.0 0.0 0.0 0.0 0.0 0.0 0.0 0.0 0.0 0.0 0.0 0.0 0.0 
273 0.9140712945590993 0.9140712945590993 0.9140712945590993 0.9140712945590993 0.9140712945590993 0.9140712945590993 0.0 0.0 0.0 0.0 0.0 0.0 0.0 0.0 0.0 0.0 0.0 0.0 0.0 0.0 0.0 
274 0.9140712945590993 0.9140712945590993 0.9140712945590993 0.9140712945590993 0.9140712945590993 0.9140712945590993 0.0 0.0 0.0 0.0 0.0 0.0 0.0 0.0 0.0 0.0 0.0 0.0 0.0 0.0 0.0 
275 0.9140712945590993 0.9140712945590993 0.9140712945590993 0.9140712945590993 0.9140712945590993 0.9140712945590993 0.0 0.0 0.0 0.0 0.0 0.0 0.0 0.0 0.0 0.0 0.0 0.0 0.0 0.0 0.0 
276 0.9140712945590993 0.9140712945590993 0.9140712945590993 0.9140712945590993 0.9140712945590993 0.9140712945590993 0.0 0.0 0.0 0.0 0.0 0.0 0.0 0.0 0.0 0.0 0.0 0.0 0.0 0.0 0.0 
277 0.9140712945590993 0.9140712945590993 0.9140712945590993 0.9140712945590993 0.9140712945590993 0.9140712945590993 0.0 0.0 0.0 0.0 0.0 0.0 0.0 0.0 0.0 0.0 0.0 0.0 0.0 0.0 0.0 
278 0.9140712945590993 0.9140712945590993 0.9140712945590993 0.9140712945590993 0.9140712945590993 0.9140712945590993 0.0 0.0 0.0 0.0 0.0 0.0 0.0 0.0 0.0 0.0 0.0 0.0 0.0 0.0 0.0 
279 0.9140712945590993 0.9140712945590993 0.9140712945590993 0.9140712945590993 0.9140712945590993 0.9140712945590993 0.0 0.0 0.0 0.0 0.0 0.0 0.0 0.0 0.0 0.0 0.0 0.0 0.0 0.0 0.0 
280 0.9140712945590993 0.9140712945590993 0.9140712945590993 0.9140712945590993 0.9140712945590993 0.9140712945590993 0.0 0.0 0.0 0.0 0.0 0.0 0.0 0.0 0.0 0.0 0.0 0.0 0.0 0.0 0.0 
281 0.9140712945590993 0.9140712945590993 0.9140712945590993 0.9140712945590993 0.9140712945590993 0.9140712945590993 0.0 0.0 0.0 0.0 0.0 0.0 0.0 0.0 0.0 0.0 0.0 0.0 0.0 0.0 0.0 
282 0.9140712945590993 0.9140712945590993 0.9140712945590993 0.9140712945590993 0.9140712945590993 0.9140712945590993 0.0 0.0 0.0 0.0 0.0 0.0 0.0 0.0 0.0 0.0 0.0 0.0 0.0 0.0 0.0 
283 0.9140712945590993 0.9140712945590993 0.9140712945590993 0.9140712945590993 0.9140712945590993 0.9140712945590993 0.0 0.0 0.0 0.0 0.0 0.0 0.0 0.0 0.0 0.0 0.0 0.0 0.0 0.0 0.0 
284 0.9140712945590993 0.9140712945590993 0.9140712945590993 0.9140712945590993 0.9140712945590993 0.9140712945590993 0.0 0.0 0.0 0.0 0.0 0.0 0.0 0.0 0.0 0.0 0.0 0.0 0.0 0.0 0.0 
285 0.9140712945590993 0.9140712945590993 0.9140712945590993 0.9140712945590993 0.9140712945590993 0.9140712945590993 0.0 0.0 0.0 0.0 0.0 0.0 0.0 0.0 0.0 0.0 0.0 0.0 0.0 0.0 0.0 
286 0.9140712945590993 0.9140712945590993 0.9140712945590993 0.9140712945590993 0.9140712945590993 0.9140712945590993 0.0 0.0 0.0 0.0 0.0 0.0 0.0 0.0 0.0 0.0 0.0 0.0 0.0 0.0 0.0 
287 0.9140712945590993 0.9140712945590993 0.9140712945590993 0.9140712945590993 0.9140712945590993 0.9140712945590993 0.0 0.0 0.0 0.0 0.0 0.0 0.0 0.0 0.0 0.0 0.0 0.0 0.0 0.0 0.0 
288 0.9140712945590993 0.9140712945590993 0.9140712945590993 0.9140712945590993 0.9140712945590993 0.9140712945590993 0.0 0.0 0.0 0.0 0.0 0.0 0.0 0.0 0.0 0.0 0.0 0.0 0.0 0.0 0.0 
289 0.9140712945590993 0.9140712945590993 0.9140712945590993 0.9140712945590993 0.9140712945590993 0.9140712945590993 0.0 0.0 0.0 0.0 0.0 0.0 0.0 0.0 0.0 0.0 0.0 0.0 0.0 0.0 0.0 
290 0.9140712945590993 0.9140712945590993 0.9140712945590993 0.9140712945590993 0.9140712945590993 0.9140712945590993 0.0 0.0 0.0 0.0 0.0 0.0 0.0 0.0 0.0 0.0 0.0 0.0 0.0 0.0 0.0 
291 0.9140712945590993 0.9140712945590993 0.9140712945590993 0.9140712945590993 0.9140712945590993 0.9140712945590993 0.04321397260273972 0.0 0.0 0.0 0.0 0.0 0.0 0.0 0.0 0.0 0.0 0.0 0.0 0.0 0.0 
292 0.9140712945590993 0.9140712945590993 0.9140712945590993 0.9140712945590993 0.9140712945590993 0.9140712945590993 0.04554260869565217 0.0 0.0 0.0 0.0 0.0 0.0 0.0 0.0 0.0 0.0 0.0 0.0 0.0 0.0 
293 0.9140712945590993 0.9140712945590993 0.9140712945590993 0.9140712945590993 0.9140712945590993 0.9140712945590993 0.12144916623171438 0.0 0.0 0.0 0.0 0.0 0.0 0.0 0.0 0.0 0.0 0.0 0.0 0.0 0.0 
294 0.9140712945590993 0.9140712945590993 0.9140712945590993 0.9140712945590993 0.9140712945590993 0.9140712945590993 0.20995513276186975 0.0 0.0 0.0 0.0 0.0 0.0 0.0 0.0 0.0 0.0 0.0 0.0 0.0 0.0 
295 0.9140712945590993 0.9140712945590993 0.9140712945590993 0.9140712945590993 0.9140712945590993 0.9140712945590993 0.2726290661717493 0.0 0.0 0.0 0.0 0.0 0.0 0.0 0.0 0.0 0.0 0.0 0.0 0.0 0.0 
296 0.9140712945590993 0.9140712945590993 0.9140712945590993 0.9140712945590993 0.9140712945590993 0.9140712945590993 0.40112227269417666 0.0 0.0 0.0 0.0 0.0 0.0 0.0 0.0 0.0 0.0 0.0 0.0 0.0 0.0 
297 0.9140712945590993 0.9140712945590993 0.9140712945590993 0.9140712945590993 0.9140712945590993 0.9140712945590993 0.49336197343566973 0.0 0.0 0.0 0.0 0.0 0.0 0.0 0.0 0.0 0.0 0.0 0.0 0.0 0.0 
298 0.9140712945590993 0.9140712945590993 0.9140712945590993 0.9140712945590993 0.9140712945590993 0.9140712945590993 0.6224433478302006 0.0 0.0 0.0 0.0 0.0 0.0 0.0 0.0 0.0 0.0 0.0 0.0 0.0 0.0 
299 0.9140712945590993 0.9140712945590993 0.9140712945590993 0.9140712945590993 0.9140712945590993 0.9140712945590993 0.7229279367276709 0.0 0.0 0.0 0.0 0.0 0.0 0.0 0.0 0.0 0.0 0.0 0.0 0.0 0.0 
300 0.9140712945590993 0.9140712945590993 0.9140712945590993 0.9140712945590993 0.9140712945590993 0.9140712945590993 0.7731687896806292 0.0 0.0 0.0 0.0 0.0 0.0 0.0 0.0 0.0 0.0 0.0 0.0 0.0 0.0 
301 0.9140712945590993 0.9140712945590993 0.9140712945590993 0.9140712945590993 0.9140712945590993 0.9140712945590993 0.7767933524789624 0.0 0.0 0.0 0.0 0.0 0.0 0.0 0.0 0.0 0.0 0.0 0.0 0.0 0.0 
302 0.9140712945590993 0.9140712945590993 0.9140712945590993 0.9140712945590993 0.9140712945590993 0.9140712945590993 0.7769606003752343 0.0 0.0 0.0 0.0 0.0 0.0 0.0 0.0 0.0 0.0 0.0 0.0 0.0 0.0 
303 0.9140712945590993 0.9140712945590993 0.9140712945590993 0.9140712945590993 0.9140712945590993 0.9140712945590993 0.8196363898489185 0.0 0.0 0.0 0.0 0.0 0.0 0.0 0.0 0.0 0.0 0.0 0.0 0.0 0.0 
304 0.9140712945590993 0.9140712945590993 0.9140712945590993 0.9140712945590993 0.9140712945590993 0.9140712945590993 0.8226584951120763 0.0 0.0 0.0 0.0 0.0 0.0 0.0 0.0 0.0 0.0 0.0 0.0 0.0 0.0 
305 0.9140712945590993 0.9140712945590993 0.9140712945590993 0.9140712945590993 0.9140712945590993 0.9140712945590993 0.8454525521999635 0.0 0.0 0.0 0.0 0.0 0.0 0.0 0.0 0.0 0.0 0.0 0.0 0.0 0.0 
306 0.9140712945590993 0.9140712945590993 0.9140712945590993 0.9140712945590993 0.9140712945590993 0.9140712945590993 0.868122988632601 0.0 0.0 0.0 0.0 0.0 0.0 0.0 0.0 0.0 0.0 0.0 0.0 0.0 0.0 
307 0.9140712945590993 0.9140712945590993 0.9140712945590993 0.9140712945590993 0.9140712945590993 0.9140712945590993 0.8683677298311443 0.0 0.0 0.0 0.0 0.0 0.0 0.0 0.0 0.0 0.0 0.0 0.0 0.0 0.0 
308 0.9140712945590993 0.9140712945590993 0.9140712945590993 0.9140712945590993 0.9140712945590993 0.9140712945590993 0.8683677298311443 0.0 0.0 0.0 0.0 0.0 0.0 0.0 0.0 0.0 0.0 0.0 0.0 0.0 0.0 
309 0.9140712945590993 0.9140712945590993 0.9140712945590993 0.9140712945590993 0.9140712945590993 0.9140712945590993 0.8683677298311443 0.0 0.0 0.0 0.0 0.0 0.0 0.0 0.0 0.0 0.0 0.0 0.0 0.0 0.0 
310 0.9140712945590993 0.9140712945590993 0.9140712945590993 0.9140712945590993 0.9140712945590993 0.9140712945590993 0.9128456190132024 0.0 0.0 0.0 0.0 0.0 0.0 0.0 0.0 0.0 0.0 0.0 0.0 0.0 0.0 
311 0.9140712945590993 0.9140712945590993 0.9140712945590993 0.9140712945590993 0.9140712945590993 0.9140712945590993 0.9139958836772981 0.0 0.0 0.0 0.0 0.0 0.0 0.0 0.0 0.0 0.0 0.0 0.0 0.0 0.0 
312 0.9140712945590993 0.9140712945590993 0.9140712945590993 0.9140712945590993 0.9140712945590993 0.9140712945590993 0.9140712945590993 0.0 0.0 0.0 0.0 0.0 0.0 0.0 0.0 0.0 0.0 0.0 0.0 0.0 0.0 
313 0.9140712945590993 0.9140712945590993 0.9140712945590993 0.9140712945590993 0.9140712945590993 0.9140712945590993 0.9140712945590993 0.0 0.0 0.0 0.0 0.0 0.0 0.0 0.0 0.0 0.0 0.0 0.0 0.0 0.0 
314 0.9140712945590993 0.9140712945590993 0.9140712945590993 0.9140712945590993 0.9140712945590993 0.9140712945590993 0.9140712945590993 0.0 0.0 0.0 0.0 0.0 0.0 0.0 0.0 0.0 0.0 0.0 0.0 0.0 0.0 
315 0.9140712945590993 0.9140712945590993 0.9140712945590993 0.9140712945590993 0.9140712945590993 0.9140712945590993 0.9140712945590993 0.0 0.0 0.0 0.0 0.0 0.0 0.0 0.0 0.0 0.0 0.0 0.0 0.0 0.0 
316 0.9140712945590993 0.9140712945590993 0.9140712945590993 0.9140712945590993 0.9140712945590993 0.9140712945590993 0.9140712945590993 0.0 0.0 0.0 0.0 0.0 0.0 0.0 0.0 0.0 0.0 0.0 0.0 0.0 0.0 
317 0.9140712945590993 0.9140712945590993 0.9140712945590993 0.9140712945590993 0.9140712945590993 0.9140712945590993 0.9140712945590993 0.0 0.0 0.0 0.0 0.0 0.0 0.0 0.0 0.0 0.0 0.0 0.0 0.0 0.0 
318 0.9140712945590993 0.9140712945590993 0.9140712945590993 0.9140712945590993 0.9140712945590993 0.9140712945590993 0.9140712945590993 0.0 0.0 0.0 0.0 0.0 0.0 0.0 0.0 0.0 0.0 0.0 0.0 0.0 0.0 
319 0.9140712945590993 0.9140712945590993 0.9140712945590993 0.9140712945590993 0.9140712945590993 0.9140712945590993 0.9140712945590993 0.0 0.0 0.0 0.0 0.0 0.0 0.0 0.0 0.0 0.0 0.0 0.0 0.0 0.0 
320 0.9140712945590993 0.9140712945590993 0.9140712945590993 0.9140712945590993 0.9140712945590993 0.9140712945590993 0.9140712945590993 0.0 0.0 0.0 0.0 0.0 0.0 0.0 0.0 0.0 0.0 0.0 0.0 0.0 0.0 
321 0.9140712945590993 0.9140712945590993 0.9140712945590993 0.9140712945590993 0.9140712945590993 0.9140712945590993 0.9140712945590993 0.0 0.0 0.0 0.0 0.0 0.0 0.0 0.0 0.0 0.0 0.0 0.0 0.0 0.0 
322 0.9140712945590993 0.9140712945590993 0.9140712945590993 0.9140712945590993 0.9140712945590993 0.9140712945590993 0.9140712945590993 0.0 0.0 0.0 0.0 0.0 0.0 0.0 0.0 0.0 0.0 0.0 0.0 0.0 0.0 
323 0.9140712945590993 0.9140712945590993 0.9140712945590993 0.9140712945590993 0.9140712945590993 0.9140712945590993 0.9140712945590993 0.0 0.0 0.0 0.0 0.0 0.0 0.0 0.0 0.0 0.0 0.0 0.0 0.0 0.0 
324 0.9140712945590993 0.9140712945590993 0.9140712945590993 0.9140712945590993 0.9140712945590993 0.9140712945590993 0.9140712945590993 0.0 0.0 0.0 0.0 0.0 0.0 0.0 0.0 0.0 0.0 0.0 0.0 0.0 0.0 
325 0.9140712945590993 0.9140712945590993 0.9140712945590993 0.9140712945590993 0.9140712945590993 0.9140712945590993 0.9140712945590993 0.0 0.0 0.0 0.0 0.0 0.0 0.0 0.0 0.0 0.0 0.0 0.0 0.0 0.0 
326 0.9140712945590993 0.9140712945590993 0.9140712945590993 0.9140712945590993 0.9140712945590993 0.9140712945590993 0.9140712945590993 0.0 0.0 0.0 0.0 0.0 0.0 0.0 0.0 0.0 0.0 0.0 0.0 0.0 0.0 
327 0.9140712945590993 0.9140712945590993 0.9140712945590993 0.9140712945590993 0.9140712945590993 0.9140712945590993 0.9140712945590993 0.0 0.0 0.0 0.0 0.0 0.0 0.0 0.0 0.0 0.0 0.0 0.0 0.0 0.0 
328 0.9140712945590993 0.9140712945590993 0.9140712945590993 0.9140712945590993 0.9140712945590993 0.9140712945590993 0.9140712945590993 0.0 0.0 0.0 0.0 0.0 0.0 0.0 0.0 0.0 0.0 0.0 0.0 0.0 0.0 
329 0.9140712945590993 0.9140712945590993 0.9140712945590993 0.9140712945590993 0.9140712945590993 0.9140712945590993 0.9140712945590993 0.0 0.0 0.0 0.0 0.0 0.0 0.0 0.0 0.0 0.0 0.0 0.0 0.0 0.0 
330 0.9140712945590993 0.9140712945590993 0.9140712945590993 0.9140712945590993 0.9140712945590993 0.9140712945590993 0.9140712945590993 0.0 0.0 0.0 0.0 0.0 0.0 0.0 0.0 0.0 0.0 0.0 0.0 0.0 0.0 
331 0.9140712945590993 0.9140712945590993 0.9140712945590993 0.9140712945590993 0.9140712945590993 0.9140712945590993 0.9140712945590993 0.0 0.0 0.0 0.0 0.0 0.0 0.0 0.0 0.0 0.0 0.0 0.0 0.0 0.0 
332 0.9140712945590993 0.9140712945590993 0.9140712945590993 0.9140712945590993 0.9140712945590993 0.9140712945590993 0.9140712945590993 0.0 0.0 0.0 0.0 0.0 0.0 0.0 0.0 0.0 0.0 0.0 0.0 0.0 0.0 
333 0.9140712945590993 0.9140712945590993 0.9140712945590993 0.9140712945590993 0.9140712945590993 0.9140712945590993 0.9140712945590993 0.0 0.0 0.0 0.0 0.0 0.0 0.0 0.0 0.0 0.0 0.0 0.0 0.0 0.0 
334 0.9140712945590993 0.9140712945590993 0.9140712945590993 0.9140712945590993 0.9140712945590993 0.9140712945590993 0.9140712945590993 0.0 0.0 0.0 0.0 0.0 0.0 0.0 0.0 0.0 0.0 0.0 0.0 0.0 0.0 
335 0.9140712945590993 0.9140712945590993 0.9140712945590993 0.9140712945590993 0.9140712945590993 0.9140712945590993 0.9140712945590993 0.0 0.0 0.0 0.0 0.0 0.0 0.0 0.0 0.0 0.0 0.0 0.0 0.0 0.0 
336 0.9140712945590993 0.9140712945590993 0.9140712945590993 0.9140712945590993 0.9140712945590993 0.9140712945590993 0.9140712945590993 0.0 0.0 0.0 0.0 0.0 0.0 0.0 0.0 0.0 0.0 0.0 0.0 0.0 0.0 
337 0.9140712945590993 0.9140712945590993 0.9140712945590993 0.9140712945590993 0.9140712945590993 0.9140712945590993 0.9140712945590993 0.0 0.0 0.0 0.0 0.0 0.0 0.0 0.0 0.0 0.0 0.0 0.0 0.0 0.0 
338 0.9140712945590993 0.9140712945590993 0.9140712945590993 0.9140712945590993 0.9140712945590993 0.9140712945590993 0.9140712945590993 0.0 0.0 0.0 0.0 0.0 0.0 0.0 0.0 0.0 0.0 0.0 0.0 0.0 0.0 
339 0.9140712945590993 0.9140712945590993 0.9140712945590993 0.9140712945590993 0.9140712945590993 0.9140712945590993 0.9140712945590993 0.0 0.0 0.0 0.0 0.0 0.0 0.0 0.0 0.0 0.0 0.0 0.0 0.0 0.0 
340 0.9140712945590993 0.9140712945590993 0.9140712945590993 0.9140712945590993 0.9140712945590993 0.9140712945590993 0.9140712945590993 0.0014329411764705882 0.0 0.0 0.0 0.0 0.0 0.0 0.0 0.0 0.0 0.0 0.0 0.0 0.0 
341 0.9140712945590993 0.9140712945590993 0.9140712945590993 0.9140712945590993 0.9140712945590993 0.9140712945590993 0.9140712945590993 0.04507428571428572 0.0 0.0 0.0 0.0 0.0 0.0 0.0 0.0 0.0 0.0 0.0 0.0 0.0 
342 0.9140712945590993 0.9140712945590993 0.9140712945590993 0.9140712945590993 0.9140712945590993 0.9140712945590993 0.9140712945590993 0.09009579827838235 0.0 0.0 0.0 0.0 0.0 0.0 0.0 0.0 0.0 0.0 0.0 0.0 0.0 
343 0.9140712945590993 0.9140712945590993 0.9140712945590993 0.9140712945590993 0.9140712945590993 0.9140712945590993 0.9140712945590993 0.18120573592711017 0.0 0.0 0.0 0.0 0.0 0.0 0.0 0.0 0.0 0.0 0.0 0.0 0.0 
344 0.9140712945590993 0.9140712945590993 0.9140712945590993 0.9140712945590993 0.9140712945590993 0.9140712945590993 0.9140712945590993 0.2699958753121831 0.0 0.0 0.0 0.0 0.0 0.0 0.0 0.0 0.0 0.0 0.0 0.0 0.0 
345 0.9140712945590993 0.9140712945590993 0.9140712945590993 0.9140712945590993 0.9140712945590993 0.9140712945590993 0.9140712945590993 0.3142016058072634 0.0 0.0 0.0 0.0 0.0 0.0 0.0 0.0 0.0 0.0 0.0 0.0 0.0 
346 0.9140712945590993 0.9140712945590993 0.9140712945590993 0.9140712945590993 0.9140712945590993 0.9140712945590993 0.9140712945590993 0.3979881170726697 0.0 0.0 0.0 0.0 0.0 0.0 0.0 0.0 0.0 0.0 0.0 0.0 0.0 
347 0.9140712945590993 0.9140712945590993 0.9140712945590993 0.9140712945590993 0.9140712945590993 0.9140712945590993 0.9140712945590993 0.45067837415491646 0.0 0.0 0.0 0.0 0.0 0.0 0.0 0.0 0.0 0.0 0.0 0.0 0.0 
348 0.9140712945590993 0.9140712945590993 0.9140712945590993 0.9140712945590993 0.9140712945590993 0.9140712945590993 0.9140712945590993 0.5455084915653198 0.0 0.0 0.0 0.0 0.0 0.0 0.0 0.0 0.0 0.0 0.0 0.0 0.0 
349 0.9140712945590993 0.9140712945590993 0.9140712945590993 0.9140712945590993 0.9140712945590993 0.9140712945590993 0.9140712945590993 0.6762715266821665 0.0 0.0 0.0 0.0 0.0 0.0 0.0 0.0 0.0 0.0 0.0 0.0 0.0 
350 0.9140712945590993 0.9140712945590993 0.9140712945590993 0.9140712945590993 0.9140712945590993 0.9140712945590993 0.9140712945590993 0.7297076164884733 0.0 0.0 0.0 0.0 0.0 0.0 0.0 0.0 0.0 0.0 0.0 0.0 0.0 
351 0.9140712945590993 0.9140712945590993 0.9140712945590993 0.9140712945590993 0.9140712945590993 0.9140712945590993 0.9140712945590993 0.7663969709757769 0.0 0.0 0.0 0.0 0.0 0.0 0.0 0.0 0.0 0.0 0.0 0.0 0.0 
352 0.9140712945590993 0.9140712945590993 0.9140712945590993 0.9140712945590993 0.9140712945590993 0.9140712945590993 0.9140712945590993 0.7768368793972793 0.0 0.0 0.0 0.0 0.0 0.0 0.0 0.0 0.0 0.0 0.0 0.0 0.0 
353 0.9140712945590993 0.9140712945590993 0.9140712945590993 0.9140712945590993 0.9140712945590993 0.9140712945590993 0.9140712945590993 0.8629177700039964 0.0 0.0 0.0 0.0 0.0 0.0 0.0 0.0 0.0 0.0 0.0 0.0 0.0 
354 0.9140712945590993 0.9140712945590993 0.9140712945590993 0.9140712945590993 0.9140712945590993 0.9140712945590993 0.9140712945590993 0.8679711003752344 0.0 0.0 0.0 0.0 0.0 0.0 0.0 0.0 0.0 0.0 0.0 0.0 0.0 
355 0.9140712945590993 0.9140712945590993 0.9140712945590993 0.9140712945590993 0.9140712945590993 0.9140712945590993 0.9140712945590993 0.8683333871145745 0.0 0.0 0.0 0.0 0.0 0.0 0.0 0.0 0.0 0.0 0.0 0.0 0.0 
356 0.9140712945590993 0.9140712945590993 0.9140712945590993 0.9140712945590993 0.9140712945590993 0.9140712945590993 0.9140712945590993 0.8683677298311443 0.0 0.0 0.0 0.0 0.0 0.0 0.0 0.0 0.0 0.0 0.0 0.0 0.0 
357 0.9140712945590993 0.9140712945590993 0.9140712945590993 0.9140712945590993 0.9140712945590993 0.9140712945590993 0.9140712945590993 0.8683677298311443 0.0 0.0 0.0 0.0 0.0 0.0 0.0 0.0 0.0 0.0 0.0 0.0 0.0 
358 0.9140712945590993 0.9140712945590993 0.9140712945590993 0.9140712945590993 0.9140712945590993 0.9140712945590993 0.9140712945590993 0.8873143964978109 0.0 0.0 0.0 0.0 0.0 0.0 0.0 0.0 0.0 0.0 0.0 0.0 0.0 
359 0.9140712945590993 0.9140712945590993 0.9140712945590993 0.9140712945590993 0.9140712945590993 0.9140712945590993 0.9140712945590993 0.9134086451629522 0.0 0.0 0.0 0.0 0.0 0.0 0.0 0.0 0.0 0.0 0.0 0.0 0.0 
360 0.9140712945590993 0.9140712945590993 0.9140712945590993 0.9140712945590993 0.9140712945590993 0.9140712945590993 0.9140712945590993 0.9140484859748117 0.0 0.0 0.0 0.0 0.0 0.0 0.0 0.0 0.0 0.0 0.0 0.0 0.0 
361 0.9140712945590993 0.9140712945590993 0.9140712945590993 0.9140712945590993 0.9140712945590993 0.9140712945590993 0.9140712945590993 0.9140712945590993 0.0 0.0 0.0 0.0 0.0 0.0 0.0 0.0 0.0 0.0 0.0 0.0 0.0 
362 0.9140712945590993 0.9140712945590993 0.9140712945590993 0.9140712945590993 0.9140712945590993 0.9140712945590993 0.9140712945590993 0.9140712945590993 0.0 0.0 0.0 0.0 0.0 0.0 0.0 0.0 0.0 0.0 0.0 0.0 0.0 
363 0.9140712945590993 0.9140712945590993 0.9140712945590993 0.9140712945590993 0.9140712945590993 0.9140712945590993 0.9140712945590993 0.9140712945590993 0.0 0.0 0.0 0.0 0.0 0.0 0.0 0.0 0.0 0.0 0.0 0.0 0.0 
364 0.9140712945590993 0.9140712945590993 0.9140712945590993 0.9140712945590993 0.9140712945590993 0.9140712945590993 0.9140712945590993 0.9140712945590993 0.0 0.0 0.0 0.0 0.0 0.0 0.0 0.0 0.0 0.0 0.0 0.0 0.0 
365 0.9140712945590993 0.9140712945590993 0.9140712945590993 0.9140712945590993 0.9140712945590993 0.9140712945590993 0.9140712945590993 0.9140712945590993 0.0 0.0 0.0 0.0 0.0 0.0 0.0 0.0 0.0 0.0 0.0 0.0 0.0 
366 0.9140712945590993 0.9140712945590993 0.9140712945590993 0.9140712945590993 0.9140712945590993 0.9140712945590993 0.9140712945590993 0.9140712945590993 0.0 0.0 0.0 0.0 0.0 0.0 0.0 0.0 0.0 0.0 0.0 0.0 0.0 
367 0.9140712945590993 0.9140712945590993 0.9140712945590993 0.9140712945590993 0.9140712945590993 0.9140712945590993 0.9140712945590993 0.9140712945590993 0.0 0.0 0.0 0.0 0.0 0.0 0.0 0.0 0.0 0.0 0.0 0.0 0.0 
368 0.9140712945590993 0.9140712945590993 0.9140712945590993 0.9140712945590993 0.9140712945590993 0.9140712945590993 0.9140712945590993 0.9140712945590993 0.0 0.0 0.0 0.0 0.0 0.0 0.0 0.0 0.0 0.0 0.0 0.0 0.0 
369 0.9140712945590993 0.9140712945590993 0.9140712945590993 0.9140712945590993 0.9140712945590993 0.9140712945590993 0.9140712945590993 0.9140712945590993 0.0 0.0 0.0 0.0 0.0 0.0 0.0 0.0 0.0 0.0 0.0 0.0 0.0 
370 0.9140712945590993 0.9140712945590993 0.9140712945590993 0.9140712945590993 0.9140712945590993 0.9140712945590993 0.9140712945590993 0.9140712945590993 0.0 0.0 0.0 0.0 0.0 0.0 0.0 0.0 0.0 0.0 0.0 0.0 0.0 
371 0.9140712945590993 0.9140712945590993 0.9140712945590993 0.9140712945590993 0.9140712945590993 0.9140712945590993 0.9140712945590993 0.9140712945590993 0.0 0.0 0.0 0.0 0.0 0.0 0.0 0.0 0.0 0.0 0.0 0.0 0.0 
372 0.9140712945590993 0.9140712945590993 0.9140712945590993 0.9140712945590993 0.9140712945590993 0.9140712945590993 0.9140712945590993 0.9140712945590993 0.0 0.0 0.0 0.0 0.0 0.0 0.0 0.0 0.0 0.0 0.0 0.0 0.0 
373 0.9140712945590993 0.9140712945590993 0.9140712945590993 0.9140712945590993 0.9140712945590993 0.9140712945590993 0.9140712945590993 0.9140712945590993 0.0 0.0 0.0 0.0 0.0 0.0 0.0 0.0 0.0 0.0 0.0 0.0 0.0 
374 0.9140712945590993 0.9140712945590993 0.9140712945590993 0.9140712945590993 0.9140712945590993 0.9140712945590993 0.9140712945590993 0.9140712945590993 0.0 0.0 0.0 0.0 0.0 0.0 0.0 0.0 0.0 0.0 0.0 0.0 0.0 
375 0.9140712945590993 0.9140712945590993 0.9140712945590993 0.9140712945590993 0.9140712945590993 0.9140712945590993 0.9140712945590993 0.9140712945590993 0.0 0.0 0.0 0.0 0.0 0.0 0.0 0.0 0.0 0.0 0.0 0.0 0.0 
376 0.9140712945590993 0.9140712945590993 0.9140712945590993 0.9140712945590993 0.9140712945590993 0.9140712945590993 0.9140712945590993 0.9140712945590993 0.0 0.0 0.0 0.0 0.0 0.0 0.0 0.0 0.0 0.0 0.0 0.0 0.0 
377 0.9140712945590993 0.9140712945590993 0.9140712945590993 0.9140712945590993 0.9140712945590993 0.9140712945590993 0.9140712945590993 0.9140712945590993 0.0 0.0 0.0 0.0 0.0 0.0 0.0 0.0 0.0 0.0 0.0 0.0 0.0 
378 0.9140712945590993 0.9140712945590993 0.9140712945590993 0.9140712945590993 0.9140712945590993 0.9140712945590993 0.9140712945590993 0.9140712945590993 0.0 0.0 0.0 0.0 0.0 0.0 0.0 0.0 0.0 0.0 0.0 0.0 0.0 
379 0.9140712945590993 0.9140712945590993 0.9140712945590993 0.9140712945590993 0.9140712945590993 0.9140712945590993 0.9140712945590993 0.9140712945590993 0.0 0.0 0.0 0.0 0.0 0.0 0.0 0.0 0.0 0.0 0.0 0.0 0.0 
380 0.9140712945590993 0.9140712945590993 0.9140712945590993 0.9140712945590993 0.9140712945590993 0.9140712945590993 0.9140712945590993 0.9140712945590993 0.0 0.0 0.0 0.0 0.0 0.0 0.0 0.0 0.0 0.0 0.0 0.0 0.0 
381 0.9140712945590993 0.9140712945590993 0.9140712945590993 0.9140712945590993 0.9140712945590993 0.9140712945590993 0.9140712945590993 0.9140712945590993 0.0 0.0 0.0 0.0 0.0 0.0 0.0 0.0 0.0 0.0 0.0 0.0 0.0 
382 0.9140712945590993 0.9140712945590993 0.9140712945590993 0.9140712945590993 0.9140712945590993 0.9140712945590993 0.9140712945590993 0.9140712945590993 0.0 0.0 0.0 0.0 0.0 0.0 0.0 0.0 0.0 0.0 0.0 0.0 0.0 
383 0.9140712945590993 0.9140712945590993 0.9140712945590993 0.9140712945590993 0.9140712945590993 0.9140712945590993 0.9140712945590993 0.9140712945590993 0.0 0.0 0.0 0.0 0.0 0.0 0.0 0.0 0.0 0.0 0.0 0.0 0.0 
384 0.9140712945590993 0.9140712945590993 0.9140712945590993 0.9140712945590993 0.9140712945590993 0.9140712945590993 0.9140712945590993 0.9140712945590993 0.0 0.0 0.0 0.0 0.0 0.0 0.0 0.0 0.0 0.0 0.0 0.0 0.0 
385 0.9140712945590993 0.9140712945590993 0.9140712945590993 0.9140712945590993 0.9140712945590993 0.9140712945590993 0.9140712945590993 0.9140712945590993 0.0 0.0 0.0 0.0 0.0 0.0 0.0 0.0 0.0 0.0 0.0 0.0 0.0 
386 0.9140712945590993 0.9140712945590993 0.9140712945590993 0.9140712945590993 0.9140712945590993 0.9140712945590993 0.9140712945590993 0.9140712945590993 0.0 0.0 0.0 0.0 0.0 0.0 0.0 0.0 0.0 0.0 0.0 0.0 0.0 
387 0.9140712945590993 0.9140712945590993 0.9140712945590993 0.9140712945590993 0.9140712945590993 0.9140712945590993 0.9140712945590993 0.9140712945590993 0.0 0.0 0.0 0.0 0.0 0.0 0.0 0.0 0.0 0.0 0.0 0.0 0.0 
388 0.9140712945590993 0.9140712945590993 0.9140712945590993 0.9140712945590993 0.9140712945590993 0.9140712945590993 0.9140712945590993 0.9140712945590993 0.0 0.0 0.0 0.0 0.0 0.0 0.0 0.0 0.0 0.0 0.0 0.0 0.0 
389 0.9140712945590993 0.9140712945590993 0.9140712945590993 0.9140712945590993 0.9140712945590993 0.9140712945590993 0.9140712945590993 0.9140712945590993 0.0 0.0 0.0 0.0 0.0 0.0 0.0 0.0 0.0 0.0 0.0 0.0 0.0 
390 0.9140712945590993 0.9140712945590993 0.9140712945590993 0.9140712945590993 0.9140712945590993 0.9140712945590993 0.9140712945590993 0.9140712945590993 0.08778326439501924 0.0 0.0 0.0 0.0 0.0 0.0 0.0 0.0 0.0 0.0 0.0 0.0 
391 0.9140712945590993 0.9140712945590993 0.9140712945590993 0.9140712945590993 0.9140712945590993 0.9140712945590993 0.9140712945590993 0.9140712945590993 0.13673645714285715 0.0 0.0 0.0 0.0 0.0 0.0 0.0 0.0 0.0 0.0 0.0 0.0 
392 0.9140712945590993 0.9140712945590993 0.9140712945590993 0.9140712945590993 0.9140712945590993 0.9140712945590993 0.9140712945590993 0.9140712945590993 0.2125266055881009 0.0 0.0 0.0 0.0 0.0 0.0 0.0 0.0 0.0 0.0 0.0 0.0 
393 0.9140712945590993 0.9140712945590993 0.9140712945590993 0.9140712945590993 0.9140712945590993 0.9140712945590993 0.9140712945590993 0.9140712945590993 0.27567664406817355 0.0 0.0 0.0 0.0 0.0 0.0 0.0 0.0 0.0 0.0 0.0 0.0 
394 0.9140712945590993 0.9140712945590993 0.9140712945590993 0.9140712945590993 0.9140712945590993 0.9140712945590993 0.9140712945590993 0.9140712945590993 0.3192007866549416 0.0 0.0 0.0 0.0 0.0 0.0 0.0 0.0 0.0 0.0 0.0 0.0 
395 0.9140712945590993 0.9140712945590993 0.9140712945590993 0.9140712945590993 0.9140712945590993 0.9140712945590993 0.9140712945590993 0.9140712945590993 0.36451880450760954 0.0 0.0 0.0 0.0 0.0 0.0 0.0 0.0 0.0 0.0 0.0 0.0 
396 0.9140712945590993 0.9140712945590993 0.9140712945590993 0.9140712945590993 0.9140712945590993 0.9140712945590993 0.9140712945590993 0.9140712945590993 0.410128110185937 0.0 0.0 0.0 0.0 0.0 0.0 0.0 0.0 0.0 0.0 0.0 0.0 
397 0.9140712945590993 0.9140712945590993 0.9140712945590993 0.9140712945590993 0.9140712945590993 0.9140712945590993 0.9140712945590993 0.9140712945590993 0.41130351782363983 0.0 0.0 0.0 0.0 0.0 0.0 0.0 0.0 0.0 0.0 0.0 0.0 
398 0.9140712945590993 0.9140712945590993 0.9140712945590993 0.9140712945590993 0.9140712945590993 0.9140712945590993 0.9140712945590993 0.9140712945590993 0.5007581601267296 0.0 0.0 0.0 0.0 0.0 0.0 0.0 0.0 0.0 0.0 0.0 0.0 
399 0.9140712945590993 0.9140712945590993 0.9140712945590993 0.9140712945590993 0.9140712945590993 0.9140712945590993 0.9140712945590993 0.9140712945590993 0.5172302214692809 0.0 0.0 0.0 0.0 0.0 0.0 0.0 0.0 0.0 0.0 0.0 0.0 
400 0.9140712945590993 0.9140712945590993 0.9140712945590993 0.9140712945590993 0.9140712945590993 0.9140712945590993 0.9140712945590993 0.9140712945590993 0.7257877491046687 0.0 0.0 0.0 0.0 0.0 0.0 0.0 0.0 0.0 0.0 0.0 0.0 
401 0.9140712945590993 0.9140712945590993 0.9140712945590993 0.9140712945590993 0.9140712945590993 0.9140712945590993 0.9140712945590993 0.9140712945590993 0.7360939850106722 0.0 0.0 0.0 0.0 0.0 0.0 0.0 0.0 0.0 0.0 0.0 0.0 
402 0.9140712945590993 0.9140712945590993 0.9140712945590993 0.9140712945590993 0.9140712945590993 0.9140712945590993 0.9140712945590993 0.9140712945590993 0.8216859422593549 0.0 0.0 0.0 0.0 0.0 0.0 0.0 0.0 0.0 0.0 0.0 0.0 
403 0.9140712945590993 0.9140712945590993 0.9140712945590993 0.9140712945590993 0.9140712945590993 0.9140712945590993 0.9140712945590993 0.9140712945590993 0.8655895473593149 0.0 0.0 0.0 0.0 0.0 0.0 0.0 0.0 0.0 0.0 0.0 0.0 
404 0.9140712945590993 0.9140712945590993 0.9140712945590993 0.9140712945590993 0.9140712945590993 0.9140712945590993 0.9140712945590993 0.9140712945590993 0.8682640894765727 0.0 0.0 0.0 0.0 0.0 0.0 0.0 0.0 0.0 0.0 0.0 0.0 
405 0.9140712945590993 0.9140712945590993 0.9140712945590993 0.9140712945590993 0.9140712945590993 0.9140712945590993 0.9140712945590993 0.9140712945590993 0.8683677298311443 0.0 0.0 0.0 0.0 0.0 0.0 0.0 0.0 0.0 0.0 0.0 0.0 
406 0.9140712945590993 0.9140712945590993 0.9140712945590993 0.9140712945590993 0.9140712945590993 0.9140712945590993 0.9140712945590993 0.9140712945590993 0.8683677298311443 0.0 0.0 0.0 0.0 0.0 0.0 0.0 0.0 0.0 0.0 0.0 0.0 
407 0.9140712945590993 0.9140712945590993 0.9140712945590993 0.9140712945590993 0.9140712945590993 0.9140712945590993 0.9140712945590993 0.9140712945590993 0.8805477298311443 0.0 0.0 0.0 0.0 0.0 0.0 0.0 0.0 0.0 0.0 0.0 0.0 
408 0.9140712945590993 0.9140712945590993 0.9140712945590993 0.9140712945590993 0.9140712945590993 0.9140712945590993 0.9140712945590993 0.9140712945590993 0.913745193448608 0.0 0.0 0.0 0.0 0.0 0.0 0.0 0.0 0.0 0.0 0.0 0.0 
409 0.9140712945590993 0.9140712945590993 0.9140712945590993 0.9140712945590993 0.9140712945590993 0.9140712945590993 0.9140712945590993 0.9140712945590993 0.9140712945590993 0.0 0.0 0.0 0.0 0.0 0.0 0.0 0.0 0.0 0.0 0.0 0.0 
410 0.9140712945590993 0.9140712945590993 0.9140712945590993 0.9140712945590993 0.9140712945590993 0.9140712945590993 0.9140712945590993 0.9140712945590993 0.9140712945590993 0.0 0.0 0.0 0.0 0.0 0.0 0.0 0.0 0.0 0.0 0.0 0.0 
411 0.9140712945590993 0.9140712945590993 0.9140712945590993 0.9140712945590993 0.9140712945590993 0.9140712945590993 0.9140712945590993 0.9140712945590993 0.9140712945590993 0.0 0.0 0.0 0.0 0.0 0.0 0.0 0.0 0.0 0.0 0.0 0.0 
412 0.9140712945590993 0.9140712945590993 0.9140712945590993 0.9140712945590993 0.9140712945590993 0.9140712945590993 0.9140712945590993 0.9140712945590993 0.9140712945590993 0.0 0.0 0.0 0.0 0.0 0.0 0.0 0.0 0.0 0.0 0.0 0.0 
413 0.9140712945590993 0.9140712945590993 0.9140712945590993 0.9140712945590993 0.9140712945590993 0.9140712945590993 0.9140712945590993 0.9140712945590993 0.9140712945590993 0.0 0.0 0.0 0.0 0.0 0.0 0.0 0.0 0.0 0.0 0.0 0.0 
414 0.9140712945590993 0.9140712945590993 0.9140712945590993 0.9140712945590993 0.9140712945590993 0.9140712945590993 0.9140712945590993 0.9140712945590993 0.9140712945590993 0.0 0.0 0.0 0.0 0.0 0.0 0.0 0.0 0.0 0.0 0.0 0.0 
415 0.9140712945590993 0.9140712945590993 0.9140712945590993 0.9140712945590993 0.9140712945590993 0.9140712945590993 0.9140712945590993 0.9140712945590993 0.9140712945590993 0.0 0.0 0.0 0.0 0.0 0.0 0.0 0.0 0.0 0.0 0.0 0.0 
416 0.9140712945590993 0.9140712945590993 0.9140712945590993 0.9140712945590993 0.9140712945590993 0.9140712945590993 0.9140712945590993 0.9140712945590993 0.9140712945590993 0.0 0.0 0.0 0.0 0.0 0.0 0.0 0.0 0.0 0.0 0.0 0.0 
417 0.9140712945590993 0.9140712945590993 0.9140712945590993 0.9140712945590993 0.9140712945590993 0.9140712945590993 0.9140712945590993 0.9140712945590993 0.9140712945590993 0.0 0.0 0.0 0.0 0.0 0.0 0.0 0.0 0.0 0.0 0.0 0.0 
418 0.9140712945590993 0.9140712945590993 0.9140712945590993 0.9140712945590993 0.9140712945590993 0.9140712945590993 0.9140712945590993 0.9140712945590993 0.9140712945590993 0.0 0.0 0.0 0.0 0.0 0.0 0.0 0.0 0.0 0.0 0.0 0.0 
419 0.9140712945590993 0.9140712945590993 0.9140712945590993 0.9140712945590993 0.9140712945590993 0.9140712945590993 0.9140712945590993 0.9140712945590993 0.9140712945590993 0.0 0.0 0.0 0.0 0.0 0.0 0.0 0.0 0.0 0.0 0.0 0.0 
420 0.9140712945590993 0.9140712945590993 0.9140712945590993 0.9140712945590993 0.9140712945590993 0.9140712945590993 0.9140712945590993 0.9140712945590993 0.9140712945590993 0.0 0.0 0.0 0.0 0.0 0.0 0.0 0.0 0.0 0.0 0.0 0.0 
421 0.9140712945590993 0.9140712945590993 0.9140712945590993 0.9140712945590993 0.9140712945590993 0.9140712945590993 0.9140712945590993 0.9140712945590993 0.9140712945590993 0.0 0.0 0.0 0.0 0.0 0.0 0.0 0.0 0.0 0.0 0.0 0.0 
422 0.9140712945590993 0.9140712945590993 0.9140712945590993 0.9140712945590993 0.9140712945590993 0.9140712945590993 0.9140712945590993 0.9140712945590993 0.9140712945590993 0.0 0.0 0.0 0.0 0.0 0.0 0.0 0.0 0.0 0.0 0.0 0.0 
423 0.9140712945590993 0.9140712945590993 0.9140712945590993 0.9140712945590993 0.9140712945590993 0.9140712945590993 0.9140712945590993 0.9140712945590993 0.9140712945590993 0.0 0.0 0.0 0.0 0.0 0.0 0.0 0.0 0.0 0.0 0.0 0.0 
424 0.9140712945590993 0.9140712945590993 0.9140712945590993 0.9140712945590993 0.9140712945590993 0.9140712945590993 0.9140712945590993 0.9140712945590993 0.9140712945590993 0.0 0.0 0.0 0.0 0.0 0.0 0.0 0.0 0.0 0.0 0.0 0.0 
425 0.9140712945590993 0.9140712945590993 0.9140712945590993 0.9140712945590993 0.9140712945590993 0.9140712945590993 0.9140712945590993 0.9140712945590993 0.9140712945590993 0.0 0.0 0.0 0.0 0.0 0.0 0.0 0.0 0.0 0.0 0.0 0.0 
426 0.9140712945590993 0.9140712945590993 0.9140712945590993 0.9140712945590993 0.9140712945590993 0.9140712945590993 0.9140712945590993 0.9140712945590993 0.9140712945590993 0.0 0.0 0.0 0.0 0.0 0.0 0.0 0.0 0.0 0.0 0.0 0.0 
427 0.9140712945590993 0.9140712945590993 0.9140712945590993 0.9140712945590993 0.9140712945590993 0.9140712945590993 0.9140712945590993 0.9140712945590993 0.9140712945590993 0.0 0.0 0.0 0.0 0.0 0.0 0.0 0.0 0.0 0.0 0.0 0.0 
428 0.9140712945590993 0.9140712945590993 0.9140712945590993 0.9140712945590993 0.9140712945590993 0.9140712945590993 0.9140712945590993 0.9140712945590993 0.9140712945590993 0.0 0.0 0.0 0.0 0.0 0.0 0.0 0.0 0.0 0.0 0.0 0.0 
429 0.9140712945590993 0.9140712945590993 0.9140712945590993 0.9140712945590993 0.9140712945590993 0.9140712945590993 0.9140712945590993 0.9140712945590993 0.9140712945590993 0.0 0.0 0.0 0.0 0.0 0.0 0.0 0.0 0.0 0.0 0.0 0.0 
430 0.9140712945590993 0.9140712945590993 0.9140712945590993 0.9140712945590993 0.9140712945590993 0.9140712945590993 0.9140712945590993 0.9140712945590993 0.9140712945590993 0.0 0.0 0.0 0.0 0.0 0.0 0.0 0.0 0.0 0.0 0.0 0.0 
431 0.9140712945590993 0.9140712945590993 0.9140712945590993 0.9140712945590993 0.9140712945590993 0.9140712945590993 0.9140712945590993 0.9140712945590993 0.9140712945590993 0.0 0.0 0.0 0.0 0.0 0.0 0.0 0.0 0.0 0.0 0.0 0.0 
432 0.9140712945590993 0.9140712945590993 0.9140712945590993 0.9140712945590993 0.9140712945590993 0.9140712945590993 0.9140712945590993 0.9140712945590993 0.9140712945590993 0.0 0.0 0.0 0.0 0.0 0.0 0.0 0.0 0.0 0.0 0.0 0.0 
433 0.9140712945590993 0.9140712945590993 0.9140712945590993 0.9140712945590993 0.9140712945590993 0.9140712945590993 0.9140712945590993 0.9140712945590993 0.9140712945590993 0.0 0.0 0.0 0.0 0.0 0.0 0.0 0.0 0.0 0.0 0.0 0.0 
434 0.9140712945590993 0.9140712945590993 0.9140712945590993 0.9140712945590993 0.9140712945590993 0.9140712945590993 0.9140712945590993 0.9140712945590993 0.9140712945590993 0.0 0.0 0.0 0.0 0.0 0.0 0.0 0.0 0.0 0.0 0.0 0.0 
435 0.9140712945590993 0.9140712945590993 0.9140712945590993 0.9140712945590993 0.9140712945590993 0.9140712945590993 0.9140712945590993 0.9140712945590993 0.9140712945590993 0.0 0.0 0.0 0.0 0.0 0.0 0.0 0.0 0.0 0.0 0.0 0.0 
436 0.9140712945590993 0.9140712945590993 0.9140712945590993 0.9140712945590993 0.9140712945590993 0.9140712945590993 0.9140712945590993 0.9140712945590993 0.9140712945590993 0.0 0.0 0.0 0.0 0.0 0.0 0.0 0.0 0.0 0.0 0.0 0.0 
437 0.9140712945590993 0.9140712945590993 0.9140712945590993 0.9140712945590993 0.9140712945590993 0.9140712945590993 0.9140712945590993 0.9140712945590993 0.9140712945590993 0.0 0.0 0.0 0.0 0.0 0.0 0.0 0.0 0.0 0.0 0.0 0.0 
438 0.9140712945590993 0.9140712945590993 0.9140712945590993 0.9140712945590993 0.9140712945590993 0.9140712945590993 0.9140712945590993 0.9140712945590993 0.9140712945590993 0.0 0.0 0.0 0.0 0.0 0.0 0.0 0.0 0.0 0.0 0.0 0.0 
439 0.9140712945590993 0.9140712945590993 0.9140712945590993 0.9140712945590993 0.9140712945590993 0.9140712945590993 0.9140712945590993 0.9140712945590993 0.9140712945590993 0.08452209533535578 0.0 0.0 0.0 0.0 0.0 0.0 0.0 0.0 0.0 0.0 0.0 
440 0.9140712945590993 0.9140712945590993 0.9140712945590993 0.9140712945590993 0.9140712945590993 0.9140712945590993 0.9140712945590993 0.9140712945590993 0.9140712945590993 0.117944140901816 0.0 0.0 0.0 0.0 0.0 0.0 0.0 0.0 0.0 0.0 0.0 
441 0.9140712945590993 0.9140712945590993 0.9140712945590993 0.9140712945590993 0.9140712945590993 0.9140712945590993 0.9140712945590993 0.9140712945590993 0.9140712945590993 0.1365641697671674 0.0 0.0 0.0 0.0 0.0 0.0 0.0 0.0 0.0 0.0 0.0 
442 0.9140712945590993 0.9140712945590993 0.9140712945590993 0.9140712945590993 0.9140712945590993 0.9140712945590993 0.9140712945590993 0.9140712945590993 0.9140712945590993 0.208871783365923 0.0 0.0 0.0 0.0 0.0 0.0 0.0 0.0 0.0 0.0 0.0 
443 0.9140712945590993 0.9140712945590993 0.9140712945590993 0.9140712945590993 0.9140712945590993 0.9140712945590993 0.9140712945590993 0.9140712945590993 0.9140712945590993 0.27027036661863535 0.0 0.0 0.0 0.0 0.0 0.0 0.0 0.0 0.0 0.0 0.0 
444 0.9140712945590993 0.9140712945590993 0.9140712945590993 0.9140712945590993 0.9140712945590993 0.9140712945590993 0.9140712945590993 0.9140712945590993 0.9140712945590993 0.3171084862774134 0.0 0.0 0.0 0.0 0.0 0.0 0.0 0.0 0.0 0.0 0.0 
445 0.9140712945590993 0.9140712945590993 0.9140712945590993 0.9140712945590993 0.9140712945590993 0.9140712945590993 0.9140712945590993 0.9140712945590993 0.9140712945590993 0.31986160747795545 0.0 0.0 0.0 0.0 0.0 0.0 0.0 0.0 0.0 0.0 0.0 
446 0.9140712945590993 0.9140712945590993 0.9140712945590993 0.9140712945590993 0.9140712945590993 0.9140712945590993 0.9140712945590993 0.9140712945590993 0.9140712945590993 0.3970961838649156 0.0 0.0 0.0 0.0 0.0 0.0 0.0 0.0 0.0 0.0 0.0 
447 0.9140712945590993 0.9140712945590993 0.9140712945590993 0.9140712945590993 0.9140712945590993 0.9140712945590993 0.9140712945590993 0.9140712945590993 0.9140712945590993 0.41105206751549384 0.0 0.0 0.0 0.0 0.0 0.0 0.0 0.0 0.0 0.0 0.0 
448 0.9140712945590993 0.9140712945590993 0.9140712945590993 0.9140712945590993 0.9140712945590993 0.9140712945590993 0.9140712945590993 0.9140712945590993 0.9140712945590993 0.5809093008874557 0.0 0.0 0.0 0.0 0.0 0.0 0.0 0.0 0.0 0.0 0.0 
449 0.9140712945590993 0.9140712945590993 0.9140712945590993 0.9140712945590993 0.9140712945590993 0.9140712945590993 0.9140712945590993 0.9140712945590993 0.9140712945590993 0.682338461665653 0.0 0.0 0.0 0.0 0.0 0.0 0.0 0.0 0.0 0.0 0.0 
450 0.9140712945590993 0.9140712945590993 0.9140712945590993 0.9140712945590993 0.9140712945590993 0.9140712945590993 0.9140712945590993 0.9140712945590993 0.9140712945590993 0.708012185275894 0.0 0.0 0.0 0.0 0.0 0.0 0.0 0.0 0.0 0.0 0.0 
451 0.9140712945590993 0.9140712945590993 0.9140712945590993 0.9140712945590993 0.9140712945590993 0.9140712945590993 0.9140712945590993 0.9140712945590993 0.9140712945590993 0.7762732874779645 0.0 0.0 0.0 0.0 0.0 0.0 0.0 0.0 0.0 0.0 0.0 
452 0.9140712945590993 0.9140712945590993 0.9140712945590993 0.9140712945590993 0.9140712945590993 0.9140712945590993 0.9140712945590993 0.9140712945590993 0.9140712945590993 0.7769031213813573 0.0 0.0 0.0 0.0 0.0 0.0 0.0 0.0 0.0 0.0 0.0 
453 0.9140712945590993 0.9140712945590993 0.9140712945590993 0.9140712945590993 0.9140712945590993 0.9140712945590993 0.9140712945590993 0.9140712945590993 0.9140712945590993 0.821976084246202 0.0 0.0 0.0 0.0 0.0 0.0 0.0 0.0 0.0 0.0 0.0 
454 0.9140712945590993 0.9140712945590993 0.9140712945590993 0.9140712945590993 0.9140712945590993 0.9140712945590993 0.9140712945590993 0.9140712945590993 0.9140712945590993 0.8656250909412722 0.0 0.0 0.0 0.0 0.0 0.0 0.0 0.0 0.0 0.0 0.0 
455 0.9140712945590993 0.9140712945590993 0.9140712945590993 0.9140712945590993 0.9140712945590993 0.9140712945590993 0.9140712945590993 0.9140712945590993 0.9140712945590993 0.8682923189493431 0.0 0.0 0.0 0.0 0.0 0.0 0.0 0.0 0.0 0.0 0.0 
456 0.9140712945590993 0.9140712945590993 0.9140712945590993 0.9140712945590993 0.9140712945590993 0.9140712945590993 0.9140712945590993 0.9140712945590993 0.9140712945590993 0.8683677298311443 0.0 0.0 0.0 0.0 0.0 0.0 0.0 0.0 0.0 0.0 0.0 
457 0.9140712945590993 0.9140712945590993 0.9140712945590993 0.9140712945590993 0.9140712945590993 0.9140712945590993 0.9140712945590993 0.9140712945590993 0.9140712945590993 0.8683677298311443 0.0 0.0 0.0 0.0 0.0 0.0 0.0 0.0 0.0 0.0 0.0 
458 0.9140712945590993 0.9140712945590993 0.9140712945590993 0.9140712945590993 0.9140712945590993 0.9140712945590993 0.9140712945590993 0.9140712945590993 0.9140712945590993 0.9110207109632199 0.0 0.0 0.0 0.0 0.0 0.0 0.0 0.0 0.0 0.0 0.0 
459 0.9140712945590993 0.9140712945590993 0.9140712945590993 0.9140712945590993 0.9140712945590993 0.9140712945590993 0.9140712945590993 0.9140712945590993 0.9140712945590993 0.9139658657534746 0.0 0.0 0.0 0.0 0.0 0.0 0.0 0.0 0.0 0.0 0.0 
460 0.9140712945590993 0.9140712945590993 0.9140712945590993 0.9140712945590993 0.9140712945590993 0.9140712945590993 0.9140712945590993 0.9140712945590993 0.9140712945590993 0.9139228479413806 0.0 0.0 0.0 0.0 0.0 0.0 0.0 0.0 0.0 0.0 0.0 
461 0.9140712945590993 0.9140712945590993 0.9140712945590993 0.9140712945590993 0.9140712945590993 0.9140712945590993 0.9140712945590993 0.9140712945590993 0.9140712945590993 0.9140712945590993 0.0 0.0 0.0 0.0 0.0 0.0 0.0 0.0 0.0 0.0 0.0 
462 0.9140712945590993 0.9140712945590993 0.9140712945590993 0.9140712945590993 0.9140712945590993 0.9140712945590993 0.9140712945590993 0.9140712945590993 0.9140712945590993 0.9140712945590993 0.0 0.0 0.0 0.0 0.0 0.0 0.0 0.0 0.0 0.0 0.0 
463 0.9140712945590993 0.9140712945590993 0.9140712945590993 0.9140712945590993 0.9140712945590993 0.9140712945590993 0.9140712945590993 0.9140712945590993 0.9140712945590993 0.9140712945590993 0.0 0.0 0.0 0.0 0.0 0.0 0.0 0.0 0.0 0.0 0.0 
464 0.9140712945590993 0.9140712945590993 0.9140712945590993 0.9140712945590993 0.9140712945590993 0.9140712945590993 0.9140712945590993 0.9140712945590993 0.9140712945590993 0.9140712945590993 0.0 0.0 0.0 0.0 0.0 0.0 0.0 0.0 0.0 0.0 0.0 
465 0.9140712945590993 0.9140712945590993 0.9140712945590993 0.9140712945590993 0.9140712945590993 0.9140712945590993 0.9140712945590993 0.9140712945590993 0.9140712945590993 0.9140712945590993 0.0 0.0 0.0 0.0 0.0 0.0 0.0 0.0 0.0 0.0 0.0 
466 0.9140712945590993 0.9140712945590993 0.9140712945590993 0.9140712945590993 0.9140712945590993 0.9140712945590993 0.9140712945590993 0.9140712945590993 0.9140712945590993 0.9140712945590993 0.0 0.0 0.0 0.0 0.0 0.0 0.0 0.0 0.0 0.0 0.0 
467 0.9140712945590993 0.9140712945590993 0.9140712945590993 0.9140712945590993 0.9140712945590993 0.9140712945590993 0.9140712945590993 0.9140712945590993 0.9140712945590993 0.9140712945590993 0.0 0.0 0.0 0.0 0.0 0.0 0.0 0.0 0.0 0.0 0.0 
468 0.9140712945590993 0.9140712945590993 0.9140712945590993 0.9140712945590993 0.9140712945590993 0.9140712945590993 0.9140712945590993 0.9140712945590993 0.9140712945590993 0.9140712945590993 0.0 0.0 0.0 0.0 0.0 0.0 0.0 0.0 0.0 0.0 0.0 
469 0.9140712945590993 0.9140712945590993 0.9140712945590993 0.9140712945590993 0.9140712945590993 0.9140712945590993 0.9140712945590993 0.9140712945590993 0.9140712945590993 0.9140712945590993 0.0 0.0 0.0 0.0 0.0 0.0 0.0 0.0 0.0 0.0 0.0 
470 0.9140712945590993 0.9140712945590993 0.9140712945590993 0.9140712945590993 0.9140712945590993 0.9140712945590993 0.9140712945590993 0.9140712945590993 0.9140712945590993 0.9140712945590993 0.0 0.0 0.0 0.0 0.0 0.0 0.0 0.0 0.0 0.0 0.0 
471 0.9140712945590993 0.9140712945590993 0.9140712945590993 0.9140712945590993 0.9140712945590993 0.9140712945590993 0.9140712945590993 0.9140712945590993 0.9140712945590993 0.9140712945590993 0.0 0.0 0.0 0.0 0.0 0.0 0.0 0.0 0.0 0.0 0.0 
472 0.9140712945590993 0.9140712945590993 0.9140712945590993 0.9140712945590993 0.9140712945590993 0.9140712945590993 0.9140712945590993 0.9140712945590993 0.9140712945590993 0.9140712945590993 0.0 0.0 0.0 0.0 0.0 0.0 0.0 0.0 0.0 0.0 0.0 
473 0.9140712945590993 0.9140712945590993 0.9140712945590993 0.9140712945590993 0.9140712945590993 0.9140712945590993 0.9140712945590993 0.9140712945590993 0.9140712945590993 0.9140712945590993 0.0 0.0 0.0 0.0 0.0 0.0 0.0 0.0 0.0 0.0 0.0 
474 0.9140712945590993 0.9140712945590993 0.9140712945590993 0.9140712945590993 0.9140712945590993 0.9140712945590993 0.9140712945590993 0.9140712945590993 0.9140712945590993 0.9140712945590993 0.0 0.0 0.0 0.0 0.0 0.0 0.0 0.0 0.0 0.0 0.0 
475 0.9140712945590993 0.9140712945590993 0.9140712945590993 0.9140712945590993 0.9140712945590993 0.9140712945590993 0.9140712945590993 0.9140712945590993 0.9140712945590993 0.9140712945590993 0.0 0.0 0.0 0.0 0.0 0.0 0.0 0.0 0.0 0.0 0.0 
476 0.9140712945590993 0.9140712945590993 0.9140712945590993 0.9140712945590993 0.9140712945590993 0.9140712945590993 0.9140712945590993 0.9140712945590993 0.9140712945590993 0.9140712945590993 0.0 0.0 0.0 0.0 0.0 0.0 0.0 0.0 0.0 0.0 0.0 
477 0.9140712945590993 0.9140712945590993 0.9140712945590993 0.9140712945590993 0.9140712945590993 0.9140712945590993 0.9140712945590993 0.9140712945590993 0.9140712945590993 0.9140712945590993 0.0 0.0 0.0 0.0 0.0 0.0 0.0 0.0 0.0 0.0 0.0 
478 0.9140712945590993 0.9140712945590993 0.9140712945590993 0.9140712945590993 0.9140712945590993 0.9140712945590993 0.9140712945590993 0.9140712945590993 0.9140712945590993 0.9140712945590993 0.0 0.0 0.0 0.0 0.0 0.0 0.0 0.0 0.0 0.0 0.0 
479 0.9140712945590993 0.9140712945590993 0.9140712945590993 0.9140712945590993 0.9140712945590993 0.9140712945590993 0.9140712945590993 0.9140712945590993 0.9140712945590993 0.9140712945590993 0.0 0.0 0.0 0.0 0.0 0.0 0.0 0.0 0.0 0.0 0.0 
480 0.9140712945590993 0.9140712945590993 0.9140712945590993 0.9140712945590993 0.9140712945590993 0.9140712945590993 0.9140712945590993 0.9140712945590993 0.9140712945590993 0.9140712945590993 0.0 0.0 0.0 0.0 0.0 0.0 0.0 0.0 0.0 0.0 0.0 
481 0.9140712945590993 0.9140712945590993 0.9140712945590993 0.9140712945590993 0.9140712945590993 0.9140712945590993 0.9140712945590993 0.9140712945590993 0.9140712945590993 0.9140712945590993 0.0 0.0 0.0 0.0 0.0 0.0 0.0 0.0 0.0 0.0 0.0 
482 0.9140712945590993 0.9140712945590993 0.9140712945590993 0.9140712945590993 0.9140712945590993 0.9140712945590993 0.9140712945590993 0.9140712945590993 0.9140712945590993 0.9140712945590993 0.0 0.0 0.0 0.0 0.0 0.0 0.0 0.0 0.0 0.0 0.0 
483 0.9140712945590993 0.9140712945590993 0.9140712945590993 0.9140712945590993 0.9140712945590993 0.9140712945590993 0.9140712945590993 0.9140712945590993 0.9140712945590993 0.9140712945590993 0.0 0.0 0.0 0.0 0.0 0.0 0.0 0.0 0.0 0.0 0.0 
484 0.9140712945590993 0.9140712945590993 0.9140712945590993 0.9140712945590993 0.9140712945590993 0.9140712945590993 0.9140712945590993 0.9140712945590993 0.9140712945590993 0.9140712945590993 0.0 0.0 0.0 0.0 0.0 0.0 0.0 0.0 0.0 0.0 0.0 
485 0.9140712945590993 0.9140712945590993 0.9140712945590993 0.9140712945590993 0.9140712945590993 0.9140712945590993 0.9140712945590993 0.9140712945590993 0.9140712945590993 0.9140712945590993 0.0 0.0 0.0 0.0 0.0 0.0 0.0 0.0 0.0 0.0 0.0 
486 0.9140712945590993 0.9140712945590993 0.9140712945590993 0.9140712945590993 0.9140712945590993 0.9140712945590993 0.9140712945590993 0.9140712945590993 0.9140712945590993 0.9140712945590993 0.04030240837696335 0.0 0.0 0.0 0.0 0.0 0.0 0.0 0.0 0.0 0.0 
487 0.9140712945590993 0.9140712945590993 0.9140712945590993 0.9140712945590993 0.9140712945590993 0.9140712945590993 0.9140712945590993 0.9140712945590993 0.9140712945590993 0.9140712945590993 0.04551729083665339 0.0 0.0 0.0 0.0 0.0 0.0 0.0 0.0 0.0 0.0 
488 0.9140712945590993 0.9140712945590993 0.9140712945590993 0.9140712945590993 0.9140712945590993 0.9140712945590993 0.9140712945590993 0.9140712945590993 0.9140712945590993 0.9140712945590993 0.045703564727954976 0.0 0.0 0.0 0.0 0.0 0.0 0.0 0.0 0.0 0.0 
489 0.9140712945590993 0.9140712945590993 0.9140712945590993 0.9140712945590993 0.9140712945590993 0.9140712945590993 0.9140712945590993 0.9140712945590993 0.9140712945590993 0.9140712945590993 0.08356032148471174 0.0 0.0 0.0 0.0 0.0 0.0 0.0 0.0 0.0 0.0 
490 0.9140712945590993 0.9140712945590993 0.9140712945590993 0.9140712945590993 0.9140712945590993 0.9140712945590993 0.9140712945590993 0.9140712945590993 0.9140712945590993 0.9140712945590993 0.13453166599377778 0.0 0.0 0.0 0.0 0.0 0.0 0.0 0.0 0.0 0.0 
491 0.9140712945590993 0.9140712945590993 0.9140712945590993 0.9140712945590993 0.9140712945590993 0.9140712945590993 0.9140712945590993 0.9140712945590993 0.9140712945590993 0.9140712945590993 0.18058612181553468 0.0 0.0 0.0 0.0 0.0 0.0 0.0 0.0 0.0 0.0 
492 0.9140712945590993 0.9140712945590993 0.9140712945590993 0.9140712945590993 0.9140712945590993 0.9140712945590993 0.9140712945590993 0.9140712945590993 0.9140712945590993 0.9140712945590993 0.1822419441838649 0.0 0.0 0.0 0.0 0.0 0.0 0.0 0.0 0.0 0.0 
493 0.9140712945590993 0.9140712945590993 0.9140712945590993 0.9140712945590993 0.9140712945590993 0.9140712945590993 0.9140712945590993 0.9140712945590993 0.9140712945590993 0.9140712945590993 0.2262624499090558 0.0 0.0 0.0 0.0 0.0 0.0 0.0 0.0 0.0 0.0 
494 0.9140712945590993 0.9140712945590993 0.9140712945590993 0.9140712945590993 0.9140712945590993 0.9140712945590993 0.9140712945590993 0.9140712945590993 0.9140712945590993 0.9140712945590993 0.25104818572346177 0.0 0.0 0.0 0.0 0.0 0.0 0.0 0.0 0.0 0.0 
495 0.9140712945590993 0.9140712945590993 0.9140712945590993 0.9140712945590993 0.9140712945590993 0.9140712945590993 0.9140712945590993 0.9140712945590993 0.9140712945590993 0.9140712945590993 0.3121415876109262 0.0 0.0 0.0 0.0 0.0 0.0 0.0 0.0 0.0 0.0 
496 0.9140712945590993 0.9140712945590993 0.9140712945590993 0.9140712945590993 0.9140712945590993 0.9140712945590993 0.9140712945590993 0.9140712945590993 0.9140712945590993 0.9140712945590993 0.3197007887991522 0.0 0.0 0.0 0.0 0.0 0.0 0.0 0.0 0.0 0.0 
497 0.9140712945590993 0.9140712945590993 0.9140712945590993 0.9140712945590993 0.9140712945590993 0.9140712945590993 0.9140712945590993 0.9140712945590993 0.9140712945590993 0.9140712945590993 0.4189955869436922 0.0 0.0 0.0 0.0 0.0 0.0 0.0 0.0 0.0 0.0 
498 0.9140712945590993 0.9140712945590993 0.9140712945590993 0.9140712945590993 0.9140712945590993 0.9140712945590993 0.9140712945590993 0.9140712945590993 0.9140712945590993 0.9140712945590993 0.5268819623925087 0.0 0.0 0.0 0.0 0.0 0.0 0.0 0.0 0.0 0.0 
499 0.9140712945590993 0.9140712945590993 0.9140712945590993 0.9140712945590993 0.9140712945590993 0.9140712945590993 0.9140712945590993 0.9140712945590993 0.9140712945590993 0.9140712945590993 0.6313187680424845 0.0 0.0 0.0 0.0 0.0 0.0 0.0 0.0 0.0 0.0 
