0 0.8535836810390516 0.0 0.0 0.0 0.0 0.0 0.0 0.0 0.0 0.0 0.0 0.0 0.0 0.0 0.0 0.0 0.0 0.0 0.0 0.0 0.0 
1 0.853658536585366 0.0 0.0 0.0 0.0 0.0 0.0 0.0 0.0 0.0 0.0 0.0 0.0 0.0 0.0 0.0 0.0 0.0 0.0 0.0 0.0 
2 0.853658536585366 0.0 0.0 0.0 0.0 0.0 0.0 0.0 0.0 0.0 0.0 0.0 0.0 0.0 0.0 0.0 0.0 0.0 0.0 0.0 0.0 
3 0.853658536585366 0.0 0.0 0.0 0.0 0.0 0.0 0.0 0.0 0.0 0.0 0.0 0.0 0.0 0.0 0.0 0.0 0.0 0.0 0.0 0.0 
4 0.853658536585366 0.0 0.0 0.0 0.0 0.0 0.0 0.0 0.0 0.0 0.0 0.0 0.0 0.0 0.0 0.0 0.0 0.0 0.0 0.0 0.0 
5 0.853658536585366 0.0 0.0 0.0 0.0 0.0 0.0 0.0 0.0 0.0 0.0 0.0 0.0 0.0 0.0 0.0 0.0 0.0 0.0 0.0 0.0 
6 0.853658536585366 0.0 0.0 0.0 0.0 0.0 0.0 0.0 0.0 0.0 0.0 0.0 0.0 0.0 0.0 0.0 0.0 0.0 0.0 0.0 0.0 
7 0.853658536585366 0.0 0.0 0.0 0.0 0.0 0.0 0.0 0.0 0.0 0.0 0.0 0.0 0.0 0.0 0.0 0.0 0.0 0.0 0.0 0.0 
8 0.853658536585366 0.0 0.0 0.0 0.0 0.0 0.0 0.0 0.0 0.0 0.0 0.0 0.0 0.0 0.0 0.0 0.0 0.0 0.0 0.0 0.0 
9 0.853658536585366 0.0 0.0 0.0 0.0 0.0 0.0 0.0 0.0 0.0 0.0 0.0 0.0 0.0 0.0 0.0 0.0 0.0 0.0 0.0 0.0 
10 0.853658536585366 0.0 0.0 0.0 0.0 0.0 0.0 0.0 0.0 0.0 0.0 0.0 0.0 0.0 0.0 0.0 0.0 0.0 0.0 0.0 0.0 
11 0.853658536585366 0.0 0.0 0.0 0.0 0.0 0.0 0.0 0.0 0.0 0.0 0.0 0.0 0.0 0.0 0.0 0.0 0.0 0.0 0.0 0.0 
12 0.853658536585366 0.0 0.0 0.0 0.0 0.0 0.0 0.0 0.0 0.0 0.0 0.0 0.0 0.0 0.0 0.0 0.0 0.0 0.0 0.0 0.0 
13 0.853658536585366 0.0 0.0 0.0 0.0 0.0 0.0 0.0 0.0 0.0 0.0 0.0 0.0 0.0 0.0 0.0 0.0 0.0 0.0 0.0 0.0 
14 0.853658536585366 0.0 0.0 0.0 0.0 0.0 0.0 0.0 0.0 0.0 0.0 0.0 0.0 0.0 0.0 0.0 0.0 0.0 0.0 0.0 0.0 
15 0.853658536585366 0.0 0.0 0.0 0.0 0.0 0.0 0.0 0.0 0.0 0.0 0.0 0.0 0.0 0.0 0.0 0.0 0.0 0.0 0.0 0.0 
16 0.853658536585366 0.0 0.0 0.0 0.0 0.0 0.0 0.0 0.0 0.0 0.0 0.0 0.0 0.0 0.0 0.0 0.0 0.0 0.0 0.0 0.0 
17 0.853658536585366 0.0 0.0 0.0 0.0 0.0 0.0 0.0 0.0 0.0 0.0 0.0 0.0 0.0 0.0 0.0 0.0 0.0 0.0 0.0 0.0 
18 0.853658536585366 0.0 0.0 0.0 0.0 0.0 0.0 0.0 0.0 0.0 0.0 0.0 0.0 0.0 0.0 0.0 0.0 0.0 0.0 0.0 0.0 
19 0.853658536585366 0.0 0.0 0.0 0.0 0.0 0.0 0.0 0.0 0.0 0.0 0.0 0.0 0.0 0.0 0.0 0.0 0.0 0.0 0.0 0.0 
20 0.853658536585366 0.0 0.0 0.0 0.0 0.0 0.0 0.0 0.0 0.0 0.0 0.0 0.0 0.0 0.0 0.0 0.0 0.0 0.0 0.0 0.0 
21 0.853658536585366 0.0 0.0 0.0 0.0 0.0 0.0 0.0 0.0 0.0 0.0 0.0 0.0 0.0 0.0 0.0 0.0 0.0 0.0 0.0 0.0 
22 0.853658536585366 0.0 0.0 0.0 0.0 0.0 0.0 0.0 0.0 0.0 0.0 0.0 0.0 0.0 0.0 0.0 0.0 0.0 0.0 0.0 0.0 
23 0.853658536585366 0.0 0.0 0.0 0.0 0.0 0.0 0.0 0.0 0.0 0.0 0.0 0.0 0.0 0.0 0.0 0.0 0.0 0.0 0.0 0.0 
24 0.853658536585366 0.0 0.0 0.0 0.0 0.0 0.0 0.0 0.0 0.0 0.0 0.0 0.0 0.0 0.0 0.0 0.0 0.0 0.0 0.0 0.0 
25 0.853658536585366 0.0 0.0 0.0 0.0 0.0 0.0 0.0 0.0 0.0 0.0 0.0 0.0 0.0 0.0 0.0 0.0 0.0 0.0 0.0 0.0 
26 0.853658536585366 0.0 0.0 0.0 0.0 0.0 0.0 0.0 0.0 0.0 0.0 0.0 0.0 0.0 0.0 0.0 0.0 0.0 0.0 0.0 0.0 
27 0.853658536585366 0.0 0.0 0.0 0.0 0.0 0.0 0.0 0.0 0.0 0.0 0.0 0.0 0.0 0.0 0.0 0.0 0.0 0.0 0.0 0.0 
28 0.853658536585366 0.0 0.0 0.0 0.0 0.0 0.0 0.0 0.0 0.0 0.0 0.0 0.0 0.0 0.0 0.0 0.0 0.0 0.0 0.0 0.0 
29 0.853658536585366 0.0 0.0 0.0 0.0 0.0 0.0 0.0 0.0 0.0 0.0 0.0 0.0 0.0 0.0 0.0 0.0 0.0 0.0 0.0 0.0 
30 0.853658536585366 0.0 0.0 0.0 0.0 0.0 0.0 0.0 0.0 0.0 0.0 0.0 0.0 0.0 0.0 0.0 0.0 0.0 0.0 0.0 0.0 
31 0.853658536585366 0.0 0.0 0.0 0.0 0.0 0.0 0.0 0.0 0.0 0.0 0.0 0.0 0.0 0.0 0.0 0.0 0.0 0.0 0.0 0.0 
32 0.853658536585366 0.0 0.0 0.0 0.0 0.0 0.0 0.0 0.0 0.0 0.0 0.0 0.0 0.0 0.0 0.0 0.0 0.0 0.0 0.0 0.0 
33 0.853658536585366 0.0 0.0 0.0 0.0 0.0 0.0 0.0 0.0 0.0 0.0 0.0 0.0 0.0 0.0 0.0 0.0 0.0 0.0 0.0 0.0 
34 0.853658536585366 0.0 0.0 0.0 0.0 0.0 0.0 0.0 0.0 0.0 0.0 0.0 0.0 0.0 0.0 0.0 0.0 0.0 0.0 0.0 0.0 
35 0.853658536585366 0.0 0.0 0.0 0.0 0.0 0.0 0.0 0.0 0.0 0.0 0.0 0.0 0.0 0.0 0.0 0.0 0.0 0.0 0.0 0.0 
36 0.853658536585366 0.0 0.0 0.0 0.0 0.0 0.0 0.0 0.0 0.0 0.0 0.0 0.0 0.0 0.0 0.0 0.0 0.0 0.0 0.0 0.0 
37 0.853658536585366 0.0 0.0 0.0 0.0 0.0 0.0 0.0 0.0 0.0 0.0 0.0 0.0 0.0 0.0 0.0 0.0 0.0 0.0 0.0 0.0 
38 0.853658536585366 0.0 0.0 0.0 0.0 0.0 0.0 0.0 0.0 0.0 0.0 0.0 0.0 0.0 0.0 0.0 0.0 0.0 0.0 0.0 0.0 
39 0.853658536585366 0.0 0.0 0.0 0.0 0.0 0.0 0.0 0.0 0.0 0.0 0.0 0.0 0.0 0.0 0.0 0.0 0.0 0.0 0.0 0.0 
40 0.853658536585366 0.0 0.0 0.0 0.0 0.0 0.0 0.0 0.0 0.0 0.0 0.0 0.0 0.0 0.0 0.0 0.0 0.0 0.0 0.0 0.0 
41 0.853658536585366 0.0 0.0 0.0 0.0 0.0 0.0 0.0 0.0 0.0 0.0 0.0 0.0 0.0 0.0 0.0 0.0 0.0 0.0 0.0 0.0 
42 0.853658536585366 0.0 0.0 0.0 0.0 0.0 0.0 0.0 0.0 0.0 0.0 0.0 0.0 0.0 0.0 0.0 0.0 0.0 0.0 0.0 0.0 
43 0.853658536585366 0.0 0.0 0.0 0.0 0.0 0.0 0.0 0.0 0.0 0.0 0.0 0.0 0.0 0.0 0.0 0.0 0.0 0.0 0.0 0.0 
44 0.853658536585366 0.07658559555113134 0.0 0.0 0.0 0.0 0.0 0.0 0.0 0.0 0.0 0.0 0.0 0.0 0.0 0.0 0.0 0.0 0.0 0.0 0.0 
45 0.853658536585366 0.12488001992695745 0.0 0.0 0.0 0.0 0.0 0.0 0.0 0.0 0.0 0.0 0.0 0.0 0.0 0.0 0.0 0.0 0.0 0.0 0.0 
46 0.853658536585366 0.35250083962475937 0.0 0.0 0.0 0.0 0.0 0.0 0.0 0.0 0.0 0.0 0.0 0.0 0.0 0.0 0.0 0.0 0.0 0.0 0.0 
47 0.853658536585366 0.5260163832868063 0.0 0.0 0.0 0.0 0.0 0.0 0.0 0.0 0.0 0.0 0.0 0.0 0.0 0.0 0.0 0.0 0.0 0.0 0.0 
48 0.853658536585366 0.6901973096599879 0.0 0.0 0.0 0.0 0.0 0.0 0.0 0.0 0.0 0.0 0.0 0.0 0.0 0.0 0.0 0.0 0.0 0.0 0.0 
49 0.853658536585366 0.8401036870036289 0.0 0.0 0.0 0.0 0.0 0.0 0.0 0.0 0.0 0.0 0.0 0.0 0.0 0.0 0.0 0.0 0.0 0.0 0.0 
50 0.853658536585366 0.8531890919828646 0.0 0.0 0.0 0.0 0.0 0.0 0.0 0.0 0.0 0.0 0.0 0.0 0.0 0.0 0.0 0.0 0.0 0.0 0.0 
51 0.853658536585366 0.853658536585366 0.0 0.0 0.0 0.0 0.0 0.0 0.0 0.0 0.0 0.0 0.0 0.0 0.0 0.0 0.0 0.0 0.0 0.0 0.0 
52 0.853658536585366 0.853658536585366 0.0 0.0 0.0 0.0 0.0 0.0 0.0 0.0 0.0 0.0 0.0 0.0 0.0 0.0 0.0 0.0 0.0 0.0 0.0 
53 0.853658536585366 0.853658536585366 0.0 0.0 0.0 0.0 0.0 0.0 0.0 0.0 0.0 0.0 0.0 0.0 0.0 0.0 0.0 0.0 0.0 0.0 0.0 
54 0.853658536585366 0.853658536585366 0.0 0.0 0.0 0.0 0.0 0.0 0.0 0.0 0.0 0.0 0.0 0.0 0.0 0.0 0.0 0.0 0.0 0.0 0.0 
55 0.853658536585366 0.853658536585366 0.0 0.0 0.0 0.0 0.0 0.0 0.0 0.0 0.0 0.0 0.0 0.0 0.0 0.0 0.0 0.0 0.0 0.0 0.0 
56 0.853658536585366 0.853658536585366 0.0 0.0 0.0 0.0 0.0 0.0 0.0 0.0 0.0 0.0 0.0 0.0 0.0 0.0 0.0 0.0 0.0 0.0 0.0 
57 0.853658536585366 0.853658536585366 0.0 0.0 0.0 0.0 0.0 0.0 0.0 0.0 0.0 0.0 0.0 0.0 0.0 0.0 0.0 0.0 0.0 0.0 0.0 
58 0.853658536585366 0.853658536585366 0.0 0.0 0.0 0.0 0.0 0.0 0.0 0.0 0.0 0.0 0.0 0.0 0.0 0.0 0.0 0.0 0.0 0.0 0.0 
59 0.853658536585366 0.853658536585366 0.0 0.0 0.0 0.0 0.0 0.0 0.0 0.0 0.0 0.0 0.0 0.0 0.0 0.0 0.0 0.0 0.0 0.0 0.0 
60 0.853658536585366 0.853658536585366 0.0 0.0 0.0 0.0 0.0 0.0 0.0 0.0 0.0 0.0 0.0 0.0 0.0 0.0 0.0 0.0 0.0 0.0 0.0 
61 0.853658536585366 0.853658536585366 0.0 0.0 0.0 0.0 0.0 0.0 0.0 0.0 0.0 0.0 0.0 0.0 0.0 0.0 0.0 0.0 0.0 0.0 0.0 
62 0.853658536585366 0.853658536585366 0.0 0.0 0.0 0.0 0.0 0.0 0.0 0.0 0.0 0.0 0.0 0.0 0.0 0.0 0.0 0.0 0.0 0.0 0.0 
63 0.853658536585366 0.853658536585366 0.0 0.0 0.0 0.0 0.0 0.0 0.0 0.0 0.0 0.0 0.0 0.0 0.0 0.0 0.0 0.0 0.0 0.0 0.0 
64 0.853658536585366 0.853658536585366 0.0 0.0 0.0 0.0 0.0 0.0 0.0 0.0 0.0 0.0 0.0 0.0 0.0 0.0 0.0 0.0 0.0 0.0 0.0 
65 0.853658536585366 0.853658536585366 0.0 0.0 0.0 0.0 0.0 0.0 0.0 0.0 0.0 0.0 0.0 0.0 0.0 0.0 0.0 0.0 0.0 0.0 0.0 
66 0.853658536585366 0.853658536585366 0.0 0.0 0.0 0.0 0.0 0.0 0.0 0.0 0.0 0.0 0.0 0.0 0.0 0.0 0.0 0.0 0.0 0.0 0.0 
67 0.853658536585366 0.853658536585366 0.0 0.0 0.0 0.0 0.0 0.0 0.0 0.0 0.0 0.0 0.0 0.0 0.0 0.0 0.0 0.0 0.0 0.0 0.0 
68 0.853658536585366 0.853658536585366 0.0 0.0 0.0 0.0 0.0 0.0 0.0 0.0 0.0 0.0 0.0 0.0 0.0 0.0 0.0 0.0 0.0 0.0 0.0 
69 0.853658536585366 0.853658536585366 0.0 0.0 0.0 0.0 0.0 0.0 0.0 0.0 0.0 0.0 0.0 0.0 0.0 0.0 0.0 0.0 0.0 0.0 0.0 
70 0.853658536585366 0.853658536585366 0.0 0.0 0.0 0.0 0.0 0.0 0.0 0.0 0.0 0.0 0.0 0.0 0.0 0.0 0.0 0.0 0.0 0.0 0.0 
71 0.853658536585366 0.853658536585366 0.0 0.0 0.0 0.0 0.0 0.0 0.0 0.0 0.0 0.0 0.0 0.0 0.0 0.0 0.0 0.0 0.0 0.0 0.0 
72 0.853658536585366 0.853658536585366 0.0 0.0 0.0 0.0 0.0 0.0 0.0 0.0 0.0 0.0 0.0 0.0 0.0 0.0 0.0 0.0 0.0 0.0 0.0 
73 0.853658536585366 0.853658536585366 0.0 0.0 0.0 0.0 0.0 0.0 0.0 0.0 0.0 0.0 0.0 0.0 0.0 0.0 0.0 0.0 0.0 0.0 0.0 
74 0.853658536585366 0.853658536585366 0.0 0.0 0.0 0.0 0.0 0.0 0.0 0.0 0.0 0.0 0.0 0.0 0.0 0.0 0.0 0.0 0.0 0.0 0.0 
75 0.853658536585366 0.853658536585366 0.0 0.0 0.0 0.0 0.0 0.0 0.0 0.0 0.0 0.0 0.0 0.0 0.0 0.0 0.0 0.0 0.0 0.0 0.0 
76 0.853658536585366 0.853658536585366 0.0 0.0 0.0 0.0 0.0 0.0 0.0 0.0 0.0 0.0 0.0 0.0 0.0 0.0 0.0 0.0 0.0 0.0 0.0 
77 0.853658536585366 0.853658536585366 0.0 0.0 0.0 0.0 0.0 0.0 0.0 0.0 0.0 0.0 0.0 0.0 0.0 0.0 0.0 0.0 0.0 0.0 0.0 
78 0.853658536585366 0.853658536585366 0.0 0.0 0.0 0.0 0.0 0.0 0.0 0.0 0.0 0.0 0.0 0.0 0.0 0.0 0.0 0.0 0.0 0.0 0.0 
79 0.853658536585366 0.853658536585366 0.0 0.0 0.0 0.0 0.0 0.0 0.0 0.0 0.0 0.0 0.0 0.0 0.0 0.0 0.0 0.0 0.0 0.0 0.0 
80 0.853658536585366 0.853658536585366 0.0 0.0 0.0 0.0 0.0 0.0 0.0 0.0 0.0 0.0 0.0 0.0 0.0 0.0 0.0 0.0 0.0 0.0 0.0 
81 0.853658536585366 0.853658536585366 0.0 0.0 0.0 0.0 0.0 0.0 0.0 0.0 0.0 0.0 0.0 0.0 0.0 0.0 0.0 0.0 0.0 0.0 0.0 
82 0.853658536585366 0.853658536585366 0.0 0.0 0.0 0.0 0.0 0.0 0.0 0.0 0.0 0.0 0.0 0.0 0.0 0.0 0.0 0.0 0.0 0.0 0.0 
83 0.853658536585366 0.853658536585366 0.0 0.0 0.0 0.0 0.0 0.0 0.0 0.0 0.0 0.0 0.0 0.0 0.0 0.0 0.0 0.0 0.0 0.0 0.0 
84 0.853658536585366 0.853658536585366 0.0 0.0 0.0 0.0 0.0 0.0 0.0 0.0 0.0 0.0 0.0 0.0 0.0 0.0 0.0 0.0 0.0 0.0 0.0 
85 0.853658536585366 0.853658536585366 0.0 0.0 0.0 0.0 0.0 0.0 0.0 0.0 0.0 0.0 0.0 0.0 0.0 0.0 0.0 0.0 0.0 0.0 0.0 
86 0.853658536585366 0.853658536585366 0.0 0.0 0.0 0.0 0.0 0.0 0.0 0.0 0.0 0.0 0.0 0.0 0.0 0.0 0.0 0.0 0.0 0.0 0.0 
87 0.853658536585366 0.853658536585366 0.0 0.0 0.0 0.0 0.0 0.0 0.0 0.0 0.0 0.0 0.0 0.0 0.0 0.0 0.0 0.0 0.0 0.0 0.0 
88 0.853658536585366 0.853658536585366 0.0 0.0 0.0 0.0 0.0 0.0 0.0 0.0 0.0 0.0 0.0 0.0 0.0 0.0 0.0 0.0 0.0 0.0 0.0 
89 0.853658536585366 0.853658536585366 0.0 0.0 0.0 0.0 0.0 0.0 0.0 0.0 0.0 0.0 0.0 0.0 0.0 0.0 0.0 0.0 0.0 0.0 0.0 
90 0.853658536585366 0.853658536585366 0.0 0.0 0.0 0.0 0.0 0.0 0.0 0.0 0.0 0.0 0.0 0.0 0.0 0.0 0.0 0.0 0.0 0.0 0.0 
91 0.853658536585366 0.853658536585366 0.0 0.0 0.0 0.0 0.0 0.0 0.0 0.0 0.0 0.0 0.0 0.0 0.0 0.0 0.0 0.0 0.0 0.0 0.0 
92 0.853658536585366 0.853658536585366 0.047186479926736254 0.0 0.0 0.0 0.0 0.0 0.0 0.0 0.0 0.0 0.0 0.0 0.0 0.0 0.0 0.0 0.0 0.0 0.0 
93 0.853658536585366 0.853658536585366 0.22331786162884532 0.0 0.0 0.0 0.0 0.0 0.0 0.0 0.0 0.0 0.0 0.0 0.0 0.0 0.0 0.0 0.0 0.0 0.0 
94 0.853658536585366 0.853658536585366 0.38880586355123364 0.0 0.0 0.0 0.0 0.0 0.0 0.0 0.0 0.0 0.0 0.0 0.0 0.0 0.0 0.0 0.0 0.0 0.0 
95 0.853658536585366 0.853658536585366 0.6341261180452974 0.0 0.0 0.0 0.0 0.0 0.0 0.0 0.0 0.0 0.0 0.0 0.0 0.0 0.0 0.0 0.0 0.0 0.0 
96 0.853658536585366 0.853658536585366 0.7691842444167138 0.0 0.0 0.0 0.0 0.0 0.0 0.0 0.0 0.0 0.0 0.0 0.0 0.0 0.0 0.0 0.0 0.0 0.0 
97 0.853658536585366 0.853658536585366 0.8525361330811139 0.0 0.0 0.0 0.0 0.0 0.0 0.0 0.0 0.0 0.0 0.0 0.0 0.0 0.0 0.0 0.0 0.0 0.0 
98 0.853658536585366 0.853658536585366 0.8536208716926327 0.0 0.0 0.0 0.0 0.0 0.0 0.0 0.0 0.0 0.0 0.0 0.0 0.0 0.0 0.0 0.0 0.0 0.0 
99 0.853658536585366 0.853658536585366 0.853658536585366 0.0 0.0 0.0 0.0 0.0 0.0 0.0 0.0 0.0 0.0 0.0 0.0 0.0 0.0 0.0 0.0 0.0 0.0 
100 0.853658536585366 0.853658536585366 0.853658536585366 0.0 0.0 0.0 0.0 0.0 0.0 0.0 0.0 0.0 0.0 0.0 0.0 0.0 0.0 0.0 0.0 0.0 0.0 
101 0.853658536585366 0.853658536585366 0.853658536585366 0.0 0.0 0.0 0.0 0.0 0.0 0.0 0.0 0.0 0.0 0.0 0.0 0.0 0.0 0.0 0.0 0.0 0.0 
102 0.853658536585366 0.853658536585366 0.853658536585366 0.0 0.0 0.0 0.0 0.0 0.0 0.0 0.0 0.0 0.0 0.0 0.0 0.0 0.0 0.0 0.0 0.0 0.0 
103 0.853658536585366 0.853658536585366 0.853658536585366 0.0 0.0 0.0 0.0 0.0 0.0 0.0 0.0 0.0 0.0 0.0 0.0 0.0 0.0 0.0 0.0 0.0 0.0 
104 0.853658536585366 0.853658536585366 0.853658536585366 0.0 0.0 0.0 0.0 0.0 0.0 0.0 0.0 0.0 0.0 0.0 0.0 0.0 0.0 0.0 0.0 0.0 0.0 
105 0.853658536585366 0.853658536585366 0.853658536585366 0.0 0.0 0.0 0.0 0.0 0.0 0.0 0.0 0.0 0.0 0.0 0.0 0.0 0.0 0.0 0.0 0.0 0.0 
106 0.853658536585366 0.853658536585366 0.853658536585366 0.0 0.0 0.0 0.0 0.0 0.0 0.0 0.0 0.0 0.0 0.0 0.0 0.0 0.0 0.0 0.0 0.0 0.0 
107 0.853658536585366 0.853658536585366 0.853658536585366 0.0 0.0 0.0 0.0 0.0 0.0 0.0 0.0 0.0 0.0 0.0 0.0 0.0 0.0 0.0 0.0 0.0 0.0 
108 0.853658536585366 0.853658536585366 0.853658536585366 0.0 0.0 0.0 0.0 0.0 0.0 0.0 0.0 0.0 0.0 0.0 0.0 0.0 0.0 0.0 0.0 0.0 0.0 
109 0.853658536585366 0.853658536585366 0.853658536585366 0.0 0.0 0.0 0.0 0.0 0.0 0.0 0.0 0.0 0.0 0.0 0.0 0.0 0.0 0.0 0.0 0.0 0.0 
110 0.853658536585366 0.853658536585366 0.853658536585366 0.0 0.0 0.0 0.0 0.0 0.0 0.0 0.0 0.0 0.0 0.0 0.0 0.0 0.0 0.0 0.0 0.0 0.0 
111 0.853658536585366 0.853658536585366 0.853658536585366 0.0 0.0 0.0 0.0 0.0 0.0 0.0 0.0 0.0 0.0 0.0 0.0 0.0 0.0 0.0 0.0 0.0 0.0 
112 0.853658536585366 0.853658536585366 0.853658536585366 0.0 0.0 0.0 0.0 0.0 0.0 0.0 0.0 0.0 0.0 0.0 0.0 0.0 0.0 0.0 0.0 0.0 0.0 
113 0.853658536585366 0.853658536585366 0.853658536585366 0.0 0.0 0.0 0.0 0.0 0.0 0.0 0.0 0.0 0.0 0.0 0.0 0.0 0.0 0.0 0.0 0.0 0.0 
114 0.853658536585366 0.853658536585366 0.853658536585366 0.0 0.0 0.0 0.0 0.0 0.0 0.0 0.0 0.0 0.0 0.0 0.0 0.0 0.0 0.0 0.0 0.0 0.0 
115 0.853658536585366 0.853658536585366 0.853658536585366 0.0 0.0 0.0 0.0 0.0 0.0 0.0 0.0 0.0 0.0 0.0 0.0 0.0 0.0 0.0 0.0 0.0 0.0 
116 0.853658536585366 0.853658536585366 0.853658536585366 0.0 0.0 0.0 0.0 0.0 0.0 0.0 0.0 0.0 0.0 0.0 0.0 0.0 0.0 0.0 0.0 0.0 0.0 
117 0.853658536585366 0.853658536585366 0.853658536585366 0.0 0.0 0.0 0.0 0.0 0.0 0.0 0.0 0.0 0.0 0.0 0.0 0.0 0.0 0.0 0.0 0.0 0.0 
118 0.853658536585366 0.853658536585366 0.853658536585366 0.0 0.0 0.0 0.0 0.0 0.0 0.0 0.0 0.0 0.0 0.0 0.0 0.0 0.0 0.0 0.0 0.0 0.0 
119 0.853658536585366 0.853658536585366 0.853658536585366 0.0 0.0 0.0 0.0 0.0 0.0 0.0 0.0 0.0 0.0 0.0 0.0 0.0 0.0 0.0 0.0 0.0 0.0 
120 0.853658536585366 0.853658536585366 0.853658536585366 0.0 0.0 0.0 0.0 0.0 0.0 0.0 0.0 0.0 0.0 0.0 0.0 0.0 0.0 0.0 0.0 0.0 0.0 
121 0.853658536585366 0.853658536585366 0.853658536585366 0.0 0.0 0.0 0.0 0.0 0.0 0.0 0.0 0.0 0.0 0.0 0.0 0.0 0.0 0.0 0.0 0.0 0.0 
122 0.853658536585366 0.853658536585366 0.853658536585366 0.0 0.0 0.0 0.0 0.0 0.0 0.0 0.0 0.0 0.0 0.0 0.0 0.0 0.0 0.0 0.0 0.0 0.0 
123 0.853658536585366 0.853658536585366 0.853658536585366 0.0 0.0 0.0 0.0 0.0 0.0 0.0 0.0 0.0 0.0 0.0 0.0 0.0 0.0 0.0 0.0 0.0 0.0 
124 0.853658536585366 0.853658536585366 0.853658536585366 0.0 0.0 0.0 0.0 0.0 0.0 0.0 0.0 0.0 0.0 0.0 0.0 0.0 0.0 0.0 0.0 0.0 0.0 
125 0.853658536585366 0.853658536585366 0.853658536585366 0.0 0.0 0.0 0.0 0.0 0.0 0.0 0.0 0.0 0.0 0.0 0.0 0.0 0.0 0.0 0.0 0.0 0.0 
126 0.853658536585366 0.853658536585366 0.853658536585366 0.0 0.0 0.0 0.0 0.0 0.0 0.0 0.0 0.0 0.0 0.0 0.0 0.0 0.0 0.0 0.0 0.0 0.0 
127 0.853658536585366 0.853658536585366 0.853658536585366 0.0 0.0 0.0 0.0 0.0 0.0 0.0 0.0 0.0 0.0 0.0 0.0 0.0 0.0 0.0 0.0 0.0 0.0 
128 0.853658536585366 0.853658536585366 0.853658536585366 0.0 0.0 0.0 0.0 0.0 0.0 0.0 0.0 0.0 0.0 0.0 0.0 0.0 0.0 0.0 0.0 0.0 0.0 
129 0.853658536585366 0.853658536585366 0.853658536585366 0.0 0.0 0.0 0.0 0.0 0.0 0.0 0.0 0.0 0.0 0.0 0.0 0.0 0.0 0.0 0.0 0.0 0.0 
130 0.853658536585366 0.853658536585366 0.853658536585366 0.0 0.0 0.0 0.0 0.0 0.0 0.0 0.0 0.0 0.0 0.0 0.0 0.0 0.0 0.0 0.0 0.0 0.0 
131 0.853658536585366 0.853658536585366 0.853658536585366 0.0 0.0 0.0 0.0 0.0 0.0 0.0 0.0 0.0 0.0 0.0 0.0 0.0 0.0 0.0 0.0 0.0 0.0 
132 0.853658536585366 0.853658536585366 0.853658536585366 0.0 0.0 0.0 0.0 0.0 0.0 0.0 0.0 0.0 0.0 0.0 0.0 0.0 0.0 0.0 0.0 0.0 0.0 
133 0.853658536585366 0.853658536585366 0.853658536585366 0.0 0.0 0.0 0.0 0.0 0.0 0.0 0.0 0.0 0.0 0.0 0.0 0.0 0.0 0.0 0.0 0.0 0.0 
134 0.853658536585366 0.853658536585366 0.853658536585366 0.0 0.0 0.0 0.0 0.0 0.0 0.0 0.0 0.0 0.0 0.0 0.0 0.0 0.0 0.0 0.0 0.0 0.0 
135 0.853658536585366 0.853658536585366 0.853658536585366 0.0 0.0 0.0 0.0 0.0 0.0 0.0 0.0 0.0 0.0 0.0 0.0 0.0 0.0 0.0 0.0 0.0 0.0 
136 0.853658536585366 0.853658536585366 0.853658536585366 0.0 0.0 0.0 0.0 0.0 0.0 0.0 0.0 0.0 0.0 0.0 0.0 0.0 0.0 0.0 0.0 0.0 0.0 
137 0.853658536585366 0.853658536585366 0.853658536585366 0.0 0.0 0.0 0.0 0.0 0.0 0.0 0.0 0.0 0.0 0.0 0.0 0.0 0.0 0.0 0.0 0.0 0.0 
138 0.853658536585366 0.853658536585366 0.853658536585366 0.0 0.0 0.0 0.0 0.0 0.0 0.0 0.0 0.0 0.0 0.0 0.0 0.0 0.0 0.0 0.0 0.0 0.0 
139 0.853658536585366 0.853658536585366 0.853658536585366 0.03665046398002611 0.0 0.0 0.0 0.0 0.0 0.0 0.0 0.0 0.0 0.0 0.0 0.0 0.0 0.0 0.0 0.0 0.0 
140 0.853658536585366 0.853658536585366 0.853658536585366 0.16382983487721373 0.0 0.0 0.0 0.0 0.0 0.0 0.0 0.0 0.0 0.0 0.0 0.0 0.0 0.0 0.0 0.0 0.0 
141 0.853658536585366 0.853658536585366 0.853658536585366 0.3318687261556618 0.0 0.0 0.0 0.0 0.0 0.0 0.0 0.0 0.0 0.0 0.0 0.0 0.0 0.0 0.0 0.0 0.0 
142 0.853658536585366 0.853658536585366 0.853658536585366 0.5965951934341488 0.0 0.0 0.0 0.0 0.0 0.0 0.0 0.0 0.0 0.0 0.0 0.0 0.0 0.0 0.0 0.0 0.0 
143 0.853658536585366 0.853658536585366 0.853658536585366 0.7234487683919519 0.0 0.0 0.0 0.0 0.0 0.0 0.0 0.0 0.0 0.0 0.0 0.0 0.0 0.0 0.0 0.0 0.0 
144 0.853658536585366 0.853658536585366 0.853658536585366 0.7575493259711856 0.0 0.0 0.0 0.0 0.0 0.0 0.0 0.0 0.0 0.0 0.0 0.0 0.0 0.0 0.0 0.0 0.0 
145 0.853658536585366 0.853658536585366 0.853658536585366 0.8507457339872696 0.0 0.0 0.0 0.0 0.0 0.0 0.0 0.0 0.0 0.0 0.0 0.0 0.0 0.0 0.0 0.0 0.0 
146 0.853658536585366 0.853658536585366 0.853658536585366 0.8532347820409747 0.0 0.0 0.0 0.0 0.0 0.0 0.0 0.0 0.0 0.0 0.0 0.0 0.0 0.0 0.0 0.0 0.0 
147 0.853658536585366 0.853658536585366 0.853658536585366 0.8536397991212874 0.0 0.0 0.0 0.0 0.0 0.0 0.0 0.0 0.0 0.0 0.0 0.0 0.0 0.0 0.0 0.0 0.0 
148 0.853658536585366 0.853658536585366 0.853658536585366 0.853658536585366 0.0 0.0 0.0 0.0 0.0 0.0 0.0 0.0 0.0 0.0 0.0 0.0 0.0 0.0 0.0 0.0 0.0 
149 0.853658536585366 0.853658536585366 0.853658536585366 0.853658536585366 0.0 0.0 0.0 0.0 0.0 0.0 0.0 0.0 0.0 0.0 0.0 0.0 0.0 0.0 0.0 0.0 0.0 
150 0.853658536585366 0.853658536585366 0.853658536585366 0.853658536585366 0.0 0.0 0.0 0.0 0.0 0.0 0.0 0.0 0.0 0.0 0.0 0.0 0.0 0.0 0.0 0.0 0.0 
151 0.853658536585366 0.853658536585366 0.853658536585366 0.853658536585366 0.0 0.0 0.0 0.0 0.0 0.0 0.0 0.0 0.0 0.0 0.0 0.0 0.0 0.0 0.0 0.0 0.0 
152 0.853658536585366 0.853658536585366 0.853658536585366 0.853658536585366 0.0 0.0 0.0 0.0 0.0 0.0 0.0 0.0 0.0 0.0 0.0 0.0 0.0 0.0 0.0 0.0 0.0 
153 0.853658536585366 0.853658536585366 0.853658536585366 0.853658536585366 0.0 0.0 0.0 0.0 0.0 0.0 0.0 0.0 0.0 0.0 0.0 0.0 0.0 0.0 0.0 0.0 0.0 
154 0.853658536585366 0.853658536585366 0.853658536585366 0.853658536585366 0.0 0.0 0.0 0.0 0.0 0.0 0.0 0.0 0.0 0.0 0.0 0.0 0.0 0.0 0.0 0.0 0.0 
155 0.853658536585366 0.853658536585366 0.853658536585366 0.853658536585366 0.0 0.0 0.0 0.0 0.0 0.0 0.0 0.0 0.0 0.0 0.0 0.0 0.0 0.0 0.0 0.0 0.0 
156 0.853658536585366 0.853658536585366 0.853658536585366 0.853658536585366 0.0 0.0 0.0 0.0 0.0 0.0 0.0 0.0 0.0 0.0 0.0 0.0 0.0 0.0 0.0 0.0 0.0 
157 0.853658536585366 0.853658536585366 0.853658536585366 0.853658536585366 0.0 0.0 0.0 0.0 0.0 0.0 0.0 0.0 0.0 0.0 0.0 0.0 0.0 0.0 0.0 0.0 0.0 
158 0.853658536585366 0.853658536585366 0.853658536585366 0.853658536585366 0.0 0.0 0.0 0.0 0.0 0.0 0.0 0.0 0.0 0.0 0.0 0.0 0.0 0.0 0.0 0.0 0.0 
159 0.853658536585366 0.853658536585366 0.853658536585366 0.853658536585366 0.0 0.0 0.0 0.0 0.0 0.0 0.0 0.0 0.0 0.0 0.0 0.0 0.0 0.0 0.0 0.0 0.0 
160 0.853658536585366 0.853658536585366 0.853658536585366 0.853658536585366 0.0 0.0 0.0 0.0 0.0 0.0 0.0 0.0 0.0 0.0 0.0 0.0 0.0 0.0 0.0 0.0 0.0 
161 0.853658536585366 0.853658536585366 0.853658536585366 0.853658536585366 0.0 0.0 0.0 0.0 0.0 0.0 0.0 0.0 0.0 0.0 0.0 0.0 0.0 0.0 0.0 0.0 0.0 
162 0.853658536585366 0.853658536585366 0.853658536585366 0.853658536585366 0.0 0.0 0.0 0.0 0.0 0.0 0.0 0.0 0.0 0.0 0.0 0.0 0.0 0.0 0.0 0.0 0.0 
163 0.853658536585366 0.853658536585366 0.853658536585366 0.853658536585366 0.0 0.0 0.0 0.0 0.0 0.0 0.0 0.0 0.0 0.0 0.0 0.0 0.0 0.0 0.0 0.0 0.0 
164 0.853658536585366 0.853658536585366 0.853658536585366 0.853658536585366 0.0 0.0 0.0 0.0 0.0 0.0 0.0 0.0 0.0 0.0 0.0 0.0 0.0 0.0 0.0 0.0 0.0 
165 0.853658536585366 0.853658536585366 0.853658536585366 0.853658536585366 0.0 0.0 0.0 0.0 0.0 0.0 0.0 0.0 0.0 0.0 0.0 0.0 0.0 0.0 0.0 0.0 0.0 
166 0.853658536585366 0.853658536585366 0.853658536585366 0.853658536585366 0.0 0.0 0.0 0.0 0.0 0.0 0.0 0.0 0.0 0.0 0.0 0.0 0.0 0.0 0.0 0.0 0.0 
167 0.853658536585366 0.853658536585366 0.853658536585366 0.853658536585366 0.0 0.0 0.0 0.0 0.0 0.0 0.0 0.0 0.0 0.0 0.0 0.0 0.0 0.0 0.0 0.0 0.0 
168 0.853658536585366 0.853658536585366 0.853658536585366 0.853658536585366 0.0 0.0 0.0 0.0 0.0 0.0 0.0 0.0 0.0 0.0 0.0 0.0 0.0 0.0 0.0 0.0 0.0 
169 0.853658536585366 0.853658536585366 0.853658536585366 0.853658536585366 0.0 0.0 0.0 0.0 0.0 0.0 0.0 0.0 0.0 0.0 0.0 0.0 0.0 0.0 0.0 0.0 0.0 
170 0.853658536585366 0.853658536585366 0.853658536585366 0.853658536585366 0.0 0.0 0.0 0.0 0.0 0.0 0.0 0.0 0.0 0.0 0.0 0.0 0.0 0.0 0.0 0.0 0.0 
171 0.853658536585366 0.853658536585366 0.853658536585366 0.853658536585366 0.0 0.0 0.0 0.0 0.0 0.0 0.0 0.0 0.0 0.0 0.0 0.0 0.0 0.0 0.0 0.0 0.0 
172 0.853658536585366 0.853658536585366 0.853658536585366 0.853658536585366 0.0 0.0 0.0 0.0 0.0 0.0 0.0 0.0 0.0 0.0 0.0 0.0 0.0 0.0 0.0 0.0 0.0 
173 0.853658536585366 0.853658536585366 0.853658536585366 0.853658536585366 0.0 0.0 0.0 0.0 0.0 0.0 0.0 0.0 0.0 0.0 0.0 0.0 0.0 0.0 0.0 0.0 0.0 
174 0.853658536585366 0.853658536585366 0.853658536585366 0.853658536585366 0.0 0.0 0.0 0.0 0.0 0.0 0.0 0.0 0.0 0.0 0.0 0.0 0.0 0.0 0.0 0.0 0.0 
175 0.853658536585366 0.853658536585366 0.853658536585366 0.853658536585366 0.0 0.0 0.0 0.0 0.0 0.0 0.0 0.0 0.0 0.0 0.0 0.0 0.0 0.0 0.0 0.0 0.0 
176 0.853658536585366 0.853658536585366 0.853658536585366 0.853658536585366 0.0 0.0 0.0 0.0 0.0 0.0 0.0 0.0 0.0 0.0 0.0 0.0 0.0 0.0 0.0 0.0 0.0 
177 0.853658536585366 0.853658536585366 0.853658536585366 0.853658536585366 0.0 0.0 0.0 0.0 0.0 0.0 0.0 0.0 0.0 0.0 0.0 0.0 0.0 0.0 0.0 0.0 0.0 
178 0.853658536585366 0.853658536585366 0.853658536585366 0.853658536585366 0.0 0.0 0.0 0.0 0.0 0.0 0.0 0.0 0.0 0.0 0.0 0.0 0.0 0.0 0.0 0.0 0.0 
179 0.853658536585366 0.853658536585366 0.853658536585366 0.853658536585366 0.0 0.0 0.0 0.0 0.0 0.0 0.0 0.0 0.0 0.0 0.0 0.0 0.0 0.0 0.0 0.0 0.0 
180 0.853658536585366 0.853658536585366 0.853658536585366 0.853658536585366 0.0 0.0 0.0 0.0 0.0 0.0 0.0 0.0 0.0 0.0 0.0 0.0 0.0 0.0 0.0 0.0 0.0 
181 0.853658536585366 0.853658536585366 0.853658536585366 0.853658536585366 0.0 0.0 0.0 0.0 0.0 0.0 0.0 0.0 0.0 0.0 0.0 0.0 0.0 0.0 0.0 0.0 0.0 
182 0.853658536585366 0.853658536585366 0.853658536585366 0.853658536585366 0.0 0.0 0.0 0.0 0.0 0.0 0.0 0.0 0.0 0.0 0.0 0.0 0.0 0.0 0.0 0.0 0.0 
183 0.853658536585366 0.853658536585366 0.853658536585366 0.853658536585366 0.0 0.0 0.0 0.0 0.0 0.0 0.0 0.0 0.0 0.0 0.0 0.0 0.0 0.0 0.0 0.0 0.0 
184 0.853658536585366 0.853658536585366 0.853658536585366 0.853658536585366 0.0 0.0 0.0 0.0 0.0 0.0 0.0 0.0 0.0 0.0 0.0 0.0 0.0 0.0 0.0 0.0 0.0 
185 0.853658536585366 0.853658536585366 0.853658536585366 0.853658536585366 0.038389535197919725 0.0 0.0 0.0 0.0 0.0 0.0 0.0 0.0 0.0 0.0 0.0 0.0 0.0 0.0 0.0 0.0 
186 0.853658536585366 0.853658536585366 0.853658536585366 0.853658536585366 0.12127519820525193 0.0 0.0 0.0 0.0 0.0 0.0 0.0 0.0 0.0 0.0 0.0 0.0 0.0 0.0 0.0 0.0 
187 0.853658536585366 0.853658536585366 0.853658536585366 0.853658536585366 0.162564788491076 0.0 0.0 0.0 0.0 0.0 0.0 0.0 0.0 0.0 0.0 0.0 0.0 0.0 0.0 0.0 0.0 
188 0.853658536585366 0.853658536585366 0.853658536585366 0.853658536585366 0.17119435869906224 0.0 0.0 0.0 0.0 0.0 0.0 0.0 0.0 0.0 0.0 0.0 0.0 0.0 0.0 0.0 0.0 
189 0.853658536585366 0.853658536585366 0.853658536585366 0.853658536585366 0.3765331328832029 0.0 0.0 0.0 0.0 0.0 0.0 0.0 0.0 0.0 0.0 0.0 0.0 0.0 0.0 0.0 0.0 
190 0.853658536585366 0.853658536585366 0.853658536585366 0.853658536585366 0.4964354219471617 0.0 0.0 0.0 0.0 0.0 0.0 0.0 0.0 0.0 0.0 0.0 0.0 0.0 0.0 0.0 0.0 
191 0.853658536585366 0.853658536585366 0.853658536585366 0.853658536585366 0.6136719916442105 0.0 0.0 0.0 0.0 0.0 0.0 0.0 0.0 0.0 0.0 0.0 0.0 0.0 0.0 0.0 0.0 
192 0.853658536585366 0.853658536585366 0.853658536585366 0.853658536585366 0.796692499916851 0.0 0.0 0.0 0.0 0.0 0.0 0.0 0.0 0.0 0.0 0.0 0.0 0.0 0.0 0.0 0.0 
193 0.853658536585366 0.853658536585366 0.853658536585366 0.853658536585366 0.8516689176563924 0.0 0.0 0.0 0.0 0.0 0.0 0.0 0.0 0.0 0.0 0.0 0.0 0.0 0.0 0.0 0.0 
194 0.853658536585366 0.853658536585366 0.853658536585366 0.853658536585366 0.8535763422220735 0.0 0.0 0.0 0.0 0.0 0.0 0.0 0.0 0.0 0.0 0.0 0.0 0.0 0.0 0.0 0.0 
195 0.853658536585366 0.853658536585366 0.853658536585366 0.853658536585366 0.853658536585366 0.0 0.0 0.0 0.0 0.0 0.0 0.0 0.0 0.0 0.0 0.0 0.0 0.0 0.0 0.0 0.0 
196 0.853658536585366 0.853658536585366 0.853658536585366 0.853658536585366 0.853658536585366 0.0 0.0 0.0 0.0 0.0 0.0 0.0 0.0 0.0 0.0 0.0 0.0 0.0 0.0 0.0 0.0 
197 0.853658536585366 0.853658536585366 0.853658536585366 0.853658536585366 0.853658536585366 0.0 0.0 0.0 0.0 0.0 0.0 0.0 0.0 0.0 0.0 0.0 0.0 0.0 0.0 0.0 0.0 
198 0.853658536585366 0.853658536585366 0.853658536585366 0.853658536585366 0.853658536585366 0.0 0.0 0.0 0.0 0.0 0.0 0.0 0.0 0.0 0.0 0.0 0.0 0.0 0.0 0.0 0.0 
199 0.853658536585366 0.853658536585366 0.853658536585366 0.853658536585366 0.853658536585366 0.0 0.0 0.0 0.0 0.0 0.0 0.0 0.0 0.0 0.0 0.0 0.0 0.0 0.0 0.0 0.0 
200 0.853658536585366 0.853658536585366 0.853658536585366 0.853658536585366 0.853658536585366 0.0 0.0 0.0 0.0 0.0 0.0 0.0 0.0 0.0 0.0 0.0 0.0 0.0 0.0 0.0 0.0 
201 0.853658536585366 0.853658536585366 0.853658536585366 0.853658536585366 0.853658536585366 0.0 0.0 0.0 0.0 0.0 0.0 0.0 0.0 0.0 0.0 0.0 0.0 0.0 0.0 0.0 0.0 
202 0.853658536585366 0.853658536585366 0.853658536585366 0.853658536585366 0.853658536585366 0.0 0.0 0.0 0.0 0.0 0.0 0.0 0.0 0.0 0.0 0.0 0.0 0.0 0.0 0.0 0.0 
203 0.853658536585366 0.853658536585366 0.853658536585366 0.853658536585366 0.853658536585366 0.0 0.0 0.0 0.0 0.0 0.0 0.0 0.0 0.0 0.0 0.0 0.0 0.0 0.0 0.0 0.0 
204 0.853658536585366 0.853658536585366 0.853658536585366 0.853658536585366 0.853658536585366 0.0 0.0 0.0 0.0 0.0 0.0 0.0 0.0 0.0 0.0 0.0 0.0 0.0 0.0 0.0 0.0 
205 0.853658536585366 0.853658536585366 0.853658536585366 0.853658536585366 0.853658536585366 0.0 0.0 0.0 0.0 0.0 0.0 0.0 0.0 0.0 0.0 0.0 0.0 0.0 0.0 0.0 0.0 
206 0.853658536585366 0.853658536585366 0.853658536585366 0.853658536585366 0.853658536585366 0.0 0.0 0.0 0.0 0.0 0.0 0.0 0.0 0.0 0.0 0.0 0.0 0.0 0.0 0.0 0.0 
207 0.853658536585366 0.853658536585366 0.853658536585366 0.853658536585366 0.853658536585366 0.0 0.0 0.0 0.0 0.0 0.0 0.0 0.0 0.0 0.0 0.0 0.0 0.0 0.0 0.0 0.0 
208 0.853658536585366 0.853658536585366 0.853658536585366 0.853658536585366 0.853658536585366 0.0 0.0 0.0 0.0 0.0 0.0 0.0 0.0 0.0 0.0 0.0 0.0 0.0 0.0 0.0 0.0 
209 0.853658536585366 0.853658536585366 0.853658536585366 0.853658536585366 0.853658536585366 0.0 0.0 0.0 0.0 0.0 0.0 0.0 0.0 0.0 0.0 0.0 0.0 0.0 0.0 0.0 0.0 
210 0.853658536585366 0.853658536585366 0.853658536585366 0.853658536585366 0.853658536585366 0.0 0.0 0.0 0.0 0.0 0.0 0.0 0.0 0.0 0.0 0.0 0.0 0.0 0.0 0.0 0.0 
211 0.853658536585366 0.853658536585366 0.853658536585366 0.853658536585366 0.853658536585366 0.0 0.0 0.0 0.0 0.0 0.0 0.0 0.0 0.0 0.0 0.0 0.0 0.0 0.0 0.0 0.0 
212 0.853658536585366 0.853658536585366 0.853658536585366 0.853658536585366 0.853658536585366 0.0 0.0 0.0 0.0 0.0 0.0 0.0 0.0 0.0 0.0 0.0 0.0 0.0 0.0 0.0 0.0 
213 0.853658536585366 0.853658536585366 0.853658536585366 0.853658536585366 0.853658536585366 0.0 0.0 0.0 0.0 0.0 0.0 0.0 0.0 0.0 0.0 0.0 0.0 0.0 0.0 0.0 0.0 
214 0.853658536585366 0.853658536585366 0.853658536585366 0.853658536585366 0.853658536585366 0.0 0.0 0.0 0.0 0.0 0.0 0.0 0.0 0.0 0.0 0.0 0.0 0.0 0.0 0.0 0.0 
215 0.853658536585366 0.853658536585366 0.853658536585366 0.853658536585366 0.853658536585366 0.0 0.0 0.0 0.0 0.0 0.0 0.0 0.0 0.0 0.0 0.0 0.0 0.0 0.0 0.0 0.0 
216 0.853658536585366 0.853658536585366 0.853658536585366 0.853658536585366 0.853658536585366 0.0 0.0 0.0 0.0 0.0 0.0 0.0 0.0 0.0 0.0 0.0 0.0 0.0 0.0 0.0 0.0 
217 0.853658536585366 0.853658536585366 0.853658536585366 0.853658536585366 0.853658536585366 0.0 0.0 0.0 0.0 0.0 0.0 0.0 0.0 0.0 0.0 0.0 0.0 0.0 0.0 0.0 0.0 
218 0.853658536585366 0.853658536585366 0.853658536585366 0.853658536585366 0.853658536585366 0.0 0.0 0.0 0.0 0.0 0.0 0.0 0.0 0.0 0.0 0.0 0.0 0.0 0.0 0.0 0.0 
219 0.853658536585366 0.853658536585366 0.853658536585366 0.853658536585366 0.853658536585366 0.0 0.0 0.0 0.0 0.0 0.0 0.0 0.0 0.0 0.0 0.0 0.0 0.0 0.0 0.0 0.0 
220 0.853658536585366 0.853658536585366 0.853658536585366 0.853658536585366 0.853658536585366 0.0 0.0 0.0 0.0 0.0 0.0 0.0 0.0 0.0 0.0 0.0 0.0 0.0 0.0 0.0 0.0 
221 0.853658536585366 0.853658536585366 0.853658536585366 0.853658536585366 0.853658536585366 0.0 0.0 0.0 0.0 0.0 0.0 0.0 0.0 0.0 0.0 0.0 0.0 0.0 0.0 0.0 0.0 
222 0.853658536585366 0.853658536585366 0.853658536585366 0.853658536585366 0.853658536585366 0.0 0.0 0.0 0.0 0.0 0.0 0.0 0.0 0.0 0.0 0.0 0.0 0.0 0.0 0.0 0.0 
223 0.853658536585366 0.853658536585366 0.853658536585366 0.853658536585366 0.853658536585366 0.0 0.0 0.0 0.0 0.0 0.0 0.0 0.0 0.0 0.0 0.0 0.0 0.0 0.0 0.0 0.0 
224 0.853658536585366 0.853658536585366 0.853658536585366 0.853658536585366 0.853658536585366 0.0 0.0 0.0 0.0 0.0 0.0 0.0 0.0 0.0 0.0 0.0 0.0 0.0 0.0 0.0 0.0 
225 0.853658536585366 0.853658536585366 0.853658536585366 0.853658536585366 0.853658536585366 0.0 0.0 0.0 0.0 0.0 0.0 0.0 0.0 0.0 0.0 0.0 0.0 0.0 0.0 0.0 0.0 
226 0.853658536585366 0.853658536585366 0.853658536585366 0.853658536585366 0.853658536585366 0.0 0.0 0.0 0.0 0.0 0.0 0.0 0.0 0.0 0.0 0.0 0.0 0.0 0.0 0.0 0.0 
227 0.853658536585366 0.853658536585366 0.853658536585366 0.853658536585366 0.853658536585366 0.0 0.0 0.0 0.0 0.0 0.0 0.0 0.0 0.0 0.0 0.0 0.0 0.0 0.0 0.0 0.0 
228 0.853658536585366 0.853658536585366 0.853658536585366 0.853658536585366 0.853658536585366 0.0 0.0 0.0 0.0 0.0 0.0 0.0 0.0 0.0 0.0 0.0 0.0 0.0 0.0 0.0 0.0 
229 0.853658536585366 0.853658536585366 0.853658536585366 0.853658536585366 0.853658536585366 0.0 0.0 0.0 0.0 0.0 0.0 0.0 0.0 0.0 0.0 0.0 0.0 0.0 0.0 0.0 0.0 
230 0.853658536585366 0.853658536585366 0.853658536585366 0.853658536585366 0.853658536585366 0.0 0.0 0.0 0.0 0.0 0.0 0.0 0.0 0.0 0.0 0.0 0.0 0.0 0.0 0.0 0.0 
231 0.853658536585366 0.853658536585366 0.853658536585366 0.853658536585366 0.853658536585366 0.0 0.0 0.0 0.0 0.0 0.0 0.0 0.0 0.0 0.0 0.0 0.0 0.0 0.0 0.0 0.0 
232 0.853658536585366 0.853658536585366 0.853658536585366 0.853658536585366 0.853658536585366 3.881069920756525E-4 0.0 0.0 0.0 0.0 0.0 0.0 0.0 0.0 0.0 0.0 0.0 0.0 0.0 0.0 0.0 
233 0.853658536585366 0.853658536585366 0.853658536585366 0.853658536585366 0.853658536585366 0.12282854484237715 0.0 0.0 0.0 0.0 0.0 0.0 0.0 0.0 0.0 0.0 0.0 0.0 0.0 0.0 0.0 
234 0.853658536585366 0.853658536585366 0.853658536585366 0.853658536585366 0.853658536585366 0.12782591034520516 0.0 0.0 0.0 0.0 0.0 0.0 0.0 0.0 0.0 0.0 0.0 0.0 0.0 0.0 0.0 
235 0.853658536585366 0.853658536585366 0.853658536585366 0.853658536585366 0.853658536585366 0.14444603777709428 0.0 0.0 0.0 0.0 0.0 0.0 0.0 0.0 0.0 0.0 0.0 0.0 0.0 0.0 0.0 
236 0.853658536585366 0.853658536585366 0.853658536585366 0.853658536585366 0.853658536585366 0.21411030178894913 0.0 0.0 0.0 0.0 0.0 0.0 0.0 0.0 0.0 0.0 0.0 0.0 0.0 0.0 0.0 
237 0.853658536585366 0.853658536585366 0.853658536585366 0.853658536585366 0.853658536585366 0.36367423513402786 0.0 0.0 0.0 0.0 0.0 0.0 0.0 0.0 0.0 0.0 0.0 0.0 0.0 0.0 0.0 
238 0.853658536585366 0.853658536585366 0.853658536585366 0.853658536585366 0.853658536585366 0.5425203200837184 0.0 0.0 0.0 0.0 0.0 0.0 0.0 0.0 0.0 0.0 0.0 0.0 0.0 0.0 0.0 
239 0.853658536585366 0.853658536585366 0.853658536585366 0.853658536585366 0.853658536585366 0.6205579724916551 0.0 0.0 0.0 0.0 0.0 0.0 0.0 0.0 0.0 0.0 0.0 0.0 0.0 0.0 0.0 
240 0.853658536585366 0.853658536585366 0.853658536585366 0.853658536585366 0.853658536585366 0.758952337575476 0.0 0.0 0.0 0.0 0.0 0.0 0.0 0.0 0.0 0.0 0.0 0.0 0.0 0.0 0.0 
241 0.853658536585366 0.853658536585366 0.853658536585366 0.853658536585366 0.853658536585366 0.8504542039011266 0.0 0.0 0.0 0.0 0.0 0.0 0.0 0.0 0.0 0.0 0.0 0.0 0.0 0.0 0.0 
242 0.853658536585366 0.853658536585366 0.853658536585366 0.853658536585366 0.853658536585366 0.8535440107637076 0.0 0.0 0.0 0.0 0.0 0.0 0.0 0.0 0.0 0.0 0.0 0.0 0.0 0.0 0.0 
243 0.853658536585366 0.853658536585366 0.853658536585366 0.853658536585366 0.853658536585366 0.8536460370834804 0.0 0.0 0.0 0.0 0.0 0.0 0.0 0.0 0.0 0.0 0.0 0.0 0.0 0.0 0.0 
244 0.853658536585366 0.853658536585366 0.853658536585366 0.853658536585366 0.853658536585366 0.853658536585366 0.0 0.0 0.0 0.0 0.0 0.0 0.0 0.0 0.0 0.0 0.0 0.0 0.0 0.0 0.0 
245 0.853658536585366 0.853658536585366 0.853658536585366 0.853658536585366 0.853658536585366 0.853658536585366 0.0 0.0 0.0 0.0 0.0 0.0 0.0 0.0 0.0 0.0 0.0 0.0 0.0 0.0 0.0 
246 0.853658536585366 0.853658536585366 0.853658536585366 0.853658536585366 0.853658536585366 0.853658536585366 0.0 0.0 0.0 0.0 0.0 0.0 0.0 0.0 0.0 0.0 0.0 0.0 0.0 0.0 0.0 
247 0.853658536585366 0.853658536585366 0.853658536585366 0.853658536585366 0.853658536585366 0.853658536585366 0.0 0.0 0.0 0.0 0.0 0.0 0.0 0.0 0.0 0.0 0.0 0.0 0.0 0.0 0.0 
248 0.853658536585366 0.853658536585366 0.853658536585366 0.853658536585366 0.853658536585366 0.853658536585366 0.0 0.0 0.0 0.0 0.0 0.0 0.0 0.0 0.0 0.0 0.0 0.0 0.0 0.0 0.0 
249 0.853658536585366 0.853658536585366 0.853658536585366 0.853658536585366 0.853658536585366 0.853658536585366 0.0 0.0 0.0 0.0 0.0 0.0 0.0 0.0 0.0 0.0 0.0 0.0 0.0 0.0 0.0 
250 0.853658536585366 0.853658536585366 0.853658536585366 0.853658536585366 0.853658536585366 0.853658536585366 0.0 0.0 0.0 0.0 0.0 0.0 0.0 0.0 0.0 0.0 0.0 0.0 0.0 0.0 0.0 
251 0.853658536585366 0.853658536585366 0.853658536585366 0.853658536585366 0.853658536585366 0.853658536585366 0.0 0.0 0.0 0.0 0.0 0.0 0.0 0.0 0.0 0.0 0.0 0.0 0.0 0.0 0.0 
252 0.853658536585366 0.853658536585366 0.853658536585366 0.853658536585366 0.853658536585366 0.853658536585366 0.0 0.0 0.0 0.0 0.0 0.0 0.0 0.0 0.0 0.0 0.0 0.0 0.0 0.0 0.0 
253 0.853658536585366 0.853658536585366 0.853658536585366 0.853658536585366 0.853658536585366 0.853658536585366 0.0 0.0 0.0 0.0 0.0 0.0 0.0 0.0 0.0 0.0 0.0 0.0 0.0 0.0 0.0 
254 0.853658536585366 0.853658536585366 0.853658536585366 0.853658536585366 0.853658536585366 0.853658536585366 0.0 0.0 0.0 0.0 0.0 0.0 0.0 0.0 0.0 0.0 0.0 0.0 0.0 0.0 0.0 
255 0.853658536585366 0.853658536585366 0.853658536585366 0.853658536585366 0.853658536585366 0.853658536585366 0.0 0.0 0.0 0.0 0.0 0.0 0.0 0.0 0.0 0.0 0.0 0.0 0.0 0.0 0.0 
256 0.853658536585366 0.853658536585366 0.853658536585366 0.853658536585366 0.853658536585366 0.853658536585366 0.0 0.0 0.0 0.0 0.0 0.0 0.0 0.0 0.0 0.0 0.0 0.0 0.0 0.0 0.0 
257 0.853658536585366 0.853658536585366 0.853658536585366 0.853658536585366 0.853658536585366 0.853658536585366 0.0 0.0 0.0 0.0 0.0 0.0 0.0 0.0 0.0 0.0 0.0 0.0 0.0 0.0 0.0 
258 0.853658536585366 0.853658536585366 0.853658536585366 0.853658536585366 0.853658536585366 0.853658536585366 0.0 0.0 0.0 0.0 0.0 0.0 0.0 0.0 0.0 0.0 0.0 0.0 0.0 0.0 0.0 
259 0.853658536585366 0.853658536585366 0.853658536585366 0.853658536585366 0.853658536585366 0.853658536585366 0.0 0.0 0.0 0.0 0.0 0.0 0.0 0.0 0.0 0.0 0.0 0.0 0.0 0.0 0.0 
260 0.853658536585366 0.853658536585366 0.853658536585366 0.853658536585366 0.853658536585366 0.853658536585366 0.0 0.0 0.0 0.0 0.0 0.0 0.0 0.0 0.0 0.0 0.0 0.0 0.0 0.0 0.0 
261 0.853658536585366 0.853658536585366 0.853658536585366 0.853658536585366 0.853658536585366 0.853658536585366 0.0 0.0 0.0 0.0 0.0 0.0 0.0 0.0 0.0 0.0 0.0 0.0 0.0 0.0 0.0 
262 0.853658536585366 0.853658536585366 0.853658536585366 0.853658536585366 0.853658536585366 0.853658536585366 0.0 0.0 0.0 0.0 0.0 0.0 0.0 0.0 0.0 0.0 0.0 0.0 0.0 0.0 0.0 
263 0.853658536585366 0.853658536585366 0.853658536585366 0.853658536585366 0.853658536585366 0.853658536585366 0.0 0.0 0.0 0.0 0.0 0.0 0.0 0.0 0.0 0.0 0.0 0.0 0.0 0.0 0.0 
264 0.853658536585366 0.853658536585366 0.853658536585366 0.853658536585366 0.853658536585366 0.853658536585366 0.0 0.0 0.0 0.0 0.0 0.0 0.0 0.0 0.0 0.0 0.0 0.0 0.0 0.0 0.0 
265 0.853658536585366 0.853658536585366 0.853658536585366 0.853658536585366 0.853658536585366 0.853658536585366 0.0 0.0 0.0 0.0 0.0 0.0 0.0 0.0 0.0 0.0 0.0 0.0 0.0 0.0 0.0 
266 0.853658536585366 0.853658536585366 0.853658536585366 0.853658536585366 0.853658536585366 0.853658536585366 0.0 0.0 0.0 0.0 0.0 0.0 0.0 0.0 0.0 0.0 0.0 0.0 0.0 0.0 0.0 
267 0.853658536585366 0.853658536585366 0.853658536585366 0.853658536585366 0.853658536585366 0.853658536585366 0.0 0.0 0.0 0.0 0.0 0.0 0.0 0.0 0.0 0.0 0.0 0.0 0.0 0.0 0.0 
268 0.853658536585366 0.853658536585366 0.853658536585366 0.853658536585366 0.853658536585366 0.853658536585366 0.0 0.0 0.0 0.0 0.0 0.0 0.0 0.0 0.0 0.0 0.0 0.0 0.0 0.0 0.0 
269 0.853658536585366 0.853658536585366 0.853658536585366 0.853658536585366 0.853658536585366 0.853658536585366 0.0 0.0 0.0 0.0 0.0 0.0 0.0 0.0 0.0 0.0 0.0 0.0 0.0 0.0 0.0 
270 0.853658536585366 0.853658536585366 0.853658536585366 0.853658536585366 0.853658536585366 0.853658536585366 0.0 0.0 0.0 0.0 0.0 0.0 0.0 0.0 0.0 0.0 0.0 0.0 0.0 0.0 0.0 
271 0.853658536585366 0.853658536585366 0.853658536585366 0.853658536585366 0.853658536585366 0.853658536585366 0.0 0.0 0.0 0.0 0.0 0.0 0.0 0.0 0.0 0.0 0.0 0.0 0.0 0.0 0.0 
272 0.853658536585366 0.853658536585366 0.853658536585366 0.853658536585366 0.853658536585366 0.853658536585366 0.0 0.0 0.0 0.0 0.0 0.0 0.0 0.0 0.0 0.0 0.0 0.0 0.0 0.0 0.0 
273 0.853658536585366 0.853658536585366 0.853658536585366 0.853658536585366 0.853658536585366 0.853658536585366 0.0 0.0 0.0 0.0 0.0 0.0 0.0 0.0 0.0 0.0 0.0 0.0 0.0 0.0 0.0 
274 0.853658536585366 0.853658536585366 0.853658536585366 0.853658536585366 0.853658536585366 0.853658536585366 0.0 0.0 0.0 0.0 0.0 0.0 0.0 0.0 0.0 0.0 0.0 0.0 0.0 0.0 0.0 
275 0.853658536585366 0.853658536585366 0.853658536585366 0.853658536585366 0.853658536585366 0.853658536585366 0.0 0.0 0.0 0.0 0.0 0.0 0.0 0.0 0.0 0.0 0.0 0.0 0.0 0.0 0.0 
276 0.853658536585366 0.853658536585366 0.853658536585366 0.853658536585366 0.853658536585366 0.853658536585366 0.0 0.0 0.0 0.0 0.0 0.0 0.0 0.0 0.0 0.0 0.0 0.0 0.0 0.0 0.0 
277 0.853658536585366 0.853658536585366 0.853658536585366 0.853658536585366 0.853658536585366 0.853658536585366 0.0 0.0 0.0 0.0 0.0 0.0 0.0 0.0 0.0 0.0 0.0 0.0 0.0 0.0 0.0 
278 0.853658536585366 0.853658536585366 0.853658536585366 0.853658536585366 0.853658536585366 0.853658536585366 0.0 0.0 0.0 0.0 0.0 0.0 0.0 0.0 0.0 0.0 0.0 0.0 0.0 0.0 0.0 
279 0.853658536585366 0.853658536585366 0.853658536585366 0.853658536585366 0.853658536585366 0.853658536585366 0.0 0.0 0.0 0.0 0.0 0.0 0.0 0.0 0.0 0.0 0.0 0.0 0.0 0.0 0.0 
280 0.853658536585366 0.853658536585366 0.853658536585366 0.853658536585366 0.853658536585366 0.853658536585366 0.0 0.0 0.0 0.0 0.0 0.0 0.0 0.0 0.0 0.0 0.0 0.0 0.0 0.0 0.0 
281 0.853658536585366 0.853658536585366 0.853658536585366 0.853658536585366 0.853658536585366 0.853658536585366 0.04079530414747008 0.0 0.0 0.0 0.0 0.0 0.0 0.0 0.0 0.0 0.0 0.0 0.0 0.0 0.0 
282 0.853658536585366 0.853658536585366 0.853658536585366 0.853658536585366 0.853658536585366 0.853658536585366 0.07890716538519961 0.0 0.0 0.0 0.0 0.0 0.0 0.0 0.0 0.0 0.0 0.0 0.0 0.0 0.0 
283 0.853658536585366 0.853658536585366 0.853658536585366 0.853658536585366 0.853658536585366 0.853658536585366 0.20649595266530069 0.0 0.0 0.0 0.0 0.0 0.0 0.0 0.0 0.0 0.0 0.0 0.0 0.0 0.0 
284 0.853658536585366 0.853658536585366 0.853658536585366 0.853658536585366 0.853658536585366 0.853658536585366 0.30903760097143373 0.0 0.0 0.0 0.0 0.0 0.0 0.0 0.0 0.0 0.0 0.0 0.0 0.0 0.0 
285 0.853658536585366 0.853658536585366 0.853658536585366 0.853658536585366 0.853658536585366 0.853658536585366 0.542854816094032 0.0 0.0 0.0 0.0 0.0 0.0 0.0 0.0 0.0 0.0 0.0 0.0 0.0 0.0 
286 0.853658536585366 0.853658536585366 0.853658536585366 0.853658536585366 0.853658536585366 0.853658536585366 0.5966253064138213 0.0 0.0 0.0 0.0 0.0 0.0 0.0 0.0 0.0 0.0 0.0 0.0 0.0 0.0 
287 0.853658536585366 0.853658536585366 0.853658536585366 0.853658536585366 0.853658536585366 0.853658536585366 0.6357472107725177 0.0 0.0 0.0 0.0 0.0 0.0 0.0 0.0 0.0 0.0 0.0 0.0 0.0 0.0 
288 0.853658536585366 0.853658536585366 0.853658536585366 0.853658536585366 0.853658536585366 0.853658536585366 0.7534839064944305 0.0 0.0 0.0 0.0 0.0 0.0 0.0 0.0 0.0 0.0 0.0 0.0 0.0 0.0 
289 0.853658536585366 0.853658536585366 0.853658536585366 0.853658536585366 0.853658536585366 0.853658536585366 0.7716617198691198 0.0 0.0 0.0 0.0 0.0 0.0 0.0 0.0 0.0 0.0 0.0 0.0 0.0 0.0 
290 0.853658536585366 0.853658536585366 0.853658536585366 0.853658536585366 0.853658536585366 0.853658536585366 0.8517134436767149 0.0 0.0 0.0 0.0 0.0 0.0 0.0 0.0 0.0 0.0 0.0 0.0 0.0 0.0 
291 0.853658536585366 0.853658536585366 0.853658536585366 0.853658536585366 0.853658536585366 0.853658536585366 0.8535370382325123 0.0 0.0 0.0 0.0 0.0 0.0 0.0 0.0 0.0 0.0 0.0 0.0 0.0 0.0 
292 0.853658536585366 0.853658536585366 0.853658536585366 0.853658536585366 0.853658536585366 0.853658536585366 0.853658536585366 0.0 0.0 0.0 0.0 0.0 0.0 0.0 0.0 0.0 0.0 0.0 0.0 0.0 0.0 
293 0.853658536585366 0.853658536585366 0.853658536585366 0.853658536585366 0.853658536585366 0.853658536585366 0.853658536585366 0.0 0.0 0.0 0.0 0.0 0.0 0.0 0.0 0.0 0.0 0.0 0.0 0.0 0.0 
294 0.853658536585366 0.853658536585366 0.853658536585366 0.853658536585366 0.853658536585366 0.853658536585366 0.853658536585366 0.0 0.0 0.0 0.0 0.0 0.0 0.0 0.0 0.0 0.0 0.0 0.0 0.0 0.0 
295 0.853658536585366 0.853658536585366 0.853658536585366 0.853658536585366 0.853658536585366 0.853658536585366 0.853658536585366 0.0 0.0 0.0 0.0 0.0 0.0 0.0 0.0 0.0 0.0 0.0 0.0 0.0 0.0 
296 0.853658536585366 0.853658536585366 0.853658536585366 0.853658536585366 0.853658536585366 0.853658536585366 0.853658536585366 0.0 0.0 0.0 0.0 0.0 0.0 0.0 0.0 0.0 0.0 0.0 0.0 0.0 0.0 
297 0.853658536585366 0.853658536585366 0.853658536585366 0.853658536585366 0.853658536585366 0.853658536585366 0.853658536585366 0.0 0.0 0.0 0.0 0.0 0.0 0.0 0.0 0.0 0.0 0.0 0.0 0.0 0.0 
298 0.853658536585366 0.853658536585366 0.853658536585366 0.853658536585366 0.853658536585366 0.853658536585366 0.853658536585366 0.0 0.0 0.0 0.0 0.0 0.0 0.0 0.0 0.0 0.0 0.0 0.0 0.0 0.0 
299 0.853658536585366 0.853658536585366 0.853658536585366 0.853658536585366 0.853658536585366 0.853658536585366 0.853658536585366 0.0 0.0 0.0 0.0 0.0 0.0 0.0 0.0 0.0 0.0 0.0 0.0 0.0 0.0 
300 0.853658536585366 0.853658536585366 0.853658536585366 0.853658536585366 0.853658536585366 0.853658536585366 0.853658536585366 0.0 0.0 0.0 0.0 0.0 0.0 0.0 0.0 0.0 0.0 0.0 0.0 0.0 0.0 
301 0.853658536585366 0.853658536585366 0.853658536585366 0.853658536585366 0.853658536585366 0.853658536585366 0.853658536585366 0.0 0.0 0.0 0.0 0.0 0.0 0.0 0.0 0.0 0.0 0.0 0.0 0.0 0.0 
302 0.853658536585366 0.853658536585366 0.853658536585366 0.853658536585366 0.853658536585366 0.853658536585366 0.853658536585366 0.0 0.0 0.0 0.0 0.0 0.0 0.0 0.0 0.0 0.0 0.0 0.0 0.0 0.0 
303 0.853658536585366 0.853658536585366 0.853658536585366 0.853658536585366 0.853658536585366 0.853658536585366 0.853658536585366 0.0 0.0 0.0 0.0 0.0 0.0 0.0 0.0 0.0 0.0 0.0 0.0 0.0 0.0 
304 0.853658536585366 0.853658536585366 0.853658536585366 0.853658536585366 0.853658536585366 0.853658536585366 0.853658536585366 0.0 0.0 0.0 0.0 0.0 0.0 0.0 0.0 0.0 0.0 0.0 0.0 0.0 0.0 
305 0.853658536585366 0.853658536585366 0.853658536585366 0.853658536585366 0.853658536585366 0.853658536585366 0.853658536585366 0.0 0.0 0.0 0.0 0.0 0.0 0.0 0.0 0.0 0.0 0.0 0.0 0.0 0.0 
306 0.853658536585366 0.853658536585366 0.853658536585366 0.853658536585366 0.853658536585366 0.853658536585366 0.853658536585366 0.0 0.0 0.0 0.0 0.0 0.0 0.0 0.0 0.0 0.0 0.0 0.0 0.0 0.0 
307 0.853658536585366 0.853658536585366 0.853658536585366 0.853658536585366 0.853658536585366 0.853658536585366 0.853658536585366 0.0 0.0 0.0 0.0 0.0 0.0 0.0 0.0 0.0 0.0 0.0 0.0 0.0 0.0 
308 0.853658536585366 0.853658536585366 0.853658536585366 0.853658536585366 0.853658536585366 0.853658536585366 0.853658536585366 0.0 0.0 0.0 0.0 0.0 0.0 0.0 0.0 0.0 0.0 0.0 0.0 0.0 0.0 
309 0.853658536585366 0.853658536585366 0.853658536585366 0.853658536585366 0.853658536585366 0.853658536585366 0.853658536585366 0.0 0.0 0.0 0.0 0.0 0.0 0.0 0.0 0.0 0.0 0.0 0.0 0.0 0.0 
310 0.853658536585366 0.853658536585366 0.853658536585366 0.853658536585366 0.853658536585366 0.853658536585366 0.853658536585366 0.0 0.0 0.0 0.0 0.0 0.0 0.0 0.0 0.0 0.0 0.0 0.0 0.0 0.0 
311 0.853658536585366 0.853658536585366 0.853658536585366 0.853658536585366 0.853658536585366 0.853658536585366 0.853658536585366 0.0 0.0 0.0 0.0 0.0 0.0 0.0 0.0 0.0 0.0 0.0 0.0 0.0 0.0 
312 0.853658536585366 0.853658536585366 0.853658536585366 0.853658536585366 0.853658536585366 0.853658536585366 0.853658536585366 0.0 0.0 0.0 0.0 0.0 0.0 0.0 0.0 0.0 0.0 0.0 0.0 0.0 0.0 
313 0.853658536585366 0.853658536585366 0.853658536585366 0.853658536585366 0.853658536585366 0.853658536585366 0.853658536585366 0.0 0.0 0.0 0.0 0.0 0.0 0.0 0.0 0.0 0.0 0.0 0.0 0.0 0.0 
314 0.853658536585366 0.853658536585366 0.853658536585366 0.853658536585366 0.853658536585366 0.853658536585366 0.853658536585366 0.0 0.0 0.0 0.0 0.0 0.0 0.0 0.0 0.0 0.0 0.0 0.0 0.0 0.0 
315 0.853658536585366 0.853658536585366 0.853658536585366 0.853658536585366 0.853658536585366 0.853658536585366 0.853658536585366 0.0 0.0 0.0 0.0 0.0 0.0 0.0 0.0 0.0 0.0 0.0 0.0 0.0 0.0 
316 0.853658536585366 0.853658536585366 0.853658536585366 0.853658536585366 0.853658536585366 0.853658536585366 0.853658536585366 0.0 0.0 0.0 0.0 0.0 0.0 0.0 0.0 0.0 0.0 0.0 0.0 0.0 0.0 
317 0.853658536585366 0.853658536585366 0.853658536585366 0.853658536585366 0.853658536585366 0.853658536585366 0.853658536585366 0.0 0.0 0.0 0.0 0.0 0.0 0.0 0.0 0.0 0.0 0.0 0.0 0.0 0.0 
318 0.853658536585366 0.853658536585366 0.853658536585366 0.853658536585366 0.853658536585366 0.853658536585366 0.853658536585366 0.0 0.0 0.0 0.0 0.0 0.0 0.0 0.0 0.0 0.0 0.0 0.0 0.0 0.0 
319 0.853658536585366 0.853658536585366 0.853658536585366 0.853658536585366 0.853658536585366 0.853658536585366 0.853658536585366 0.0 0.0 0.0 0.0 0.0 0.0 0.0 0.0 0.0 0.0 0.0 0.0 0.0 0.0 
320 0.853658536585366 0.853658536585366 0.853658536585366 0.853658536585366 0.853658536585366 0.853658536585366 0.853658536585366 0.0 0.0 0.0 0.0 0.0 0.0 0.0 0.0 0.0 0.0 0.0 0.0 0.0 0.0 
321 0.853658536585366 0.853658536585366 0.853658536585366 0.853658536585366 0.853658536585366 0.853658536585366 0.853658536585366 0.0 0.0 0.0 0.0 0.0 0.0 0.0 0.0 0.0 0.0 0.0 0.0 0.0 0.0 
322 0.853658536585366 0.853658536585366 0.853658536585366 0.853658536585366 0.853658536585366 0.853658536585366 0.853658536585366 0.0 0.0 0.0 0.0 0.0 0.0 0.0 0.0 0.0 0.0 0.0 0.0 0.0 0.0 
323 0.853658536585366 0.853658536585366 0.853658536585366 0.853658536585366 0.853658536585366 0.853658536585366 0.853658536585366 0.0 0.0 0.0 0.0 0.0 0.0 0.0 0.0 0.0 0.0 0.0 0.0 0.0 0.0 
324 0.853658536585366 0.853658536585366 0.853658536585366 0.853658536585366 0.853658536585366 0.853658536585366 0.853658536585366 0.0 0.0 0.0 0.0 0.0 0.0 0.0 0.0 0.0 0.0 0.0 0.0 0.0 0.0 
325 0.853658536585366 0.853658536585366 0.853658536585366 0.853658536585366 0.853658536585366 0.853658536585366 0.853658536585366 0.0 0.0 0.0 0.0 0.0 0.0 0.0 0.0 0.0 0.0 0.0 0.0 0.0 0.0 
326 0.853658536585366 0.853658536585366 0.853658536585366 0.853658536585366 0.853658536585366 0.853658536585366 0.853658536585366 0.0 0.0 0.0 0.0 0.0 0.0 0.0 0.0 0.0 0.0 0.0 0.0 0.0 0.0 
327 0.853658536585366 0.853658536585366 0.853658536585366 0.853658536585366 0.853658536585366 0.853658536585366 0.853658536585366 0.0 0.0 0.0 0.0 0.0 0.0 0.0 0.0 0.0 0.0 0.0 0.0 0.0 0.0 
328 0.853658536585366 0.853658536585366 0.853658536585366 0.853658536585366 0.853658536585366 0.853658536585366 0.853658536585366 0.0 0.0 0.0 0.0 0.0 0.0 0.0 0.0 0.0 0.0 0.0 0.0 0.0 0.0 
329 0.853658536585366 0.853658536585366 0.853658536585366 0.853658536585366 0.853658536585366 0.853658536585366 0.853658536585366 0.07758987549974321 0.0 0.0 0.0 0.0 0.0 0.0 0.0 0.0 0.0 0.0 0.0 0.0 0.0 
330 0.853658536585366 0.853658536585366 0.853658536585366 0.853658536585366 0.853658536585366 0.853658536585366 0.853658536585366 0.16358948711921592 0.0 0.0 0.0 0.0 0.0 0.0 0.0 0.0 0.0 0.0 0.0 0.0 0.0 
331 0.853658536585366 0.853658536585366 0.853658536585366 0.853658536585366 0.853658536585366 0.853658536585366 0.853658536585366 0.29415087374637094 0.0 0.0 0.0 0.0 0.0 0.0 0.0 0.0 0.0 0.0 0.0 0.0 0.0 
332 0.853658536585366 0.853658536585366 0.853658536585366 0.853658536585366 0.853658536585366 0.853658536585366 0.853658536585366 0.38128012397132194 0.0 0.0 0.0 0.0 0.0 0.0 0.0 0.0 0.0 0.0 0.0 0.0 0.0 
333 0.853658536585366 0.853658536585366 0.853658536585366 0.853658536585366 0.853658536585366 0.853658536585366 0.853658536585366 0.5119301365227626 0.0 0.0 0.0 0.0 0.0 0.0 0.0 0.0 0.0 0.0 0.0 0.0 0.0 
334 0.853658536585366 0.853658536585366 0.853658536585366 0.853658536585366 0.853658536585366 0.853658536585366 0.853658536585366 0.6616044047525919 0.0 0.0 0.0 0.0 0.0 0.0 0.0 0.0 0.0 0.0 0.0 0.0 0.0 
335 0.853658536585366 0.853658536585366 0.853658536585366 0.853658536585366 0.853658536585366 0.853658536585366 0.853658536585366 0.723731576196106 0.0 0.0 0.0 0.0 0.0 0.0 0.0 0.0 0.0 0.0 0.0 0.0 0.0 
336 0.853658536585366 0.853658536585366 0.853658536585366 0.853658536585366 0.853658536585366 0.853658536585366 0.853658536585366 0.7621685809434885 0.0 0.0 0.0 0.0 0.0 0.0 0.0 0.0 0.0 0.0 0.0 0.0 0.0 
337 0.853658536585366 0.853658536585366 0.853658536585366 0.853658536585366 0.853658536585366 0.853658536585366 0.853658536585366 0.8522832474369493 0.0 0.0 0.0 0.0 0.0 0.0 0.0 0.0 0.0 0.0 0.0 0.0 0.0 
338 0.853658536585366 0.853658536585366 0.853658536585366 0.853658536585366 0.853658536585366 0.853658536585366 0.853658536585366 0.8535695954424625 0.0 0.0 0.0 0.0 0.0 0.0 0.0 0.0 0.0 0.0 0.0 0.0 0.0 
339 0.853658536585366 0.853658536585366 0.853658536585366 0.853658536585366 0.853658536585366 0.853658536585366 0.853658536585366 0.853658536585366 0.0 0.0 0.0 0.0 0.0 0.0 0.0 0.0 0.0 0.0 0.0 0.0 0.0 
340 0.853658536585366 0.853658536585366 0.853658536585366 0.853658536585366 0.853658536585366 0.853658536585366 0.853658536585366 0.853658536585366 0.0 0.0 0.0 0.0 0.0 0.0 0.0 0.0 0.0 0.0 0.0 0.0 0.0 
341 0.853658536585366 0.853658536585366 0.853658536585366 0.853658536585366 0.853658536585366 0.853658536585366 0.853658536585366 0.853658536585366 0.0 0.0 0.0 0.0 0.0 0.0 0.0 0.0 0.0 0.0 0.0 0.0 0.0 
342 0.853658536585366 0.853658536585366 0.853658536585366 0.853658536585366 0.853658536585366 0.853658536585366 0.853658536585366 0.853658536585366 0.0 0.0 0.0 0.0 0.0 0.0 0.0 0.0 0.0 0.0 0.0 0.0 0.0 
343 0.853658536585366 0.853658536585366 0.853658536585366 0.853658536585366 0.853658536585366 0.853658536585366 0.853658536585366 0.853658536585366 0.0 0.0 0.0 0.0 0.0 0.0 0.0 0.0 0.0 0.0 0.0 0.0 0.0 
344 0.853658536585366 0.853658536585366 0.853658536585366 0.853658536585366 0.853658536585366 0.853658536585366 0.853658536585366 0.853658536585366 0.0 0.0 0.0 0.0 0.0 0.0 0.0 0.0 0.0 0.0 0.0 0.0 0.0 
345 0.853658536585366 0.853658536585366 0.853658536585366 0.853658536585366 0.853658536585366 0.853658536585366 0.853658536585366 0.853658536585366 0.0 0.0 0.0 0.0 0.0 0.0 0.0 0.0 0.0 0.0 0.0 0.0 0.0 
346 0.853658536585366 0.853658536585366 0.853658536585366 0.853658536585366 0.853658536585366 0.853658536585366 0.853658536585366 0.853658536585366 0.0 0.0 0.0 0.0 0.0 0.0 0.0 0.0 0.0 0.0 0.0 0.0 0.0 
347 0.853658536585366 0.853658536585366 0.853658536585366 0.853658536585366 0.853658536585366 0.853658536585366 0.853658536585366 0.853658536585366 0.0 0.0 0.0 0.0 0.0 0.0 0.0 0.0 0.0 0.0 0.0 0.0 0.0 
348 0.853658536585366 0.853658536585366 0.853658536585366 0.853658536585366 0.853658536585366 0.853658536585366 0.853658536585366 0.853658536585366 0.0 0.0 0.0 0.0 0.0 0.0 0.0 0.0 0.0 0.0 0.0 0.0 0.0 
349 0.853658536585366 0.853658536585366 0.853658536585366 0.853658536585366 0.853658536585366 0.853658536585366 0.853658536585366 0.853658536585366 0.0 0.0 0.0 0.0 0.0 0.0 0.0 0.0 0.0 0.0 0.0 0.0 0.0 
350 0.853658536585366 0.853658536585366 0.853658536585366 0.853658536585366 0.853658536585366 0.853658536585366 0.853658536585366 0.853658536585366 0.0 0.0 0.0 0.0 0.0 0.0 0.0 0.0 0.0 0.0 0.0 0.0 0.0 
351 0.853658536585366 0.853658536585366 0.853658536585366 0.853658536585366 0.853658536585366 0.853658536585366 0.853658536585366 0.853658536585366 0.0 0.0 0.0 0.0 0.0 0.0 0.0 0.0 0.0 0.0 0.0 0.0 0.0 
352 0.853658536585366 0.853658536585366 0.853658536585366 0.853658536585366 0.853658536585366 0.853658536585366 0.853658536585366 0.853658536585366 0.0 0.0 0.0 0.0 0.0 0.0 0.0 0.0 0.0 0.0 0.0 0.0 0.0 
353 0.853658536585366 0.853658536585366 0.853658536585366 0.853658536585366 0.853658536585366 0.853658536585366 0.853658536585366 0.853658536585366 0.0 0.0 0.0 0.0 0.0 0.0 0.0 0.0 0.0 0.0 0.0 0.0 0.0 
354 0.853658536585366 0.853658536585366 0.853658536585366 0.853658536585366 0.853658536585366 0.853658536585366 0.853658536585366 0.853658536585366 0.0 0.0 0.0 0.0 0.0 0.0 0.0 0.0 0.0 0.0 0.0 0.0 0.0 
355 0.853658536585366 0.853658536585366 0.853658536585366 0.853658536585366 0.853658536585366 0.853658536585366 0.853658536585366 0.853658536585366 0.0 0.0 0.0 0.0 0.0 0.0 0.0 0.0 0.0 0.0 0.0 0.0 0.0 
356 0.853658536585366 0.853658536585366 0.853658536585366 0.853658536585366 0.853658536585366 0.853658536585366 0.853658536585366 0.853658536585366 0.0 0.0 0.0 0.0 0.0 0.0 0.0 0.0 0.0 0.0 0.0 0.0 0.0 
357 0.853658536585366 0.853658536585366 0.853658536585366 0.853658536585366 0.853658536585366 0.853658536585366 0.853658536585366 0.853658536585366 0.0 0.0 0.0 0.0 0.0 0.0 0.0 0.0 0.0 0.0 0.0 0.0 0.0 
358 0.853658536585366 0.853658536585366 0.853658536585366 0.853658536585366 0.853658536585366 0.853658536585366 0.853658536585366 0.853658536585366 0.0 0.0 0.0 0.0 0.0 0.0 0.0 0.0 0.0 0.0 0.0 0.0 0.0 
359 0.853658536585366 0.853658536585366 0.853658536585366 0.853658536585366 0.853658536585366 0.853658536585366 0.853658536585366 0.853658536585366 0.0 0.0 0.0 0.0 0.0 0.0 0.0 0.0 0.0 0.0 0.0 0.0 0.0 
360 0.853658536585366 0.853658536585366 0.853658536585366 0.853658536585366 0.853658536585366 0.853658536585366 0.853658536585366 0.853658536585366 0.0 0.0 0.0 0.0 0.0 0.0 0.0 0.0 0.0 0.0 0.0 0.0 0.0 
361 0.853658536585366 0.853658536585366 0.853658536585366 0.853658536585366 0.853658536585366 0.853658536585366 0.853658536585366 0.853658536585366 0.0 0.0 0.0 0.0 0.0 0.0 0.0 0.0 0.0 0.0 0.0 0.0 0.0 
362 0.853658536585366 0.853658536585366 0.853658536585366 0.853658536585366 0.853658536585366 0.853658536585366 0.853658536585366 0.853658536585366 0.0 0.0 0.0 0.0 0.0 0.0 0.0 0.0 0.0 0.0 0.0 0.0 0.0 
363 0.853658536585366 0.853658536585366 0.853658536585366 0.853658536585366 0.853658536585366 0.853658536585366 0.853658536585366 0.853658536585366 0.0 0.0 0.0 0.0 0.0 0.0 0.0 0.0 0.0 0.0 0.0 0.0 0.0 
364 0.853658536585366 0.853658536585366 0.853658536585366 0.853658536585366 0.853658536585366 0.853658536585366 0.853658536585366 0.853658536585366 0.0 0.0 0.0 0.0 0.0 0.0 0.0 0.0 0.0 0.0 0.0 0.0 0.0 
365 0.853658536585366 0.853658536585366 0.853658536585366 0.853658536585366 0.853658536585366 0.853658536585366 0.853658536585366 0.853658536585366 0.0 0.0 0.0 0.0 0.0 0.0 0.0 0.0 0.0 0.0 0.0 0.0 0.0 
366 0.853658536585366 0.853658536585366 0.853658536585366 0.853658536585366 0.853658536585366 0.853658536585366 0.853658536585366 0.853658536585366 0.0 0.0 0.0 0.0 0.0 0.0 0.0 0.0 0.0 0.0 0.0 0.0 0.0 
367 0.853658536585366 0.853658536585366 0.853658536585366 0.853658536585366 0.853658536585366 0.853658536585366 0.853658536585366 0.853658536585366 0.0 0.0 0.0 0.0 0.0 0.0 0.0 0.0 0.0 0.0 0.0 0.0 0.0 
368 0.853658536585366 0.853658536585366 0.853658536585366 0.853658536585366 0.853658536585366 0.853658536585366 0.853658536585366 0.853658536585366 0.0 0.0 0.0 0.0 0.0 0.0 0.0 0.0 0.0 0.0 0.0 0.0 0.0 
369 0.853658536585366 0.853658536585366 0.853658536585366 0.853658536585366 0.853658536585366 0.853658536585366 0.853658536585366 0.853658536585366 0.0 0.0 0.0 0.0 0.0 0.0 0.0 0.0 0.0 0.0 0.0 0.0 0.0 
370 0.853658536585366 0.853658536585366 0.853658536585366 0.853658536585366 0.853658536585366 0.853658536585366 0.853658536585366 0.853658536585366 0.0 0.0 0.0 0.0 0.0 0.0 0.0 0.0 0.0 0.0 0.0 0.0 0.0 
371 0.853658536585366 0.853658536585366 0.853658536585366 0.853658536585366 0.853658536585366 0.853658536585366 0.853658536585366 0.853658536585366 0.0 0.0 0.0 0.0 0.0 0.0 0.0 0.0 0.0 0.0 0.0 0.0 0.0 
372 0.853658536585366 0.853658536585366 0.853658536585366 0.853658536585366 0.853658536585366 0.853658536585366 0.853658536585366 0.853658536585366 0.0 0.0 0.0 0.0 0.0 0.0 0.0 0.0 0.0 0.0 0.0 0.0 0.0 
373 0.853658536585366 0.853658536585366 0.853658536585366 0.853658536585366 0.853658536585366 0.853658536585366 0.853658536585366 0.853658536585366 3.881069920756525E-4 0.0 0.0 0.0 0.0 0.0 0.0 0.0 0.0 0.0 0.0 0.0 0.0 
374 0.853658536585366 0.853658536585366 0.853658536585366 0.853658536585366 0.853658536585366 0.853658536585366 0.853658536585366 0.853658536585366 0.04224649613222044 0.0 0.0 0.0 0.0 0.0 0.0 0.0 0.0 0.0 0.0 0.0 0.0 
375 0.853658536585366 0.853658536585366 0.853658536585366 0.853658536585366 0.853658536585366 0.853658536585366 0.853658536585366 0.853658536585366 0.08334895695472955 0.0 0.0 0.0 0.0 0.0 0.0 0.0 0.0 0.0 0.0 0.0 0.0 
376 0.853658536585366 0.853658536585366 0.853658536585366 0.853658536585366 0.853658536585366 0.853658536585366 0.853658536585366 0.853658536585366 0.19775930762641208 0.0 0.0 0.0 0.0 0.0 0.0 0.0 0.0 0.0 0.0 0.0 0.0 
377 0.853658536585366 0.853658536585366 0.853658536585366 0.853658536585366 0.853658536585366 0.853658536585366 0.853658536585366 0.853658536585366 0.21218056383047426 0.0 0.0 0.0 0.0 0.0 0.0 0.0 0.0 0.0 0.0 0.0 0.0 
378 0.853658536585366 0.853658536585366 0.853658536585366 0.853658536585366 0.853658536585366 0.853658536585366 0.853658536585366 0.853658536585366 0.35691550748441475 0.0 0.0 0.0 0.0 0.0 0.0 0.0 0.0 0.0 0.0 0.0 0.0 
379 0.853658536585366 0.853658536585366 0.853658536585366 0.853658536585366 0.853658536585366 0.853658536585366 0.853658536585366 0.853658536585366 0.46172496902665666 0.0 0.0 0.0 0.0 0.0 0.0 0.0 0.0 0.0 0.0 0.0 0.0 
380 0.853658536585366 0.853658536585366 0.853658536585366 0.853658536585366 0.853658536585366 0.853658536585366 0.853658536585366 0.853658536585366 0.5618702871416585 0.0 0.0 0.0 0.0 0.0 0.0 0.0 0.0 0.0 0.0 0.0 0.0 
381 0.853658536585366 0.853658536585366 0.853658536585366 0.853658536585366 0.853658536585366 0.853658536585366 0.853658536585366 0.853658536585366 0.6807092810097326 0.0 0.0 0.0 0.0 0.0 0.0 0.0 0.0 0.0 0.0 0.0 0.0 
382 0.853658536585366 0.853658536585366 0.853658536585366 0.853658536585366 0.853658536585366 0.853658536585366 0.853658536585366 0.853658536585366 0.7535892131936999 0.0 0.0 0.0 0.0 0.0 0.0 0.0 0.0 0.0 0.0 0.0 0.0 
383 0.853658536585366 0.853658536585366 0.853658536585366 0.853658536585366 0.853658536585366 0.853658536585366 0.853658536585366 0.853658536585366 0.808638942210027 0.0 0.0 0.0 0.0 0.0 0.0 0.0 0.0 0.0 0.0 0.0 0.0 
384 0.853658536585366 0.853658536585366 0.853658536585366 0.853658536585366 0.853658536585366 0.853658536585366 0.853658536585366 0.853658536585366 0.8109317069011714 0.0 0.0 0.0 0.0 0.0 0.0 0.0 0.0 0.0 0.0 0.0 0.0 
385 0.853658536585366 0.853658536585366 0.853658536585366 0.853658536585366 0.853658536585366 0.853658536585366 0.853658536585366 0.853658536585366 0.8507834577997594 0.0 0.0 0.0 0.0 0.0 0.0 0.0 0.0 0.0 0.0 0.0 0.0 
386 0.853658536585366 0.853658536585366 0.853658536585366 0.853658536585366 0.853658536585366 0.853658536585366 0.853658536585366 0.853658536585366 0.8535755649829981 0.0 0.0 0.0 0.0 0.0 0.0 0.0 0.0 0.0 0.0 0.0 0.0 
387 0.853658536585366 0.853658536585366 0.853658536585366 0.853658536585366 0.853658536585366 0.853658536585366 0.853658536585366 0.853658536585366 0.853658536585366 0.0 0.0 0.0 0.0 0.0 0.0 0.0 0.0 0.0 0.0 0.0 0.0 
388 0.853658536585366 0.853658536585366 0.853658536585366 0.853658536585366 0.853658536585366 0.853658536585366 0.853658536585366 0.853658536585366 0.853658536585366 0.0 0.0 0.0 0.0 0.0 0.0 0.0 0.0 0.0 0.0 0.0 0.0 
389 0.853658536585366 0.853658536585366 0.853658536585366 0.853658536585366 0.853658536585366 0.853658536585366 0.853658536585366 0.853658536585366 0.853658536585366 0.0 0.0 0.0 0.0 0.0 0.0 0.0 0.0 0.0 0.0 0.0 0.0 
390 0.853658536585366 0.853658536585366 0.853658536585366 0.853658536585366 0.853658536585366 0.853658536585366 0.853658536585366 0.853658536585366 0.853658536585366 0.0 0.0 0.0 0.0 0.0 0.0 0.0 0.0 0.0 0.0 0.0 0.0 
391 0.853658536585366 0.853658536585366 0.853658536585366 0.853658536585366 0.853658536585366 0.853658536585366 0.853658536585366 0.853658536585366 0.853658536585366 0.0 0.0 0.0 0.0 0.0 0.0 0.0 0.0 0.0 0.0 0.0 0.0 
392 0.853658536585366 0.853658536585366 0.853658536585366 0.853658536585366 0.853658536585366 0.853658536585366 0.853658536585366 0.853658536585366 0.853658536585366 0.0 0.0 0.0 0.0 0.0 0.0 0.0 0.0 0.0 0.0 0.0 0.0 
393 0.853658536585366 0.853658536585366 0.853658536585366 0.853658536585366 0.853658536585366 0.853658536585366 0.853658536585366 0.853658536585366 0.853658536585366 0.0 0.0 0.0 0.0 0.0 0.0 0.0 0.0 0.0 0.0 0.0 0.0 
394 0.853658536585366 0.853658536585366 0.853658536585366 0.853658536585366 0.853658536585366 0.853658536585366 0.853658536585366 0.853658536585366 0.853658536585366 0.0 0.0 0.0 0.0 0.0 0.0 0.0 0.0 0.0 0.0 0.0 0.0 
395 0.853658536585366 0.853658536585366 0.853658536585366 0.853658536585366 0.853658536585366 0.853658536585366 0.853658536585366 0.853658536585366 0.853658536585366 0.0 0.0 0.0 0.0 0.0 0.0 0.0 0.0 0.0 0.0 0.0 0.0 
396 0.853658536585366 0.853658536585366 0.853658536585366 0.853658536585366 0.853658536585366 0.853658536585366 0.853658536585366 0.853658536585366 0.853658536585366 0.0 0.0 0.0 0.0 0.0 0.0 0.0 0.0 0.0 0.0 0.0 0.0 
397 0.853658536585366 0.853658536585366 0.853658536585366 0.853658536585366 0.853658536585366 0.853658536585366 0.853658536585366 0.853658536585366 0.853658536585366 0.0 0.0 0.0 0.0 0.0 0.0 0.0 0.0 0.0 0.0 0.0 0.0 
398 0.853658536585366 0.853658536585366 0.853658536585366 0.853658536585366 0.853658536585366 0.853658536585366 0.853658536585366 0.853658536585366 0.853658536585366 0.0 0.0 0.0 0.0 0.0 0.0 0.0 0.0 0.0 0.0 0.0 0.0 
399 0.853658536585366 0.853658536585366 0.853658536585366 0.853658536585366 0.853658536585366 0.853658536585366 0.853658536585366 0.853658536585366 0.853658536585366 0.0 0.0 0.0 0.0 0.0 0.0 0.0 0.0 0.0 0.0 0.0 0.0 
400 0.853658536585366 0.853658536585366 0.853658536585366 0.853658536585366 0.853658536585366 0.853658536585366 0.853658536585366 0.853658536585366 0.853658536585366 0.0 0.0 0.0 0.0 0.0 0.0 0.0 0.0 0.0 0.0 0.0 0.0 
401 0.853658536585366 0.853658536585366 0.853658536585366 0.853658536585366 0.853658536585366 0.853658536585366 0.853658536585366 0.853658536585366 0.853658536585366 0.0 0.0 0.0 0.0 0.0 0.0 0.0 0.0 0.0 0.0 0.0 0.0 
402 0.853658536585366 0.853658536585366 0.853658536585366 0.853658536585366 0.853658536585366 0.853658536585366 0.853658536585366 0.853658536585366 0.853658536585366 0.0 0.0 0.0 0.0 0.0 0.0 0.0 0.0 0.0 0.0 0.0 0.0 
403 0.853658536585366 0.853658536585366 0.853658536585366 0.853658536585366 0.853658536585366 0.853658536585366 0.853658536585366 0.853658536585366 0.853658536585366 0.0 0.0 0.0 0.0 0.0 0.0 0.0 0.0 0.0 0.0 0.0 0.0 
404 0.853658536585366 0.853658536585366 0.853658536585366 0.853658536585366 0.853658536585366 0.853658536585366 0.853658536585366 0.853658536585366 0.853658536585366 0.0 0.0 0.0 0.0 0.0 0.0 0.0 0.0 0.0 0.0 0.0 0.0 
405 0.853658536585366 0.853658536585366 0.853658536585366 0.853658536585366 0.853658536585366 0.853658536585366 0.853658536585366 0.853658536585366 0.853658536585366 0.0 0.0 0.0 0.0 0.0 0.0 0.0 0.0 0.0 0.0 0.0 0.0 
406 0.853658536585366 0.853658536585366 0.853658536585366 0.853658536585366 0.853658536585366 0.853658536585366 0.853658536585366 0.853658536585366 0.853658536585366 0.0 0.0 0.0 0.0 0.0 0.0 0.0 0.0 0.0 0.0 0.0 0.0 
407 0.853658536585366 0.853658536585366 0.853658536585366 0.853658536585366 0.853658536585366 0.853658536585366 0.853658536585366 0.853658536585366 0.853658536585366 0.0 0.0 0.0 0.0 0.0 0.0 0.0 0.0 0.0 0.0 0.0 0.0 
408 0.853658536585366 0.853658536585366 0.853658536585366 0.853658536585366 0.853658536585366 0.853658536585366 0.853658536585366 0.853658536585366 0.853658536585366 0.0 0.0 0.0 0.0 0.0 0.0 0.0 0.0 0.0 0.0 0.0 0.0 
409 0.853658536585366 0.853658536585366 0.853658536585366 0.853658536585366 0.853658536585366 0.853658536585366 0.853658536585366 0.853658536585366 0.853658536585366 0.0 0.0 0.0 0.0 0.0 0.0 0.0 0.0 0.0 0.0 0.0 0.0 
410 0.853658536585366 0.853658536585366 0.853658536585366 0.853658536585366 0.853658536585366 0.853658536585366 0.853658536585366 0.853658536585366 0.853658536585366 0.0 0.0 0.0 0.0 0.0 0.0 0.0 0.0 0.0 0.0 0.0 0.0 
411 0.853658536585366 0.853658536585366 0.853658536585366 0.853658536585366 0.853658536585366 0.853658536585366 0.853658536585366 0.853658536585366 0.853658536585366 0.0 0.0 0.0 0.0 0.0 0.0 0.0 0.0 0.0 0.0 0.0 0.0 
412 0.853658536585366 0.853658536585366 0.853658536585366 0.853658536585366 0.853658536585366 0.853658536585366 0.853658536585366 0.853658536585366 0.853658536585366 0.0 0.0 0.0 0.0 0.0 0.0 0.0 0.0 0.0 0.0 0.0 0.0 
413 0.853658536585366 0.853658536585366 0.853658536585366 0.853658536585366 0.853658536585366 0.853658536585366 0.853658536585366 0.853658536585366 0.853658536585366 0.0 0.0 0.0 0.0 0.0 0.0 0.0 0.0 0.0 0.0 0.0 0.0 
414 0.853658536585366 0.853658536585366 0.853658536585366 0.853658536585366 0.853658536585366 0.853658536585366 0.853658536585366 0.853658536585366 0.853658536585366 0.0 0.0 0.0 0.0 0.0 0.0 0.0 0.0 0.0 0.0 0.0 0.0 
415 0.853658536585366 0.853658536585366 0.853658536585366 0.853658536585366 0.853658536585366 0.853658536585366 0.853658536585366 0.853658536585366 0.853658536585366 0.0 0.0 0.0 0.0 0.0 0.0 0.0 0.0 0.0 0.0 0.0 0.0 
416 0.853658536585366 0.853658536585366 0.853658536585366 0.853658536585366 0.853658536585366 0.853658536585366 0.853658536585366 0.853658536585366 0.853658536585366 0.0 0.0 0.0 0.0 0.0 0.0 0.0 0.0 0.0 0.0 0.0 0.0 
417 0.853658536585366 0.853658536585366 0.853658536585366 0.853658536585366 0.853658536585366 0.853658536585366 0.853658536585366 0.853658536585366 0.853658536585366 0.0 0.0 0.0 0.0 0.0 0.0 0.0 0.0 0.0 0.0 0.0 0.0 
418 0.853658536585366 0.853658536585366 0.853658536585366 0.853658536585366 0.853658536585366 0.853658536585366 0.853658536585366 0.853658536585366 0.853658536585366 0.0 0.0 0.0 0.0 0.0 0.0 0.0 0.0 0.0 0.0 0.0 0.0 
419 0.853658536585366 0.853658536585366 0.853658536585366 0.853658536585366 0.853658536585366 0.853658536585366 0.853658536585366 0.853658536585366 0.853658536585366 0.0 0.0 0.0 0.0 0.0 0.0 0.0 0.0 0.0 0.0 0.0 0.0 
420 0.853658536585366 0.853658536585366 0.853658536585366 0.853658536585366 0.853658536585366 0.853658536585366 0.853658536585366 0.853658536585366 0.853658536585366 0.007723303966668123 0.0 0.0 0.0 0.0 0.0 0.0 0.0 0.0 0.0 0.0 0.0 
421 0.853658536585366 0.853658536585366 0.853658536585366 0.853658536585366 0.853658536585366 0.853658536585366 0.853658536585366 0.853658536585366 0.853658536585366 0.04258681939487878 0.0 0.0 0.0 0.0 0.0 0.0 0.0 0.0 0.0 0.0 0.0 
422 0.853658536585366 0.853658536585366 0.853658536585366 0.853658536585366 0.853658536585366 0.853658536585366 0.853658536585366 0.853658536585366 0.853658536585366 0.05428992967746946 0.0 0.0 0.0 0.0 0.0 0.0 0.0 0.0 0.0 0.0 0.0 
423 0.853658536585366 0.853658536585366 0.853658536585366 0.853658536585366 0.853658536585366 0.853658536585366 0.853658536585366 0.853658536585366 0.853658536585366 0.12530308742322174 0.0 0.0 0.0 0.0 0.0 0.0 0.0 0.0 0.0 0.0 0.0 
424 0.853658536585366 0.853658536585366 0.853658536585366 0.853658536585366 0.853658536585366 0.853658536585366 0.853658536585366 0.853658536585366 0.853658536585366 0.12812332487771833 0.0 0.0 0.0 0.0 0.0 0.0 0.0 0.0 0.0 0.0 0.0 
425 0.853658536585366 0.853658536585366 0.853658536585366 0.853658536585366 0.853658536585366 0.853658536585366 0.853658536585366 0.853658536585366 0.853658536585366 0.246772613097506 0.0 0.0 0.0 0.0 0.0 0.0 0.0 0.0 0.0 0.0 0.0 
426 0.853658536585366 0.853658536585366 0.853658536585366 0.853658536585366 0.853658536585366 0.853658536585366 0.853658536585366 0.853658536585366 0.853658536585366 0.3983937307546436 0.0 0.0 0.0 0.0 0.0 0.0 0.0 0.0 0.0 0.0 0.0 
427 0.853658536585366 0.853658536585366 0.853658536585366 0.853658536585366 0.853658536585366 0.853658536585366 0.853658536585366 0.853658536585366 0.853658536585366 0.5083216091398205 0.0 0.0 0.0 0.0 0.0 0.0 0.0 0.0 0.0 0.0 0.0 
428 0.853658536585366 0.853658536585366 0.853658536585366 0.853658536585366 0.853658536585366 0.853658536585366 0.853658536585366 0.853658536585366 0.853658536585366 0.6159598293634051 0.0 0.0 0.0 0.0 0.0 0.0 0.0 0.0 0.0 0.0 0.0 
429 0.853658536585366 0.853658536585366 0.853658536585366 0.853658536585366 0.853658536585366 0.853658536585366 0.853658536585366 0.853658536585366 0.853658536585366 0.7221908567263732 0.0 0.0 0.0 0.0 0.0 0.0 0.0 0.0 0.0 0.0 0.0 
430 0.853658536585366 0.853658536585366 0.853658536585366 0.853658536585366 0.853658536585366 0.853658536585366 0.853658536585366 0.853658536585366 0.853658536585366 0.7257639782138069 0.0 0.0 0.0 0.0 0.0 0.0 0.0 0.0 0.0 0.0 0.0 
431 0.853658536585366 0.853658536585366 0.853658536585366 0.853658536585366 0.853658536585366 0.853658536585366 0.853658536585366 0.853658536585366 0.853658536585366 0.766744803213833 0.0 0.0 0.0 0.0 0.0 0.0 0.0 0.0 0.0 0.0 0.0 
432 0.853658536585366 0.853658536585366 0.853658536585366 0.853658536585366 0.853658536585366 0.853658536585366 0.853658536585366 0.853658536585366 0.853658536585366 0.7996310915320928 0.0 0.0 0.0 0.0 0.0 0.0 0.0 0.0 0.0 0.0 0.0 
433 0.853658536585366 0.853658536585366 0.853658536585366 0.853658536585366 0.853658536585366 0.853658536585366 0.853658536585366 0.853658536585366 0.853658536585366 0.8107714035743516 0.0 0.0 0.0 0.0 0.0 0.0 0.0 0.0 0.0 0.0 0.0 
434 0.853658536585366 0.853658536585366 0.853658536585366 0.853658536585366 0.853658536585366 0.853658536585366 0.853658536585366 0.853658536585366 0.853658536585366 0.8529994962691674 0.0 0.0 0.0 0.0 0.0 0.0 0.0 0.0 0.0 0.0 0.0 
435 0.853658536585366 0.853658536585366 0.853658536585366 0.853658536585366 0.853658536585366 0.853658536585366 0.853658536585366 0.853658536585366 0.853658536585366 0.8535558229855387 0.0 0.0 0.0 0.0 0.0 0.0 0.0 0.0 0.0 0.0 0.0 
436 0.853658536585366 0.853658536585366 0.853658536585366 0.853658536585366 0.853658536585366 0.853658536585366 0.853658536585366 0.853658536585366 0.853658536585366 0.853658536585366 0.0 0.0 0.0 0.0 0.0 0.0 0.0 0.0 0.0 0.0 0.0 
437 0.853658536585366 0.853658536585366 0.853658536585366 0.853658536585366 0.853658536585366 0.853658536585366 0.853658536585366 0.853658536585366 0.853658536585366 0.853658536585366 0.0 0.0 0.0 0.0 0.0 0.0 0.0 0.0 0.0 0.0 0.0 
438 0.853658536585366 0.853658536585366 0.853658536585366 0.853658536585366 0.853658536585366 0.853658536585366 0.853658536585366 0.853658536585366 0.853658536585366 0.853658536585366 0.0 0.0 0.0 0.0 0.0 0.0 0.0 0.0 0.0 0.0 0.0 
439 0.853658536585366 0.853658536585366 0.853658536585366 0.853658536585366 0.853658536585366 0.853658536585366 0.853658536585366 0.853658536585366 0.853658536585366 0.853658536585366 0.0 0.0 0.0 0.0 0.0 0.0 0.0 0.0 0.0 0.0 0.0 
440 0.853658536585366 0.853658536585366 0.853658536585366 0.853658536585366 0.853658536585366 0.853658536585366 0.853658536585366 0.853658536585366 0.853658536585366 0.853658536585366 0.0 0.0 0.0 0.0 0.0 0.0 0.0 0.0 0.0 0.0 0.0 
441 0.853658536585366 0.853658536585366 0.853658536585366 0.853658536585366 0.853658536585366 0.853658536585366 0.853658536585366 0.853658536585366 0.853658536585366 0.853658536585366 0.0 0.0 0.0 0.0 0.0 0.0 0.0 0.0 0.0 0.0 0.0 
442 0.853658536585366 0.853658536585366 0.853658536585366 0.853658536585366 0.853658536585366 0.853658536585366 0.853658536585366 0.853658536585366 0.853658536585366 0.853658536585366 0.0 0.0 0.0 0.0 0.0 0.0 0.0 0.0 0.0 0.0 0.0 
443 0.853658536585366 0.853658536585366 0.853658536585366 0.853658536585366 0.853658536585366 0.853658536585366 0.853658536585366 0.853658536585366 0.853658536585366 0.853658536585366 0.0 0.0 0.0 0.0 0.0 0.0 0.0 0.0 0.0 0.0 0.0 
444 0.853658536585366 0.853658536585366 0.853658536585366 0.853658536585366 0.853658536585366 0.853658536585366 0.853658536585366 0.853658536585366 0.853658536585366 0.853658536585366 0.0 0.0 0.0 0.0 0.0 0.0 0.0 0.0 0.0 0.0 0.0 
445 0.853658536585366 0.853658536585366 0.853658536585366 0.853658536585366 0.853658536585366 0.853658536585366 0.853658536585366 0.853658536585366 0.853658536585366 0.853658536585366 0.0 0.0 0.0 0.0 0.0 0.0 0.0 0.0 0.0 0.0 0.0 
446 0.853658536585366 0.853658536585366 0.853658536585366 0.853658536585366 0.853658536585366 0.853658536585366 0.853658536585366 0.853658536585366 0.853658536585366 0.853658536585366 0.0 0.0 0.0 0.0 0.0 0.0 0.0 0.0 0.0 0.0 0.0 
447 0.853658536585366 0.853658536585366 0.853658536585366 0.853658536585366 0.853658536585366 0.853658536585366 0.853658536585366 0.853658536585366 0.853658536585366 0.853658536585366 0.0 0.0 0.0 0.0 0.0 0.0 0.0 0.0 0.0 0.0 0.0 
448 0.853658536585366 0.853658536585366 0.853658536585366 0.853658536585366 0.853658536585366 0.853658536585366 0.853658536585366 0.853658536585366 0.853658536585366 0.853658536585366 0.0 0.0 0.0 0.0 0.0 0.0 0.0 0.0 0.0 0.0 0.0 
449 0.853658536585366 0.853658536585366 0.853658536585366 0.853658536585366 0.853658536585366 0.853658536585366 0.853658536585366 0.853658536585366 0.853658536585366 0.853658536585366 0.0 0.0 0.0 0.0 0.0 0.0 0.0 0.0 0.0 0.0 0.0 
450 0.853658536585366 0.853658536585366 0.853658536585366 0.853658536585366 0.853658536585366 0.853658536585366 0.853658536585366 0.853658536585366 0.853658536585366 0.853658536585366 0.0 0.0 0.0 0.0 0.0 0.0 0.0 0.0 0.0 0.0 0.0 
451 0.853658536585366 0.853658536585366 0.853658536585366 0.853658536585366 0.853658536585366 0.853658536585366 0.853658536585366 0.853658536585366 0.853658536585366 0.853658536585366 0.0 0.0 0.0 0.0 0.0 0.0 0.0 0.0 0.0 0.0 0.0 
452 0.853658536585366 0.853658536585366 0.853658536585366 0.853658536585366 0.853658536585366 0.853658536585366 0.853658536585366 0.853658536585366 0.853658536585366 0.853658536585366 0.0 0.0 0.0 0.0 0.0 0.0 0.0 0.0 0.0 0.0 0.0 
453 0.853658536585366 0.853658536585366 0.853658536585366 0.853658536585366 0.853658536585366 0.853658536585366 0.853658536585366 0.853658536585366 0.853658536585366 0.853658536585366 0.0 0.0 0.0 0.0 0.0 0.0 0.0 0.0 0.0 0.0 0.0 
454 0.853658536585366 0.853658536585366 0.853658536585366 0.853658536585366 0.853658536585366 0.853658536585366 0.853658536585366 0.853658536585366 0.853658536585366 0.853658536585366 0.0 0.0 0.0 0.0 0.0 0.0 0.0 0.0 0.0 0.0 0.0 
455 0.853658536585366 0.853658536585366 0.853658536585366 0.853658536585366 0.853658536585366 0.853658536585366 0.853658536585366 0.853658536585366 0.853658536585366 0.853658536585366 0.0 0.0 0.0 0.0 0.0 0.0 0.0 0.0 0.0 0.0 0.0 
456 0.853658536585366 0.853658536585366 0.853658536585366 0.853658536585366 0.853658536585366 0.853658536585366 0.853658536585366 0.853658536585366 0.853658536585366 0.853658536585366 0.0 0.0 0.0 0.0 0.0 0.0 0.0 0.0 0.0 0.0 0.0 
457 0.853658536585366 0.853658536585366 0.853658536585366 0.853658536585366 0.853658536585366 0.853658536585366 0.853658536585366 0.853658536585366 0.853658536585366 0.853658536585366 0.0 0.0 0.0 0.0 0.0 0.0 0.0 0.0 0.0 0.0 0.0 
458 0.853658536585366 0.853658536585366 0.853658536585366 0.853658536585366 0.853658536585366 0.853658536585366 0.853658536585366 0.853658536585366 0.853658536585366 0.853658536585366 0.0 0.0 0.0 0.0 0.0 0.0 0.0 0.0 0.0 0.0 0.0 
459 0.853658536585366 0.853658536585366 0.853658536585366 0.853658536585366 0.853658536585366 0.853658536585366 0.853658536585366 0.853658536585366 0.853658536585366 0.853658536585366 0.0 0.0 0.0 0.0 0.0 0.0 0.0 0.0 0.0 0.0 0.0 
460 0.853658536585366 0.853658536585366 0.853658536585366 0.853658536585366 0.853658536585366 0.853658536585366 0.853658536585366 0.853658536585366 0.853658536585366 0.853658536585366 0.0 0.0 0.0 0.0 0.0 0.0 0.0 0.0 0.0 0.0 0.0 
461 0.853658536585366 0.853658536585366 0.853658536585366 0.853658536585366 0.853658536585366 0.853658536585366 0.853658536585366 0.853658536585366 0.853658536585366 0.853658536585366 0.0 0.0 0.0 0.0 0.0 0.0 0.0 0.0 0.0 0.0 0.0 
462 0.853658536585366 0.853658536585366 0.853658536585366 0.853658536585366 0.853658536585366 0.853658536585366 0.853658536585366 0.853658536585366 0.853658536585366 0.853658536585366 0.0 0.0 0.0 0.0 0.0 0.0 0.0 0.0 0.0 0.0 0.0 
463 0.853658536585366 0.853658536585366 0.853658536585366 0.853658536585366 0.853658536585366 0.853658536585366 0.853658536585366 0.853658536585366 0.853658536585366 0.853658536585366 0.0 0.0 0.0 0.0 0.0 0.0 0.0 0.0 0.0 0.0 0.0 
464 0.853658536585366 0.853658536585366 0.853658536585366 0.853658536585366 0.853658536585366 0.853658536585366 0.853658536585366 0.853658536585366 0.853658536585366 0.853658536585366 0.0 0.0 0.0 0.0 0.0 0.0 0.0 0.0 0.0 0.0 0.0 
465 0.853658536585366 0.853658536585366 0.853658536585366 0.853658536585366 0.853658536585366 0.853658536585366 0.853658536585366 0.853658536585366 0.853658536585366 0.853658536585366 0.0 0.0 0.0 0.0 0.0 0.0 0.0 0.0 0.0 0.0 0.0 
466 0.853658536585366 0.853658536585366 0.853658536585366 0.853658536585366 0.853658536585366 0.853658536585366 0.853658536585366 0.853658536585366 0.853658536585366 0.853658536585366 0.0 0.0 0.0 0.0 0.0 0.0 0.0 0.0 0.0 0.0 0.0 
467 0.853658536585366 0.853658536585366 0.853658536585366 0.853658536585366 0.853658536585366 0.853658536585366 0.853658536585366 0.853658536585366 0.853658536585366 0.853658536585366 0.0 0.0 0.0 0.0 0.0 0.0 0.0 0.0 0.0 0.0 0.0 
468 0.853658536585366 0.853658536585366 0.853658536585366 0.853658536585366 0.853658536585366 0.853658536585366 0.853658536585366 0.853658536585366 0.853658536585366 0.853658536585366 0.0 0.0 0.0 0.0 0.0 0.0 0.0 0.0 0.0 0.0 0.0 
469 0.853658536585366 0.853658536585366 0.853658536585366 0.853658536585366 0.853658536585366 0.853658536585366 0.853658536585366 0.853658536585366 0.853658536585366 0.853658536585366 0.04007839244201029 0.0 0.0 0.0 0.0 0.0 0.0 0.0 0.0 0.0 0.0 
470 0.853658536585366 0.853658536585366 0.853658536585366 0.853658536585366 0.853658536585366 0.853658536585366 0.853658536585366 0.853658536585366 0.853658536585366 0.853658536585366 0.12355535657417635 0.0 0.0 0.0 0.0 0.0 0.0 0.0 0.0 0.0 0.0 
471 0.853658536585366 0.853658536585366 0.853658536585366 0.853658536585366 0.853658536585366 0.853658536585366 0.853658536585366 0.853658536585366 0.853658536585366 0.853658536585366 0.17175999558920743 0.0 0.0 0.0 0.0 0.0 0.0 0.0 0.0 0.0 0.0 
472 0.853658536585366 0.853658536585366 0.853658536585366 0.853658536585366 0.853658536585366 0.853658536585366 0.853658536585366 0.853658536585366 0.853658536585366 0.853658536585366 0.2470377728040843 0.0 0.0 0.0 0.0 0.0 0.0 0.0 0.0 0.0 0.0 
473 0.853658536585366 0.853658536585366 0.853658536585366 0.853658536585366 0.853658536585366 0.853658536585366 0.853658536585366 0.853658536585366 0.853658536585366 0.853658536585366 0.2580808087699366 0.0 0.0 0.0 0.0 0.0 0.0 0.0 0.0 0.0 0.0 
474 0.853658536585366 0.853658536585366 0.853658536585366 0.853658536585366 0.853658536585366 0.853658536585366 0.853658536585366 0.853658536585366 0.853658536585366 0.853658536585366 0.33547181034240314 0.0 0.0 0.0 0.0 0.0 0.0 0.0 0.0 0.0 0.0 
475 0.853658536585366 0.853658536585366 0.853658536585366 0.853658536585366 0.853658536585366 0.853658536585366 0.853658536585366 0.853658536585366 0.853658536585366 0.853658536585366 0.4304915976005958 0.0 0.0 0.0 0.0 0.0 0.0 0.0 0.0 0.0 0.0 
476 0.853658536585366 0.853658536585366 0.853658536585366 0.853658536585366 0.853658536585366 0.853658536585366 0.853658536585366 0.853658536585366 0.853658536585366 0.853658536585366 0.5850958017082017 0.0 0.0 0.0 0.0 0.0 0.0 0.0 0.0 0.0 0.0 
477 0.853658536585366 0.853658536585366 0.853658536585366 0.853658536585366 0.853658536585366 0.853658536585366 0.853658536585366 0.853658536585366 0.853658536585366 0.853658536585366 0.6791346297218953 0.0 0.0 0.0 0.0 0.0 0.0 0.0 0.0 0.0 0.0 
478 0.853658536585366 0.853658536585366 0.853658536585366 0.853658536585366 0.853658536585366 0.853658536585366 0.853658536585366 0.853658536585366 0.853658536585366 0.853658536585366 0.763444863993563 0.0 0.0 0.0 0.0 0.0 0.0 0.0 0.0 0.0 0.0 
479 0.853658536585366 0.853658536585366 0.853658536585366 0.853658536585366 0.853658536585366 0.853658536585366 0.853658536585366 0.853658536585366 0.853658536585366 0.853658536585366 0.7680266255448865 0.0 0.0 0.0 0.0 0.0 0.0 0.0 0.0 0.0 0.0 
480 0.853658536585366 0.853658536585366 0.853658536585366 0.853658536585366 0.853658536585366 0.853658536585366 0.853658536585366 0.853658536585366 0.853658536585366 0.853658536585366 0.8388965308595498 0.0 0.0 0.0 0.0 0.0 0.0 0.0 0.0 0.0 0.0 
481 0.853658536585366 0.853658536585366 0.853658536585366 0.853658536585366 0.853658536585366 0.853658536585366 0.853658536585366 0.853658536585366 0.853658536585366 0.853658536585366 0.8531326410430422 0.0 0.0 0.0 0.0 0.0 0.0 0.0 0.0 0.0 0.0 
482 0.853658536585366 0.853658536585366 0.853658536585366 0.853658536585366 0.853658536585366 0.853658536585366 0.853658536585366 0.853658536585366 0.853658536585366 0.853658536585366 0.8536208716926327 0.0 0.0 0.0 0.0 0.0 0.0 0.0 0.0 0.0 0.0 
483 0.853658536585366 0.853658536585366 0.853658536585366 0.853658536585366 0.853658536585366 0.853658536585366 0.853658536585366 0.853658536585366 0.853658536585366 0.853658536585366 0.853658536585366 0.0 0.0 0.0 0.0 0.0 0.0 0.0 0.0 0.0 0.0 
484 0.853658536585366 0.853658536585366 0.853658536585366 0.853658536585366 0.853658536585366 0.853658536585366 0.853658536585366 0.853658536585366 0.853658536585366 0.853658536585366 0.853658536585366 0.0 0.0 0.0 0.0 0.0 0.0 0.0 0.0 0.0 0.0 
485 0.853658536585366 0.853658536585366 0.853658536585366 0.853658536585366 0.853658536585366 0.853658536585366 0.853658536585366 0.853658536585366 0.853658536585366 0.853658536585366 0.853658536585366 0.0 0.0 0.0 0.0 0.0 0.0 0.0 0.0 0.0 0.0 
486 0.853658536585366 0.853658536585366 0.853658536585366 0.853658536585366 0.853658536585366 0.853658536585366 0.853658536585366 0.853658536585366 0.853658536585366 0.853658536585366 0.853658536585366 0.0 0.0 0.0 0.0 0.0 0.0 0.0 0.0 0.0 0.0 
487 0.853658536585366 0.853658536585366 0.853658536585366 0.853658536585366 0.853658536585366 0.853658536585366 0.853658536585366 0.853658536585366 0.853658536585366 0.853658536585366 0.853658536585366 0.0 0.0 0.0 0.0 0.0 0.0 0.0 0.0 0.0 0.0 
488 0.853658536585366 0.853658536585366 0.853658536585366 0.853658536585366 0.853658536585366 0.853658536585366 0.853658536585366 0.853658536585366 0.853658536585366 0.853658536585366 0.853658536585366 0.0 0.0 0.0 0.0 0.0 0.0 0.0 0.0 0.0 0.0 
489 0.853658536585366 0.853658536585366 0.853658536585366 0.853658536585366 0.853658536585366 0.853658536585366 0.853658536585366 0.853658536585366 0.853658536585366 0.853658536585366 0.853658536585366 0.0 0.0 0.0 0.0 0.0 0.0 0.0 0.0 0.0 0.0 
490 0.853658536585366 0.853658536585366 0.853658536585366 0.853658536585366 0.853658536585366 0.853658536585366 0.853658536585366 0.853658536585366 0.853658536585366 0.853658536585366 0.853658536585366 0.0 0.0 0.0 0.0 0.0 0.0 0.0 0.0 0.0 0.0 
491 0.853658536585366 0.853658536585366 0.853658536585366 0.853658536585366 0.853658536585366 0.853658536585366 0.853658536585366 0.853658536585366 0.853658536585366 0.853658536585366 0.853658536585366 0.0 0.0 0.0 0.0 0.0 0.0 0.0 0.0 0.0 0.0 
492 0.853658536585366 0.853658536585366 0.853658536585366 0.853658536585366 0.853658536585366 0.853658536585366 0.853658536585366 0.853658536585366 0.853658536585366 0.853658536585366 0.853658536585366 0.0 0.0 0.0 0.0 0.0 0.0 0.0 0.0 0.0 0.0 
493 0.853658536585366 0.853658536585366 0.853658536585366 0.853658536585366 0.853658536585366 0.853658536585366 0.853658536585366 0.853658536585366 0.853658536585366 0.853658536585366 0.853658536585366 0.0 0.0 0.0 0.0 0.0 0.0 0.0 0.0 0.0 0.0 
494 0.853658536585366 0.853658536585366 0.853658536585366 0.853658536585366 0.853658536585366 0.853658536585366 0.853658536585366 0.853658536585366 0.853658536585366 0.853658536585366 0.853658536585366 0.0 0.0 0.0 0.0 0.0 0.0 0.0 0.0 0.0 0.0 
495 0.853658536585366 0.853658536585366 0.853658536585366 0.853658536585366 0.853658536585366 0.853658536585366 0.853658536585366 0.853658536585366 0.853658536585366 0.853658536585366 0.853658536585366 0.0 0.0 0.0 0.0 0.0 0.0 0.0 0.0 0.0 0.0 
496 0.853658536585366 0.853658536585366 0.853658536585366 0.853658536585366 0.853658536585366 0.853658536585366 0.853658536585366 0.853658536585366 0.853658536585366 0.853658536585366 0.853658536585366 0.0 0.0 0.0 0.0 0.0 0.0 0.0 0.0 0.0 0.0 
497 0.853658536585366 0.853658536585366 0.853658536585366 0.853658536585366 0.853658536585366 0.853658536585366 0.853658536585366 0.853658536585366 0.853658536585366 0.853658536585366 0.853658536585366 0.0 0.0 0.0 0.0 0.0 0.0 0.0 0.0 0.0 0.0 
498 0.853658536585366 0.853658536585366 0.853658536585366 0.853658536585366 0.853658536585366 0.853658536585366 0.853658536585366 0.853658536585366 0.853658536585366 0.853658536585366 0.853658536585366 0.0 0.0 0.0 0.0 0.0 0.0 0.0 0.0 0.0 0.0 
499 0.853658536585366 0.853658536585366 0.853658536585366 0.853658536585366 0.853658536585366 0.853658536585366 0.853658536585366 0.853658536585366 0.853658536585366 0.853658536585366 0.853658536585366 0.0 0.0 0.0 0.0 0.0 0.0 0.0 0.0 0.0 0.0 
