0 0.6003342690685438 0.0 0.0 0.0 0.0 0.0 0.0 0.0 0.0 0.0 0.0 0.0 0.0 0.0 0.0 0.0 0.0 0.0 0.0 0.0 0.0 
1 0.6003752345215758 0.0 0.0 0.0 0.0 0.0 0.0 0.0 0.0 0.0 0.0 0.0 0.0 0.0 0.0 0.0 0.0 0.0 0.0 0.0 0.0 
2 0.6003752345215758 0.0 0.0 0.0 0.0 0.0 0.0 0.0 0.0 0.0 0.0 0.0 0.0 0.0 0.0 0.0 0.0 0.0 0.0 0.0 0.0 
3 0.6003752345215758 0.0 0.0 0.0 0.0 0.0 0.0 0.0 0.0 0.0 0.0 0.0 0.0 0.0 0.0 0.0 0.0 0.0 0.0 0.0 0.0 
4 0.6003752345215758 0.0 0.0 0.0 0.0 0.0 0.0 0.0 0.0 0.0 0.0 0.0 0.0 0.0 0.0 0.0 0.0 0.0 0.0 0.0 0.0 
5 0.6003752345215758 0.0 0.0 0.0 0.0 0.0 0.0 0.0 0.0 0.0 0.0 0.0 0.0 0.0 0.0 0.0 0.0 0.0 0.0 0.0 0.0 
6 0.6003752345215758 0.0 0.0 0.0 0.0 0.0 0.0 0.0 0.0 0.0 0.0 0.0 0.0 0.0 0.0 0.0 0.0 0.0 0.0 0.0 0.0 
7 0.6003752345215758 0.0 0.0 0.0 0.0 0.0 0.0 0.0 0.0 0.0 0.0 0.0 0.0 0.0 0.0 0.0 0.0 0.0 0.0 0.0 0.0 
8 0.6003752345215758 0.0 0.0 0.0 0.0 0.0 0.0 0.0 0.0 0.0 0.0 0.0 0.0 0.0 0.0 0.0 0.0 0.0 0.0 0.0 0.0 
9 0.6003752345215758 0.0 0.0 0.0 0.0 0.0 0.0 0.0 0.0 0.0 0.0 0.0 0.0 0.0 0.0 0.0 0.0 0.0 0.0 0.0 0.0 
10 0.6003752345215758 0.0 0.0 0.0 0.0 0.0 0.0 0.0 0.0 0.0 0.0 0.0 0.0 0.0 0.0 0.0 0.0 0.0 0.0 0.0 0.0 
11 0.6003752345215758 0.0 0.0 0.0 0.0 0.0 0.0 0.0 0.0 0.0 0.0 0.0 0.0 0.0 0.0 0.0 0.0 0.0 0.0 0.0 0.0 
12 0.6003752345215758 0.0 0.0 0.0 0.0 0.0 0.0 0.0 0.0 0.0 0.0 0.0 0.0 0.0 0.0 0.0 0.0 0.0 0.0 0.0 0.0 
13 0.6003752345215758 0.0 0.0 0.0 0.0 0.0 0.0 0.0 0.0 0.0 0.0 0.0 0.0 0.0 0.0 0.0 0.0 0.0 0.0 0.0 0.0 
14 0.6003752345215758 0.0 0.0 0.0 0.0 0.0 0.0 0.0 0.0 0.0 0.0 0.0 0.0 0.0 0.0 0.0 0.0 0.0 0.0 0.0 0.0 
15 0.6003752345215758 0.0 0.0 0.0 0.0 0.0 0.0 0.0 0.0 0.0 0.0 0.0 0.0 0.0 0.0 0.0 0.0 0.0 0.0 0.0 0.0 
16 0.6003752345215758 0.0 0.0 0.0 0.0 0.0 0.0 0.0 0.0 0.0 0.0 0.0 0.0 0.0 0.0 0.0 0.0 0.0 0.0 0.0 0.0 
17 0.6003752345215758 0.0 0.0 0.0 0.0 0.0 0.0 0.0 0.0 0.0 0.0 0.0 0.0 0.0 0.0 0.0 0.0 0.0 0.0 0.0 0.0 
18 0.6003752345215758 0.0 0.0 0.0 0.0 0.0 0.0 0.0 0.0 0.0 0.0 0.0 0.0 0.0 0.0 0.0 0.0 0.0 0.0 0.0 0.0 
19 0.6003752345215758 0.0 0.0 0.0 0.0 0.0 0.0 0.0 0.0 0.0 0.0 0.0 0.0 0.0 0.0 0.0 0.0 0.0 0.0 0.0 0.0 
20 0.6003752345215758 0.0 0.0 0.0 0.0 0.0 0.0 0.0 0.0 0.0 0.0 0.0 0.0 0.0 0.0 0.0 0.0 0.0 0.0 0.0 0.0 
21 0.6003752345215758 0.0 0.0 0.0 0.0 0.0 0.0 0.0 0.0 0.0 0.0 0.0 0.0 0.0 0.0 0.0 0.0 0.0 0.0 0.0 0.0 
22 0.6003752345215758 0.0 0.0 0.0 0.0 0.0 0.0 0.0 0.0 0.0 0.0 0.0 0.0 0.0 0.0 0.0 0.0 0.0 0.0 0.0 0.0 
23 0.6003752345215758 0.0 0.0 0.0 0.0 0.0 0.0 0.0 0.0 0.0 0.0 0.0 0.0 0.0 0.0 0.0 0.0 0.0 0.0 0.0 0.0 
24 0.6003752345215758 0.0 0.0 0.0 0.0 0.0 0.0 0.0 0.0 0.0 0.0 0.0 0.0 0.0 0.0 0.0 0.0 0.0 0.0 0.0 0.0 
25 0.6003752345215758 0.0 0.0 0.0 0.0 0.0 0.0 0.0 0.0 0.0 0.0 0.0 0.0 0.0 0.0 0.0 0.0 0.0 0.0 0.0 0.0 
26 0.6003752345215758 0.0 0.0 0.0 0.0 0.0 0.0 0.0 0.0 0.0 0.0 0.0 0.0 0.0 0.0 0.0 0.0 0.0 0.0 0.0 0.0 
27 0.6003752345215758 0.0 0.0 0.0 0.0 0.0 0.0 0.0 0.0 0.0 0.0 0.0 0.0 0.0 0.0 0.0 0.0 0.0 0.0 0.0 0.0 
28 0.6003752345215758 0.0 0.0 0.0 0.0 0.0 0.0 0.0 0.0 0.0 0.0 0.0 0.0 0.0 0.0 0.0 0.0 0.0 0.0 0.0 0.0 
29 0.6003752345215758 0.0 0.0 0.0 0.0 0.0 0.0 0.0 0.0 0.0 0.0 0.0 0.0 0.0 0.0 0.0 0.0 0.0 0.0 0.0 0.0 
30 0.6003752345215758 0.0 0.0 0.0 0.0 0.0 0.0 0.0 0.0 0.0 0.0 0.0 0.0 0.0 0.0 0.0 0.0 0.0 0.0 0.0 0.0 
31 0.6003752345215758 0.0 0.0 0.0 0.0 0.0 0.0 0.0 0.0 0.0 0.0 0.0 0.0 0.0 0.0 0.0 0.0 0.0 0.0 0.0 0.0 
32 0.6003752345215758 0.0 0.0 0.0 0.0 0.0 0.0 0.0 0.0 0.0 0.0 0.0 0.0 0.0 0.0 0.0 0.0 0.0 0.0 0.0 0.0 
33 0.6003752345215758 0.0 0.0 0.0 0.0 0.0 0.0 0.0 0.0 0.0 0.0 0.0 0.0 0.0 0.0 0.0 0.0 0.0 0.0 0.0 0.0 
34 0.6003752345215758 0.0 0.0 0.0 0.0 0.0 0.0 0.0 0.0 0.0 0.0 0.0 0.0 0.0 0.0 0.0 0.0 0.0 0.0 0.0 0.0 
35 0.6003752345215758 0.0 0.0 0.0 0.0 0.0 0.0 0.0 0.0 0.0 0.0 0.0 0.0 0.0 0.0 0.0 0.0 0.0 0.0 0.0 0.0 
36 0.6003752345215758 0.027294117647058823 0.0 0.0 0.0 0.0 0.0 0.0 0.0 0.0 0.0 0.0 0.0 0.0 0.0 0.0 0.0 0.0 0.0 0.0 0.0 
37 0.6003752345215758 0.1701039664425294 0.0 0.0 0.0 0.0 0.0 0.0 0.0 0.0 0.0 0.0 0.0 0.0 0.0 0.0 0.0 0.0 0.0 0.0 0.0 
38 0.6003752345215758 0.32380629851869047 0.0 0.0 0.0 0.0 0.0 0.0 0.0 0.0 0.0 0.0 0.0 0.0 0.0 0.0 0.0 0.0 0.0 0.0 0.0 
39 0.6003752345215758 0.5161525126894646 0.0 0.0 0.0 0.0 0.0 0.0 0.0 0.0 0.0 0.0 0.0 0.0 0.0 0.0 0.0 0.0 0.0 0.0 0.0 
40 0.6003752345215758 0.5393047949836368 0.0 0.0 0.0 0.0 0.0 0.0 0.0 0.0 0.0 0.0 0.0 0.0 0.0 0.0 0.0 0.0 0.0 0.0 0.0 
41 0.6003752345215758 0.5953001097632153 0.0 0.0 0.0 0.0 0.0 0.0 0.0 0.0 0.0 0.0 0.0 0.0 0.0 0.0 0.0 0.0 0.0 0.0 0.0 
42 0.6003752345215758 0.6002409483089417 0.0 0.0 0.0 0.0 0.0 0.0 0.0 0.0 0.0 0.0 0.0 0.0 0.0 0.0 0.0 0.0 0.0 0.0 0.0 
43 0.6003752345215758 0.6000253469676826 0.0 0.0 0.0 0.0 0.0 0.0 0.0 0.0 0.0 0.0 0.0 0.0 0.0 0.0 0.0 0.0 0.0 0.0 0.0 
44 0.6003752345215758 0.6003640199653084 0.0 0.0 0.0 0.0 0.0 0.0 0.0 0.0 0.0 0.0 0.0 0.0 0.0 0.0 0.0 0.0 0.0 0.0 0.0 
45 0.6003752345215758 0.6003640199653084 0.0 0.0 0.0 0.0 0.0 0.0 0.0 0.0 0.0 0.0 0.0 0.0 0.0 0.0 0.0 0.0 0.0 0.0 0.0 
46 0.6003752345215758 0.6003752345215758 0.0 0.0 0.0 0.0 0.0 0.0 0.0 0.0 0.0 0.0 0.0 0.0 0.0 0.0 0.0 0.0 0.0 0.0 0.0 
47 0.6003752345215758 0.6003752345215758 0.0 0.0 0.0 0.0 0.0 0.0 0.0 0.0 0.0 0.0 0.0 0.0 0.0 0.0 0.0 0.0 0.0 0.0 0.0 
48 0.6003752345215758 0.6003752345215758 0.0 0.0 0.0 0.0 0.0 0.0 0.0 0.0 0.0 0.0 0.0 0.0 0.0 0.0 0.0 0.0 0.0 0.0 0.0 
49 0.6003752345215758 0.6003752345215758 0.0 0.0 0.0 0.0 0.0 0.0 0.0 0.0 0.0 0.0 0.0 0.0 0.0 0.0 0.0 0.0 0.0 0.0 0.0 
50 0.6003752345215758 0.6003752345215758 0.0 0.0 0.0 0.0 0.0 0.0 0.0 0.0 0.0 0.0 0.0 0.0 0.0 0.0 0.0 0.0 0.0 0.0 0.0 
51 0.6003752345215758 0.6003752345215758 0.0 0.0 0.0 0.0 0.0 0.0 0.0 0.0 0.0 0.0 0.0 0.0 0.0 0.0 0.0 0.0 0.0 0.0 0.0 
52 0.6003752345215758 0.6003752345215758 0.0 0.0 0.0 0.0 0.0 0.0 0.0 0.0 0.0 0.0 0.0 0.0 0.0 0.0 0.0 0.0 0.0 0.0 0.0 
53 0.6003752345215758 0.6003752345215758 0.0 0.0 0.0 0.0 0.0 0.0 0.0 0.0 0.0 0.0 0.0 0.0 0.0 0.0 0.0 0.0 0.0 0.0 0.0 
54 0.6003752345215758 0.6003752345215758 0.0 0.0 0.0 0.0 0.0 0.0 0.0 0.0 0.0 0.0 0.0 0.0 0.0 0.0 0.0 0.0 0.0 0.0 0.0 
55 0.6003752345215758 0.6003752345215758 0.0 0.0 0.0 0.0 0.0 0.0 0.0 0.0 0.0 0.0 0.0 0.0 0.0 0.0 0.0 0.0 0.0 0.0 0.0 
56 0.6003752345215758 0.6003752345215758 0.0 0.0 0.0 0.0 0.0 0.0 0.0 0.0 0.0 0.0 0.0 0.0 0.0 0.0 0.0 0.0 0.0 0.0 0.0 
57 0.6003752345215758 0.6003752345215758 0.0 0.0 0.0 0.0 0.0 0.0 0.0 0.0 0.0 0.0 0.0 0.0 0.0 0.0 0.0 0.0 0.0 0.0 0.0 
58 0.6003752345215758 0.6003752345215758 0.0 0.0 0.0 0.0 0.0 0.0 0.0 0.0 0.0 0.0 0.0 0.0 0.0 0.0 0.0 0.0 0.0 0.0 0.0 
59 0.6003752345215758 0.6003752345215758 0.0 0.0 0.0 0.0 0.0 0.0 0.0 0.0 0.0 0.0 0.0 0.0 0.0 0.0 0.0 0.0 0.0 0.0 0.0 
60 0.6003752345215758 0.6003752345215758 0.0 0.0 0.0 0.0 0.0 0.0 0.0 0.0 0.0 0.0 0.0 0.0 0.0 0.0 0.0 0.0 0.0 0.0 0.0 
61 0.6003752345215758 0.6003752345215758 0.0 0.0 0.0 0.0 0.0 0.0 0.0 0.0 0.0 0.0 0.0 0.0 0.0 0.0 0.0 0.0 0.0 0.0 0.0 
62 0.6003752345215758 0.6003752345215758 0.0 0.0 0.0 0.0 0.0 0.0 0.0 0.0 0.0 0.0 0.0 0.0 0.0 0.0 0.0 0.0 0.0 0.0 0.0 
63 0.6003752345215758 0.6003752345215758 0.0 0.0 0.0 0.0 0.0 0.0 0.0 0.0 0.0 0.0 0.0 0.0 0.0 0.0 0.0 0.0 0.0 0.0 0.0 
64 0.6003752345215758 0.6003752345215758 0.0 0.0 0.0 0.0 0.0 0.0 0.0 0.0 0.0 0.0 0.0 0.0 0.0 0.0 0.0 0.0 0.0 0.0 0.0 
65 0.6003752345215758 0.6003752345215758 0.0 0.0 0.0 0.0 0.0 0.0 0.0 0.0 0.0 0.0 0.0 0.0 0.0 0.0 0.0 0.0 0.0 0.0 0.0 
66 0.6003752345215758 0.6003752345215758 0.0 0.0 0.0 0.0 0.0 0.0 0.0 0.0 0.0 0.0 0.0 0.0 0.0 0.0 0.0 0.0 0.0 0.0 0.0 
67 0.6003752345215758 0.6003752345215758 0.0 0.0 0.0 0.0 0.0 0.0 0.0 0.0 0.0 0.0 0.0 0.0 0.0 0.0 0.0 0.0 0.0 0.0 0.0 
68 0.6003752345215758 0.6003752345215758 0.0 0.0 0.0 0.0 0.0 0.0 0.0 0.0 0.0 0.0 0.0 0.0 0.0 0.0 0.0 0.0 0.0 0.0 0.0 
69 0.6003752345215758 0.6003752345215758 0.0 0.0 0.0 0.0 0.0 0.0 0.0 0.0 0.0 0.0 0.0 0.0 0.0 0.0 0.0 0.0 0.0 0.0 0.0 
70 0.6003752345215758 0.6003752345215758 0.0 0.0 0.0 0.0 0.0 0.0 0.0 0.0 0.0 0.0 0.0 0.0 0.0 0.0 0.0 0.0 0.0 0.0 0.0 
71 0.6003752345215758 0.6003752345215758 0.0 0.0 0.0 0.0 0.0 0.0 0.0 0.0 0.0 0.0 0.0 0.0 0.0 0.0 0.0 0.0 0.0 0.0 0.0 
72 0.6003752345215758 0.6003752345215758 0.0 0.0 0.0 0.0 0.0 0.0 0.0 0.0 0.0 0.0 0.0 0.0 0.0 0.0 0.0 0.0 0.0 0.0 0.0 
73 0.6003752345215758 0.6003752345215758 0.0 0.0 0.0 0.0 0.0 0.0 0.0 0.0 0.0 0.0 0.0 0.0 0.0 0.0 0.0 0.0 0.0 0.0 0.0 
74 0.6003752345215758 0.6003752345215758 0.0026666666666666666 0.0 0.0 0.0 0.0 0.0 0.0 0.0 0.0 0.0 0.0 0.0 0.0 0.0 0.0 0.0 0.0 0.0 0.0 
75 0.6003752345215758 0.6003752345215758 0.13812326996688032 0.0 0.0 0.0 0.0 0.0 0.0 0.0 0.0 0.0 0.0 0.0 0.0 0.0 0.0 0.0 0.0 0.0 0.0 
76 0.6003752345215758 0.6003752345215758 0.2611899191878605 0.0 0.0 0.0 0.0 0.0 0.0 0.0 0.0 0.0 0.0 0.0 0.0 0.0 0.0 0.0 0.0 0.0 0.0 
77 0.6003752345215758 0.6003752345215758 0.39567556505771845 0.0 0.0 0.0 0.0 0.0 0.0 0.0 0.0 0.0 0.0 0.0 0.0 0.0 0.0 0.0 0.0 0.0 0.0 
78 0.6003752345215758 0.6003752345215758 0.4482170680705095 0.0 0.0 0.0 0.0 0.0 0.0 0.0 0.0 0.0 0.0 0.0 0.0 0.0 0.0 0.0 0.0 0.0 0.0 
79 0.6003752345215758 0.6003752345215758 0.5076966737744438 0.0 0.0 0.0 0.0 0.0 0.0 0.0 0.0 0.0 0.0 0.0 0.0 0.0 0.0 0.0 0.0 0.0 0.0 
80 0.6003752345215758 0.6003752345215758 0.5419821183574609 0.0 0.0 0.0 0.0 0.0 0.0 0.0 0.0 0.0 0.0 0.0 0.0 0.0 0.0 0.0 0.0 0.0 0.0 
81 0.6003752345215758 0.6003752345215758 0.5700097424470956 0.0 0.0 0.0 0.0 0.0 0.0 0.0 0.0 0.0 0.0 0.0 0.0 0.0 0.0 0.0 0.0 0.0 0.0 
82 0.6003752345215758 0.6003752345215758 0.5970464537119542 0.0 0.0 0.0 0.0 0.0 0.0 0.0 0.0 0.0 0.0 0.0 0.0 0.0 0.0 0.0 0.0 0.0 0.0 
83 0.6003752345215758 0.6003752345215758 0.5999307303147793 0.0 0.0 0.0 0.0 0.0 0.0 0.0 0.0 0.0 0.0 0.0 0.0 0.0 0.0 0.0 0.0 0.0 0.0 
84 0.6003752345215758 0.6003752345215758 0.6003488682327595 0.0 0.0 0.0 0.0 0.0 0.0 0.0 0.0 0.0 0.0 0.0 0.0 0.0 0.0 0.0 0.0 0.0 0.0 
85 0.6003752345215758 0.6003752345215758 0.6003752345215758 0.0 0.0 0.0 0.0 0.0 0.0 0.0 0.0 0.0 0.0 0.0 0.0 0.0 0.0 0.0 0.0 0.0 0.0 
86 0.6003752345215758 0.6003752345215758 0.6003752345215758 0.0 0.0 0.0 0.0 0.0 0.0 0.0 0.0 0.0 0.0 0.0 0.0 0.0 0.0 0.0 0.0 0.0 0.0 
87 0.6003752345215758 0.6003752345215758 0.6003752345215758 0.0 0.0 0.0 0.0 0.0 0.0 0.0 0.0 0.0 0.0 0.0 0.0 0.0 0.0 0.0 0.0 0.0 0.0 
88 0.6003752345215758 0.6003752345215758 0.6003752345215758 0.0 0.0 0.0 0.0 0.0 0.0 0.0 0.0 0.0 0.0 0.0 0.0 0.0 0.0 0.0 0.0 0.0 0.0 
89 0.6003752345215758 0.6003752345215758 0.6003752345215758 0.0 0.0 0.0 0.0 0.0 0.0 0.0 0.0 0.0 0.0 0.0 0.0 0.0 0.0 0.0 0.0 0.0 0.0 
90 0.6003752345215758 0.6003752345215758 0.6003752345215758 0.0 0.0 0.0 0.0 0.0 0.0 0.0 0.0 0.0 0.0 0.0 0.0 0.0 0.0 0.0 0.0 0.0 0.0 
91 0.6003752345215758 0.6003752345215758 0.6003752345215758 0.0 0.0 0.0 0.0 0.0 0.0 0.0 0.0 0.0 0.0 0.0 0.0 0.0 0.0 0.0 0.0 0.0 0.0 
92 0.6003752345215758 0.6003752345215758 0.6003752345215758 0.0 0.0 0.0 0.0 0.0 0.0 0.0 0.0 0.0 0.0 0.0 0.0 0.0 0.0 0.0 0.0 0.0 0.0 
93 0.6003752345215758 0.6003752345215758 0.6003752345215758 0.0 0.0 0.0 0.0 0.0 0.0 0.0 0.0 0.0 0.0 0.0 0.0 0.0 0.0 0.0 0.0 0.0 0.0 
94 0.6003752345215758 0.6003752345215758 0.6003752345215758 0.0 0.0 0.0 0.0 0.0 0.0 0.0 0.0 0.0 0.0 0.0 0.0 0.0 0.0 0.0 0.0 0.0 0.0 
95 0.6003752345215758 0.6003752345215758 0.6003752345215758 0.0 0.0 0.0 0.0 0.0 0.0 0.0 0.0 0.0 0.0 0.0 0.0 0.0 0.0 0.0 0.0 0.0 0.0 
96 0.6003752345215758 0.6003752345215758 0.6003752345215758 0.0 0.0 0.0 0.0 0.0 0.0 0.0 0.0 0.0 0.0 0.0 0.0 0.0 0.0 0.0 0.0 0.0 0.0 
97 0.6003752345215758 0.6003752345215758 0.6003752345215758 0.0 0.0 0.0 0.0 0.0 0.0 0.0 0.0 0.0 0.0 0.0 0.0 0.0 0.0 0.0 0.0 0.0 0.0 
98 0.6003752345215758 0.6003752345215758 0.6003752345215758 0.0 0.0 0.0 0.0 0.0 0.0 0.0 0.0 0.0 0.0 0.0 0.0 0.0 0.0 0.0 0.0 0.0 0.0 
99 0.6003752345215758 0.6003752345215758 0.6003752345215758 0.0 0.0 0.0 0.0 0.0 0.0 0.0 0.0 0.0 0.0 0.0 0.0 0.0 0.0 0.0 0.0 0.0 0.0 
100 0.6003752345215758 0.6003752345215758 0.6003752345215758 0.0 0.0 0.0 0.0 0.0 0.0 0.0 0.0 0.0 0.0 0.0 0.0 0.0 0.0 0.0 0.0 0.0 0.0 
101 0.6003752345215758 0.6003752345215758 0.6003752345215758 0.0 0.0 0.0 0.0 0.0 0.0 0.0 0.0 0.0 0.0 0.0 0.0 0.0 0.0 0.0 0.0 0.0 0.0 
102 0.6003752345215758 0.6003752345215758 0.6003752345215758 0.0 0.0 0.0 0.0 0.0 0.0 0.0 0.0 0.0 0.0 0.0 0.0 0.0 0.0 0.0 0.0 0.0 0.0 
103 0.6003752345215758 0.6003752345215758 0.6003752345215758 0.0 0.0 0.0 0.0 0.0 0.0 0.0 0.0 0.0 0.0 0.0 0.0 0.0 0.0 0.0 0.0 0.0 0.0 
104 0.6003752345215758 0.6003752345215758 0.6003752345215758 0.0 0.0 0.0 0.0 0.0 0.0 0.0 0.0 0.0 0.0 0.0 0.0 0.0 0.0 0.0 0.0 0.0 0.0 
105 0.6003752345215758 0.6003752345215758 0.6003752345215758 0.0 0.0 0.0 0.0 0.0 0.0 0.0 0.0 0.0 0.0 0.0 0.0 0.0 0.0 0.0 0.0 0.0 0.0 
106 0.6003752345215758 0.6003752345215758 0.6003752345215758 0.0 0.0 0.0 0.0 0.0 0.0 0.0 0.0 0.0 0.0 0.0 0.0 0.0 0.0 0.0 0.0 0.0 0.0 
107 0.6003752345215758 0.6003752345215758 0.6003752345215758 0.0 0.0 0.0 0.0 0.0 0.0 0.0 0.0 0.0 0.0 0.0 0.0 0.0 0.0 0.0 0.0 0.0 0.0 
108 0.6003752345215758 0.6003752345215758 0.6003752345215758 0.0 0.0 0.0 0.0 0.0 0.0 0.0 0.0 0.0 0.0 0.0 0.0 0.0 0.0 0.0 0.0 0.0 0.0 
109 0.6003752345215758 0.6003752345215758 0.6003752345215758 0.0 0.0 0.0 0.0 0.0 0.0 0.0 0.0 0.0 0.0 0.0 0.0 0.0 0.0 0.0 0.0 0.0 0.0 
110 0.6003752345215758 0.6003752345215758 0.6003752345215758 0.0 0.0 0.0 0.0 0.0 0.0 0.0 0.0 0.0 0.0 0.0 0.0 0.0 0.0 0.0 0.0 0.0 0.0 
111 0.6003752345215758 0.6003752345215758 0.6003752345215758 0.02958904109589041 0.0 0.0 0.0 0.0 0.0 0.0 0.0 0.0 0.0 0.0 0.0 0.0 0.0 0.0 0.0 0.0 0.0 
112 0.6003752345215758 0.6003752345215758 0.6003752345215758 0.045484732824427485 0.0 0.0 0.0 0.0 0.0 0.0 0.0 0.0 0.0 0.0 0.0 0.0 0.0 0.0 0.0 0.0 0.0 
113 0.6003752345215758 0.6003752345215758 0.6003752345215758 0.15741461311634725 0.0 0.0 0.0 0.0 0.0 0.0 0.0 0.0 0.0 0.0 0.0 0.0 0.0 0.0 0.0 0.0 0.0 
114 0.6003752345215758 0.6003752345215758 0.6003752345215758 0.2604403371440176 0.0 0.0 0.0 0.0 0.0 0.0 0.0 0.0 0.0 0.0 0.0 0.0 0.0 0.0 0.0 0.0 0.0 
115 0.6003752345215758 0.6003752345215758 0.6003752345215758 0.3427313382120283 0.0 0.0 0.0 0.0 0.0 0.0 0.0 0.0 0.0 0.0 0.0 0.0 0.0 0.0 0.0 0.0 0.0 
116 0.6003752345215758 0.6003752345215758 0.6003752345215758 0.38826442379590237 0.0 0.0 0.0 0.0 0.0 0.0 0.0 0.0 0.0 0.0 0.0 0.0 0.0 0.0 0.0 0.0 0.0 
117 0.6003752345215758 0.6003752345215758 0.6003752345215758 0.44895422630259124 0.0 0.0 0.0 0.0 0.0 0.0 0.0 0.0 0.0 0.0 0.0 0.0 0.0 0.0 0.0 0.0 0.0 
118 0.6003752345215758 0.6003752345215758 0.6003752345215758 0.5068843245565565 0.0 0.0 0.0 0.0 0.0 0.0 0.0 0.0 0.0 0.0 0.0 0.0 0.0 0.0 0.0 0.0 0.0 
119 0.6003752345215758 0.6003752345215758 0.6003752345215758 0.5370973919318869 0.0 0.0 0.0 0.0 0.0 0.0 0.0 0.0 0.0 0.0 0.0 0.0 0.0 0.0 0.0 0.0 0.0 
120 0.6003752345215758 0.6003752345215758 0.6003752345215758 0.5745558787015286 0.0 0.0 0.0 0.0 0.0 0.0 0.0 0.0 0.0 0.0 0.0 0.0 0.0 0.0 0.0 0.0 0.0 
121 0.6003752345215758 0.6003752345215758 0.6003752345215758 0.5987859362321991 0.0 0.0 0.0 0.0 0.0 0.0 0.0 0.0 0.0 0.0 0.0 0.0 0.0 0.0 0.0 0.0 0.0 
122 0.6003752345215758 0.6003752345215758 0.6003752345215758 0.6002736325588108 0.0 0.0 0.0 0.0 0.0 0.0 0.0 0.0 0.0 0.0 0.0 0.0 0.0 0.0 0.0 0.0 0.0 
123 0.6003752345215758 0.6003752345215758 0.6003752345215758 0.6002528871381265 0.0 0.0 0.0 0.0 0.0 0.0 0.0 0.0 0.0 0.0 0.0 0.0 0.0 0.0 0.0 0.0 0.0 
124 0.6003752345215758 0.6003752345215758 0.6003752345215758 0.6003752345215758 0.0 0.0 0.0 0.0 0.0 0.0 0.0 0.0 0.0 0.0 0.0 0.0 0.0 0.0 0.0 0.0 0.0 
125 0.6003752345215758 0.6003752345215758 0.6003752345215758 0.6003752345215758 0.0 0.0 0.0 0.0 0.0 0.0 0.0 0.0 0.0 0.0 0.0 0.0 0.0 0.0 0.0 0.0 0.0 
126 0.6003752345215758 0.6003752345215758 0.6003752345215758 0.6003752345215758 0.0 0.0 0.0 0.0 0.0 0.0 0.0 0.0 0.0 0.0 0.0 0.0 0.0 0.0 0.0 0.0 0.0 
127 0.6003752345215758 0.6003752345215758 0.6003752345215758 0.6003752345215758 0.0 0.0 0.0 0.0 0.0 0.0 0.0 0.0 0.0 0.0 0.0 0.0 0.0 0.0 0.0 0.0 0.0 
128 0.6003752345215758 0.6003752345215758 0.6003752345215758 0.6003752345215758 0.0 0.0 0.0 0.0 0.0 0.0 0.0 0.0 0.0 0.0 0.0 0.0 0.0 0.0 0.0 0.0 0.0 
129 0.6003752345215758 0.6003752345215758 0.6003752345215758 0.6003752345215758 0.0 0.0 0.0 0.0 0.0 0.0 0.0 0.0 0.0 0.0 0.0 0.0 0.0 0.0 0.0 0.0 0.0 
130 0.6003752345215758 0.6003752345215758 0.6003752345215758 0.6003752345215758 0.0 0.0 0.0 0.0 0.0 0.0 0.0 0.0 0.0 0.0 0.0 0.0 0.0 0.0 0.0 0.0 0.0 
131 0.6003752345215758 0.6003752345215758 0.6003752345215758 0.6003752345215758 0.0 0.0 0.0 0.0 0.0 0.0 0.0 0.0 0.0 0.0 0.0 0.0 0.0 0.0 0.0 0.0 0.0 
132 0.6003752345215758 0.6003752345215758 0.6003752345215758 0.6003752345215758 0.0 0.0 0.0 0.0 0.0 0.0 0.0 0.0 0.0 0.0 0.0 0.0 0.0 0.0 0.0 0.0 0.0 
133 0.6003752345215758 0.6003752345215758 0.6003752345215758 0.6003752345215758 0.0 0.0 0.0 0.0 0.0 0.0 0.0 0.0 0.0 0.0 0.0 0.0 0.0 0.0 0.0 0.0 0.0 
134 0.6003752345215758 0.6003752345215758 0.6003752345215758 0.6003752345215758 0.0 0.0 0.0 0.0 0.0 0.0 0.0 0.0 0.0 0.0 0.0 0.0 0.0 0.0 0.0 0.0 0.0 
135 0.6003752345215758 0.6003752345215758 0.6003752345215758 0.6003752345215758 0.0 0.0 0.0 0.0 0.0 0.0 0.0 0.0 0.0 0.0 0.0 0.0 0.0 0.0 0.0 0.0 0.0 
136 0.6003752345215758 0.6003752345215758 0.6003752345215758 0.6003752345215758 0.0 0.0 0.0 0.0 0.0 0.0 0.0 0.0 0.0 0.0 0.0 0.0 0.0 0.0 0.0 0.0 0.0 
137 0.6003752345215758 0.6003752345215758 0.6003752345215758 0.6003752345215758 0.0 0.0 0.0 0.0 0.0 0.0 0.0 0.0 0.0 0.0 0.0 0.0 0.0 0.0 0.0 0.0 0.0 
138 0.6003752345215758 0.6003752345215758 0.6003752345215758 0.6003752345215758 0.0 0.0 0.0 0.0 0.0 0.0 0.0 0.0 0.0 0.0 0.0 0.0 0.0 0.0 0.0 0.0 0.0 
139 0.6003752345215758 0.6003752345215758 0.6003752345215758 0.6003752345215758 0.0 0.0 0.0 0.0 0.0 0.0 0.0 0.0 0.0 0.0 0.0 0.0 0.0 0.0 0.0 0.0 0.0 
140 0.6003752345215758 0.6003752345215758 0.6003752345215758 0.6003752345215758 0.0 0.0 0.0 0.0 0.0 0.0 0.0 0.0 0.0 0.0 0.0 0.0 0.0 0.0 0.0 0.0 0.0 
141 0.6003752345215758 0.6003752345215758 0.6003752345215758 0.6003752345215758 0.0 0.0 0.0 0.0 0.0 0.0 0.0 0.0 0.0 0.0 0.0 0.0 0.0 0.0 0.0 0.0 0.0 
142 0.6003752345215758 0.6003752345215758 0.6003752345215758 0.6003752345215758 0.0 0.0 0.0 0.0 0.0 0.0 0.0 0.0 0.0 0.0 0.0 0.0 0.0 0.0 0.0 0.0 0.0 
143 0.6003752345215758 0.6003752345215758 0.6003752345215758 0.6003752345215758 0.0 0.0 0.0 0.0 0.0 0.0 0.0 0.0 0.0 0.0 0.0 0.0 0.0 0.0 0.0 0.0 0.0 
144 0.6003752345215758 0.6003752345215758 0.6003752345215758 0.6003752345215758 0.0 0.0 0.0 0.0 0.0 0.0 0.0 0.0 0.0 0.0 0.0 0.0 0.0 0.0 0.0 0.0 0.0 
145 0.6003752345215758 0.6003752345215758 0.6003752345215758 0.6003752345215758 0.0 0.0 0.0 0.0 0.0 0.0 0.0 0.0 0.0 0.0 0.0 0.0 0.0 0.0 0.0 0.0 0.0 
146 0.6003752345215758 0.6003752345215758 0.6003752345215758 0.6003752345215758 0.0 0.0 0.0 0.0 0.0 0.0 0.0 0.0 0.0 0.0 0.0 0.0 0.0 0.0 0.0 0.0 0.0 
147 0.6003752345215758 0.6003752345215758 0.6003752345215758 0.6003752345215758 0.0 0.0 0.0 0.0 0.0 0.0 0.0 0.0 0.0 0.0 0.0 0.0 0.0 0.0 0.0 0.0 0.0 
148 0.6003752345215758 0.6003752345215758 0.6003752345215758 0.6003752345215758 0.0 0.0 0.0 0.0 0.0 0.0 0.0 0.0 0.0 0.0 0.0 0.0 0.0 0.0 0.0 0.0 0.0 
149 0.6003752345215758 0.6003752345215758 0.6003752345215758 0.6003752345215758 0.041469575200918485 0.0 0.0 0.0 0.0 0.0 0.0 0.0 0.0 0.0 0.0 0.0 0.0 0.0 0.0 0.0 0.0 
150 0.6003752345215758 0.6003752345215758 0.6003752345215758 0.6003752345215758 0.07201527300496373 0.0 0.0 0.0 0.0 0.0 0.0 0.0 0.0 0.0 0.0 0.0 0.0 0.0 0.0 0.0 0.0 
151 0.6003752345215758 0.6003752345215758 0.6003752345215758 0.6003752345215758 0.14838142118225636 0.0 0.0 0.0 0.0 0.0 0.0 0.0 0.0 0.0 0.0 0.0 0.0 0.0 0.0 0.0 0.0 
152 0.6003752345215758 0.6003752345215758 0.6003752345215758 0.6003752345215758 0.17952844654228878 0.0 0.0 0.0 0.0 0.0 0.0 0.0 0.0 0.0 0.0 0.0 0.0 0.0 0.0 0.0 0.0 
153 0.6003752345215758 0.6003752345215758 0.6003752345215758 0.6003752345215758 0.2917395475526104 0.0 0.0 0.0 0.0 0.0 0.0 0.0 0.0 0.0 0.0 0.0 0.0 0.0 0.0 0.0 0.0 
154 0.6003752345215758 0.6003752345215758 0.6003752345215758 0.6003752345215758 0.3842002141824422 0.0 0.0 0.0 0.0 0.0 0.0 0.0 0.0 0.0 0.0 0.0 0.0 0.0 0.0 0.0 0.0 
155 0.6003752345215758 0.6003752345215758 0.6003752345215758 0.6003752345215758 0.4186065902089603 0.0 0.0 0.0 0.0 0.0 0.0 0.0 0.0 0.0 0.0 0.0 0.0 0.0 0.0 0.0 0.0 
156 0.6003752345215758 0.6003752345215758 0.6003752345215758 0.6003752345215758 0.4752285844035267 0.0 0.0 0.0 0.0 0.0 0.0 0.0 0.0 0.0 0.0 0.0 0.0 0.0 0.0 0.0 0.0 
157 0.6003752345215758 0.6003752345215758 0.6003752345215758 0.6003752345215758 0.531097109063511 0.0 0.0 0.0 0.0 0.0 0.0 0.0 0.0 0.0 0.0 0.0 0.0 0.0 0.0 0.0 0.0 
158 0.6003752345215758 0.6003752345215758 0.6003752345215758 0.6003752345215758 0.5687862102498409 0.0 0.0 0.0 0.0 0.0 0.0 0.0 0.0 0.0 0.0 0.0 0.0 0.0 0.0 0.0 0.0 
159 0.6003752345215758 0.6003752345215758 0.6003752345215758 0.6003752345215758 0.5699817781770877 0.0 0.0 0.0 0.0 0.0 0.0 0.0 0.0 0.0 0.0 0.0 0.0 0.0 0.0 0.0 0.0 
160 0.6003752345215758 0.6003752345215758 0.6003752345215758 0.6003752345215758 0.5788634398400141 0.0 0.0 0.0 0.0 0.0 0.0 0.0 0.0 0.0 0.0 0.0 0.0 0.0 0.0 0.0 0.0 
161 0.6003752345215758 0.6003752345215758 0.6003752345215758 0.6003752345215758 0.5994712268938578 0.0 0.0 0.0 0.0 0.0 0.0 0.0 0.0 0.0 0.0 0.0 0.0 0.0 0.0 0.0 0.0 
162 0.6003752345215758 0.6003752345215758 0.6003752345215758 0.6003752345215758 0.6003217907145724 0.0 0.0 0.0 0.0 0.0 0.0 0.0 0.0 0.0 0.0 0.0 0.0 0.0 0.0 0.0 0.0 
163 0.6003752345215758 0.6003752345215758 0.6003752345215758 0.6003752345215758 0.6003752345215758 0.0 0.0 0.0 0.0 0.0 0.0 0.0 0.0 0.0 0.0 0.0 0.0 0.0 0.0 0.0 0.0 
164 0.6003752345215758 0.6003752345215758 0.6003752345215758 0.6003752345215758 0.6003752345215758 0.0 0.0 0.0 0.0 0.0 0.0 0.0 0.0 0.0 0.0 0.0 0.0 0.0 0.0 0.0 0.0 
165 0.6003752345215758 0.6003752345215758 0.6003752345215758 0.6003752345215758 0.6003752345215758 0.0 0.0 0.0 0.0 0.0 0.0 0.0 0.0 0.0 0.0 0.0 0.0 0.0 0.0 0.0 0.0 
166 0.6003752345215758 0.6003752345215758 0.6003752345215758 0.6003752345215758 0.6003752345215758 0.0 0.0 0.0 0.0 0.0 0.0 0.0 0.0 0.0 0.0 0.0 0.0 0.0 0.0 0.0 0.0 
167 0.6003752345215758 0.6003752345215758 0.6003752345215758 0.6003752345215758 0.6003752345215758 0.0 0.0 0.0 0.0 0.0 0.0 0.0 0.0 0.0 0.0 0.0 0.0 0.0 0.0 0.0 0.0 
168 0.6003752345215758 0.6003752345215758 0.6003752345215758 0.6003752345215758 0.6003752345215758 0.0 0.0 0.0 0.0 0.0 0.0 0.0 0.0 0.0 0.0 0.0 0.0 0.0 0.0 0.0 0.0 
169 0.6003752345215758 0.6003752345215758 0.6003752345215758 0.6003752345215758 0.6003752345215758 0.0 0.0 0.0 0.0 0.0 0.0 0.0 0.0 0.0 0.0 0.0 0.0 0.0 0.0 0.0 0.0 
170 0.6003752345215758 0.6003752345215758 0.6003752345215758 0.6003752345215758 0.6003752345215758 0.0 0.0 0.0 0.0 0.0 0.0 0.0 0.0 0.0 0.0 0.0 0.0 0.0 0.0 0.0 0.0 
171 0.6003752345215758 0.6003752345215758 0.6003752345215758 0.6003752345215758 0.6003752345215758 0.0 0.0 0.0 0.0 0.0 0.0 0.0 0.0 0.0 0.0 0.0 0.0 0.0 0.0 0.0 0.0 
172 0.6003752345215758 0.6003752345215758 0.6003752345215758 0.6003752345215758 0.6003752345215758 0.0 0.0 0.0 0.0 0.0 0.0 0.0 0.0 0.0 0.0 0.0 0.0 0.0 0.0 0.0 0.0 
173 0.6003752345215758 0.6003752345215758 0.6003752345215758 0.6003752345215758 0.6003752345215758 0.0 0.0 0.0 0.0 0.0 0.0 0.0 0.0 0.0 0.0 0.0 0.0 0.0 0.0 0.0 0.0 
174 0.6003752345215758 0.6003752345215758 0.6003752345215758 0.6003752345215758 0.6003752345215758 0.0 0.0 0.0 0.0 0.0 0.0 0.0 0.0 0.0 0.0 0.0 0.0 0.0 0.0 0.0 0.0 
175 0.6003752345215758 0.6003752345215758 0.6003752345215758 0.6003752345215758 0.6003752345215758 0.0 0.0 0.0 0.0 0.0 0.0 0.0 0.0 0.0 0.0 0.0 0.0 0.0 0.0 0.0 0.0 
176 0.6003752345215758 0.6003752345215758 0.6003752345215758 0.6003752345215758 0.6003752345215758 0.0 0.0 0.0 0.0 0.0 0.0 0.0 0.0 0.0 0.0 0.0 0.0 0.0 0.0 0.0 0.0 
177 0.6003752345215758 0.6003752345215758 0.6003752345215758 0.6003752345215758 0.6003752345215758 0.0 0.0 0.0 0.0 0.0 0.0 0.0 0.0 0.0 0.0 0.0 0.0 0.0 0.0 0.0 0.0 
178 0.6003752345215758 0.6003752345215758 0.6003752345215758 0.6003752345215758 0.6003752345215758 0.0 0.0 0.0 0.0 0.0 0.0 0.0 0.0 0.0 0.0 0.0 0.0 0.0 0.0 0.0 0.0 
179 0.6003752345215758 0.6003752345215758 0.6003752345215758 0.6003752345215758 0.6003752345215758 0.0 0.0 0.0 0.0 0.0 0.0 0.0 0.0 0.0 0.0 0.0 0.0 0.0 0.0 0.0 0.0 
180 0.6003752345215758 0.6003752345215758 0.6003752345215758 0.6003752345215758 0.6003752345215758 0.0 0.0 0.0 0.0 0.0 0.0 0.0 0.0 0.0 0.0 0.0 0.0 0.0 0.0 0.0 0.0 
181 0.6003752345215758 0.6003752345215758 0.6003752345215758 0.6003752345215758 0.6003752345215758 0.0 0.0 0.0 0.0 0.0 0.0 0.0 0.0 0.0 0.0 0.0 0.0 0.0 0.0 0.0 0.0 
182 0.6003752345215758 0.6003752345215758 0.6003752345215758 0.6003752345215758 0.6003752345215758 0.0 0.0 0.0 0.0 0.0 0.0 0.0 0.0 0.0 0.0 0.0 0.0 0.0 0.0 0.0 0.0 
183 0.6003752345215758 0.6003752345215758 0.6003752345215758 0.6003752345215758 0.6003752345215758 0.0 0.0 0.0 0.0 0.0 0.0 0.0 0.0 0.0 0.0 0.0 0.0 0.0 0.0 0.0 0.0 
184 0.6003752345215758 0.6003752345215758 0.6003752345215758 0.6003752345215758 0.6003752345215758 0.0 0.0 0.0 0.0 0.0 0.0 0.0 0.0 0.0 0.0 0.0 0.0 0.0 0.0 0.0 0.0 
185 0.6003752345215758 0.6003752345215758 0.6003752345215758 0.6003752345215758 0.6003752345215758 0.0 0.0 0.0 0.0 0.0 0.0 0.0 0.0 0.0 0.0 0.0 0.0 0.0 0.0 0.0 0.0 
186 0.6003752345215758 0.6003752345215758 0.6003752345215758 0.6003752345215758 0.6003752345215758 0.0 0.0 0.0 0.0 0.0 0.0 0.0 0.0 0.0 0.0 0.0 0.0 0.0 0.0 0.0 0.0 
187 0.6003752345215758 0.6003752345215758 0.6003752345215758 0.6003752345215758 0.6003752345215758 0.008 0.0 0.0 0.0 0.0 0.0 0.0 0.0 0.0 0.0 0.0 0.0 0.0 0.0 0.0 0.0 
188 0.6003752345215758 0.6003752345215758 0.6003752345215758 0.6003752345215758 0.6003752345215758 0.0866635555157356 0.0 0.0 0.0 0.0 0.0 0.0 0.0 0.0 0.0 0.0 0.0 0.0 0.0 0.0 0.0 
189 0.6003752345215758 0.6003752345215758 0.6003752345215758 0.6003752345215758 0.6003752345215758 0.13291044174571262 0.0 0.0 0.0 0.0 0.0 0.0 0.0 0.0 0.0 0.0 0.0 0.0 0.0 0.0 0.0 
190 0.6003752345215758 0.6003752345215758 0.6003752345215758 0.6003752345215758 0.6003752345215758 0.18053589193513442 0.0 0.0 0.0 0.0 0.0 0.0 0.0 0.0 0.0 0.0 0.0 0.0 0.0 0.0 0.0 
191 0.6003752345215758 0.6003752345215758 0.6003752345215758 0.6003752345215758 0.6003752345215758 0.25389776341428305 0.0 0.0 0.0 0.0 0.0 0.0 0.0 0.0 0.0 0.0 0.0 0.0 0.0 0.0 0.0 
192 0.6003752345215758 0.6003752345215758 0.6003752345215758 0.6003752345215758 0.6003752345215758 0.35211660787602 0.0 0.0 0.0 0.0 0.0 0.0 0.0 0.0 0.0 0.0 0.0 0.0 0.0 0.0 0.0 
193 0.6003752345215758 0.6003752345215758 0.6003752345215758 0.6003752345215758 0.6003752345215758 0.3864992727833422 0.0 0.0 0.0 0.0 0.0 0.0 0.0 0.0 0.0 0.0 0.0 0.0 0.0 0.0 0.0 
194 0.6003752345215758 0.6003752345215758 0.6003752345215758 0.6003752345215758 0.6003752345215758 0.3968825347105296 0.0 0.0 0.0 0.0 0.0 0.0 0.0 0.0 0.0 0.0 0.0 0.0 0.0 0.0 0.0 
195 0.6003752345215758 0.6003752345215758 0.6003752345215758 0.6003752345215758 0.6003752345215758 0.5076430487587503 0.0 0.0 0.0 0.0 0.0 0.0 0.0 0.0 0.0 0.0 0.0 0.0 0.0 0.0 0.0 
196 0.6003752345215758 0.6003752345215758 0.6003752345215758 0.6003752345215758 0.6003752345215758 0.5393044449057646 0.0 0.0 0.0 0.0 0.0 0.0 0.0 0.0 0.0 0.0 0.0 0.0 0.0 0.0 0.0 
197 0.6003752345215758 0.6003752345215758 0.6003752345215758 0.6003752345215758 0.6003752345215758 0.5690892422154794 0.0 0.0 0.0 0.0 0.0 0.0 0.0 0.0 0.0 0.0 0.0 0.0 0.0 0.0 0.0 
198 0.6003752345215758 0.6003752345215758 0.6003752345215758 0.6003752345215758 0.6003752345215758 0.5702507545476794 0.0 0.0 0.0 0.0 0.0 0.0 0.0 0.0 0.0 0.0 0.0 0.0 0.0 0.0 0.0 
199 0.6003752345215758 0.6003752345215758 0.6003752345215758 0.6003752345215758 0.6003752345215758 0.5985739097594636 0.0 0.0 0.0 0.0 0.0 0.0 0.0 0.0 0.0 0.0 0.0 0.0 0.0 0.0 0.0 
200 0.6003752345215758 0.6003752345215758 0.6003752345215758 0.6003752345215758 0.6003752345215758 0.6002777326380169 0.0 0.0 0.0 0.0 0.0 0.0 0.0 0.0 0.0 0.0 0.0 0.0 0.0 0.0 0.0 
201 0.6003752345215758 0.6003752345215758 0.6003752345215758 0.6003752345215758 0.6003752345215758 0.6003640199653084 0.0 0.0 0.0 0.0 0.0 0.0 0.0 0.0 0.0 0.0 0.0 0.0 0.0 0.0 0.0 
202 0.6003752345215758 0.6003752345215758 0.6003752345215758 0.6003752345215758 0.6003752345215758 0.6003752345215758 0.0 0.0 0.0 0.0 0.0 0.0 0.0 0.0 0.0 0.0 0.0 0.0 0.0 0.0 0.0 
203 0.6003752345215758 0.6003752345215758 0.6003752345215758 0.6003752345215758 0.6003752345215758 0.6003752345215758 0.0 0.0 0.0 0.0 0.0 0.0 0.0 0.0 0.0 0.0 0.0 0.0 0.0 0.0 0.0 
204 0.6003752345215758 0.6003752345215758 0.6003752345215758 0.6003752345215758 0.6003752345215758 0.6003752345215758 0.0 0.0 0.0 0.0 0.0 0.0 0.0 0.0 0.0 0.0 0.0 0.0 0.0 0.0 0.0 
205 0.6003752345215758 0.6003752345215758 0.6003752345215758 0.6003752345215758 0.6003752345215758 0.6003752345215758 0.0 0.0 0.0 0.0 0.0 0.0 0.0 0.0 0.0 0.0 0.0 0.0 0.0 0.0 0.0 
206 0.6003752345215758 0.6003752345215758 0.6003752345215758 0.6003752345215758 0.6003752345215758 0.6003752345215758 0.0 0.0 0.0 0.0 0.0 0.0 0.0 0.0 0.0 0.0 0.0 0.0 0.0 0.0 0.0 
207 0.6003752345215758 0.6003752345215758 0.6003752345215758 0.6003752345215758 0.6003752345215758 0.6003752345215758 0.0 0.0 0.0 0.0 0.0 0.0 0.0 0.0 0.0 0.0 0.0 0.0 0.0 0.0 0.0 
208 0.6003752345215758 0.6003752345215758 0.6003752345215758 0.6003752345215758 0.6003752345215758 0.6003752345215758 0.0 0.0 0.0 0.0 0.0 0.0 0.0 0.0 0.0 0.0 0.0 0.0 0.0 0.0 0.0 
209 0.6003752345215758 0.6003752345215758 0.6003752345215758 0.6003752345215758 0.6003752345215758 0.6003752345215758 0.0 0.0 0.0 0.0 0.0 0.0 0.0 0.0 0.0 0.0 0.0 0.0 0.0 0.0 0.0 
210 0.6003752345215758 0.6003752345215758 0.6003752345215758 0.6003752345215758 0.6003752345215758 0.6003752345215758 0.0 0.0 0.0 0.0 0.0 0.0 0.0 0.0 0.0 0.0 0.0 0.0 0.0 0.0 0.0 
211 0.6003752345215758 0.6003752345215758 0.6003752345215758 0.6003752345215758 0.6003752345215758 0.6003752345215758 0.0 0.0 0.0 0.0 0.0 0.0 0.0 0.0 0.0 0.0 0.0 0.0 0.0 0.0 0.0 
212 0.6003752345215758 0.6003752345215758 0.6003752345215758 0.6003752345215758 0.6003752345215758 0.6003752345215758 0.0 0.0 0.0 0.0 0.0 0.0 0.0 0.0 0.0 0.0 0.0 0.0 0.0 0.0 0.0 
213 0.6003752345215758 0.6003752345215758 0.6003752345215758 0.6003752345215758 0.6003752345215758 0.6003752345215758 0.0 0.0 0.0 0.0 0.0 0.0 0.0 0.0 0.0 0.0 0.0 0.0 0.0 0.0 0.0 
214 0.6003752345215758 0.6003752345215758 0.6003752345215758 0.6003752345215758 0.6003752345215758 0.6003752345215758 0.0 0.0 0.0 0.0 0.0 0.0 0.0 0.0 0.0 0.0 0.0 0.0 0.0 0.0 0.0 
215 0.6003752345215758 0.6003752345215758 0.6003752345215758 0.6003752345215758 0.6003752345215758 0.6003752345215758 0.0 0.0 0.0 0.0 0.0 0.0 0.0 0.0 0.0 0.0 0.0 0.0 0.0 0.0 0.0 
216 0.6003752345215758 0.6003752345215758 0.6003752345215758 0.6003752345215758 0.6003752345215758 0.6003752345215758 0.0 0.0 0.0 0.0 0.0 0.0 0.0 0.0 0.0 0.0 0.0 0.0 0.0 0.0 0.0 
217 0.6003752345215758 0.6003752345215758 0.6003752345215758 0.6003752345215758 0.6003752345215758 0.6003752345215758 0.0 0.0 0.0 0.0 0.0 0.0 0.0 0.0 0.0 0.0 0.0 0.0 0.0 0.0 0.0 
218 0.6003752345215758 0.6003752345215758 0.6003752345215758 0.6003752345215758 0.6003752345215758 0.6003752345215758 0.0 0.0 0.0 0.0 0.0 0.0 0.0 0.0 0.0 0.0 0.0 0.0 0.0 0.0 0.0 
219 0.6003752345215758 0.6003752345215758 0.6003752345215758 0.6003752345215758 0.6003752345215758 0.6003752345215758 0.0 0.0 0.0 0.0 0.0 0.0 0.0 0.0 0.0 0.0 0.0 0.0 0.0 0.0 0.0 
220 0.6003752345215758 0.6003752345215758 0.6003752345215758 0.6003752345215758 0.6003752345215758 0.6003752345215758 0.0 0.0 0.0 0.0 0.0 0.0 0.0 0.0 0.0 0.0 0.0 0.0 0.0 0.0 0.0 
221 0.6003752345215758 0.6003752345215758 0.6003752345215758 0.6003752345215758 0.6003752345215758 0.6003752345215758 0.0 0.0 0.0 0.0 0.0 0.0 0.0 0.0 0.0 0.0 0.0 0.0 0.0 0.0 0.0 
222 0.6003752345215758 0.6003752345215758 0.6003752345215758 0.6003752345215758 0.6003752345215758 0.6003752345215758 0.0 0.0 0.0 0.0 0.0 0.0 0.0 0.0 0.0 0.0 0.0 0.0 0.0 0.0 0.0 
223 0.6003752345215758 0.6003752345215758 0.6003752345215758 0.6003752345215758 0.6003752345215758 0.6003752345215758 0.0 0.0 0.0 0.0 0.0 0.0 0.0 0.0 0.0 0.0 0.0 0.0 0.0 0.0 0.0 
224 0.6003752345215758 0.6003752345215758 0.6003752345215758 0.6003752345215758 0.6003752345215758 0.6003752345215758 0.0 0.0 0.0 0.0 0.0 0.0 0.0 0.0 0.0 0.0 0.0 0.0 0.0 0.0 0.0 
225 0.6003752345215758 0.6003752345215758 0.6003752345215758 0.6003752345215758 0.6003752345215758 0.6003752345215758 0.0779906158442391 0.0 0.0 0.0 0.0 0.0 0.0 0.0 0.0 0.0 0.0 0.0 0.0 0.0 0.0 
226 0.6003752345215758 0.6003752345215758 0.6003752345215758 0.6003752345215758 0.6003752345215758 0.6003752345215758 0.08943162006917996 0.0 0.0 0.0 0.0 0.0 0.0 0.0 0.0 0.0 0.0 0.0 0.0 0.0 0.0 
227 0.6003752345215758 0.6003752345215758 0.6003752345215758 0.6003752345215758 0.6003752345215758 0.6003752345215758 0.12059710682106395 0.0 0.0 0.0 0.0 0.0 0.0 0.0 0.0 0.0 0.0 0.0 0.0 0.0 0.0 
228 0.6003752345215758 0.6003752345215758 0.6003752345215758 0.6003752345215758 0.6003752345215758 0.6003752345215758 0.19328504498471863 0.0 0.0 0.0 0.0 0.0 0.0 0.0 0.0 0.0 0.0 0.0 0.0 0.0 0.0 
229 0.6003752345215758 0.6003752345215758 0.6003752345215758 0.6003752345215758 0.6003752345215758 0.6003752345215758 0.21322391818294198 0.0 0.0 0.0 0.0 0.0 0.0 0.0 0.0 0.0 0.0 0.0 0.0 0.0 0.0 
230 0.6003752345215758 0.6003752345215758 0.6003752345215758 0.6003752345215758 0.6003752345215758 0.6003752345215758 0.23978026266416513 0.0 0.0 0.0 0.0 0.0 0.0 0.0 0.0 0.0 0.0 0.0 0.0 0.0 0.0 
231 0.6003752345215758 0.6003752345215758 0.6003752345215758 0.6003752345215758 0.6003752345215758 0.6003752345215758 0.3512556698491899 0.0 0.0 0.0 0.0 0.0 0.0 0.0 0.0 0.0 0.0 0.0 0.0 0.0 0.0 
232 0.6003752345215758 0.6003752345215758 0.6003752345215758 0.6003752345215758 0.6003752345215758 0.6003752345215758 0.41166951824092435 0.0 0.0 0.0 0.0 0.0 0.0 0.0 0.0 0.0 0.0 0.0 0.0 0.0 0.0 
233 0.6003752345215758 0.6003752345215758 0.6003752345215758 0.6003752345215758 0.6003752345215758 0.6003752345215758 0.4534039955710421 0.0 0.0 0.0 0.0 0.0 0.0 0.0 0.0 0.0 0.0 0.0 0.0 0.0 0.0 
234 0.6003752345215758 0.6003752345215758 0.6003752345215758 0.6003752345215758 0.6003752345215758 0.6003752345215758 0.525685037874873 0.0 0.0 0.0 0.0 0.0 0.0 0.0 0.0 0.0 0.0 0.0 0.0 0.0 0.0 
235 0.6003752345215758 0.6003752345215758 0.6003752345215758 0.6003752345215758 0.6003752345215758 0.6003752345215758 0.5416086167476001 0.0 0.0 0.0 0.0 0.0 0.0 0.0 0.0 0.0 0.0 0.0 0.0 0.0 0.0 
236 0.6003752345215758 0.6003752345215758 0.6003752345215758 0.6003752345215758 0.6003752345215758 0.6003752345215758 0.5679296874062427 0.0 0.0 0.0 0.0 0.0 0.0 0.0 0.0 0.0 0.0 0.0 0.0 0.0 0.0 
237 0.6003752345215758 0.6003752345215758 0.6003752345215758 0.6003752345215758 0.6003752345215758 0.6003752345215758 0.5702511467006381 0.0 0.0 0.0 0.0 0.0 0.0 0.0 0.0 0.0 0.0 0.0 0.0 0.0 0.0 
238 0.6003752345215758 0.6003752345215758 0.6003752345215758 0.6003752345215758 0.6003752345215758 0.6003752345215758 0.5703301065066807 0.0 0.0 0.0 0.0 0.0 0.0 0.0 0.0 0.0 0.0 0.0 0.0 0.0 0.0 
239 0.6003752345215758 0.6003752345215758 0.6003752345215758 0.6003752345215758 0.6003752345215758 0.6003752345215758 0.5721850442240687 0.0 0.0 0.0 0.0 0.0 0.0 0.0 0.0 0.0 0.0 0.0 0.0 0.0 0.0 
240 0.6003752345215758 0.6003752345215758 0.6003752345215758 0.6003752345215758 0.6003752345215758 0.6003752345215758 0.5998717669131443 0.0 0.0 0.0 0.0 0.0 0.0 0.0 0.0 0.0 0.0 0.0 0.0 0.0 0.0 
241 0.6003752345215758 0.6003752345215758 0.6003752345215758 0.6003752345215758 0.6003752345215758 0.6003752345215758 0.600285884560203 0.0 0.0 0.0 0.0 0.0 0.0 0.0 0.0 0.0 0.0 0.0 0.0 0.0 0.0 
242 0.6003752345215758 0.6003752345215758 0.6003752345215758 0.6003752345215758 0.6003752345215758 0.6003752345215758 0.6003752345215758 0.0 0.0 0.0 0.0 0.0 0.0 0.0 0.0 0.0 0.0 0.0 0.0 0.0 0.0 
243 0.6003752345215758 0.6003752345215758 0.6003752345215758 0.6003752345215758 0.6003752345215758 0.6003752345215758 0.6003752345215758 0.0 0.0 0.0 0.0 0.0 0.0 0.0 0.0 0.0 0.0 0.0 0.0 0.0 0.0 
244 0.6003752345215758 0.6003752345215758 0.6003752345215758 0.6003752345215758 0.6003752345215758 0.6003752345215758 0.6003752345215758 0.0 0.0 0.0 0.0 0.0 0.0 0.0 0.0 0.0 0.0 0.0 0.0 0.0 0.0 
245 0.6003752345215758 0.6003752345215758 0.6003752345215758 0.6003752345215758 0.6003752345215758 0.6003752345215758 0.6003752345215758 0.0 0.0 0.0 0.0 0.0 0.0 0.0 0.0 0.0 0.0 0.0 0.0 0.0 0.0 
246 0.6003752345215758 0.6003752345215758 0.6003752345215758 0.6003752345215758 0.6003752345215758 0.6003752345215758 0.6003752345215758 0.0 0.0 0.0 0.0 0.0 0.0 0.0 0.0 0.0 0.0 0.0 0.0 0.0 0.0 
247 0.6003752345215758 0.6003752345215758 0.6003752345215758 0.6003752345215758 0.6003752345215758 0.6003752345215758 0.6003752345215758 0.0 0.0 0.0 0.0 0.0 0.0 0.0 0.0 0.0 0.0 0.0 0.0 0.0 0.0 
248 0.6003752345215758 0.6003752345215758 0.6003752345215758 0.6003752345215758 0.6003752345215758 0.6003752345215758 0.6003752345215758 0.0 0.0 0.0 0.0 0.0 0.0 0.0 0.0 0.0 0.0 0.0 0.0 0.0 0.0 
249 0.6003752345215758 0.6003752345215758 0.6003752345215758 0.6003752345215758 0.6003752345215758 0.6003752345215758 0.6003752345215758 0.0 0.0 0.0 0.0 0.0 0.0 0.0 0.0 0.0 0.0 0.0 0.0 0.0 0.0 
250 0.6003752345215758 0.6003752345215758 0.6003752345215758 0.6003752345215758 0.6003752345215758 0.6003752345215758 0.6003752345215758 0.0 0.0 0.0 0.0 0.0 0.0 0.0 0.0 0.0 0.0 0.0 0.0 0.0 0.0 
251 0.6003752345215758 0.6003752345215758 0.6003752345215758 0.6003752345215758 0.6003752345215758 0.6003752345215758 0.6003752345215758 0.0 0.0 0.0 0.0 0.0 0.0 0.0 0.0 0.0 0.0 0.0 0.0 0.0 0.0 
252 0.6003752345215758 0.6003752345215758 0.6003752345215758 0.6003752345215758 0.6003752345215758 0.6003752345215758 0.6003752345215758 0.0 0.0 0.0 0.0 0.0 0.0 0.0 0.0 0.0 0.0 0.0 0.0 0.0 0.0 
253 0.6003752345215758 0.6003752345215758 0.6003752345215758 0.6003752345215758 0.6003752345215758 0.6003752345215758 0.6003752345215758 0.0 0.0 0.0 0.0 0.0 0.0 0.0 0.0 0.0 0.0 0.0 0.0 0.0 0.0 
254 0.6003752345215758 0.6003752345215758 0.6003752345215758 0.6003752345215758 0.6003752345215758 0.6003752345215758 0.6003752345215758 0.0 0.0 0.0 0.0 0.0 0.0 0.0 0.0 0.0 0.0 0.0 0.0 0.0 0.0 
255 0.6003752345215758 0.6003752345215758 0.6003752345215758 0.6003752345215758 0.6003752345215758 0.6003752345215758 0.6003752345215758 0.0 0.0 0.0 0.0 0.0 0.0 0.0 0.0 0.0 0.0 0.0 0.0 0.0 0.0 
256 0.6003752345215758 0.6003752345215758 0.6003752345215758 0.6003752345215758 0.6003752345215758 0.6003752345215758 0.6003752345215758 0.0 0.0 0.0 0.0 0.0 0.0 0.0 0.0 0.0 0.0 0.0 0.0 0.0 0.0 
257 0.6003752345215758 0.6003752345215758 0.6003752345215758 0.6003752345215758 0.6003752345215758 0.6003752345215758 0.6003752345215758 0.0 0.0 0.0 0.0 0.0 0.0 0.0 0.0 0.0 0.0 0.0 0.0 0.0 0.0 
258 0.6003752345215758 0.6003752345215758 0.6003752345215758 0.6003752345215758 0.6003752345215758 0.6003752345215758 0.6003752345215758 0.0 0.0 0.0 0.0 0.0 0.0 0.0 0.0 0.0 0.0 0.0 0.0 0.0 0.0 
259 0.6003752345215758 0.6003752345215758 0.6003752345215758 0.6003752345215758 0.6003752345215758 0.6003752345215758 0.6003752345215758 0.0 0.0 0.0 0.0 0.0 0.0 0.0 0.0 0.0 0.0 0.0 0.0 0.0 0.0 
260 0.6003752345215758 0.6003752345215758 0.6003752345215758 0.6003752345215758 0.6003752345215758 0.6003752345215758 0.6003752345215758 0.0 0.0 0.0 0.0 0.0 0.0 0.0 0.0 0.0 0.0 0.0 0.0 0.0 0.0 
261 0.6003752345215758 0.6003752345215758 0.6003752345215758 0.6003752345215758 0.6003752345215758 0.6003752345215758 0.6003752345215758 0.0 0.0 0.0 0.0 0.0 0.0 0.0 0.0 0.0 0.0 0.0 0.0 0.0 0.0 
262 0.6003752345215758 0.6003752345215758 0.6003752345215758 0.6003752345215758 0.6003752345215758 0.6003752345215758 0.6003752345215758 0.02375 0.0 0.0 0.0 0.0 0.0 0.0 0.0 0.0 0.0 0.0 0.0 0.0 0.0 
263 0.6003752345215758 0.6003752345215758 0.6003752345215758 0.6003752345215758 0.6003752345215758 0.6003752345215758 0.6003752345215758 0.03944495837187789 0.0 0.0 0.0 0.0 0.0 0.0 0.0 0.0 0.0 0.0 0.0 0.0 0.0 
264 0.6003752345215758 0.6003752345215758 0.6003752345215758 0.6003752345215758 0.6003752345215758 0.6003752345215758 0.6003752345215758 0.11765325366899741 0.0 0.0 0.0 0.0 0.0 0.0 0.0 0.0 0.0 0.0 0.0 0.0 0.0 
265 0.6003752345215758 0.6003752345215758 0.6003752345215758 0.6003752345215758 0.6003752345215758 0.6003752345215758 0.6003752345215758 0.17906379228196437 0.0 0.0 0.0 0.0 0.0 0.0 0.0 0.0 0.0 0.0 0.0 0.0 0.0 
266 0.6003752345215758 0.6003752345215758 0.6003752345215758 0.6003752345215758 0.6003752345215758 0.6003752345215758 0.6003752345215758 0.20892328743592828 0.0 0.0 0.0 0.0 0.0 0.0 0.0 0.0 0.0 0.0 0.0 0.0 0.0 
267 0.6003752345215758 0.6003752345215758 0.6003752345215758 0.6003752345215758 0.6003752345215758 0.6003752345215758 0.6003752345215758 0.2100597223358164 0.0 0.0 0.0 0.0 0.0 0.0 0.0 0.0 0.0 0.0 0.0 0.0 0.0 
268 0.6003752345215758 0.6003752345215758 0.6003752345215758 0.6003752345215758 0.6003752345215758 0.6003752345215758 0.6003752345215758 0.2268195219654141 0.0 0.0 0.0 0.0 0.0 0.0 0.0 0.0 0.0 0.0 0.0 0.0 0.0 
269 0.6003752345215758 0.6003752345215758 0.6003752345215758 0.6003752345215758 0.6003752345215758 0.6003752345215758 0.6003752345215758 0.31940381456954153 0.0 0.0 0.0 0.0 0.0 0.0 0.0 0.0 0.0 0.0 0.0 0.0 0.0 
270 0.6003752345215758 0.6003752345215758 0.6003752345215758 0.6003752345215758 0.6003752345215758 0.6003752345215758 0.6003752345215758 0.38768190977934486 0.0 0.0 0.0 0.0 0.0 0.0 0.0 0.0 0.0 0.0 0.0 0.0 0.0 
271 0.6003752345215758 0.6003752345215758 0.6003752345215758 0.6003752345215758 0.6003752345215758 0.6003752345215758 0.6003752345215758 0.41452506126912975 0.0 0.0 0.0 0.0 0.0 0.0 0.0 0.0 0.0 0.0 0.0 0.0 0.0 
272 0.6003752345215758 0.6003752345215758 0.6003752345215758 0.6003752345215758 0.6003752345215758 0.6003752345215758 0.6003752345215758 0.49985372672024253 0.0 0.0 0.0 0.0 0.0 0.0 0.0 0.0 0.0 0.0 0.0 0.0 0.0 
273 0.6003752345215758 0.6003752345215758 0.6003752345215758 0.6003752345215758 0.6003752345215758 0.6003752345215758 0.6003752345215758 0.5362128188158506 0.0 0.0 0.0 0.0 0.0 0.0 0.0 0.0 0.0 0.0 0.0 0.0 0.0 
274 0.6003752345215758 0.6003752345215758 0.6003752345215758 0.6003752345215758 0.6003752345215758 0.6003752345215758 0.6003752345215758 0.5400936878230557 0.0 0.0 0.0 0.0 0.0 0.0 0.0 0.0 0.0 0.0 0.0 0.0 0.0 
275 0.6003752345215758 0.6003752345215758 0.6003752345215758 0.6003752345215758 0.6003752345215758 0.6003752345215758 0.6003752345215758 0.5686710444027516 0.0 0.0 0.0 0.0 0.0 0.0 0.0 0.0 0.0 0.0 0.0 0.0 0.0 
276 0.6003752345215758 0.6003752345215758 0.6003752345215758 0.6003752345215758 0.6003752345215758 0.6003752345215758 0.6003752345215758 0.5981399381561225 0.0 0.0 0.0 0.0 0.0 0.0 0.0 0.0 0.0 0.0 0.0 0.0 0.0 
277 0.6003752345215758 0.6003752345215758 0.6003752345215758 0.6003752345215758 0.6003752345215758 0.6003752345215758 0.6003752345215758 0.6001863897469386 0.0 0.0 0.0 0.0 0.0 0.0 0.0 0.0 0.0 0.0 0.0 0.0 0.0 
278 0.6003752345215758 0.6003752345215758 0.6003752345215758 0.6003752345215758 0.6003752345215758 0.6003752345215758 0.6003752345215758 0.6003488682327595 0.0 0.0 0.0 0.0 0.0 0.0 0.0 0.0 0.0 0.0 0.0 0.0 0.0 
279 0.6003752345215758 0.6003752345215758 0.6003752345215758 0.6003752345215758 0.6003752345215758 0.6003752345215758 0.6003752345215758 0.6003752345215758 0.0 0.0 0.0 0.0 0.0 0.0 0.0 0.0 0.0 0.0 0.0 0.0 0.0 
280 0.6003752345215758 0.6003752345215758 0.6003752345215758 0.6003752345215758 0.6003752345215758 0.6003752345215758 0.6003752345215758 0.6003752345215758 0.0 0.0 0.0 0.0 0.0 0.0 0.0 0.0 0.0 0.0 0.0 0.0 0.0 
281 0.6003752345215758 0.6003752345215758 0.6003752345215758 0.6003752345215758 0.6003752345215758 0.6003752345215758 0.6003752345215758 0.6003752345215758 0.0 0.0 0.0 0.0 0.0 0.0 0.0 0.0 0.0 0.0 0.0 0.0 0.0 
282 0.6003752345215758 0.6003752345215758 0.6003752345215758 0.6003752345215758 0.6003752345215758 0.6003752345215758 0.6003752345215758 0.6003752345215758 0.0 0.0 0.0 0.0 0.0 0.0 0.0 0.0 0.0 0.0 0.0 0.0 0.0 
283 0.6003752345215758 0.6003752345215758 0.6003752345215758 0.6003752345215758 0.6003752345215758 0.6003752345215758 0.6003752345215758 0.6003752345215758 0.0 0.0 0.0 0.0 0.0 0.0 0.0 0.0 0.0 0.0 0.0 0.0 0.0 
284 0.6003752345215758 0.6003752345215758 0.6003752345215758 0.6003752345215758 0.6003752345215758 0.6003752345215758 0.6003752345215758 0.6003752345215758 0.0 0.0 0.0 0.0 0.0 0.0 0.0 0.0 0.0 0.0 0.0 0.0 0.0 
285 0.6003752345215758 0.6003752345215758 0.6003752345215758 0.6003752345215758 0.6003752345215758 0.6003752345215758 0.6003752345215758 0.6003752345215758 0.0 0.0 0.0 0.0 0.0 0.0 0.0 0.0 0.0 0.0 0.0 0.0 0.0 
286 0.6003752345215758 0.6003752345215758 0.6003752345215758 0.6003752345215758 0.6003752345215758 0.6003752345215758 0.6003752345215758 0.6003752345215758 0.0 0.0 0.0 0.0 0.0 0.0 0.0 0.0 0.0 0.0 0.0 0.0 0.0 
287 0.6003752345215758 0.6003752345215758 0.6003752345215758 0.6003752345215758 0.6003752345215758 0.6003752345215758 0.6003752345215758 0.6003752345215758 0.0 0.0 0.0 0.0 0.0 0.0 0.0 0.0 0.0 0.0 0.0 0.0 0.0 
288 0.6003752345215758 0.6003752345215758 0.6003752345215758 0.6003752345215758 0.6003752345215758 0.6003752345215758 0.6003752345215758 0.6003752345215758 0.0 0.0 0.0 0.0 0.0 0.0 0.0 0.0 0.0 0.0 0.0 0.0 0.0 
289 0.6003752345215758 0.6003752345215758 0.6003752345215758 0.6003752345215758 0.6003752345215758 0.6003752345215758 0.6003752345215758 0.6003752345215758 0.0 0.0 0.0 0.0 0.0 0.0 0.0 0.0 0.0 0.0 0.0 0.0 0.0 
290 0.6003752345215758 0.6003752345215758 0.6003752345215758 0.6003752345215758 0.6003752345215758 0.6003752345215758 0.6003752345215758 0.6003752345215758 0.0 0.0 0.0 0.0 0.0 0.0 0.0 0.0 0.0 0.0 0.0 0.0 0.0 
291 0.6003752345215758 0.6003752345215758 0.6003752345215758 0.6003752345215758 0.6003752345215758 0.6003752345215758 0.6003752345215758 0.6003752345215758 0.0 0.0 0.0 0.0 0.0 0.0 0.0 0.0 0.0 0.0 0.0 0.0 0.0 
292 0.6003752345215758 0.6003752345215758 0.6003752345215758 0.6003752345215758 0.6003752345215758 0.6003752345215758 0.6003752345215758 0.6003752345215758 0.0 0.0 0.0 0.0 0.0 0.0 0.0 0.0 0.0 0.0 0.0 0.0 0.0 
293 0.6003752345215758 0.6003752345215758 0.6003752345215758 0.6003752345215758 0.6003752345215758 0.6003752345215758 0.6003752345215758 0.6003752345215758 0.0 0.0 0.0 0.0 0.0 0.0 0.0 0.0 0.0 0.0 0.0 0.0 0.0 
294 0.6003752345215758 0.6003752345215758 0.6003752345215758 0.6003752345215758 0.6003752345215758 0.6003752345215758 0.6003752345215758 0.6003752345215758 0.0 0.0 0.0 0.0 0.0 0.0 0.0 0.0 0.0 0.0 0.0 0.0 0.0 
295 0.6003752345215758 0.6003752345215758 0.6003752345215758 0.6003752345215758 0.6003752345215758 0.6003752345215758 0.6003752345215758 0.6003752345215758 0.0 0.0 0.0 0.0 0.0 0.0 0.0 0.0 0.0 0.0 0.0 0.0 0.0 
296 0.6003752345215758 0.6003752345215758 0.6003752345215758 0.6003752345215758 0.6003752345215758 0.6003752345215758 0.6003752345215758 0.6003752345215758 0.0 0.0 0.0 0.0 0.0 0.0 0.0 0.0 0.0 0.0 0.0 0.0 0.0 
297 0.6003752345215758 0.6003752345215758 0.6003752345215758 0.6003752345215758 0.6003752345215758 0.6003752345215758 0.6003752345215758 0.6003752345215758 0.0 0.0 0.0 0.0 0.0 0.0 0.0 0.0 0.0 0.0 0.0 0.0 0.0 
298 0.6003752345215758 0.6003752345215758 0.6003752345215758 0.6003752345215758 0.6003752345215758 0.6003752345215758 0.6003752345215758 0.6003752345215758 0.0 0.0 0.0 0.0 0.0 0.0 0.0 0.0 0.0 0.0 0.0 0.0 0.0 
299 0.6003752345215758 0.6003752345215758 0.6003752345215758 0.6003752345215758 0.6003752345215758 0.6003752345215758 0.6003752345215758 0.6003752345215758 0.027111111111111114 0.0 0.0 0.0 0.0 0.0 0.0 0.0 0.0 0.0 0.0 0.0 0.0 
300 0.6003752345215758 0.6003752345215758 0.6003752345215758 0.6003752345215758 0.6003752345215758 0.6003752345215758 0.6003752345215758 0.6003752345215758 0.02984049079754601 0.0 0.0 0.0 0.0 0.0 0.0 0.0 0.0 0.0 0.0 0.0 0.0 
301 0.6003752345215758 0.6003752345215758 0.6003752345215758 0.6003752345215758 0.6003752345215758 0.6003752345215758 0.6003752345215758 0.6003752345215758 0.030018761726078803 0.0 0.0 0.0 0.0 0.0 0.0 0.0 0.0 0.0 0.0 0.0 0.0 
302 0.6003752345215758 0.6003752345215758 0.6003752345215758 0.6003752345215758 0.6003752345215758 0.6003752345215758 0.6003752345215758 0.6003752345215758 0.07333627585037258 0.0 0.0 0.0 0.0 0.0 0.0 0.0 0.0 0.0 0.0 0.0 0.0 
303 0.6003752345215758 0.6003752345215758 0.6003752345215758 0.6003752345215758 0.6003752345215758 0.6003752345215758 0.6003752345215758 0.6003752345215758 0.11905660373910072 0.0 0.0 0.0 0.0 0.0 0.0 0.0 0.0 0.0 0.0 0.0 0.0 
304 0.6003752345215758 0.6003752345215758 0.6003752345215758 0.6003752345215758 0.6003752345215758 0.6003752345215758 0.6003752345215758 0.6003752345215758 0.14904652290785858 0.0 0.0 0.0 0.0 0.0 0.0 0.0 0.0 0.0 0.0 0.0 0.0 
305 0.6003752345215758 0.6003752345215758 0.6003752345215758 0.6003752345215758 0.6003752345215758 0.6003752345215758 0.6003752345215758 0.6003752345215758 0.15005977972874268 0.0 0.0 0.0 0.0 0.0 0.0 0.0 0.0 0.0 0.0 0.0 0.0 
306 0.6003752345215758 0.6003752345215758 0.6003752345215758 0.6003752345215758 0.6003752345215758 0.6003752345215758 0.6003752345215758 0.6003752345215758 0.1816545929441195 0.0 0.0 0.0 0.0 0.0 0.0 0.0 0.0 0.0 0.0 0.0 0.0 
307 0.6003752345215758 0.6003752345215758 0.6003752345215758 0.6003752345215758 0.6003752345215758 0.6003752345215758 0.6003752345215758 0.6003752345215758 0.28119952557330824 0.0 0.0 0.0 0.0 0.0 0.0 0.0 0.0 0.0 0.0 0.0 0.0 
308 0.6003752345215758 0.6003752345215758 0.6003752345215758 0.6003752345215758 0.6003752345215758 0.6003752345215758 0.6003752345215758 0.6003752345215758 0.3271447611171507 0.0 0.0 0.0 0.0 0.0 0.0 0.0 0.0 0.0 0.0 0.0 0.0 
309 0.6003752345215758 0.6003752345215758 0.6003752345215758 0.6003752345215758 0.6003752345215758 0.6003752345215758 0.6003752345215758 0.6003752345215758 0.36902294600678087 0.0 0.0 0.0 0.0 0.0 0.0 0.0 0.0 0.0 0.0 0.0 0.0 
310 0.6003752345215758 0.6003752345215758 0.6003752345215758 0.6003752345215758 0.6003752345215758 0.6003752345215758 0.6003752345215758 0.6003752345215758 0.47666466622516024 0.0 0.0 0.0 0.0 0.0 0.0 0.0 0.0 0.0 0.0 0.0 0.0 
311 0.6003752345215758 0.6003752345215758 0.6003752345215758 0.6003752345215758 0.6003752345215758 0.6003752345215758 0.6003752345215758 0.6003752345215758 0.5086408353135613 0.0 0.0 0.0 0.0 0.0 0.0 0.0 0.0 0.0 0.0 0.0 0.0 
312 0.6003752345215758 0.6003752345215758 0.6003752345215758 0.6003752345215758 0.6003752345215758 0.6003752345215758 0.6003752345215758 0.6003752345215758 0.5385685713058364 0.0 0.0 0.0 0.0 0.0 0.0 0.0 0.0 0.0 0.0 0.0 0.0 
313 0.6003752345215758 0.6003752345215758 0.6003752345215758 0.6003752345215758 0.6003752345215758 0.6003752345215758 0.6003752345215758 0.6003752345215758 0.5402570123441178 0.0 0.0 0.0 0.0 0.0 0.0 0.0 0.0 0.0 0.0 0.0 0.0 
314 0.6003752345215758 0.6003752345215758 0.6003752345215758 0.6003752345215758 0.6003752345215758 0.6003752345215758 0.6003752345215758 0.6003752345215758 0.5931371622712337 0.0 0.0 0.0 0.0 0.0 0.0 0.0 0.0 0.0 0.0 0.0 0.0 
315 0.6003752345215758 0.6003752345215758 0.6003752345215758 0.6003752345215758 0.6003752345215758 0.6003752345215758 0.6003752345215758 0.6003752345215758 0.5994251902155877 0.0 0.0 0.0 0.0 0.0 0.0 0.0 0.0 0.0 0.0 0.0 0.0 
316 0.6003752345215758 0.6003752345215758 0.6003752345215758 0.6003752345215758 0.6003752345215758 0.6003752345215758 0.6003752345215758 0.6003752345215758 0.6003178627568871 0.0 0.0 0.0 0.0 0.0 0.0 0.0 0.0 0.0 0.0 0.0 0.0 
317 0.6003752345215758 0.6003752345215758 0.6003752345215758 0.6003752345215758 0.6003752345215758 0.6003752345215758 0.6003752345215758 0.6003752345215758 0.6003752345215758 0.0 0.0 0.0 0.0 0.0 0.0 0.0 0.0 0.0 0.0 0.0 0.0 
318 0.6003752345215758 0.6003752345215758 0.6003752345215758 0.6003752345215758 0.6003752345215758 0.6003752345215758 0.6003752345215758 0.6003752345215758 0.6003752345215758 0.0 0.0 0.0 0.0 0.0 0.0 0.0 0.0 0.0 0.0 0.0 0.0 
319 0.6003752345215758 0.6003752345215758 0.6003752345215758 0.6003752345215758 0.6003752345215758 0.6003752345215758 0.6003752345215758 0.6003752345215758 0.6003752345215758 0.0 0.0 0.0 0.0 0.0 0.0 0.0 0.0 0.0 0.0 0.0 0.0 
320 0.6003752345215758 0.6003752345215758 0.6003752345215758 0.6003752345215758 0.6003752345215758 0.6003752345215758 0.6003752345215758 0.6003752345215758 0.6003752345215758 0.0 0.0 0.0 0.0 0.0 0.0 0.0 0.0 0.0 0.0 0.0 0.0 
321 0.6003752345215758 0.6003752345215758 0.6003752345215758 0.6003752345215758 0.6003752345215758 0.6003752345215758 0.6003752345215758 0.6003752345215758 0.6003752345215758 0.0 0.0 0.0 0.0 0.0 0.0 0.0 0.0 0.0 0.0 0.0 0.0 
322 0.6003752345215758 0.6003752345215758 0.6003752345215758 0.6003752345215758 0.6003752345215758 0.6003752345215758 0.6003752345215758 0.6003752345215758 0.6003752345215758 0.0 0.0 0.0 0.0 0.0 0.0 0.0 0.0 0.0 0.0 0.0 0.0 
323 0.6003752345215758 0.6003752345215758 0.6003752345215758 0.6003752345215758 0.6003752345215758 0.6003752345215758 0.6003752345215758 0.6003752345215758 0.6003752345215758 0.0 0.0 0.0 0.0 0.0 0.0 0.0 0.0 0.0 0.0 0.0 0.0 
324 0.6003752345215758 0.6003752345215758 0.6003752345215758 0.6003752345215758 0.6003752345215758 0.6003752345215758 0.6003752345215758 0.6003752345215758 0.6003752345215758 0.0 0.0 0.0 0.0 0.0 0.0 0.0 0.0 0.0 0.0 0.0 0.0 
325 0.6003752345215758 0.6003752345215758 0.6003752345215758 0.6003752345215758 0.6003752345215758 0.6003752345215758 0.6003752345215758 0.6003752345215758 0.6003752345215758 0.0 0.0 0.0 0.0 0.0 0.0 0.0 0.0 0.0 0.0 0.0 0.0 
326 0.6003752345215758 0.6003752345215758 0.6003752345215758 0.6003752345215758 0.6003752345215758 0.6003752345215758 0.6003752345215758 0.6003752345215758 0.6003752345215758 0.0 0.0 0.0 0.0 0.0 0.0 0.0 0.0 0.0 0.0 0.0 0.0 
327 0.6003752345215758 0.6003752345215758 0.6003752345215758 0.6003752345215758 0.6003752345215758 0.6003752345215758 0.6003752345215758 0.6003752345215758 0.6003752345215758 0.0 0.0 0.0 0.0 0.0 0.0 0.0 0.0 0.0 0.0 0.0 0.0 
328 0.6003752345215758 0.6003752345215758 0.6003752345215758 0.6003752345215758 0.6003752345215758 0.6003752345215758 0.6003752345215758 0.6003752345215758 0.6003752345215758 0.0 0.0 0.0 0.0 0.0 0.0 0.0 0.0 0.0 0.0 0.0 0.0 
329 0.6003752345215758 0.6003752345215758 0.6003752345215758 0.6003752345215758 0.6003752345215758 0.6003752345215758 0.6003752345215758 0.6003752345215758 0.6003752345215758 0.0 0.0 0.0 0.0 0.0 0.0 0.0 0.0 0.0 0.0 0.0 0.0 
330 0.6003752345215758 0.6003752345215758 0.6003752345215758 0.6003752345215758 0.6003752345215758 0.6003752345215758 0.6003752345215758 0.6003752345215758 0.6003752345215758 0.0 0.0 0.0 0.0 0.0 0.0 0.0 0.0 0.0 0.0 0.0 0.0 
331 0.6003752345215758 0.6003752345215758 0.6003752345215758 0.6003752345215758 0.6003752345215758 0.6003752345215758 0.6003752345215758 0.6003752345215758 0.6003752345215758 0.0 0.0 0.0 0.0 0.0 0.0 0.0 0.0 0.0 0.0 0.0 0.0 
332 0.6003752345215758 0.6003752345215758 0.6003752345215758 0.6003752345215758 0.6003752345215758 0.6003752345215758 0.6003752345215758 0.6003752345215758 0.6003752345215758 0.0 0.0 0.0 0.0 0.0 0.0 0.0 0.0 0.0 0.0 0.0 0.0 
333 0.6003752345215758 0.6003752345215758 0.6003752345215758 0.6003752345215758 0.6003752345215758 0.6003752345215758 0.6003752345215758 0.6003752345215758 0.6003752345215758 0.0 0.0 0.0 0.0 0.0 0.0 0.0 0.0 0.0 0.0 0.0 0.0 
334 0.6003752345215758 0.6003752345215758 0.6003752345215758 0.6003752345215758 0.6003752345215758 0.6003752345215758 0.6003752345215758 0.6003752345215758 0.6003752345215758 0.0 0.0 0.0 0.0 0.0 0.0 0.0 0.0 0.0 0.0 0.0 0.0 
335 0.6003752345215758 0.6003752345215758 0.6003752345215758 0.6003752345215758 0.6003752345215758 0.6003752345215758 0.6003752345215758 0.6003752345215758 0.6003752345215758 0.0 0.0 0.0 0.0 0.0 0.0 0.0 0.0 0.0 0.0 0.0 0.0 
336 0.6003752345215758 0.6003752345215758 0.6003752345215758 0.6003752345215758 0.6003752345215758 0.6003752345215758 0.6003752345215758 0.6003752345215758 0.6003752345215758 0.0 0.0 0.0 0.0 0.0 0.0 0.0 0.0 0.0 0.0 0.0 0.0 
337 0.6003752345215758 0.6003752345215758 0.6003752345215758 0.6003752345215758 0.6003752345215758 0.6003752345215758 0.6003752345215758 0.6003752345215758 0.6003752345215758 0.02768979591836735 0.0 0.0 0.0 0.0 0.0 0.0 0.0 0.0 0.0 0.0 0.0 
338 0.6003752345215758 0.6003752345215758 0.6003752345215758 0.6003752345215758 0.6003752345215758 0.6003752345215758 0.6003752345215758 0.6003752345215758 0.6003752345215758 0.029862348178137654 0.0 0.0 0.0 0.0 0.0 0.0 0.0 0.0 0.0 0.0 0.0 
339 0.6003752345215758 0.6003752345215758 0.6003752345215758 0.6003752345215758 0.6003752345215758 0.6003752345215758 0.6003752345215758 0.6003752345215758 0.6003752345215758 0.030018761726078803 0.0 0.0 0.0 0.0 0.0 0.0 0.0 0.0 0.0 0.0 0.0 
340 0.6003752345215758 0.6003752345215758 0.6003752345215758 0.6003752345215758 0.6003752345215758 0.6003752345215758 0.6003752345215758 0.6003752345215758 0.6003752345215758 0.030018761726078803 0.0 0.0 0.0 0.0 0.0 0.0 0.0 0.0 0.0 0.0 0.0 
341 0.6003752345215758 0.6003752345215758 0.6003752345215758 0.6003752345215758 0.6003752345215758 0.6003752345215758 0.6003752345215758 0.6003752345215758 0.6003752345215758 0.08432879589818194 0.0 0.0 0.0 0.0 0.0 0.0 0.0 0.0 0.0 0.0 0.0 
342 0.6003752345215758 0.6003752345215758 0.6003752345215758 0.6003752345215758 0.6003752345215758 0.6003752345215758 0.6003752345215758 0.6003752345215758 0.6003752345215758 0.14901434041346104 0.0 0.0 0.0 0.0 0.0 0.0 0.0 0.0 0.0 0.0 0.0 
343 0.6003752345215758 0.6003752345215758 0.6003752345215758 0.6003752345215758 0.6003752345215758 0.6003752345215758 0.6003752345215758 0.6003752345215758 0.6003752345215758 0.17649204152380985 0.0 0.0 0.0 0.0 0.0 0.0 0.0 0.0 0.0 0.0 0.0 
344 0.6003752345215758 0.6003752345215758 0.6003752345215758 0.6003752345215758 0.6003752345215758 0.6003752345215758 0.6003752345215758 0.6003752345215758 0.6003752345215758 0.2360895981040782 0.0 0.0 0.0 0.0 0.0 0.0 0.0 0.0 0.0 0.0 0.0 
345 0.6003752345215758 0.6003752345215758 0.6003752345215758 0.6003752345215758 0.6003752345215758 0.6003752345215758 0.6003752345215758 0.6003752345215758 0.6003752345215758 0.2551412881018516 0.0 0.0 0.0 0.0 0.0 0.0 0.0 0.0 0.0 0.0 0.0 
346 0.6003752345215758 0.6003752345215758 0.6003752345215758 0.6003752345215758 0.6003752345215758 0.6003752345215758 0.6003752345215758 0.6003752345215758 0.6003752345215758 0.2817734567372095 0.0 0.0 0.0 0.0 0.0 0.0 0.0 0.0 0.0 0.0 0.0 
347 0.6003752345215758 0.6003752345215758 0.6003752345215758 0.6003752345215758 0.6003752345215758 0.6003752345215758 0.6003752345215758 0.6003752345215758 0.6003752345215758 0.3850908144311146 0.0 0.0 0.0 0.0 0.0 0.0 0.0 0.0 0.0 0.0 0.0 
348 0.6003752345215758 0.6003752345215758 0.6003752345215758 0.6003752345215758 0.6003752345215758 0.6003752345215758 0.6003752345215758 0.6003752345215758 0.6003752345215758 0.447004168006197 0.0 0.0 0.0 0.0 0.0 0.0 0.0 0.0 0.0 0.0 0.0 
349 0.6003752345215758 0.6003752345215758 0.6003752345215758 0.6003752345215758 0.6003752345215758 0.6003752345215758 0.6003752345215758 0.6003752345215758 0.6003752345215758 0.479386152501024 0.0 0.0 0.0 0.0 0.0 0.0 0.0 0.0 0.0 0.0 0.0 
350 0.6003752345215758 0.6003752345215758 0.6003752345215758 0.6003752345215758 0.6003752345215758 0.6003752345215758 0.6003752345215758 0.6003752345215758 0.6003752345215758 0.5094520456813985 0.0 0.0 0.0 0.0 0.0 0.0 0.0 0.0 0.0 0.0 0.0 
351 0.6003752345215758 0.6003752345215758 0.6003752345215758 0.6003752345215758 0.6003752345215758 0.6003752345215758 0.6003752345215758 0.6003752345215758 0.6003752345215758 0.5397040936717445 0.0 0.0 0.0 0.0 0.0 0.0 0.0 0.0 0.0 0.0 0.0 
352 0.6003752345215758 0.6003752345215758 0.6003752345215758 0.6003752345215758 0.6003752345215758 0.6003752345215758 0.6003752345215758 0.6003752345215758 0.6003752345215758 0.5627552000698254 0.0 0.0 0.0 0.0 0.0 0.0 0.0 0.0 0.0 0.0 0.0 
353 0.6003752345215758 0.6003752345215758 0.6003752345215758 0.6003752345215758 0.6003752345215758 0.6003752345215758 0.6003752345215758 0.6003752345215758 0.6003752345215758 0.5702214786044886 0.0 0.0 0.0 0.0 0.0 0.0 0.0 0.0 0.0 0.0 0.0 
354 0.6003752345215758 0.6003752345215758 0.6003752345215758 0.6003752345215758 0.6003752345215758 0.6003752345215758 0.6003752345215758 0.6003752345215758 0.6003752345215758 0.5980984082793681 0.0 0.0 0.0 0.0 0.0 0.0 0.0 0.0 0.0 0.0 0.0 
355 0.6003752345215758 0.6003752345215758 0.6003752345215758 0.6003752345215758 0.6003752345215758 0.6003752345215758 0.6003752345215758 0.6003752345215758 0.6003752345215758 0.6002777326380169 0.0 0.0 0.0 0.0 0.0 0.0 0.0 0.0 0.0 0.0 0.0 
356 0.6003752345215758 0.6003752345215758 0.6003752345215758 0.6003752345215758 0.6003752345215758 0.6003752345215758 0.6003752345215758 0.6003752345215758 0.6003752345215758 0.6003752345215758 0.0 0.0 0.0 0.0 0.0 0.0 0.0 0.0 0.0 0.0 0.0 
357 0.6003752345215758 0.6003752345215758 0.6003752345215758 0.6003752345215758 0.6003752345215758 0.6003752345215758 0.6003752345215758 0.6003752345215758 0.6003752345215758 0.6003752345215758 0.0 0.0 0.0 0.0 0.0 0.0 0.0 0.0 0.0 0.0 0.0 
358 0.6003752345215758 0.6003752345215758 0.6003752345215758 0.6003752345215758 0.6003752345215758 0.6003752345215758 0.6003752345215758 0.6003752345215758 0.6003752345215758 0.6003752345215758 0.0 0.0 0.0 0.0 0.0 0.0 0.0 0.0 0.0 0.0 0.0 
359 0.6003752345215758 0.6003752345215758 0.6003752345215758 0.6003752345215758 0.6003752345215758 0.6003752345215758 0.6003752345215758 0.6003752345215758 0.6003752345215758 0.6003752345215758 0.0 0.0 0.0 0.0 0.0 0.0 0.0 0.0 0.0 0.0 0.0 
360 0.6003752345215758 0.6003752345215758 0.6003752345215758 0.6003752345215758 0.6003752345215758 0.6003752345215758 0.6003752345215758 0.6003752345215758 0.6003752345215758 0.6003752345215758 0.0 0.0 0.0 0.0 0.0 0.0 0.0 0.0 0.0 0.0 0.0 
361 0.6003752345215758 0.6003752345215758 0.6003752345215758 0.6003752345215758 0.6003752345215758 0.6003752345215758 0.6003752345215758 0.6003752345215758 0.6003752345215758 0.6003752345215758 0.0 0.0 0.0 0.0 0.0 0.0 0.0 0.0 0.0 0.0 0.0 
362 0.6003752345215758 0.6003752345215758 0.6003752345215758 0.6003752345215758 0.6003752345215758 0.6003752345215758 0.6003752345215758 0.6003752345215758 0.6003752345215758 0.6003752345215758 0.0 0.0 0.0 0.0 0.0 0.0 0.0 0.0 0.0 0.0 0.0 
363 0.6003752345215758 0.6003752345215758 0.6003752345215758 0.6003752345215758 0.6003752345215758 0.6003752345215758 0.6003752345215758 0.6003752345215758 0.6003752345215758 0.6003752345215758 0.0 0.0 0.0 0.0 0.0 0.0 0.0 0.0 0.0 0.0 0.0 
364 0.6003752345215758 0.6003752345215758 0.6003752345215758 0.6003752345215758 0.6003752345215758 0.6003752345215758 0.6003752345215758 0.6003752345215758 0.6003752345215758 0.6003752345215758 0.0 0.0 0.0 0.0 0.0 0.0 0.0 0.0 0.0 0.0 0.0 
365 0.6003752345215758 0.6003752345215758 0.6003752345215758 0.6003752345215758 0.6003752345215758 0.6003752345215758 0.6003752345215758 0.6003752345215758 0.6003752345215758 0.6003752345215758 0.0 0.0 0.0 0.0 0.0 0.0 0.0 0.0 0.0 0.0 0.0 
366 0.6003752345215758 0.6003752345215758 0.6003752345215758 0.6003752345215758 0.6003752345215758 0.6003752345215758 0.6003752345215758 0.6003752345215758 0.6003752345215758 0.6003752345215758 0.0 0.0 0.0 0.0 0.0 0.0 0.0 0.0 0.0 0.0 0.0 
367 0.6003752345215758 0.6003752345215758 0.6003752345215758 0.6003752345215758 0.6003752345215758 0.6003752345215758 0.6003752345215758 0.6003752345215758 0.6003752345215758 0.6003752345215758 0.0 0.0 0.0 0.0 0.0 0.0 0.0 0.0 0.0 0.0 0.0 
368 0.6003752345215758 0.6003752345215758 0.6003752345215758 0.6003752345215758 0.6003752345215758 0.6003752345215758 0.6003752345215758 0.6003752345215758 0.6003752345215758 0.6003752345215758 0.0 0.0 0.0 0.0 0.0 0.0 0.0 0.0 0.0 0.0 0.0 
369 0.6003752345215758 0.6003752345215758 0.6003752345215758 0.6003752345215758 0.6003752345215758 0.6003752345215758 0.6003752345215758 0.6003752345215758 0.6003752345215758 0.6003752345215758 0.0 0.0 0.0 0.0 0.0 0.0 0.0 0.0 0.0 0.0 0.0 
370 0.6003752345215758 0.6003752345215758 0.6003752345215758 0.6003752345215758 0.6003752345215758 0.6003752345215758 0.6003752345215758 0.6003752345215758 0.6003752345215758 0.6003752345215758 0.0 0.0 0.0 0.0 0.0 0.0 0.0 0.0 0.0 0.0 0.0 
371 0.6003752345215758 0.6003752345215758 0.6003752345215758 0.6003752345215758 0.6003752345215758 0.6003752345215758 0.6003752345215758 0.6003752345215758 0.6003752345215758 0.6003752345215758 0.0 0.0 0.0 0.0 0.0 0.0 0.0 0.0 0.0 0.0 0.0 
372 0.6003752345215758 0.6003752345215758 0.6003752345215758 0.6003752345215758 0.6003752345215758 0.6003752345215758 0.6003752345215758 0.6003752345215758 0.6003752345215758 0.6003752345215758 0.0 0.0 0.0 0.0 0.0 0.0 0.0 0.0 0.0 0.0 0.0 
373 0.6003752345215758 0.6003752345215758 0.6003752345215758 0.6003752345215758 0.6003752345215758 0.6003752345215758 0.6003752345215758 0.6003752345215758 0.6003752345215758 0.6003752345215758 0.0 0.0 0.0 0.0 0.0 0.0 0.0 0.0 0.0 0.0 0.0 
374 0.6003752345215758 0.6003752345215758 0.6003752345215758 0.6003752345215758 0.6003752345215758 0.6003752345215758 0.6003752345215758 0.6003752345215758 0.6003752345215758 0.6003752345215758 0.02222222222222222 0.0 0.0 0.0 0.0 0.0 0.0 0.0 0.0 0.0 0.0 
375 0.6003752345215758 0.6003752345215758 0.6003752345215758 0.6003752345215758 0.6003752345215758 0.6003752345215758 0.6003752345215758 0.6003752345215758 0.6003752345215758 0.6003752345215758 0.02973875802997859 0.0 0.0 0.0 0.0 0.0 0.0 0.0 0.0 0.0 0.0 
376 0.6003752345215758 0.6003752345215758 0.6003752345215758 0.6003752345215758 0.6003752345215758 0.6003752345215758 0.6003752345215758 0.6003752345215758 0.6003752345215758 0.6003752345215758 0.02999239543726236 0.0 0.0 0.0 0.0 0.0 0.0 0.0 0.0 0.0 0.0 
377 0.6003752345215758 0.6003752345215758 0.6003752345215758 0.6003752345215758 0.6003752345215758 0.6003752345215758 0.6003752345215758 0.6003752345215758 0.6003752345215758 0.6003752345215758 0.030018761726078803 0.0 0.0 0.0 0.0 0.0 0.0 0.0 0.0 0.0 0.0 
378 0.6003752345215758 0.6003752345215758 0.6003752345215758 0.6003752345215758 0.6003752345215758 0.6003752345215758 0.6003752345215758 0.6003752345215758 0.6003752345215758 0.6003752345215758 0.05742745737825272 0.0 0.0 0.0 0.0 0.0 0.0 0.0 0.0 0.0 0.0 
379 0.6003752345215758 0.6003752345215758 0.6003752345215758 0.6003752345215758 0.6003752345215758 0.6003752345215758 0.6003752345215758 0.6003752345215758 0.6003752345215758 0.6003752345215758 0.05952819568834296 0.0 0.0 0.0 0.0 0.0 0.0 0.0 0.0 0.0 0.0 
380 0.6003752345215758 0.6003752345215758 0.6003752345215758 0.6003752345215758 0.6003752345215758 0.6003752345215758 0.6003752345215758 0.6003752345215758 0.6003752345215758 0.6003752345215758 0.10812985832135047 0.0 0.0 0.0 0.0 0.0 0.0 0.0 0.0 0.0 0.0 
381 0.6003752345215758 0.6003752345215758 0.6003752345215758 0.6003752345215758 0.6003752345215758 0.6003752345215758 0.6003752345215758 0.6003752345215758 0.6003752345215758 0.6003752345215758 0.18442275595692276 0.0 0.0 0.0 0.0 0.0 0.0 0.0 0.0 0.0 0.0 
382 0.6003752345215758 0.6003752345215758 0.6003752345215758 0.6003752345215758 0.6003752345215758 0.6003752345215758 0.6003752345215758 0.6003752345215758 0.6003752345215758 0.6003752345215758 0.21804852293301816 0.0 0.0 0.0 0.0 0.0 0.0 0.0 0.0 0.0 0.0 
383 0.6003752345215758 0.6003752345215758 0.6003752345215758 0.6003752345215758 0.6003752345215758 0.6003752345215758 0.6003752345215758 0.6003752345215758 0.6003752345215758 0.6003752345215758 0.24012529106040637 0.0 0.0 0.0 0.0 0.0 0.0 0.0 0.0 0.0 0.0 
384 0.6003752345215758 0.6003752345215758 0.6003752345215758 0.6003752345215758 0.6003752345215758 0.6003752345215758 0.6003752345215758 0.6003752345215758 0.6003752345215758 0.6003752345215758 0.29572595820813274 0.0 0.0 0.0 0.0 0.0 0.0 0.0 0.0 0.0 0.0 
385 0.6003752345215758 0.6003752345215758 0.6003752345215758 0.6003752345215758 0.6003752345215758 0.6003752345215758 0.6003752345215758 0.6003752345215758 0.6003752345215758 0.6003752345215758 0.3544652289305674 0.0 0.0 0.0 0.0 0.0 0.0 0.0 0.0 0.0 0.0 
386 0.6003752345215758 0.6003752345215758 0.6003752345215758 0.6003752345215758 0.6003752345215758 0.6003752345215758 0.6003752345215758 0.6003752345215758 0.6003752345215758 0.6003752345215758 0.4169973027359137 0.0 0.0 0.0 0.0 0.0 0.0 0.0 0.0 0.0 0.0 
387 0.6003752345215758 0.6003752345215758 0.6003752345215758 0.6003752345215758 0.6003752345215758 0.6003752345215758 0.6003752345215758 0.6003752345215758 0.6003752345215758 0.6003752345215758 0.44550097903834407 0.0 0.0 0.0 0.0 0.0 0.0 0.0 0.0 0.0 0.0 
388 0.6003752345215758 0.6003752345215758 0.6003752345215758 0.6003752345215758 0.6003752345215758 0.6003752345215758 0.6003752345215758 0.6003752345215758 0.6003752345215758 0.6003752345215758 0.4770062034368099 0.0 0.0 0.0 0.0 0.0 0.0 0.0 0.0 0.0 0.0 
389 0.6003752345215758 0.6003752345215758 0.6003752345215758 0.6003752345215758 0.6003752345215758 0.6003752345215758 0.6003752345215758 0.6003752345215758 0.6003752345215758 0.6003752345215758 0.5374659244637388 0.0 0.0 0.0 0.0 0.0 0.0 0.0 0.0 0.0 0.0 
390 0.6003752345215758 0.6003752345215758 0.6003752345215758 0.6003752345215758 0.6003752345215758 0.6003752345215758 0.6003752345215758 0.6003752345215758 0.6003752345215758 0.6003752345215758 0.5675627176891005 0.0 0.0 0.0 0.0 0.0 0.0 0.0 0.0 0.0 0.0 
391 0.6003752345215758 0.6003752345215758 0.6003752345215758 0.6003752345215758 0.6003752345215758 0.6003752345215758 0.6003752345215758 0.6003752345215758 0.6003752345215758 0.6003752345215758 0.5959644418684136 0.0 0.0 0.0 0.0 0.0 0.0 0.0 0.0 0.0 0.0 
392 0.6003752345215758 0.6003752345215758 0.6003752345215758 0.6003752345215758 0.6003752345215758 0.6003752345215758 0.6003752345215758 0.6003752345215758 0.6003752345215758 0.6003752345215758 0.6002322667356925 0.0 0.0 0.0 0.0 0.0 0.0 0.0 0.0 0.0 0.0 
393 0.6003752345215758 0.6003752345215758 0.6003752345215758 0.6003752345215758 0.6003752345215758 0.6003752345215758 0.6003752345215758 0.6003752345215758 0.6003752345215758 0.6003752345215758 0.6003412056199247 0.0 0.0 0.0 0.0 0.0 0.0 0.0 0.0 0.0 0.0 
394 0.6003752345215758 0.6003752345215758 0.6003752345215758 0.6003752345215758 0.6003752345215758 0.6003752345215758 0.6003752345215758 0.6003752345215758 0.6003752345215758 0.6003752345215758 0.6003752345215758 0.0 0.0 0.0 0.0 0.0 0.0 0.0 0.0 0.0 0.0 
395 0.6003752345215758 0.6003752345215758 0.6003752345215758 0.6003752345215758 0.6003752345215758 0.6003752345215758 0.6003752345215758 0.6003752345215758 0.6003752345215758 0.6003752345215758 0.6003752345215758 0.0 0.0 0.0 0.0 0.0 0.0 0.0 0.0 0.0 0.0 
396 0.6003752345215758 0.6003752345215758 0.6003752345215758 0.6003752345215758 0.6003752345215758 0.6003752345215758 0.6003752345215758 0.6003752345215758 0.6003752345215758 0.6003752345215758 0.6003752345215758 0.0 0.0 0.0 0.0 0.0 0.0 0.0 0.0 0.0 0.0 
397 0.6003752345215758 0.6003752345215758 0.6003752345215758 0.6003752345215758 0.6003752345215758 0.6003752345215758 0.6003752345215758 0.6003752345215758 0.6003752345215758 0.6003752345215758 0.6003752345215758 0.0 0.0 0.0 0.0 0.0 0.0 0.0 0.0 0.0 0.0 
398 0.6003752345215758 0.6003752345215758 0.6003752345215758 0.6003752345215758 0.6003752345215758 0.6003752345215758 0.6003752345215758 0.6003752345215758 0.6003752345215758 0.6003752345215758 0.6003752345215758 0.0 0.0 0.0 0.0 0.0 0.0 0.0 0.0 0.0 0.0 
399 0.6003752345215758 0.6003752345215758 0.6003752345215758 0.6003752345215758 0.6003752345215758 0.6003752345215758 0.6003752345215758 0.6003752345215758 0.6003752345215758 0.6003752345215758 0.6003752345215758 0.0 0.0 0.0 0.0 0.0 0.0 0.0 0.0 0.0 0.0 
400 0.6003752345215758 0.6003752345215758 0.6003752345215758 0.6003752345215758 0.6003752345215758 0.6003752345215758 0.6003752345215758 0.6003752345215758 0.6003752345215758 0.6003752345215758 0.6003752345215758 0.0 0.0 0.0 0.0 0.0 0.0 0.0 0.0 0.0 0.0 
401 0.6003752345215758 0.6003752345215758 0.6003752345215758 0.6003752345215758 0.6003752345215758 0.6003752345215758 0.6003752345215758 0.6003752345215758 0.6003752345215758 0.6003752345215758 0.6003752345215758 0.0 0.0 0.0 0.0 0.0 0.0 0.0 0.0 0.0 0.0 
402 0.6003752345215758 0.6003752345215758 0.6003752345215758 0.6003752345215758 0.6003752345215758 0.6003752345215758 0.6003752345215758 0.6003752345215758 0.6003752345215758 0.6003752345215758 0.6003752345215758 0.0 0.0 0.0 0.0 0.0 0.0 0.0 0.0 0.0 0.0 
403 0.6003752345215758 0.6003752345215758 0.6003752345215758 0.6003752345215758 0.6003752345215758 0.6003752345215758 0.6003752345215758 0.6003752345215758 0.6003752345215758 0.6003752345215758 0.6003752345215758 0.0 0.0 0.0 0.0 0.0 0.0 0.0 0.0 0.0 0.0 
404 0.6003752345215758 0.6003752345215758 0.6003752345215758 0.6003752345215758 0.6003752345215758 0.6003752345215758 0.6003752345215758 0.6003752345215758 0.6003752345215758 0.6003752345215758 0.6003752345215758 0.0 0.0 0.0 0.0 0.0 0.0 0.0 0.0 0.0 0.0 
405 0.6003752345215758 0.6003752345215758 0.6003752345215758 0.6003752345215758 0.6003752345215758 0.6003752345215758 0.6003752345215758 0.6003752345215758 0.6003752345215758 0.6003752345215758 0.6003752345215758 0.0 0.0 0.0 0.0 0.0 0.0 0.0 0.0 0.0 0.0 
406 0.6003752345215758 0.6003752345215758 0.6003752345215758 0.6003752345215758 0.6003752345215758 0.6003752345215758 0.6003752345215758 0.6003752345215758 0.6003752345215758 0.6003752345215758 0.6003752345215758 0.0 0.0 0.0 0.0 0.0 0.0 0.0 0.0 0.0 0.0 
407 0.6003752345215758 0.6003752345215758 0.6003752345215758 0.6003752345215758 0.6003752345215758 0.6003752345215758 0.6003752345215758 0.6003752345215758 0.6003752345215758 0.6003752345215758 0.6003752345215758 0.0 0.0 0.0 0.0 0.0 0.0 0.0 0.0 0.0 0.0 
408 0.6003752345215758 0.6003752345215758 0.6003752345215758 0.6003752345215758 0.6003752345215758 0.6003752345215758 0.6003752345215758 0.6003752345215758 0.6003752345215758 0.6003752345215758 0.6003752345215758 0.0 0.0 0.0 0.0 0.0 0.0 0.0 0.0 0.0 0.0 
409 0.6003752345215758 0.6003752345215758 0.6003752345215758 0.6003752345215758 0.6003752345215758 0.6003752345215758 0.6003752345215758 0.6003752345215758 0.6003752345215758 0.6003752345215758 0.6003752345215758 0.0 0.0 0.0 0.0 0.0 0.0 0.0 0.0 0.0 0.0 
410 0.6003752345215758 0.6003752345215758 0.6003752345215758 0.6003752345215758 0.6003752345215758 0.6003752345215758 0.6003752345215758 0.6003752345215758 0.6003752345215758 0.6003752345215758 0.6003752345215758 0.0 0.0 0.0 0.0 0.0 0.0 0.0 0.0 0.0 0.0 
411 0.6003752345215758 0.6003752345215758 0.6003752345215758 0.6003752345215758 0.6003752345215758 0.6003752345215758 0.6003752345215758 0.6003752345215758 0.6003752345215758 0.6003752345215758 0.6003752345215758 0.0 0.0 0.0 0.0 0.0 0.0 0.0 0.0 0.0 0.0 
412 0.6003752345215758 0.6003752345215758 0.6003752345215758 0.6003752345215758 0.6003752345215758 0.6003752345215758 0.6003752345215758 0.6003752345215758 0.6003752345215758 0.6003752345215758 0.6003752345215758 0.0 0.0 0.0 0.0 0.0 0.0 0.0 0.0 0.0 0.0 
413 0.6003752345215758 0.6003752345215758 0.6003752345215758 0.6003752345215758 0.6003752345215758 0.6003752345215758 0.6003752345215758 0.6003752345215758 0.6003752345215758 0.6003752345215758 0.6003752345215758 0.029340050377833753 0.0 0.0 0.0 0.0 0.0 0.0 0.0 0.0 0.0 
414 0.6003752345215758 0.6003752345215758 0.6003752345215758 0.6003752345215758 0.6003752345215758 0.6003752345215758 0.6003752345215758 0.6003752345215758 0.6003752345215758 0.6003752345215758 0.6003752345215758 0.030018761726078803 0.0 0.0 0.0 0.0 0.0 0.0 0.0 0.0 0.0 
415 0.6003752345215758 0.6003752345215758 0.6003752345215758 0.6003752345215758 0.6003752345215758 0.6003752345215758 0.6003752345215758 0.6003752345215758 0.6003752345215758 0.6003752345215758 0.6003752345215758 0.030018761726078803 0.0 0.0 0.0 0.0 0.0 0.0 0.0 0.0 0.0 
416 0.6003752345215758 0.6003752345215758 0.6003752345215758 0.6003752345215758 0.6003752345215758 0.6003752345215758 0.6003752345215758 0.6003752345215758 0.6003752345215758 0.6003752345215758 0.6003752345215758 0.059085428392745463 0.0 0.0 0.0 0.0 0.0 0.0 0.0 0.0 0.0 
417 0.6003752345215758 0.6003752345215758 0.6003752345215758 0.6003752345215758 0.6003752345215758 0.6003752345215758 0.6003752345215758 0.6003752345215758 0.6003752345215758 0.6003752345215758 0.6003752345215758 0.11170765500593023 0.0 0.0 0.0 0.0 0.0 0.0 0.0 0.0 0.0 
418 0.6003752345215758 0.6003752345215758 0.6003752345215758 0.6003752345215758 0.6003752345215758 0.6003752345215758 0.6003752345215758 0.6003752345215758 0.6003752345215758 0.6003752345215758 0.6003752345215758 0.17626407784436354 0.0 0.0 0.0 0.0 0.0 0.0 0.0 0.0 0.0 
419 0.6003752345215758 0.6003752345215758 0.6003752345215758 0.6003752345215758 0.6003752345215758 0.6003752345215758 0.6003752345215758 0.6003752345215758 0.6003752345215758 0.6003752345215758 0.6003752345215758 0.17966624311563453 0.0 0.0 0.0 0.0 0.0 0.0 0.0 0.0 0.0 
420 0.6003752345215758 0.6003752345215758 0.6003752345215758 0.6003752345215758 0.6003752345215758 0.6003752345215758 0.6003752345215758 0.6003752345215758 0.6003752345215758 0.6003752345215758 0.6003752345215758 0.23730796869712473 0.0 0.0 0.0 0.0 0.0 0.0 0.0 0.0 0.0 
421 0.6003752345215758 0.6003752345215758 0.6003752345215758 0.6003752345215758 0.6003752345215758 0.6003752345215758 0.6003752345215758 0.6003752345215758 0.6003752345215758 0.6003752345215758 0.6003752345215758 0.2671105540752483 0.0 0.0 0.0 0.0 0.0 0.0 0.0 0.0 0.0 
422 0.6003752345215758 0.6003752345215758 0.6003752345215758 0.6003752345215758 0.6003752345215758 0.6003752345215758 0.6003752345215758 0.6003752345215758 0.6003752345215758 0.6003752345215758 0.6003752345215758 0.2699812664870431 0.0 0.0 0.0 0.0 0.0 0.0 0.0 0.0 0.0 
423 0.6003752345215758 0.6003752345215758 0.6003752345215758 0.6003752345215758 0.6003752345215758 0.6003752345215758 0.6003752345215758 0.6003752345215758 0.6003752345215758 0.6003752345215758 0.6003752345215758 0.3250823688534148 0.0 0.0 0.0 0.0 0.0 0.0 0.0 0.0 0.0 
424 0.6003752345215758 0.6003752345215758 0.6003752345215758 0.6003752345215758 0.6003752345215758 0.6003752345215758 0.6003752345215758 0.6003752345215758 0.6003752345215758 0.6003752345215758 0.6003752345215758 0.3502089494100972 0.0 0.0 0.0 0.0 0.0 0.0 0.0 0.0 0.0 
425 0.6003752345215758 0.6003752345215758 0.6003752345215758 0.6003752345215758 0.6003752345215758 0.6003752345215758 0.6003752345215758 0.6003752345215758 0.6003752345215758 0.6003752345215758 0.6003752345215758 0.44510261959411307 0.0 0.0 0.0 0.0 0.0 0.0 0.0 0.0 0.0 
426 0.6003752345215758 0.6003752345215758 0.6003752345215758 0.6003752345215758 0.6003752345215758 0.6003752345215758 0.6003752345215758 0.6003752345215758 0.6003752345215758 0.6003752345215758 0.6003752345215758 0.4788683263347675 0.0 0.0 0.0 0.0 0.0 0.0 0.0 0.0 0.0 
427 0.6003752345215758 0.6003752345215758 0.6003752345215758 0.6003752345215758 0.6003752345215758 0.6003752345215758 0.6003752345215758 0.6003752345215758 0.6003752345215758 0.6003752345215758 0.6003752345215758 0.5342085273625392 0.0 0.0 0.0 0.0 0.0 0.0 0.0 0.0 0.0 
428 0.6003752345215758 0.6003752345215758 0.6003752345215758 0.6003752345215758 0.6003752345215758 0.6003752345215758 0.6003752345215758 0.6003752345215758 0.6003752345215758 0.6003752345215758 0.6003752345215758 0.5436092408637014 0.0 0.0 0.0 0.0 0.0 0.0 0.0 0.0 0.0 
429 0.6003752345215758 0.6003752345215758 0.6003752345215758 0.6003752345215758 0.6003752345215758 0.6003752345215758 0.6003752345215758 0.6003752345215758 0.6003752345215758 0.6003752345215758 0.6003752345215758 0.5739435280314391 0.0 0.0 0.0 0.0 0.0 0.0 0.0 0.0 0.0 
430 0.6003752345215758 0.6003752345215758 0.6003752345215758 0.6003752345215758 0.6003752345215758 0.6003752345215758 0.6003752345215758 0.6003752345215758 0.6003752345215758 0.6003752345215758 0.6003752345215758 0.5998493012067284 0.0 0.0 0.0 0.0 0.0 0.0 0.0 0.0 0.0 
431 0.6003752345215758 0.6003752345215758 0.6003752345215758 0.6003752345215758 0.6003752345215758 0.6003752345215758 0.6003752345215758 0.6003752345215758 0.6003752345215758 0.6003752345215758 0.6003752345215758 0.600301998087326 0.0 0.0 0.0 0.0 0.0 0.0 0.0 0.0 0.0 
432 0.6003752345215758 0.6003752345215758 0.6003752345215758 0.6003752345215758 0.6003752345215758 0.6003752345215758 0.6003752345215758 0.6003752345215758 0.6003752345215758 0.6003752345215758 0.6003752345215758 0.6003715103894821 0.0 0.0 0.0 0.0 0.0 0.0 0.0 0.0 0.0 
433 0.6003752345215758 0.6003752345215758 0.6003752345215758 0.6003752345215758 0.6003752345215758 0.6003752345215758 0.6003752345215758 0.6003752345215758 0.6003752345215758 0.6003752345215758 0.6003752345215758 0.6003752345215758 0.0 0.0 0.0 0.0 0.0 0.0 0.0 0.0 0.0 
434 0.6003752345215758 0.6003752345215758 0.6003752345215758 0.6003752345215758 0.6003752345215758 0.6003752345215758 0.6003752345215758 0.6003752345215758 0.6003752345215758 0.6003752345215758 0.6003752345215758 0.6003752345215758 0.0 0.0 0.0 0.0 0.0 0.0 0.0 0.0 0.0 
435 0.6003752345215758 0.6003752345215758 0.6003752345215758 0.6003752345215758 0.6003752345215758 0.6003752345215758 0.6003752345215758 0.6003752345215758 0.6003752345215758 0.6003752345215758 0.6003752345215758 0.6003752345215758 0.0 0.0 0.0 0.0 0.0 0.0 0.0 0.0 0.0 
436 0.6003752345215758 0.6003752345215758 0.6003752345215758 0.6003752345215758 0.6003752345215758 0.6003752345215758 0.6003752345215758 0.6003752345215758 0.6003752345215758 0.6003752345215758 0.6003752345215758 0.6003752345215758 0.0 0.0 0.0 0.0 0.0 0.0 0.0 0.0 0.0 
437 0.6003752345215758 0.6003752345215758 0.6003752345215758 0.6003752345215758 0.6003752345215758 0.6003752345215758 0.6003752345215758 0.6003752345215758 0.6003752345215758 0.6003752345215758 0.6003752345215758 0.6003752345215758 0.0 0.0 0.0 0.0 0.0 0.0 0.0 0.0 0.0 
438 0.6003752345215758 0.6003752345215758 0.6003752345215758 0.6003752345215758 0.6003752345215758 0.6003752345215758 0.6003752345215758 0.6003752345215758 0.6003752345215758 0.6003752345215758 0.6003752345215758 0.6003752345215758 0.0 0.0 0.0 0.0 0.0 0.0 0.0 0.0 0.0 
439 0.6003752345215758 0.6003752345215758 0.6003752345215758 0.6003752345215758 0.6003752345215758 0.6003752345215758 0.6003752345215758 0.6003752345215758 0.6003752345215758 0.6003752345215758 0.6003752345215758 0.6003752345215758 0.0 0.0 0.0 0.0 0.0 0.0 0.0 0.0 0.0 
440 0.6003752345215758 0.6003752345215758 0.6003752345215758 0.6003752345215758 0.6003752345215758 0.6003752345215758 0.6003752345215758 0.6003752345215758 0.6003752345215758 0.6003752345215758 0.6003752345215758 0.6003752345215758 0.0 0.0 0.0 0.0 0.0 0.0 0.0 0.0 0.0 
441 0.6003752345215758 0.6003752345215758 0.6003752345215758 0.6003752345215758 0.6003752345215758 0.6003752345215758 0.6003752345215758 0.6003752345215758 0.6003752345215758 0.6003752345215758 0.6003752345215758 0.6003752345215758 0.0 0.0 0.0 0.0 0.0 0.0 0.0 0.0 0.0 
442 0.6003752345215758 0.6003752345215758 0.6003752345215758 0.6003752345215758 0.6003752345215758 0.6003752345215758 0.6003752345215758 0.6003752345215758 0.6003752345215758 0.6003752345215758 0.6003752345215758 0.6003752345215758 0.0 0.0 0.0 0.0 0.0 0.0 0.0 0.0 0.0 
443 0.6003752345215758 0.6003752345215758 0.6003752345215758 0.6003752345215758 0.6003752345215758 0.6003752345215758 0.6003752345215758 0.6003752345215758 0.6003752345215758 0.6003752345215758 0.6003752345215758 0.6003752345215758 0.0 0.0 0.0 0.0 0.0 0.0 0.0 0.0 0.0 
444 0.6003752345215758 0.6003752345215758 0.6003752345215758 0.6003752345215758 0.6003752345215758 0.6003752345215758 0.6003752345215758 0.6003752345215758 0.6003752345215758 0.6003752345215758 0.6003752345215758 0.6003752345215758 0.0 0.0 0.0 0.0 0.0 0.0 0.0 0.0 0.0 
445 0.6003752345215758 0.6003752345215758 0.6003752345215758 0.6003752345215758 0.6003752345215758 0.6003752345215758 0.6003752345215758 0.6003752345215758 0.6003752345215758 0.6003752345215758 0.6003752345215758 0.6003752345215758 0.0 0.0 0.0 0.0 0.0 0.0 0.0 0.0 0.0 
446 0.6003752345215758 0.6003752345215758 0.6003752345215758 0.6003752345215758 0.6003752345215758 0.6003752345215758 0.6003752345215758 0.6003752345215758 0.6003752345215758 0.6003752345215758 0.6003752345215758 0.6003752345215758 0.0 0.0 0.0 0.0 0.0 0.0 0.0 0.0 0.0 
447 0.6003752345215758 0.6003752345215758 0.6003752345215758 0.6003752345215758 0.6003752345215758 0.6003752345215758 0.6003752345215758 0.6003752345215758 0.6003752345215758 0.6003752345215758 0.6003752345215758 0.6003752345215758 0.0 0.0 0.0 0.0 0.0 0.0 0.0 0.0 0.0 
448 0.6003752345215758 0.6003752345215758 0.6003752345215758 0.6003752345215758 0.6003752345215758 0.6003752345215758 0.6003752345215758 0.6003752345215758 0.6003752345215758 0.6003752345215758 0.6003752345215758 0.6003752345215758 0.0 0.0 0.0 0.0 0.0 0.0 0.0 0.0 0.0 
449 0.6003752345215758 0.6003752345215758 0.6003752345215758 0.6003752345215758 0.6003752345215758 0.6003752345215758 0.6003752345215758 0.6003752345215758 0.6003752345215758 0.6003752345215758 0.6003752345215758 0.6003752345215758 0.0 0.0 0.0 0.0 0.0 0.0 0.0 0.0 0.0 
450 0.6003752345215758 0.6003752345215758 0.6003752345215758 0.6003752345215758 0.6003752345215758 0.6003752345215758 0.6003752345215758 0.6003752345215758 0.6003752345215758 0.6003752345215758 0.6003752345215758 0.6003752345215758 0.02900849858356941 0.0 0.0 0.0 0.0 0.0 0.0 0.0 0.0 
451 0.6003752345215758 0.6003752345215758 0.6003752345215758 0.6003752345215758 0.6003752345215758 0.6003752345215758 0.6003752345215758 0.6003752345215758 0.6003752345215758 0.6003752345215758 0.6003752345215758 0.6003752345215758 0.029879518072289158 0.0 0.0 0.0 0.0 0.0 0.0 0.0 0.0 
452 0.6003752345215758 0.6003752345215758 0.6003752345215758 0.6003752345215758 0.6003752345215758 0.6003752345215758 0.6003752345215758 0.6003752345215758 0.6003752345215758 0.6003752345215758 0.6003752345215758 0.6003752345215758 0.03000754716981132 0.0 0.0 0.0 0.0 0.0 0.0 0.0 0.0 
453 0.6003752345215758 0.6003752345215758 0.6003752345215758 0.6003752345215758 0.6003752345215758 0.6003752345215758 0.6003752345215758 0.6003752345215758 0.6003752345215758 0.6003752345215758 0.6003752345215758 0.6003752345215758 0.030018761726078803 0.0 0.0 0.0 0.0 0.0 0.0 0.0 0.0 
454 0.6003752345215758 0.6003752345215758 0.6003752345215758 0.6003752345215758 0.6003752345215758 0.6003752345215758 0.6003752345215758 0.6003752345215758 0.6003752345215758 0.6003752345215758 0.6003752345215758 0.6003752345215758 0.084425272756278 0.0 0.0 0.0 0.0 0.0 0.0 0.0 0.0 
455 0.6003752345215758 0.6003752345215758 0.6003752345215758 0.6003752345215758 0.6003752345215758 0.6003752345215758 0.6003752345215758 0.6003752345215758 0.6003752345215758 0.6003752345215758 0.6003752345215758 0.6003752345215758 0.11568007978818003 0.0 0.0 0.0 0.0 0.0 0.0 0.0 0.0 
456 0.6003752345215758 0.6003752345215758 0.6003752345215758 0.6003752345215758 0.6003752345215758 0.6003752345215758 0.6003752345215758 0.6003752345215758 0.6003752345215758 0.6003752345215758 0.6003752345215758 0.6003752345215758 0.13297665646292092 0.0 0.0 0.0 0.0 0.0 0.0 0.0 0.0 
457 0.6003752345215758 0.6003752345215758 0.6003752345215758 0.6003752345215758 0.6003752345215758 0.6003752345215758 0.6003752345215758 0.6003752345215758 0.6003752345215758 0.6003752345215758 0.6003752345215758 0.6003752345215758 0.14987824771475472 0.0 0.0 0.0 0.0 0.0 0.0 0.0 0.0 
458 0.6003752345215758 0.6003752345215758 0.6003752345215758 0.6003752345215758 0.6003752345215758 0.6003752345215758 0.6003752345215758 0.6003752345215758 0.6003752345215758 0.6003752345215758 0.6003752345215758 0.6003752345215758 0.15275301300601013 0.0 0.0 0.0 0.0 0.0 0.0 0.0 0.0 
459 0.6003752345215758 0.6003752345215758 0.6003752345215758 0.6003752345215758 0.6003752345215758 0.6003752345215758 0.6003752345215758 0.6003752345215758 0.6003752345215758 0.6003752345215758 0.6003752345215758 0.6003752345215758 0.2350982665214901 0.0 0.0 0.0 0.0 0.0 0.0 0.0 0.0 
460 0.6003752345215758 0.6003752345215758 0.6003752345215758 0.6003752345215758 0.6003752345215758 0.6003752345215758 0.6003752345215758 0.6003752345215758 0.6003752345215758 0.6003752345215758 0.6003752345215758 0.6003752345215758 0.2946622741566706 0.0 0.0 0.0 0.0 0.0 0.0 0.0 0.0 
461 0.6003752345215758 0.6003752345215758 0.6003752345215758 0.6003752345215758 0.6003752345215758 0.6003752345215758 0.6003752345215758 0.6003752345215758 0.6003752345215758 0.6003752345215758 0.6003752345215758 0.6003752345215758 0.35453208392375524 0.0 0.0 0.0 0.0 0.0 0.0 0.0 0.0 
462 0.6003752345215758 0.6003752345215758 0.6003752345215758 0.6003752345215758 0.6003752345215758 0.6003752345215758 0.6003752345215758 0.6003752345215758 0.6003752345215758 0.6003752345215758 0.6003752345215758 0.6003752345215758 0.35995472734368755 0.0 0.0 0.0 0.0 0.0 0.0 0.0 0.0 
463 0.6003752345215758 0.6003752345215758 0.6003752345215758 0.6003752345215758 0.6003752345215758 0.6003752345215758 0.6003752345215758 0.6003752345215758 0.6003752345215758 0.6003752345215758 0.6003752345215758 0.6003752345215758 0.3831815897699659 0.0 0.0 0.0 0.0 0.0 0.0 0.0 0.0 
464 0.6003752345215758 0.6003752345215758 0.6003752345215758 0.6003752345215758 0.6003752345215758 0.6003752345215758 0.6003752345215758 0.6003752345215758 0.6003752345215758 0.6003752345215758 0.6003752345215758 0.6003752345215758 0.4504102393358007 0.0 0.0 0.0 0.0 0.0 0.0 0.0 0.0 
465 0.6003752345215758 0.6003752345215758 0.6003752345215758 0.6003752345215758 0.6003752345215758 0.6003752345215758 0.6003752345215758 0.6003752345215758 0.6003752345215758 0.6003752345215758 0.6003752345215758 0.6003752345215758 0.5154286193391597 0.0 0.0 0.0 0.0 0.0 0.0 0.0 0.0 
466 0.6003752345215758 0.6003752345215758 0.6003752345215758 0.6003752345215758 0.6003752345215758 0.6003752345215758 0.6003752345215758 0.6003752345215758 0.6003752345215758 0.6003752345215758 0.6003752345215758 0.6003752345215758 0.5400226782239477 0.0 0.0 0.0 0.0 0.0 0.0 0.0 0.0 
467 0.6003752345215758 0.6003752345215758 0.6003752345215758 0.6003752345215758 0.6003752345215758 0.6003752345215758 0.6003752345215758 0.6003752345215758 0.6003752345215758 0.6003752345215758 0.6003752345215758 0.6003752345215758 0.5691176444609038 0.0 0.0 0.0 0.0 0.0 0.0 0.0 0.0 
468 0.6003752345215758 0.6003752345215758 0.6003752345215758 0.6003752345215758 0.6003752345215758 0.6003752345215758 0.6003752345215758 0.6003752345215758 0.6003752345215758 0.6003752345215758 0.6003752345215758 0.6003752345215758 0.5702671228341243 0.0 0.0 0.0 0.0 0.0 0.0 0.0 0.0 
469 0.6003752345215758 0.6003752345215758 0.6003752345215758 0.6003752345215758 0.6003752345215758 0.6003752345215758 0.6003752345215758 0.6003752345215758 0.6003752345215758 0.6003752345215758 0.6003752345215758 0.6003752345215758 0.5703490105044466 0.0 0.0 0.0 0.0 0.0 0.0 0.0 0.0 
470 0.6003752345215758 0.6003752345215758 0.6003752345215758 0.6003752345215758 0.6003752345215758 0.6003752345215758 0.6003752345215758 0.6003752345215758 0.6003752345215758 0.6003752345215758 0.6003752345215758 0.6003752345215758 0.5996957441727883 0.0 0.0 0.0 0.0 0.0 0.0 0.0 0.0 
471 0.6003752345215758 0.6003752345215758 0.6003752345215758 0.6003752345215758 0.6003752345215758 0.6003752345215758 0.6003752345215758 0.6003752345215758 0.6003752345215758 0.6003752345215758 0.6003752345215758 0.6003752345215758 0.6003178627568871 0.0 0.0 0.0 0.0 0.0 0.0 0.0 0.0 
472 0.6003752345215758 0.6003752345215758 0.6003752345215758 0.6003752345215758 0.6003752345215758 0.6003752345215758 0.6003752345215758 0.6003752345215758 0.6003752345215758 0.6003752345215758 0.6003752345215758 0.6003752345215758 0.6003752345215758 0.0 0.0 0.0 0.0 0.0 0.0 0.0 0.0 
473 0.6003752345215758 0.6003752345215758 0.6003752345215758 0.6003752345215758 0.6003752345215758 0.6003752345215758 0.6003752345215758 0.6003752345215758 0.6003752345215758 0.6003752345215758 0.6003752345215758 0.6003752345215758 0.6003752345215758 0.0 0.0 0.0 0.0 0.0 0.0 0.0 0.0 
474 0.6003752345215758 0.6003752345215758 0.6003752345215758 0.6003752345215758 0.6003752345215758 0.6003752345215758 0.6003752345215758 0.6003752345215758 0.6003752345215758 0.6003752345215758 0.6003752345215758 0.6003752345215758 0.6003752345215758 0.0 0.0 0.0 0.0 0.0 0.0 0.0 0.0 
475 0.6003752345215758 0.6003752345215758 0.6003752345215758 0.6003752345215758 0.6003752345215758 0.6003752345215758 0.6003752345215758 0.6003752345215758 0.6003752345215758 0.6003752345215758 0.6003752345215758 0.6003752345215758 0.6003752345215758 0.0 0.0 0.0 0.0 0.0 0.0 0.0 0.0 
476 0.6003752345215758 0.6003752345215758 0.6003752345215758 0.6003752345215758 0.6003752345215758 0.6003752345215758 0.6003752345215758 0.6003752345215758 0.6003752345215758 0.6003752345215758 0.6003752345215758 0.6003752345215758 0.6003752345215758 0.0 0.0 0.0 0.0 0.0 0.0 0.0 0.0 
477 0.6003752345215758 0.6003752345215758 0.6003752345215758 0.6003752345215758 0.6003752345215758 0.6003752345215758 0.6003752345215758 0.6003752345215758 0.6003752345215758 0.6003752345215758 0.6003752345215758 0.6003752345215758 0.6003752345215758 0.0 0.0 0.0 0.0 0.0 0.0 0.0 0.0 
478 0.6003752345215758 0.6003752345215758 0.6003752345215758 0.6003752345215758 0.6003752345215758 0.6003752345215758 0.6003752345215758 0.6003752345215758 0.6003752345215758 0.6003752345215758 0.6003752345215758 0.6003752345215758 0.6003752345215758 0.0 0.0 0.0 0.0 0.0 0.0 0.0 0.0 
479 0.6003752345215758 0.6003752345215758 0.6003752345215758 0.6003752345215758 0.6003752345215758 0.6003752345215758 0.6003752345215758 0.6003752345215758 0.6003752345215758 0.6003752345215758 0.6003752345215758 0.6003752345215758 0.6003752345215758 0.0 0.0 0.0 0.0 0.0 0.0 0.0 0.0 
480 0.6003752345215758 0.6003752345215758 0.6003752345215758 0.6003752345215758 0.6003752345215758 0.6003752345215758 0.6003752345215758 0.6003752345215758 0.6003752345215758 0.6003752345215758 0.6003752345215758 0.6003752345215758 0.6003752345215758 0.0 0.0 0.0 0.0 0.0 0.0 0.0 0.0 
481 0.6003752345215758 0.6003752345215758 0.6003752345215758 0.6003752345215758 0.6003752345215758 0.6003752345215758 0.6003752345215758 0.6003752345215758 0.6003752345215758 0.6003752345215758 0.6003752345215758 0.6003752345215758 0.6003752345215758 0.0 0.0 0.0 0.0 0.0 0.0 0.0 0.0 
482 0.6003752345215758 0.6003752345215758 0.6003752345215758 0.6003752345215758 0.6003752345215758 0.6003752345215758 0.6003752345215758 0.6003752345215758 0.6003752345215758 0.6003752345215758 0.6003752345215758 0.6003752345215758 0.6003752345215758 0.0 0.0 0.0 0.0 0.0 0.0 0.0 0.0 
483 0.6003752345215758 0.6003752345215758 0.6003752345215758 0.6003752345215758 0.6003752345215758 0.6003752345215758 0.6003752345215758 0.6003752345215758 0.6003752345215758 0.6003752345215758 0.6003752345215758 0.6003752345215758 0.6003752345215758 0.0 0.0 0.0 0.0 0.0 0.0 0.0 0.0 
484 0.6003752345215758 0.6003752345215758 0.6003752345215758 0.6003752345215758 0.6003752345215758 0.6003752345215758 0.6003752345215758 0.6003752345215758 0.6003752345215758 0.6003752345215758 0.6003752345215758 0.6003752345215758 0.6003752345215758 0.0 0.0 0.0 0.0 0.0 0.0 0.0 0.0 
485 0.6003752345215758 0.6003752345215758 0.6003752345215758 0.6003752345215758 0.6003752345215758 0.6003752345215758 0.6003752345215758 0.6003752345215758 0.6003752345215758 0.6003752345215758 0.6003752345215758 0.6003752345215758 0.6003752345215758 0.0 0.0 0.0 0.0 0.0 0.0 0.0 0.0 
486 0.6003752345215758 0.6003752345215758 0.6003752345215758 0.6003752345215758 0.6003752345215758 0.6003752345215758 0.6003752345215758 0.6003752345215758 0.6003752345215758 0.6003752345215758 0.6003752345215758 0.6003752345215758 0.6003752345215758 0.0 0.0 0.0 0.0 0.0 0.0 0.0 0.0 
487 0.6003752345215758 0.6003752345215758 0.6003752345215758 0.6003752345215758 0.6003752345215758 0.6003752345215758 0.6003752345215758 0.6003752345215758 0.6003752345215758 0.6003752345215758 0.6003752345215758 0.6003752345215758 0.6003752345215758 0.0 0.0 0.0 0.0 0.0 0.0 0.0 0.0 
488 0.6003752345215758 0.6003752345215758 0.6003752345215758 0.6003752345215758 0.6003752345215758 0.6003752345215758 0.6003752345215758 0.6003752345215758 0.6003752345215758 0.6003752345215758 0.6003752345215758 0.6003752345215758 0.6003752345215758 0.0 0.0 0.0 0.0 0.0 0.0 0.0 0.0 
489 0.6003752345215758 0.6003752345215758 0.6003752345215758 0.6003752345215758 0.6003752345215758 0.6003752345215758 0.6003752345215758 0.6003752345215758 0.6003752345215758 0.6003752345215758 0.6003752345215758 0.6003752345215758 0.6003752345215758 0.029264248704663216 0.0 0.0 0.0 0.0 0.0 0.0 0.0 
490 0.6003752345215758 0.6003752345215758 0.6003752345215758 0.6003752345215758 0.6003752345215758 0.6003752345215758 0.6003752345215758 0.6003752345215758 0.6003752345215758 0.6003752345215758 0.6003752345215758 0.6003752345215758 0.6003752345215758 0.029961389961389962 0.0 0.0 0.0 0.0 0.0 0.0 0.0 
491 0.6003752345215758 0.6003752345215758 0.6003752345215758 0.6003752345215758 0.6003752345215758 0.6003752345215758 0.6003752345215758 0.6003752345215758 0.6003752345215758 0.6003752345215758 0.6003752345215758 0.6003752345215758 0.6003752345215758 0.030018761726078803 0.0 0.0 0.0 0.0 0.0 0.0 0.0 
492 0.6003752345215758 0.6003752345215758 0.6003752345215758 0.6003752345215758 0.6003752345215758 0.6003752345215758 0.6003752345215758 0.6003752345215758 0.6003752345215758 0.6003752345215758 0.6003752345215758 0.6003752345215758 0.6003752345215758 0.08421939028294621 0.0 0.0 0.0 0.0 0.0 0.0 0.0 
493 0.6003752345215758 0.6003752345215758 0.6003752345215758 0.6003752345215758 0.6003752345215758 0.6003752345215758 0.6003752345215758 0.6003752345215758 0.6003752345215758 0.6003752345215758 0.6003752345215758 0.6003752345215758 0.6003752345215758 0.1178369418733947 0.0 0.0 0.0 0.0 0.0 0.0 0.0 
494 0.6003752345215758 0.6003752345215758 0.6003752345215758 0.6003752345215758 0.6003752345215758 0.6003752345215758 0.6003752345215758 0.6003752345215758 0.6003752345215758 0.6003752345215758 0.6003752345215758 0.6003752345215758 0.6003752345215758 0.14966080339247406 0.0 0.0 0.0 0.0 0.0 0.0 0.0 
495 0.6003752345215758 0.6003752345215758 0.6003752345215758 0.6003752345215758 0.6003752345215758 0.6003752345215758 0.6003752345215758 0.6003752345215758 0.6003752345215758 0.6003752345215758 0.6003752345215758 0.6003752345215758 0.6003752345215758 0.17920956525944037 0.0 0.0 0.0 0.0 0.0 0.0 0.0 
496 0.6003752345215758 0.6003752345215758 0.6003752345215758 0.6003752345215758 0.6003752345215758 0.6003752345215758 0.6003752345215758 0.6003752345215758 0.6003752345215758 0.6003752345215758 0.6003752345215758 0.6003752345215758 0.6003752345215758 0.20923481255520296 0.0 0.0 0.0 0.0 0.0 0.0 0.0 
497 0.6003752345215758 0.6003752345215758 0.6003752345215758 0.6003752345215758 0.6003752345215758 0.6003752345215758 0.6003752345215758 0.6003752345215758 0.6003752345215758 0.6003752345215758 0.6003752345215758 0.6003752345215758 0.6003752345215758 0.2704870382700249 0.0 0.0 0.0 0.0 0.0 0.0 0.0 
498 0.6003752345215758 0.6003752345215758 0.6003752345215758 0.6003752345215758 0.6003752345215758 0.6003752345215758 0.6003752345215758 0.6003752345215758 0.6003752345215758 0.6003752345215758 0.6003752345215758 0.6003752345215758 0.6003752345215758 0.32525275645115836 0.0 0.0 0.0 0.0 0.0 0.0 0.0 
499 0.6003752345215758 0.6003752345215758 0.6003752345215758 0.6003752345215758 0.6003752345215758 0.6003752345215758 0.6003752345215758 0.6003752345215758 0.6003752345215758 0.6003752345215758 0.6003752345215758 0.6003752345215758 0.6003752345215758 0.3295227084046977 0.0 0.0 0.0 0.0 0.0 0.0 0.0 
