0 100.75 293.3 275.85 265.3 266.85 268.15 266.05 266.65 260.75 256.0 257.05 261.55 256.1 257.0 258.35 261.35 252.65 257.95 256.65 262.45 261.05 
1 0.05 570.25 547.75 540.25 531.65 539.2 530.2 530.35 522.75 521.85 525.15 525.65 522.6 521.9 521.85 516.85 522.85 517.7 522.0 514.8 508.45 
2 0.0 564.0 545.4 544.3 535.2 530.85 538.85 531.8 524.2 520.85 521.3 522.75 524.35 518.5 525.05 520.7 519.55 516.4 519.6 506.75 513.55 
3 0.0 547.1 551.4 534.95 530.25 534.6 524.75 518.05 521.0 526.15 523.8 515.75 518.85 526.35 522.1 520.55 521.7 518.65 508.5 521.45 526.35 
4 0.0 530.5 523.9 532.5 536.8 529.95 528.6 520.35 525.6 519.45 521.15 512.6 521.95 525.05 520.7 520.65 515.65 515.4 519.35 513.75 515.85 
5 0.0 513.6 538.55 539.35 534.9 517.5 526.75 521.05 525.75 533.1 517.8 519.7 520.8 511.25 510.05 519.35 519.1 519.0 519.95 517.3 514.45 
6 0.0 512.3 516.15 523.8 520.75 518.65 525.15 519.45 513.4 521.35 524.0 514.15 518.0 522.0 516.7 509.75 513.7 525.65 512.25 521.2 515.9 
7 0.0 507.3 524.85 517.05 523.9 516.7 518.65 527.75 520.9 513.85 519.55 524.1 523.5 515.65 513.2 513.7 517.2 505.15 513.95 515.2 515.95 
8 0.0 494.45 508.35 512.35 518.95 516.95 514.95 522.0 519.55 524.75 512.5 512.9 519.25 516.6 522.35 519.25 515.5 516.8 520.15 511.35 509.9 
9 0.0 511.25 507.9 514.55 508.2 518.0 508.25 515.3 521.75 510.7 514.75 517.0 505.7 514.85 516.3 518.65 513.45 514.5 512.15 512.0 513.3 
10 0.0 507.35 513.0 510.45 510.55 515.65 524.55 515.7 523.9 519.45 518.65 520.3 512.95 515.6 513.95 519.65 513.35 518.6 515.15 510.1 519.45 
11 0.0 505.4 500.55 504.9 506.25 510.3 504.95 515.3 513.75 503.7 515.35 511.75 516.55 512.45 513.9 513.2 515.65 508.5 505.9 511.0 508.1 
12 0.0 494.85 504.1 505.6 516.65 511.9 506.75 502.95 507.65 510.6 515.45 520.5 520.25 509.4 510.45 503.5 509.3 509.15 512.35 507.3 513.4 
13 0.0 497.6 494.8 502.25 498.15 499.75 504.6 514.85 507.0 519.5 511.65 512.05 514.3 513.7 511.25 503.95 503.1 507.45 509.45 512.05 505.95 
14 0.0 510.2 493.5 501.6 503.2 502.75 505.1 505.2 515.1 507.5 510.3 511.15 512.35 502.15 504.5 512.65 506.6 507.8 504.0 502.65 515.2 
15 0.0 498.55 497.3 500.8 502.5 508.45 506.55 506.7 504.0 514.75 509.65 514.2 497.5 505.65 513.95 508.55 515.0 512.55 506.75 521.9 519.65 
16 0.0 496.75 500.4 495.5 505.55 507.1 505.35 511.75 513.45 512.4 513.45 505.5 509.65 512.75 506.3 498.4 509.4 505.5 510.5 505.75 501.5 
17 0.0 501.35 495.85 496.75 496.9 503.4 498.0 502.35 500.4 500.7 501.3 504.45 511.2 506.8 505.55 513.05 510.1 510.05 512.9 508.4 510.2 
18 0.0 499.6 499.65 505.75 499.3 492.0 495.85 502.2 503.65 505.15 502.5 498.55 504.4 507.25 499.15 498.6 499.6 509.85 512.35 501.3 498.35 
19 0.0 495.85 501.2 492.95 500.75 509.75 504.3 503.25 496.8 507.55 500.25 497.45 491.9 505.6 505.6 515.55 511.7 501.8 501.35 511.05 503.9 
20 0.0 500.45 510.15 505.55 505.05 499.75 505.0 499.1 502.65 498.65 507.15 506.65 504.55 498.55 501.6 506.0 503.1 513.45 500.85 504.55 505.2 
21 0.0 491.4 501.1 502.85 496.7 494.0 503.75 496.8 500.8 500.3 497.3 500.9 504.3 499.15 507.4 499.5 508.15 503.05 507.65 505.6 502.0 
22 0.0 499.8 496.15 497.25 496.0 502.9 500.25 500.95 498.75 495.5 504.9 497.8 496.45 500.25 513.4 512.05 508.75 507.6 506.4 513.5 505.05 
23 0.0 501.75 493.7 495.25 498.55 491.8 497.35 497.65 503.5 512.2 499.5 501.7 511.5 500.65 500.7 491.4 495.7 500.45 512.1 504.8 497.35 
24 0.0 497.0 494.95 501.75 493.75 496.95 496.7 498.85 500.8 498.3 498.55 503.9 497.45 503.1 495.35 508.2 504.5 500.85 500.0 510.9 505.3 
25 0.0 505.3 504.7 494.9 501.5 497.25 496.35 494.75 496.9 500.0 501.2 509.75 497.85 501.1 493.3 500.85 501.1 500.3 508.2 500.0 508.3 
26 0.0 504.7 497.4 504.6 498.3 504.6 500.25 504.95 503.65 494.7 504.3 505.55 499.3 512.4 503.55 508.45 496.15 503.55 499.75 504.05 502.45 
27 0.0 499.15 502.6 492.45 499.75 495.9 500.8 502.75 503.1 495.45 503.15 495.1 502.45 501.15 497.7 500.0 511.05 496.45 499.3 499.45 500.05 
28 0.0 496.85 499.05 502.55 499.75 497.9 497.75 507.45 505.15 501.2 510.0 506.35 509.35 499.3 507.5 509.05 499.85 510.15 506.0 503.75 503.5 
29 0.0 495.9 505.4 499.0 498.1 504.0 496.0 501.8 493.25 501.2 501.4 503.95 499.6 504.1 503.25 497.05 517.8 506.3 501.1 496.65 504.8 
30 0.0 494.7 496.25 504.4 508.25 494.6 504.85 497.45 500.1 507.4 502.45 503.7 504.95 499.55 506.4 498.6 500.1 502.35 506.9 510.0 502.6 
31 0.0 499.65 505.15 495.5 498.25 508.65 502.3 497.3 508.4 503.2 497.2 501.0 507.5 508.5 508.85 509.8 500.0 497.1 501.15 505.85 494.1 
32 0.0 506.3 497.75 503.35 511.35 504.5 499.2 492.55 503.15 499.25 500.7 500.1 500.85 505.1 500.8 497.0 496.0 503.8 497.6 506.8 511.0 
33 0.0 505.25 497.75 500.2 493.6 496.45 500.05 500.15 496.5 493.4 501.4 505.3 506.7 506.35 500.2 497.6 499.7 500.05 507.45 491.55 508.25 
34 0.0 496.7 499.0 503.1 497.6 500.35 504.7 499.65 496.95 503.2 499.75 500.3 499.3 497.25 502.75 514.6 500.0 505.8 508.2 500.1 506.85 
35 0.0 502.9 494.3 500.2 505.0 500.9 498.3 509.9 496.55 498.5 503.65 502.25 500.9 501.55 506.5 500.7 504.1 497.9 499.2 506.1 500.95 
36 0.0 497.25 502.85 498.45 500.25 502.25 511.1 504.75 504.4 503.8 496.6 490.6 492.7 502.5 500.45 493.35 505.2 502.7 496.85 502.8 499.55 
37 0.0 495.25 502.45 510.0 504.15 500.15 498.7 500.5 507.25 492.65 503.7 502.65 496.7 502.75 503.85 499.6 499.6 504.5 499.65 500.1 497.5 
38 0.0 499.05 503.0 504.6 500.65 502.9 505.3 494.15 500.5 499.8 495.0 500.95 501.5 503.4 497.05 507.35 500.55 496.1 501.0 499.95 504.8 
39 0.0 501.55 494.95 504.45 500.5 506.3 495.65 503.35 494.95 499.7 498.4 491.65 506.6 497.35 503.1 503.95 503.5 496.7 502.1 508.15 497.75 
40 0.0 500.8 501.25 491.05 493.75 506.2 499.0 487.6 502.15 501.9 488.2 503.6 495.3 501.4 508.05 495.1 503.6 502.1 506.2 498.5 500.9 
41 0.0 502.55 506.9 498.5 506.15 496.2 494.95 504.1 495.45 503.8 505.1 494.0 506.4 497.65 501.25 505.95 498.35 509.1 503.0 494.3 496.85 
42 0.0 509.0 506.5 503.4 508.95 497.95 500.75 503.7 500.7 507.0 496.9 509.6 502.35 494.7 495.5 496.9 506.45 504.0 498.85 502.45 501.05 
43 0.0 493.7 505.1 507.75 503.65 499.5 503.75 500.45 498.45 493.5 502.05 502.15 491.2 503.9 504.8 505.7 499.15 491.65 501.6 499.5 514.15 
44 0.0 499.8 496.7 500.25 485.6 495.0 510.45 500.2 501.1 492.7 499.9 492.05 497.45 505.0 505.3 500.45 501.7 504.4 496.75 497.1 491.9 
45 0.0 501.9 501.0 504.55 505.2 502.35 492.85 503.4 501.0 500.35 493.0 498.8 505.05 501.0 498.65 500.2 501.2 499.3 498.95 499.95 505.2 
46 0.0 493.85 506.85 490.5 495.6 503.2 497.05 496.6 497.6 502.5 501.25 492.95 501.75 500.95 496.6 500.2 495.8 494.3 502.5 507.0 509.6 
47 0.0 417.9 492.15 506.4 503.55 508.2 505.6 507.5 504.35 498.2 499.75 501.7 499.0 500.2 493.1 496.3 500.5 503.15 500.65 495.6 501.1 
48 0.0 319.2 499.25 500.65 501.95 498.9 508.35 494.7 501.4 491.85 500.0 505.9 498.15 491.05 493.4 493.3 502.35 500.4 500.45 505.65 496.65 
49 0.0 204.6 497.45 502.0 494.6 502.15 500.45 500.95 497.4 506.2 492.05 499.15 499.5 488.45 495.15 499.75 496.75 505.85 499.35 502.25 492.75 
50 0.0 119.95 497.0 499.95 500.0 503.8 499.85 493.55 498.8 510.15 500.95 498.65 501.35 505.0 492.85 499.7 496.2 503.85 499.8 500.2 491.65 
51 0.0 39.9 497.25 499.45 510.65 499.35 499.45 498.35 491.1 485.05 497.5 502.45 499.9 492.45 503.25 498.0 491.65 495.05 503.0 503.2 503.1 
52 0.0 10.65 504.05 495.35 494.75 495.95 495.25 499.55 498.7 500.8 503.0 498.0 492.85 509.0 500.0 496.25 500.65 506.95 499.75 504.65 502.85 
53 0.0 0.65 501.55 486.45 498.85 488.05 496.45 502.15 500.4 505.0 505.9 502.75 499.8 502.7 493.85 499.05 497.65 491.75 501.65 496.0 503.4 
54 0.0 0.0 494.35 491.9 491.6 505.7 501.85 503.35 507.6 508.25 511.7 499.4 500.7 499.05 493.05 493.85 503.65 500.75 496.7 492.3 496.0 
55 0.0 0.0 494.75 504.85 497.1 502.3 497.9 491.85 498.55 495.6 493.85 496.25 501.3 487.35 506.05 499.05 497.25 499.4 504.25 499.3 499.8 
56 0.0 0.0 495.8 496.9 499.7 495.1 500.75 499.15 496.6 504.05 498.5 501.95 501.75 494.45 491.2 496.95 494.95 498.8 490.75 488.5 498.35 
57 0.0 0.0 503.3 493.6 491.6 492.7 492.95 495.5 493.35 496.7 496.85 502.35 501.6 508.35 499.15 506.15 494.35 495.5 497.55 504.4 500.65 
58 0.0 0.0 503.85 496.85 502.05 491.3 505.25 504.65 499.75 492.0 497.7 502.4 499.7 505.55 503.05 493.75 498.75 495.0 497.65 496.65 506.9 
59 0.0 0.0 503.5 501.9 499.7 502.3 492.95 496.35 500.45 505.6 496.65 499.9 497.9 500.05 507.95 499.0 496.85 496.25 497.25 499.55 495.45 
60 0.0 0.0 497.3 507.85 505.6 502.4 496.8 501.25 505.55 499.4 499.0 503.9 508.4 503.85 500.2 496.95 495.25 498.85 493.25 497.25 499.6 
61 0.0 0.0 502.25 499.3 505.0 501.0 504.6 504.1 502.5 504.25 504.75 492.55 495.55 493.65 502.65 505.0 501.8 503.7 497.7 500.95 493.45 
62 0.0 0.0 495.95 507.9 502.75 503.4 495.25 495.25 501.7 494.25 504.85 503.65 502.0 504.25 505.05 504.4 501.05 502.1 494.6 502.35 496.6 
63 0.0 0.0 502.75 500.95 500.95 508.45 510.3 497.05 494.75 502.15 506.85 502.55 492.75 502.6 501.15 509.1 510.35 502.35 501.1 504.75 506.85 
64 0.0 0.0 497.2 499.5 498.55 501.4 507.25 509.1 497.8 501.4 500.2 496.7 510.6 504.65 509.45 501.05 500.8 498.25 510.1 502.95 507.9 
65 0.0 0.0 501.9 502.2 503.1 507.5 488.65 501.6 500.05 497.9 492.75 502.45 504.7 499.85 500.4 501.15 501.9 499.2 506.45 500.95 504.3 
66 0.0 0.0 502.35 500.05 506.15 497.2 495.25 500.25 502.5 498.9 502.85 505.05 499.65 502.95 497.3 500.85 497.05 494.45 504.3 500.2 500.2 
67 0.0 0.0 502.1 506.3 496.3 499.0 500.85 500.2 503.45 506.15 498.65 496.1 490.55 506.2 503.05 506.15 515.05 505.3 506.1 503.2 497.35 
68 0.0 0.0 500.45 497.35 497.1 503.8 500.65 492.3 507.45 502.55 502.8 495.2 502.15 498.6 503.95 499.9 504.85 504.4 494.25 507.6 505.75 
69 0.0 0.0 505.95 497.8 500.55 498.05 507.1 503.25 492.85 499.85 499.2 507.65 495.45 500.15 503.4 504.1 502.85 502.2 506.25 495.0 503.45 
70 0.0 0.0 492.7 497.25 508.65 499.15 511.7 502.65 508.2 508.25 499.3 500.95 504.2 504.25 502.0 496.85 500.3 504.55 506.6 509.35 504.4 
71 0.0 0.0 501.45 495.0 500.95 505.15 498.25 499.15 491.9 499.45 505.25 498.95 504.05 503.6 495.25 497.8 500.5 499.4 493.25 506.35 502.15 
72 0.0 0.0 503.7 510.95 494.4 492.6 508.65 499.95 503.95 497.3 495.85 504.55 496.55 491.4 498.45 498.55 502.0 504.05 508.8 500.3 495.6 
73 0.0 0.0 498.35 500.35 487.85 499.95 498.45 510.2 513.4 495.95 502.65 495.8 504.2 495.8 495.45 504.15 503.65 506.15 492.05 495.4 500.4 
74 0.0 0.0 508.55 502.3 503.25 493.35 491.0 504.95 502.2 511.0 499.45 497.85 507.85 497.65 503.8 501.7 494.75 492.8 495.3 498.85 502.1 
75 0.0 0.0 497.0 495.2 486.55 495.9 495.1 504.35 501.65 494.75 505.8 499.95 498.3 501.95 499.0 502.0 489.5 502.65 502.5 497.3 496.75 
76 0.0 0.0 493.8 496.8 506.8 496.55 492.95 496.85 501.35 505.1 501.2 509.3 499.2 498.35 507.8 500.5 496.1 496.7 502.85 497.25 498.1 
77 0.0 0.0 497.4 497.65 504.75 497.0 503.35 498.1 490.25 499.05 498.1 497.5 498.6 499.3 496.45 498.1 492.9 503.05 500.5 492.85 495.6 
78 0.0 0.0 503.55 505.4 497.1 503.65 504.55 497.5 501.6 491.8 495.65 498.35 504.85 509.65 501.65 505.15 511.8 494.0 501.1 496.7 499.0 
79 0.0 0.0 509.9 496.8 504.6 497.9 501.55 497.85 495.95 494.15 502.9 495.7 486.6 500.05 494.4 495.9 498.3 502.7 498.0 488.65 496.6 
80 0.0 0.0 501.9 501.35 507.85 500.7 500.3 497.55 492.1 499.05 495.25 497.45 498.9 490.65 499.0 496.2 502.45 504.5 497.6 503.5 497.25 
81 0.0 0.0 491.85 507.65 489.8 499.15 495.35 486.9 501.9 504.15 496.5 497.2 493.5 498.65 488.4 500.05 500.35 499.55 492.6 502.25 491.8 
82 0.0 0.0 501.65 498.45 496.1 502.0 491.55 497.6 494.55 496.8 502.15 499.2 500.1 498.65 504.15 498.6 498.05 497.6 488.75 496.75 500.1 
83 0.0 0.0 492.1 494.0 508.15 490.1 492.85 501.95 493.55 499.15 498.15 497.4 500.6 498.2 504.85 502.85 505.65 490.4 506.9 505.45 501.95 
84 0.0 0.0 502.2 500.9 490.95 502.4 493.55 502.85 498.9 493.6 499.9 497.2 500.35 502.8 501.5 502.85 493.1 499.4 501.35 502.25 492.35 
85 0.0 0.0 502.3 491.95 501.6 501.6 505.95 491.7 497.5 503.8 496.65 494.85 493.05 496.15 498.85 501.2 496.0 496.7 498.75 491.25 499.2 
86 0.0 0.0 506.75 499.25 497.1 504.3 508.15 506.25 502.75 503.25 496.95 493.65 501.95 500.35 497.3 495.4 502.3 500.4 507.8 498.75 500.15 
87 0.0 0.0 484.85 500.05 510.65 506.25 504.95 505.05 502.65 510.15 496.1 505.3 496.65 500.2 496.45 501.05 496.85 498.05 497.55 504.1 501.55 
88 0.0 0.0 504.9 505.85 503.7 505.95 502.5 510.25 505.4 492.65 513.5 500.8 501.75 498.4 500.8 496.9 509.5 506.6 490.0 497.4 503.75 
89 0.0 0.0 499.55 504.55 496.85 503.15 504.15 513.65 505.4 509.9 503.95 509.1 496.25 501.95 500.7 500.0 499.45 500.25 497.3 510.2 508.8 
90 0.0 0.0 503.85 499.75 503.55 501.55 495.15 502.2 509.25 505.45 502.45 503.95 505.35 500.55 500.75 493.85 499.7 509.6 503.15 511.15 500.8 
91 0.0 0.0 497.65 496.8 500.65 499.0 503.2 496.15 501.0 495.7 506.1 493.9 499.9 495.85 496.15 502.5 502.75 498.7 497.5 494.65 502.4 
92 0.0 0.0 496.65 495.4 501.45 504.0 505.9 501.3 495.05 500.2 492.75 503.65 500.1 497.25 498.4 498.65 503.95 498.65 504.7 498.25 502.35 
93 0.0 0.0 500.1 509.65 497.6 500.65 499.75 492.85 502.4 509.4 503.8 496.05 506.2 497.5 496.6 498.35 490.65 489.95 502.45 504.4 495.05 
94 0.0 0.0 500.25 504.8 502.7 492.95 497.95 497.45 504.15 505.95 500.85 504.8 495.9 511.25 509.85 504.45 497.5 505.75 501.1 498.4 502.75 
95 0.0 0.0 498.45 493.45 491.95 496.7 496.25 500.15 499.75 507.15 496.35 498.9 503.25 495.8 500.75 501.35 501.25 501.4 503.9 503.25 498.0 
96 0.0 0.0 454.25 494.75 498.55 496.2 491.1 501.8 496.85 491.1 498.1 507.3 496.8 497.8 504.65 497.15 497.1 501.35 499.4 506.65 495.5 
97 0.0 0.0 392.45 492.6 498.1 501.5 503.0 495.95 499.9 487.2 497.6 502.95 497.75 499.15 490.9 491.5 499.5 499.45 504.55 495.05 504.4 
98 0.0 0.0 289.05 504.15 496.95 496.25 501.5 495.55 499.35 499.3 502.85 492.25 497.65 504.25 499.1 501.9 500.55 501.0 497.2 497.8 496.5 
99 0.0 0.0 160.6 497.05 500.45 491.9 494.9 495.2 496.15 491.0 505.1 497.2 504.5 499.2 500.9 497.25 498.65 488.2 499.4 491.45 500.0 
100 0.0 0.0 63.05 496.05 502.55 492.95 494.8 504.35 500.75 493.8 497.15 499.7 501.05 503.0 494.95 494.5 493.95 508.2 492.4 494.3 498.45 
101 0.0 0.0 22.3 499.05 496.8 505.3 502.35 506.3 502.35 499.85 495.55 499.75 500.1 496.15 490.15 503.15 501.15 494.75 501.65 503.85 506.1 
102 0.0 0.0 1.6 500.3 495.45 499.55 499.15 504.0 499.3 504.0 502.8 509.25 502.65 495.65 492.25 502.0 499.05 493.1 491.6 493.0 489.7 
103 0.0 0.0 0.0 499.6 505.0 508.6 498.3 498.4 498.15 503.9 500.2 499.55 486.45 492.25 502.3 493.85 504.25 495.9 495.75 499.15 497.2 
104 0.0 0.0 0.0 497.8 500.15 491.9 497.4 503.95 494.9 502.4 497.15 503.55 504.45 498.15 500.45 508.75 496.9 501.35 501.5 499.75 508.15 
105 0.0 0.0 0.0 504.25 493.55 508.05 497.75 498.65 497.8 501.65 503.25 494.75 507.7 501.6 501.65 497.2 501.55 499.65 493.65 498.2 500.5 
106 0.0 0.0 0.0 501.75 502.95 501.45 508.35 500.1 501.25 499.95 493.95 502.05 499.75 500.5 498.25 497.7 499.45 503.45 494.3 493.75 497.65 
107 0.0 0.0 0.0 500.7 500.3 499.55 502.8 496.8 506.05 493.2 500.9 497.25 502.2 504.4 504.4 492.25 498.4 493.9 509.8 499.25 494.85 
108 0.0 0.0 0.0 498.65 505.1 502.75 499.25 501.95 504.1 497.65 502.6 486.55 492.4 503.05 495.25 498.3 488.1 497.55 506.05 507.85 492.6 
109 0.0 0.0 0.0 504.7 497.85 500.0 503.1 498.05 507.1 501.2 499.3 500.95 507.3 500.95 500.25 507.2 497.15 502.1 501.0 500.35 504.75 
110 0.0 0.0 0.0 498.35 500.35 497.95 500.85 494.9 495.25 497.6 494.95 506.65 498.45 493.2 510.4 509.0 510.15 506.0 504.2 499.3 495.1 
111 0.0 0.0 0.0 504.5 499.55 499.95 506.05 488.7 493.1 494.9 503.85 494.75 497.95 504.15 499.15 496.35 500.35 500.85 504.8 499.95 501.15 
112 0.0 0.0 0.0 502.7 500.0 505.1 489.55 505.65 491.3 502.4 500.0 495.7 501.3 502.3 495.3 505.25 495.55 493.7 488.9 498.15 493.1 
113 0.0 0.0 0.0 494.85 495.65 495.6 488.45 498.9 498.75 497.7 493.75 505.15 496.35 502.35 502.9 495.7 504.7 503.2 496.4 500.05 499.5 
114 0.0 0.0 0.0 503.8 500.15 491.9 499.15 492.85 492.75 501.9 497.45 496.25 499.55 491.85 501.65 495.8 498.95 501.8 498.95 500.75 503.55 
115 0.0 0.0 0.0 496.4 499.7 502.2 499.15 496.6 498.2 496.1 498.15 498.2 504.4 492.55 492.65 499.15 494.4 497.35 504.35 495.65 497.15 
116 0.0 0.0 0.0 500.25 495.05 489.8 497.75 498.9 501.2 496.75 491.9 508.35 497.7 501.4 500.9 501.9 493.0 502.75 498.4 505.4 508.7 
117 0.0 0.0 0.0 497.55 505.95 503.8 496.25 508.7 502.6 493.7 502.45 497.1 488.3 499.4 499.1 495.7 507.05 489.6 502.25 490.8 497.3 
118 0.0 0.0 0.0 504.95 495.55 507.7 499.9 491.85 493.95 497.25 493.95 496.55 494.7 505.0 500.75 496.7 499.6 497.45 493.6 492.45 502.3 
119 0.0 0.0 0.0 503.3 508.15 498.5 501.4 497.5 495.5 498.35 503.0 495.2 497.4 491.4 496.5 500.85 492.0 500.3 491.9 493.7 495.45 
120 0.0 0.0 0.0 498.05 501.35 509.2 504.45 502.0 502.4 500.55 492.55 506.25 502.7 497.7 498.0 496.95 505.0 498.1 499.65 501.1 494.05 
121 0.0 0.0 0.0 500.95 505.0 499.5 504.6 502.0 497.9 494.8 503.2 488.65 494.2 505.5 500.45 497.45 496.1 500.55 498.7 494.2 492.8 
122 0.0 0.0 0.0 497.05 498.65 500.65 505.15 498.8 491.35 504.5 507.85 491.9 507.9 499.25 505.05 501.55 499.2 499.0 494.9 501.9 513.6 
123 0.0 0.0 0.0 495.6 500.65 500.7 493.45 502.25 492.85 504.9 495.2 494.45 497.1 495.6 494.3 503.45 499.4 503.65 499.65 509.45 497.75 
124 0.0 0.0 0.0 502.35 495.4 496.25 499.2 498.0 499.1 494.15 492.0 504.55 505.8 505.15 498.05 496.55 491.8 494.0 494.1 499.0 499.0 
125 0.0 0.0 0.0 505.85 497.5 498.6 500.25 498.5 508.65 498.8 499.4 502.8 501.6 507.2 497.15 496.1 505.6 494.7 502.9 495.8 500.9 
126 0.0 0.0 0.0 496.0 504.15 498.5 496.7 499.5 500.75 499.95 501.05 509.7 501.1 486.95 497.95 491.85 501.9 512.1 500.35 505.95 501.2 
127 0.0 0.0 0.0 502.2 494.65 500.3 500.35 493.85 504.2 500.6 500.0 499.0 503.7 491.05 494.15 501.05 500.9 495.6 498.95 487.9 504.45 
128 0.0 0.0 0.0 489.85 498.05 502.4 508.2 505.6 503.05 505.6 499.8 495.15 490.05 495.2 494.7 503.05 499.65 500.0 505.8 508.05 498.75 
129 0.0 0.0 0.0 503.0 499.3 490.9 497.5 500.15 498.95 499.3 505.05 497.95 487.8 498.0 487.3 491.35 497.2 502.6 500.15 502.2 498.0 
130 0.0 0.0 0.0 505.95 507.15 492.8 493.2 493.0 499.35 500.35 501.3 496.9 494.6 500.15 508.45 500.3 505.25 498.9 504.55 501.85 497.35 
131 0.0 0.0 0.0 494.5 499.65 500.7 502.1 497.25 504.3 501.6 505.2 502.1 497.1 506.2 500.2 503.1 501.6 503.5 507.3 505.6 494.3 
132 0.0 0.0 0.0 500.9 503.55 506.95 499.7 514.75 498.0 502.1 501.05 496.75 500.35 498.45 500.35 497.65 503.5 498.0 493.0 504.45 505.4 
133 0.0 0.0 0.0 505.0 494.4 504.85 495.9 492.9 498.7 496.4 493.1 494.55 505.2 504.6 499.05 511.3 494.8 502.0 502.5 498.8 500.0 
134 0.0 0.0 0.0 492.3 496.7 491.75 502.35 496.9 492.8 494.95 498.15 506.7 502.75 491.9 502.8 504.75 500.45 500.5 495.5 498.85 497.65 
135 0.0 0.0 0.0 502.75 497.35 503.6 501.35 494.55 500.7 499.5 503.8 507.95 497.25 503.3 504.65 506.05 510.5 505.8 508.6 498.6 507.05 
136 0.0 0.0 0.0 495.7 500.8 505.3 500.8 506.2 496.8 495.5 502.2 504.9 506.15 500.05 514.55 497.9 505.95 501.5 501.05 496.7 499.8 
137 0.0 0.0 0.0 508.75 501.55 501.9 504.15 504.1 502.05 502.05 498.3 499.95 500.0 495.6 507.15 507.6 494.3 505.7 499.2 501.6 497.65 
138 0.0 0.0 0.0 504.05 500.3 500.0 500.45 498.2 498.6 502.0 494.05 495.7 502.95 499.35 496.6 502.4 503.45 503.9 503.25 502.7 498.35 
139 0.0 0.0 0.0 494.7 499.1 498.45 499.25 495.4 509.25 496.1 508.45 494.3 498.95 501.95 499.9 502.8 489.95 499.5 496.85 499.85 500.95 
140 0.0 0.0 0.0 501.6 501.9 496.6 487.3 501.6 494.65 507.0 497.8 501.6 502.75 505.95 489.55 488.5 497.2 492.6 508.1 504.0 498.0 
141 0.0 0.0 0.0 494.25 498.15 508.35 504.7 500.25 500.25 501.35 498.95 504.05 507.0 506.15 498.65 498.45 500.35 505.75 508.7 501.35 497.7 
142 0.0 0.0 0.0 503.0 497.6 486.3 505.85 504.15 509.1 510.75 499.75 508.1 497.05 504.25 499.9 492.0 495.35 495.45 498.25 504.3 498.4 
143 0.0 0.0 0.0 501.2 503.9 503.7 495.45 502.5 496.25 500.65 491.4 499.45 500.9 500.2 503.95 501.5 498.9 492.2 494.5 496.95 504.75 
144 0.0 0.0 0.0 498.1 498.65 498.6 496.35 496.95 503.15 490.75 500.85 496.2 497.6 501.7 505.7 495.7 505.55 493.35 494.35 492.3 501.3 
145 0.0 0.0 0.0 400.5 496.85 502.7 506.45 503.2 502.8 497.35 507.2 504.65 497.25 501.2 496.4 497.3 499.65 500.8 495.15 501.0 498.65 
146 0.0 0.0 0.0 345.3 508.05 493.3 497.8 497.5 502.5 499.55 501.9 495.45 501.2 497.7 498.9 501.7 504.35 498.35 498.45 498.65 502.7 
147 0.0 0.0 0.0 240.7 499.0 506.75 511.65 498.65 492.55 501.65 503.45 499.8 500.4 501.6 507.15 502.05 507.55 503.7 502.65 500.7 496.15 
148 0.0 0.0 0.0 158.55 497.9 503.75 503.1 508.45 498.9 504.85 498.65 507.55 501.5 502.1 499.9 502.95 495.15 500.0 498.6 500.55 507.75 
149 0.0 0.0 0.0 100.5 496.5 504.7 502.3 497.7 488.85 502.2 497.55 502.0 501.5 500.0 498.2 501.25 501.35 497.1 496.85 507.3 508.0 
150 0.0 0.0 0.0 57.35 501.6 498.2 504.15 499.45 509.65 495.0 509.65 488.5 495.6 496.15 496.85 513.7 498.0 502.65 503.95 506.5 502.55 
151 0.0 0.0 0.0 29.3 487.7 500.05 502.2 495.9 501.1 502.8 493.25 504.25 497.95 497.65 510.45 501.0 501.25 506.2 504.3 494.35 498.25 
152 0.0 0.0 0.0 16.5 511.65 500.95 495.95 504.3 504.1 509.5 500.5 496.75 498.95 505.15 497.45 497.3 508.35 506.45 504.9 502.95 498.5 
153 0.0 0.0 0.0 2.7 494.9 499.7 498.65 499.7 506.75 497.5 495.15 495.25 503.7 501.3 498.55 502.9 497.25 502.85 497.5 492.15 505.05 
154 0.0 0.0 0.0 0.05 506.9 499.4 497.15 503.35 492.45 502.95 498.1 505.25 504.95 492.3 499.2 503.8 500.95 500.3 502.85 506.2 496.05 
155 0.0 0.0 0.0 0.0 507.05 506.05 491.1 498.9 499.75 498.5 497.3 500.05 497.3 504.1 508.0 496.2 500.55 499.95 500.95 494.6 498.8 
156 0.0 0.0 0.0 0.0 497.55 494.5 495.35 503.4 503.15 498.85 497.25 502.2 509.95 506.55 496.05 499.0 498.8 497.1 505.25 501.0 505.5 
157 0.0 0.0 0.0 0.0 503.8 496.95 501.8 505.85 500.8 494.8 503.3 498.5 495.7 500.45 503.75 496.85 502.05 495.5 497.55 510.95 490.75 
158 0.0 0.0 0.0 0.0 492.15 503.7 497.45 496.45 503.1 500.9 504.1 505.65 504.55 499.0 502.6 499.25 494.95 510.1 495.35 494.8 503.2 
159 0.0 0.0 0.0 0.0 508.1 498.3 506.7 502.1 499.65 504.15 502.0 489.35 505.35 504.55 504.0 502.65 502.15 501.75 495.45 498.2 501.45 
160 0.0 0.0 0.0 0.0 505.9 500.5 509.3 496.2 498.7 497.6 501.4 510.9 492.4 493.1 501.0 495.05 500.25 499.2 503.95 501.95 490.4 
161 0.0 0.0 0.0 0.0 490.45 499.25 496.9 504.35 503.7 503.25 505.1 508.4 500.95 497.9 500.1 505.25 497.6 499.05 514.25 495.45 504.9 
162 0.0 0.0 0.0 0.0 502.3 495.35 501.45 498.7 501.5 505.0 500.1 496.25 497.15 504.2 502.05 507.65 500.95 501.0 493.15 499.7 506.0 
163 0.0 0.0 0.0 0.0 499.1 494.7 494.0 502.4 498.9 502.15 508.55 503.1 503.25 506.4 500.8 496.55 500.4 499.9 499.0 504.2 501.6 
164 0.0 0.0 0.0 0.0 494.7 499.1 498.7 498.45 501.6 503.9 502.7 494.45 505.6 497.8 500.0 506.75 499.1 501.55 498.0 501.2 501.75 
165 0.0 0.0 0.0 0.0 503.25 503.4 504.8 502.6 498.6 503.95 502.35 497.05 502.1 503.1 507.35 503.65 499.35 503.2 500.25 498.5 494.0 
166 0.0 0.0 0.0 0.0 502.95 500.0 503.15 500.9 505.8 502.9 501.1 507.0 505.05 506.55 492.9 495.5 497.05 494.6 502.65 496.15 492.65 
167 0.0 0.0 0.0 0.0 497.9 510.8 505.4 499.85 509.55 492.65 494.75 501.45 494.35 495.1 493.7 495.35 504.1 499.3 495.9 496.0 502.55 
168 0.0 0.0 0.0 0.0 508.5 500.85 495.75 500.15 501.55 505.0 505.2 502.35 498.35 507.2 503.65 495.2 498.15 501.5 506.25 503.1 498.65 
169 0.0 0.0 0.0 0.0 500.9 501.65 506.65 504.45 500.65 504.05 503.25 501.2 493.65 492.4 493.7 507.1 499.15 499.65 491.9 505.35 500.7 
170 0.0 0.0 0.0 0.0 495.35 501.75 500.75 496.35 502.45 499.3 500.0 493.3 497.15 488.15 494.8 497.75 510.15 503.3 491.8 492.3 499.2 
171 0.0 0.0 0.0 0.0 502.9 496.05 481.5 498.85 496.5 503.15 491.55 501.7 502.65 502.3 499.05 499.25 503.25 498.35 506.15 502.9 494.55 
172 0.0 0.0 0.0 0.0 497.25 498.15 508.25 507.2 496.6 497.8 504.85 501.0 495.35 500.85 503.15 502.95 497.15 501.4 498.85 497.2 498.35 
173 0.0 0.0 0.0 0.0 498.55 509.4 496.75 492.65 498.35 494.3 509.85 499.4 499.65 502.3 496.1 501.6 497.45 498.35 503.4 493.15 506.15 
174 0.0 0.0 0.0 0.0 501.25 506.55 501.55 495.7 500.55 503.5 494.15 502.3 503.45 500.45 503.3 488.5 503.8 498.65 501.6 499.5 497.45 
175 0.0 0.0 0.0 0.0 500.55 494.75 500.0 497.75 496.0 499.3 503.85 493.65 502.5 504.85 502.85 500.4 492.2 500.3 507.55 505.1 492.95 
176 0.0 0.0 0.0 0.0 494.45 493.25 497.95 498.5 493.1 488.9 491.3 498.5 497.5 499.7 502.8 491.0 493.7 494.8 490.45 505.1 503.85 
177 0.0 0.0 0.0 0.0 496.6 493.35 498.1 498.75 495.9 494.85 491.15 503.3 508.65 498.5 500.8 497.3 496.75 503.7 494.05 499.0 510.4 
178 0.0 0.0 0.0 0.0 494.1 492.7 499.1 499.65 500.85 492.55 502.45 502.05 500.15 503.25 498.6 505.75 497.55 493.65 499.35 496.15 507.25 
179 0.0 0.0 0.0 0.0 501.2 500.6 493.8 493.75 493.45 498.75 497.7 493.2 502.6 495.0 489.15 499.05 501.05 501.15 511.2 510.2 493.9 
180 0.0 0.0 0.0 0.0 499.8 492.9 497.25 499.25 501.45 506.1 493.7 509.65 499.35 505.05 501.35 498.9 509.2 500.15 499.95 499.8 504.05 
181 0.0 0.0 0.0 0.0 505.75 503.2 500.45 500.4 502.4 496.5 492.05 496.6 499.4 502.3 500.35 504.3 508.65 500.6 506.0 504.05 500.15 
182 0.0 0.0 0.0 0.0 504.6 507.5 498.2 497.95 503.85 499.4 501.9 497.15 497.15 496.45 499.05 501.65 497.65 507.0 504.65 495.8 494.65 
183 0.0 0.0 0.0 0.0 500.15 503.6 507.9 498.0 503.4 499.85 499.95 491.85 493.35 493.8 505.8 502.85 499.5 503.6 491.75 496.05 501.55 
184 0.0 0.0 0.0 0.0 501.0 505.5 505.55 506.2 491.2 500.05 501.65 505.0 502.9 498.2 508.7 498.3 507.25 499.25 496.6 504.2 509.55 
185 0.0 0.0 0.0 0.0 502.3 499.35 504.3 503.85 498.3 497.8 497.25 502.45 498.75 501.3 498.2 498.15 507.8 503.2 507.5 500.35 507.7 
186 0.0 0.0 0.0 0.0 502.55 499.55 498.75 504.15 494.45 503.4 511.9 490.7 499.7 499.65 494.95 501.7 503.4 496.7 507.9 504.85 497.65 
187 0.0 0.0 0.0 0.0 499.5 503.15 504.65 501.95 502.4 497.25 501.5 506.9 501.45 500.6 499.2 506.25 503.5 504.4 501.45 502.1 499.85 
188 0.0 0.0 0.0 0.0 498.6 502.5 500.25 501.7 503.75 497.1 499.6 497.25 499.9 498.1 507.65 501.4 490.4 499.15 496.85 497.65 493.5 
189 0.0 0.0 0.0 0.0 497.75 499.35 504.6 497.1 502.5 499.75 499.3 504.5 496.95 509.1 500.9 496.7 495.25 505.45 504.9 500.2 495.75 
190 0.0 0.0 0.0 0.0 500.15 496.9 498.3 499.35 500.25 503.4 497.1 504.05 499.8 502.2 497.95 495.2 502.0 494.75 500.45 498.4 494.15 
191 0.0 0.0 0.0 0.0 498.25 500.1 499.4 501.2 499.7 505.2 496.55 505.05 501.65 497.35 498.15 501.95 497.95 507.6 493.65 499.3 501.2 
192 0.0 0.0 0.0 0.0 488.55 496.15 494.1 504.95 503.3 499.8 501.5 495.3 506.45 507.15 507.6 503.15 498.8 499.2 497.0 500.1 504.6 
193 0.0 0.0 0.0 0.0 450.55 507.2 499.15 500.65 509.15 507.65 505.55 506.3 509.5 500.95 497.75 499.4 502.85 505.05 501.25 497.35 509.55 
194 0.0 0.0 0.0 0.0 410.65 492.85 497.25 498.6 503.75 510.25 503.05 493.15 499.4 498.2 503.15 511.35 501.6 487.75 494.1 498.85 496.8 
195 0.0 0.0 0.0 0.0 365.15 501.2 507.0 493.35 500.9 496.3 501.3 495.75 500.75 499.65 494.05 493.9 504.2 498.6 503.95 497.8 500.05 
196 0.0 0.0 0.0 0.0 293.3 504.1 499.5 503.2 503.1 498.45 502.45 503.0 500.75 497.7 499.3 504.7 496.55 499.95 503.4 496.2 496.2 
197 0.0 0.0 0.0 0.0 178.3 501.4 491.3 500.4 498.7 505.15 498.4 499.55 500.3 491.1 507.45 500.45 498.1 502.75 489.55 500.05 498.25 
198 0.0 0.0 0.0 0.0 96.05 494.35 506.35 502.9 499.9 499.6 501.55 495.15 495.35 504.55 494.9 489.65 499.3 491.15 493.25 497.3 494.95 
199 0.0 0.0 0.0 0.0 67.65 503.8 496.3 502.5 497.45 492.0 503.6 509.95 501.0 503.45 501.7 498.2 494.25 493.0 497.9 500.85 506.85 
200 0.0 0.0 0.0 0.0 29.15 491.55 498.3 496.65 499.8 498.4 499.2 496.2 496.7 503.1 501.25 499.65 499.25 490.25 497.6 498.1 501.15 
201 0.0 0.0 0.0 0.0 2.85 506.2 514.5 495.6 501.45 508.45 505.55 502.95 492.4 500.5 488.05 496.55 502.15 496.9 498.65 503.4 494.55 
202 0.0 0.0 0.0 0.0 0.0 493.6 504.85 501.8 501.25 497.05 498.95 503.6 500.95 496.5 504.35 500.95 494.35 505.2 499.2 500.55 502.4 
203 0.0 0.0 0.0 0.0 0.0 510.85 499.95 505.85 505.25 505.55 500.25 503.0 505.85 494.55 500.4 501.3 494.5 503.75 500.65 503.3 500.35 
204 0.0 0.0 0.0 0.0 0.0 496.75 499.75 504.65 502.3 505.4 493.7 497.9 505.5 499.9 495.55 501.1 494.85 499.7 502.4 495.1 504.25 
205 0.0 0.0 0.0 0.0 0.0 500.0 493.3 501.6 502.1 492.85 489.5 487.2 502.8 500.4 488.35 494.0 503.05 504.55 501.1 499.65 500.45 
206 0.0 0.0 0.0 0.0 0.0 499.85 499.3 496.65 490.8 489.5 488.95 489.45 486.65 500.55 493.25 498.45 499.75 505.5 502.45 504.2 502.5 
207 0.0 0.0 0.0 0.0 0.0 496.1 492.35 496.85 492.3 495.2 503.1 502.3 495.65 492.7 504.35 495.8 505.7 499.0 507.45 503.2 490.65 
208 0.0 0.0 0.0 0.0 0.0 507.75 490.65 494.2 501.5 502.05 497.95 500.95 499.25 495.75 501.7 492.45 495.7 499.3 498.2 495.05 491.6 
209 0.0 0.0 0.0 0.0 0.0 496.45 503.25 499.75 500.2 500.35 501.95 502.2 495.5 500.7 502.75 510.75 503.1 498.95 499.7 494.45 487.75 
210 0.0 0.0 0.0 0.0 0.0 496.05 496.4 496.4 489.1 497.8 494.3 494.35 497.95 499.9 496.1 494.9 495.45 499.2 495.05 498.5 508.6 
211 0.0 0.0 0.0 0.0 0.0 499.95 509.05 502.8 493.2 498.35 509.35 498.1 500.25 507.2 501.2 500.4 492.35 498.8 497.9 496.95 501.6 
212 0.0 0.0 0.0 0.0 0.0 501.65 497.85 502.85 503.5 498.4 497.55 497.7 503.7 510.5 492.05 496.9 497.9 503.5 500.85 500.75 505.6 
213 0.0 0.0 0.0 0.0 0.0 496.8 510.6 493.05 492.9 502.9 498.65 499.75 496.05 499.9 505.2 490.7 507.45 496.05 495.05 503.85 494.9 
214 0.0 0.0 0.0 0.0 0.0 504.7 493.65 500.0 504.65 502.7 500.5 501.05 497.45 497.2 497.55 493.65 497.25 488.1 499.25 494.9 499.45 
215 0.0 0.0 0.0 0.0 0.0 492.65 497.0 498.05 496.0 498.6 507.2 497.95 505.3 498.7 499.8 511.1 499.15 503.75 494.8 498.35 488.95 
216 0.0 0.0 0.0 0.0 0.0 495.0 497.05 499.65 505.8 504.3 500.6 500.05 504.7 496.4 504.55 495.5 503.25 506.05 500.6 507.1 503.1 
217 0.0 0.0 0.0 0.0 0.0 504.7 494.7 492.5 491.9 496.05 506.15 512.2 499.2 496.05 501.15 511.3 491.05 500.3 503.0 503.0 497.7 
218 0.0 0.0 0.0 0.0 0.0 503.15 501.5 505.7 501.15 503.45 494.8 509.05 505.7 496.9 495.3 501.4 501.55 499.6 500.55 496.55 504.45 
219 0.0 0.0 0.0 0.0 0.0 494.55 501.2 499.65 500.45 499.25 499.85 508.65 504.1 505.05 505.45 496.05 492.7 500.9 511.0 497.55 493.05 
220 0.0 0.0 0.0 0.0 0.0 496.6 501.0 493.55 509.25 491.65 505.65 501.75 503.15 505.5 507.6 508.95 516.9 499.15 487.95 492.6 511.05 
221 0.0 0.0 0.0 0.0 0.0 506.1 504.4 506.95 492.2 499.4 500.25 503.15 497.45 495.5 507.5 501.45 508.65 504.6 499.95 512.1 499.05 
222 0.0 0.0 0.0 0.0 0.0 504.05 497.2 498.35 506.35 501.2 501.6 491.85 500.35 495.2 493.05 501.2 499.55 498.45 500.2 494.8 491.25 
223 0.0 0.0 0.0 0.0 0.0 490.4 506.85 498.2 500.95 509.0 503.05 495.6 500.35 504.15 502.8 505.1 503.7 500.3 500.7 492.65 498.05 
224 0.0 0.0 0.0 0.0 0.0 505.25 496.75 504.45 505.0 502.85 499.25 501.85 501.85 500.85 504.6 495.4 489.0 494.4 499.2 501.05 499.2 
225 0.0 0.0 0.0 0.0 0.0 506.7 497.65 495.4 499.05 495.0 506.15 504.25 503.1 507.05 501.3 510.4 505.3 500.15 496.55 503.75 507.0 
226 0.0 0.0 0.0 0.0 0.0 498.95 503.1 503.0 497.15 506.35 496.45 492.75 496.85 492.1 498.0 496.75 500.5 509.2 499.1 495.55 502.95 
227 0.0 0.0 0.0 0.0 0.0 491.2 495.6 508.45 500.75 501.45 494.45 498.15 498.6 510.25 497.45 498.25 498.9 499.55 500.35 501.95 494.05 
228 0.0 0.0 0.0 0.0 0.0 498.6 495.3 499.1 499.65 493.35 496.3 495.95 495.45 495.45 501.05 496.3 490.15 494.95 508.85 502.65 496.65 
229 0.0 0.0 0.0 0.0 0.0 498.85 509.35 500.2 502.35 493.45 495.45 498.7 500.75 496.3 497.35 492.4 502.65 501.65 495.9 500.2 508.35 
230 0.0 0.0 0.0 0.0 0.0 503.65 498.4 494.65 501.2 501.4 494.85 498.1 496.0 499.8 500.4 501.85 494.5 490.65 498.35 501.05 500.45 
231 0.0 0.0 0.0 0.0 0.0 504.7 499.25 497.75 500.35 497.25 494.45 503.2 502.6 496.0 491.4 507.7 499.35 500.15 497.0 498.55 496.35 
232 0.0 0.0 0.0 0.0 0.0 497.45 493.45 500.3 506.35 508.1 503.2 498.55 501.3 498.9 509.65 506.8 497.65 495.85 494.65 497.5 504.55 
233 0.0 0.0 0.0 0.0 0.0 503.25 505.9 495.3 503.05 507.1 514.2 498.85 499.65 505.15 501.45 494.5 509.1 499.95 502.4 501.35 499.65 
234 0.0 0.0 0.0 0.0 0.0 504.1 496.55 507.8 500.45 502.85 514.85 512.15 502.95 500.4 502.25 499.4 496.35 505.0 501.1 497.65 495.75 
235 0.0 0.0 0.0 0.0 0.0 498.4 503.6 503.85 488.9 507.35 499.0 503.4 490.2 496.8 498.9 494.2 493.15 496.0 494.75 503.25 503.0 
236 0.0 0.0 0.0 0.0 0.0 501.55 502.3 502.8 499.3 494.15 494.8 501.7 503.0 500.9 495.4 502.35 510.8 499.65 492.75 495.75 513.1 
237 0.0 0.0 0.0 0.0 0.0 492.3 495.2 498.2 497.3 498.8 499.6 497.35 506.25 497.0 506.15 500.55 501.95 495.15 503.45 489.75 499.75 
238 0.0 0.0 0.0 0.0 0.0 504.7 505.95 490.85 494.95 495.4 502.3 499.0 493.95 505.2 498.15 497.2 495.75 498.4 507.85 502.95 490.05 
239 0.0 0.0 0.0 0.0 0.0 500.35 502.75 503.6 498.9 496.05 497.35 501.2 495.65 502.8 502.5 506.7 499.3 497.6 504.3 500.3 490.05 
240 0.0 0.0 0.0 0.0 0.0 500.4 494.9 504.25 505.55 499.45 495.35 494.3 505.45 504.05 497.0 499.35 501.5 499.0 501.9 498.4 506.45 
241 0.0 0.0 0.0 0.0 0.0 500.9 507.4 497.15 503.55 504.0 498.85 494.85 497.95 497.4 500.1 497.6 506.35 508.75 500.15 512.2 495.9 
242 0.0 0.0 0.0 0.0 0.0 475.35 499.5 498.15 511.3 498.95 506.8 505.25 506.65 496.4 501.85 495.05 503.55 502.0 509.75 503.0 494.45 
243 0.0 0.0 0.0 0.0 0.0 417.7 497.5 499.85 495.3 503.85 497.35 510.1 503.15 502.45 499.3 493.65 495.8 503.85 499.6 503.95 501.25 
244 0.0 0.0 0.0 0.0 0.0 380.15 493.75 502.2 499.3 493.9 505.9 498.5 498.85 501.4 502.85 504.7 499.9 499.25 505.3 493.75 499.8 
245 0.0 0.0 0.0 0.0 0.0 255.05 499.7 503.55 501.45 497.55 495.4 496.4 503.8 501.55 497.3 508.6 497.3 498.7 500.4 511.25 502.8 
246 0.0 0.0 0.0 0.0 0.0 176.5 503.0 499.95 501.2 505.8 497.65 490.0 502.85 494.9 500.1 503.7 503.45 499.2 492.1 506.2 499.65 
247 0.0 0.0 0.0 0.0 0.0 82.6 487.5 494.45 497.85 500.4 494.0 499.9 496.0 507.15 501.65 503.05 498.6 506.2 496.9 488.1 507.55 
248 0.0 0.0 0.0 0.0 0.0 22.15 507.0 505.9 502.9 497.45 507.65 506.75 496.6 500.95 495.6 500.75 501.8 496.05 502.55 494.95 502.9 
249 0.0 0.0 0.0 0.0 0.0 1.5 494.6 501.0 499.0 495.95 503.35 501.15 502.25 502.2 502.85 499.2 506.2 509.9 505.7 501.95 497.5 
250 0.0 0.0 0.0 0.0 0.0 0.15 505.7 499.55 493.1 501.45 497.2 506.55 504.3 502.6 506.7 506.65 506.25 503.6 492.7 500.2 500.5 
251 0.0 0.0 0.0 0.0 0.0 0.0 504.9 499.6 498.2 508.4 499.05 495.6 500.25 496.75 501.7 495.65 499.9 496.3 508.5 504.5 502.5 
252 0.0 0.0 0.0 0.0 0.0 0.0 505.6 501.8 512.6 504.2 493.2 501.65 498.4 504.65 498.65 498.15 491.0 496.4 495.85 503.2 494.25 
253 0.0 0.0 0.0 0.0 0.0 0.0 499.9 502.75 499.85 491.75 497.4 498.35 494.75 496.2 498.2 490.85 493.75 498.7 486.95 505.85 509.7 
254 0.0 0.0 0.0 0.0 0.0 0.0 502.5 498.4 502.2 506.0 508.15 499.45 493.05 495.9 504.05 502.15 502.25 500.45 500.35 499.9 496.8 
255 0.0 0.0 0.0 0.0 0.0 0.0 504.65 500.8 495.65 496.35 497.15 497.45 494.7 498.55 488.9 491.4 511.6 502.3 503.55 494.05 500.75 
256 0.0 0.0 0.0 0.0 0.0 0.0 505.2 507.2 507.0 507.65 504.65 501.05 500.7 492.6 501.75 502.65 498.8 503.85 495.35 499.2 501.45 
257 0.0 0.0 0.0 0.0 0.0 0.0 500.35 502.3 496.95 497.3 490.5 491.6 498.9 494.8 493.65 505.2 492.45 501.05 511.2 502.65 498.05 
258 0.0 0.0 0.0 0.0 0.0 0.0 497.75 500.15 501.8 490.7 503.3 500.6 497.35 500.0 496.5 502.05 502.95 504.2 498.75 498.05 507.3 
259 0.0 0.0 0.0 0.0 0.0 0.0 499.95 494.9 490.85 495.3 495.65 499.65 498.0 491.25 499.2 494.75 503.05 505.0 502.85 511.85 504.5 
260 0.0 0.0 0.0 0.0 0.0 0.0 496.85 491.5 492.7 493.0 500.45 491.95 499.95 503.0 502.25 498.1 499.3 497.6 507.85 501.25 500.95 
261 0.0 0.0 0.0 0.0 0.0 0.0 496.1 498.9 493.8 501.15 490.75 507.75 500.05 499.45 501.35 497.75 498.1 492.9 505.4 501.95 503.0 
262 0.0 0.0 0.0 0.0 0.0 0.0 498.3 504.5 508.15 497.2 499.85 499.15 506.75 500.8 504.2 511.55 503.8 496.95 498.35 496.35 501.55 
263 0.0 0.0 0.0 0.0 0.0 0.0 505.25 498.65 496.0 499.3 501.3 494.65 496.05 498.4 503.65 501.5 506.7 509.3 495.45 496.0 498.75 
264 0.0 0.0 0.0 0.0 0.0 0.0 496.25 500.05 504.95 507.1 502.6 500.35 504.55 502.15 495.1 508.65 490.0 499.35 507.1 507.35 490.2 
265 0.0 0.0 0.0 0.0 0.0 0.0 501.0 500.35 507.65 504.65 498.0 504.4 504.0 500.9 499.35 501.7 503.0 505.4 500.8 495.55 507.55 
266 0.0 0.0 0.0 0.0 0.0 0.0 490.2 501.1 507.1 505.85 503.85 508.7 499.15 503.95 498.25 493.2 503.6 502.4 499.4 509.1 499.35 
267 0.0 0.0 0.0 0.0 0.0 0.0 500.6 500.95 492.2 507.6 507.05 499.2 501.2 508.7 499.05 502.3 505.4 497.5 492.55 501.05 499.9 
268 0.0 0.0 0.0 0.0 0.0 0.0 502.7 503.1 506.9 497.9 511.2 507.6 493.2 507.05 503.55 490.6 494.7 492.75 507.95 496.55 498.95 
269 0.0 0.0 0.0 0.0 0.0 0.0 496.2 490.8 498.75 499.05 503.4 502.3 503.9 502.65 494.9 504.95 497.4 502.3 493.6 494.45 505.7 
270 0.0 0.0 0.0 0.0 0.0 0.0 501.5 511.9 495.4 493.15 493.15 506.95 504.0 486.8 506.25 496.75 496.5 496.7 495.95 491.25 498.9 
271 0.0 0.0 0.0 0.0 0.0 0.0 508.9 488.6 492.05 502.35 485.25 493.65 503.2 503.7 497.25 498.45 497.65 499.25 495.25 493.05 503.7 
272 0.0 0.0 0.0 0.0 0.0 0.0 503.15 496.35 502.2 501.2 497.6 502.05 502.6 495.0 501.7 496.55 503.95 501.75 493.95 502.35 497.75 
273 0.0 0.0 0.0 0.0 0.0 0.0 498.4 499.8 505.4 501.1 497.1 490.05 489.95 508.3 502.8 498.8 504.55 496.8 495.85 497.5 503.0 
274 0.0 0.0 0.0 0.0 0.0 0.0 499.25 501.9 488.1 494.35 497.2 491.6 505.25 492.0 502.05 504.75 505.85 503.75 507.3 504.45 502.2 
275 0.0 0.0 0.0 0.0 0.0 0.0 492.9 498.4 495.4 498.45 511.45 498.3 488.55 499.5 499.75 494.55 489.85 495.25 497.7 505.25 498.7 
276 0.0 0.0 0.0 0.0 0.0 0.0 502.9 501.3 497.8 502.7 497.15 496.6 499.4 496.25 493.05 507.85 495.1 506.25 511.55 500.5 491.85 
277 0.0 0.0 0.0 0.0 0.0 0.0 491.75 503.0 508.1 492.65 506.55 495.35 503.8 502.6 500.1 498.2 498.85 495.05 498.2 491.2 503.6 
278 0.0 0.0 0.0 0.0 0.0 0.0 495.0 499.05 508.25 501.9 501.1 505.65 503.9 496.7 499.6 492.0 497.7 495.9 503.95 501.0 498.55 
279 0.0 0.0 0.0 0.0 0.0 0.0 504.7 501.4 504.5 501.2 495.35 501.65 495.45 499.0 500.35 496.1 495.2 492.05 490.05 508.9 495.5 
280 0.0 0.0 0.0 0.0 0.0 0.0 495.85 496.6 493.7 495.0 494.65 497.3 496.0 500.6 499.75 493.5 502.7 500.9 499.55 493.55 497.5 
281 0.0 0.0 0.0 0.0 0.0 0.0 496.15 506.45 502.55 504.25 498.5 490.75 505.8 497.7 503.55 509.55 499.05 496.45 502.55 498.75 505.8 
282 0.0 0.0 0.0 0.0 0.0 0.0 504.05 503.4 500.05 496.5 494.4 496.45 494.2 507.3 497.25 496.95 504.1 508.15 509.85 505.0 485.3 
283 0.0 0.0 0.0 0.0 0.0 0.0 511.55 501.0 496.6 499.2 500.35 498.4 505.05 499.6 497.9 498.75 493.3 505.05 499.15 498.25 506.5 
284 0.0 0.0 0.0 0.0 0.0 0.0 506.15 500.3 498.4 500.0 493.7 509.85 501.25 502.45 503.9 510.0 504.1 501.3 494.9 500.95 501.1 
285 0.0 0.0 0.0 0.0 0.0 0.0 500.55 500.75 493.2 489.85 500.3 501.6 507.5 502.35 498.25 488.7 500.45 497.45 504.85 507.35 506.75 
286 0.0 0.0 0.0 0.0 0.0 0.0 495.25 486.7 497.5 506.6 497.3 492.45 493.15 499.45 496.25 509.85 497.35 491.75 496.1 496.95 490.65 
287 0.0 0.0 0.0 0.0 0.0 0.0 500.45 505.7 503.85 490.6 509.9 500.4 497.15 491.8 497.95 496.3 493.9 503.9 502.05 496.05 499.55 
288 0.0 0.0 0.0 0.0 0.0 0.0 498.8 497.35 506.55 496.4 499.15 506.7 495.85 506.7 508.25 497.75 506.55 506.75 494.45 497.75 502.5 
289 0.0 0.0 0.0 0.0 0.0 0.0 497.6 496.1 495.7 501.95 504.9 494.6 501.7 502.45 496.85 508.85 500.8 499.85 498.2 493.25 499.55 
290 0.0 0.0 0.0 0.0 0.0 0.0 498.7 501.15 500.75 506.2 495.35 504.85 504.0 491.1 506.75 495.25 500.95 497.1 487.9 507.35 496.85 
291 0.0 0.0 0.0 0.0 0.0 0.0 495.35 500.55 500.9 499.4 500.4 497.6 500.8 504.8 494.85 504.45 505.1 497.55 500.65 499.8 502.15 
292 0.0 0.0 0.0 0.0 0.0 0.0 460.4 494.35 501.8 500.15 499.8 500.8 498.0 501.25 501.55 504.1 500.3 496.95 501.0 499.35 501.1 
293 0.0 0.0 0.0 0.0 0.0 0.0 373.7 506.05 491.2 502.3 506.55 505.15 506.35 511.0 497.65 499.65 498.2 498.9 505.6 502.95 498.9 
294 0.0 0.0 0.0 0.0 0.0 0.0 277.1 496.3 499.2 495.25 495.95 504.75 501.7 501.75 508.45 498.1 503.15 501.05 500.15 499.75 502.2 
295 0.0 0.0 0.0 0.0 0.0 0.0 227.75 503.75 499.3 495.6 504.9 506.75 503.85 500.65 498.3 496.75 501.05 501.1 509.85 497.2 488.75 
296 0.0 0.0 0.0 0.0 0.0 0.0 97.4 496.6 504.6 505.05 501.65 494.9 493.1 500.2 491.45 495.05 502.95 501.3 503.5 500.85 502.15 
297 0.0 0.0 0.0 0.0 0.0 0.0 38.15 509.65 502.1 501.35 503.6 497.45 495.7 498.4 497.15 497.5 498.0 505.75 499.05 505.05 503.1 
298 0.0 0.0 0.0 0.0 0.0 0.0 27.4 495.35 502.0 500.05 494.85 504.0 495.85 499.0 504.85 498.3 495.9 497.35 511.05 505.2 510.25 
299 0.0 0.0 0.0 0.0 0.0 0.0 7.8 500.75 501.75 510.95 506.45 494.35 502.25 493.1 498.45 505.55 499.5 502.55 494.45 501.45 502.7 
300 0.0 0.0 0.0 0.0 0.0 0.0 0.5 501.3 501.8 503.1 500.4 500.5 501.25 494.9 502.1 499.8 492.5 501.9 495.0 498.3 505.3 
301 0.0 0.0 0.0 0.0 0.0 0.0 0.0 499.65 503.8 506.05 501.75 506.4 502.4 501.55 493.45 503.8 505.6 496.15 501.45 506.25 499.7 
302 0.0 0.0 0.0 0.0 0.0 0.0 0.0 509.8 504.6 495.9 497.65 500.55 501.9 497.2 508.4 492.9 498.5 499.75 505.35 506.4 505.4 
303 0.0 0.0 0.0 0.0 0.0 0.0 0.0 500.1 503.65 497.8 497.6 505.1 511.75 495.6 497.15 499.9 498.05 493.7 494.75 503.65 497.55 
304 0.0 0.0 0.0 0.0 0.0 0.0 0.0 489.35 490.9 501.15 499.85 496.3 493.55 504.05 491.7 508.35 496.9 501.6 499.5 501.55 499.15 
305 0.0 0.0 0.0 0.0 0.0 0.0 0.0 508.2 497.6 498.75 498.55 498.35 493.05 502.9 504.9 493.3 502.95 498.8 504.6 499.15 500.6 
306 0.0 0.0 0.0 0.0 0.0 0.0 0.0 506.9 499.1 497.55 494.55 505.15 492.6 501.1 501.05 507.35 497.2 504.85 502.6 498.4 497.25 
307 0.0 0.0 0.0 0.0 0.0 0.0 0.0 496.05 505.7 501.1 490.9 490.65 501.45 499.25 497.05 497.0 506.2 502.5 500.05 498.45 499.8 
308 0.0 0.0 0.0 0.0 0.0 0.0 0.0 499.5 501.3 493.1 506.1 501.35 509.65 500.6 505.9 503.25 503.9 498.15 495.55 487.5 499.95 
309 0.0 0.0 0.0 0.0 0.0 0.0 0.0 495.0 499.45 502.6 494.2 499.25 504.15 504.25 504.5 501.05 503.75 501.95 498.0 503.45 501.3 
310 0.0 0.0 0.0 0.0 0.0 0.0 0.0 494.85 500.85 492.6 502.65 494.2 493.45 500.75 500.75 507.65 500.8 494.6 503.25 493.05 498.65 
311 0.0 0.0 0.0 0.0 0.0 0.0 0.0 494.85 488.3 503.75 503.55 507.1 492.1 494.05 504.0 495.85 500.1 505.1 508.85 493.55 503.75 
312 0.0 0.0 0.0 0.0 0.0 0.0 0.0 503.25 500.3 508.15 505.3 500.75 507.3 496.5 507.6 510.6 494.6 497.75 497.3 504.05 490.8 
313 0.0 0.0 0.0 0.0 0.0 0.0 0.0 499.7 501.6 498.6 496.45 505.7 508.95 508.9 495.45 499.25 500.3 502.8 500.15 508.4 494.3 
314 0.0 0.0 0.0 0.0 0.0 0.0 0.0 499.2 507.15 490.75 503.6 488.3 502.1 501.05 498.15 502.15 504.9 509.3 499.2 501.15 503.25 
315 0.0 0.0 0.0 0.0 0.0 0.0 0.0 496.85 490.75 507.45 504.05 500.5 502.15 504.3 495.2 499.9 501.3 504.9 497.45 496.55 507.05 
316 0.0 0.0 0.0 0.0 0.0 0.0 0.0 506.1 503.9 503.0 498.7 498.8 501.9 502.95 502.0 505.05 508.65 501.05 499.7 503.9 490.0 
317 0.0 0.0 0.0 0.0 0.0 0.0 0.0 499.2 499.75 505.6 504.45 502.05 500.0 500.15 507.4 499.45 504.25 499.0 496.15 499.0 501.3 
318 0.0 0.0 0.0 0.0 0.0 0.0 0.0 501.75 495.85 500.05 498.8 500.1 497.2 498.5 490.9 497.35 496.7 495.55 505.85 502.55 497.4 
319 0.0 0.0 0.0 0.0 0.0 0.0 0.0 506.25 504.65 495.45 494.95 500.5 498.75 492.45 501.2 501.35 494.7 487.9 492.8 491.65 505.25 
320 0.0 0.0 0.0 0.0 0.0 0.0 0.0 506.65 503.2 497.5 502.55 497.4 492.4 494.85 497.6 490.2 510.2 500.0 493.4 500.25 495.0 
321 0.0 0.0 0.0 0.0 0.0 0.0 0.0 499.0 502.25 500.45 499.65 496.35 499.25 500.1 498.0 496.7 490.65 498.1 491.7 496.05 501.15 
322 0.0 0.0 0.0 0.0 0.0 0.0 0.0 490.95 503.35 503.85 494.25 505.5 501.35 496.1 494.3 494.65 491.75 484.8 499.9 496.1 500.45 
323 0.0 0.0 0.0 0.0 0.0 0.0 0.0 495.75 494.1 499.5 505.1 506.55 501.35 508.9 500.8 499.0 496.35 502.6 499.65 495.3 505.5 
324 0.0 0.0 0.0 0.0 0.0 0.0 0.0 502.55 494.25 503.25 503.9 496.6 496.55 496.3 500.95 505.8 494.25 506.55 504.5 497.65 493.45 
325 0.0 0.0 0.0 0.0 0.0 0.0 0.0 493.05 500.25 502.15 502.1 495.8 498.4 494.8 506.4 487.25 498.4 503.55 500.05 503.55 495.3 
326 0.0 0.0 0.0 0.0 0.0 0.0 0.0 509.8 508.45 488.2 498.1 499.25 494.35 496.8 506.35 500.95 503.95 497.25 494.35 489.1 497.55 
327 0.0 0.0 0.0 0.0 0.0 0.0 0.0 497.9 493.95 498.25 498.7 501.95 498.55 495.45 487.9 500.75 506.6 500.1 495.45 503.15 490.1 
328 0.0 0.0 0.0 0.0 0.0 0.0 0.0 498.75 498.3 500.55 497.1 497.4 488.1 499.1 500.8 497.15 491.9 492.6 502.45 502.15 503.5 
329 0.0 0.0 0.0 0.0 0.0 0.0 0.0 497.45 491.45 505.25 495.7 493.35 505.65 501.55 494.25 496.05 496.9 496.2 505.3 501.2 497.4 
330 0.0 0.0 0.0 0.0 0.0 0.0 0.0 497.35 496.5 493.15 498.45 497.55 498.35 503.9 501.0 496.25 501.45 500.2 490.75 494.1 501.5 
331 0.0 0.0 0.0 0.0 0.0 0.0 0.0 503.2 508.0 503.85 501.4 500.7 500.75 497.9 489.9 508.5 497.5 495.05 497.95 497.95 499.65 
332 0.0 0.0 0.0 0.0 0.0 0.0 0.0 492.9 493.3 495.25 495.75 502.4 500.15 497.2 500.15 499.4 496.5 492.6 495.8 502.0 496.65 
333 0.0 0.0 0.0 0.0 0.0 0.0 0.0 505.55 512.4 504.8 505.9 496.45 496.05 504.45 496.45 493.65 495.5 510.0 504.1 493.7 502.45 
334 0.0 0.0 0.0 0.0 0.0 0.0 0.0 497.95 502.95 505.0 500.2 493.7 507.0 500.1 511.0 503.45 501.85 501.8 499.8 501.9 503.1 
335 0.0 0.0 0.0 0.0 0.0 0.0 0.0 507.3 490.6 496.3 498.05 503.35 507.7 491.7 504.4 501.2 500.45 494.1 499.5 506.55 494.0 
336 0.0 0.0 0.0 0.0 0.0 0.0 0.0 498.85 497.25 495.5 497.1 502.45 502.05 508.95 503.4 493.4 500.55 507.2 511.5 502.5 492.2 
337 0.0 0.0 0.0 0.0 0.0 0.0 0.0 503.75 502.35 500.45 503.6 511.65 497.15 511.2 497.15 495.85 503.65 511.3 497.6 501.35 507.1 
338 0.0 0.0 0.0 0.0 0.0 0.0 0.0 497.45 500.45 510.95 501.55 502.7 498.05 496.75 508.2 508.5 499.25 498.4 501.45 503.25 499.35 
339 0.0 0.0 0.0 0.0 0.0 0.0 0.0 499.1 507.65 501.25 507.9 495.5 499.5 498.15 497.0 505.2 501.55 503.15 505.5 495.2 497.05 
340 0.0 0.0 0.0 0.0 0.0 0.0 0.0 485.25 496.55 495.75 502.9 507.4 510.9 500.3 494.75 498.4 506.85 508.6 496.15 494.65 506.85 
341 0.0 0.0 0.0 0.0 0.0 0.0 0.0 414.75 507.9 501.9 500.4 499.9 498.05 502.0 505.1 501.65 504.1 502.15 503.85 504.65 508.6 
342 0.0 0.0 0.0 0.0 0.0 0.0 0.0 352.4 503.85 496.25 507.55 506.6 502.5 505.4 488.0 506.3 506.55 505.9 507.15 508.1 502.15 
343 0.0 0.0 0.0 0.0 0.0 0.0 0.0 304.25 497.1 497.25 491.65 502.2 505.55 492.4 502.25 504.0 496.7 493.75 489.3 504.4 514.1 
344 0.0 0.0 0.0 0.0 0.0 0.0 0.0 264.35 502.85 502.3 497.95 500.7 507.95 503.85 500.45 503.0 499.65 500.75 500.45 506.1 504.95 
345 0.0 0.0 0.0 0.0 0.0 0.0 0.0 158.15 492.0 494.75 493.85 500.2 493.65 498.15 508.9 507.85 494.35 499.85 504.45 505.3 505.1 
346 0.0 0.0 0.0 0.0 0.0 0.0 0.0 109.8 500.0 501.9 508.7 496.1 495.5 509.6 505.2 491.05 509.6 495.7 511.4 495.65 499.0 
347 0.0 0.0 0.0 0.0 0.0 0.0 0.0 40.75 500.4 495.35 495.35 497.0 496.15 498.9 504.1 505.05 498.95 502.25 498.65 504.85 498.25 
348 0.0 0.0 0.0 0.0 0.0 0.0 0.0 8.15 503.45 501.35 499.4 493.5 498.95 499.45 502.65 499.9 499.1 497.5 494.05 500.35 502.3 
349 0.0 0.0 0.0 0.0 0.0 0.0 0.0 0.9 503.8 507.6 506.7 506.45 508.6 495.05 499.5 500.15 497.05 498.25 496.35 499.55 499.85 
350 0.0 0.0 0.0 0.0 0.0 0.0 0.0 0.0 496.05 497.5 493.95 496.65 499.4 502.3 498.45 492.2 497.4 500.6 509.9 505.4 498.95 
351 0.0 0.0 0.0 0.0 0.0 0.0 0.0 0.0 493.35 495.45 497.95 484.2 500.0 497.8 501.1 499.4 502.25 508.05 507.7 508.5 506.45 
352 0.0 0.0 0.0 0.0 0.0 0.0 0.0 0.0 496.6 502.5 502.05 500.5 501.3 505.05 500.9 508.85 504.7 509.35 498.3 499.3 503.85 
353 0.0 0.0 0.0 0.0 0.0 0.0 0.0 0.0 498.65 506.15 495.15 505.1 493.0 500.75 509.85 503.85 504.75 505.95 505.7 492.35 501.05 
354 0.0 0.0 0.0 0.0 0.0 0.0 0.0 0.0 494.7 505.9 502.8 506.2 503.0 504.8 496.2 497.3 499.85 503.9 501.1 500.5 499.5 
355 0.0 0.0 0.0 0.0 0.0 0.0 0.0 0.0 511.75 501.1 507.95 505.2 503.2 493.85 500.8 508.7 500.8 503.0 502.9 505.8 506.95 
356 0.0 0.0 0.0 0.0 0.0 0.0 0.0 0.0 499.85 497.05 488.85 502.75 504.0 509.75 509.6 502.3 512.1 497.85 504.25 511.25 490.75 
357 0.0 0.0 0.0 0.0 0.0 0.0 0.0 0.0 499.85 499.4 509.4 497.35 501.05 506.9 492.55 497.55 507.95 500.3 504.65 493.75 507.75 
358 0.0 0.0 0.0 0.0 0.0 0.0 0.0 0.0 495.4 499.65 508.25 505.9 497.15 502.9 501.15 494.4 490.6 508.1 508.05 503.2 496.6 
359 0.0 0.0 0.0 0.0 0.0 0.0 0.0 0.0 495.9 491.25 495.8 511.55 501.35 498.65 497.55 501.6 503.05 498.55 487.15 493.55 502.9 
360 0.0 0.0 0.0 0.0 0.0 0.0 0.0 0.0 496.55 505.9 496.15 503.35 501.45 501.95 502.0 500.75 494.35 498.75 499.6 495.15 500.7 
361 0.0 0.0 0.0 0.0 0.0 0.0 0.0 0.0 502.15 500.65 496.0 501.4 507.65 503.4 497.15 505.25 505.9 501.0 500.6 499.55 492.75 
362 0.0 0.0 0.0 0.0 0.0 0.0 0.0 0.0 504.85 508.05 506.0 497.3 506.2 489.0 496.0 493.7 496.25 499.15 499.8 509.45 496.5 
363 0.0 0.0 0.0 0.0 0.0 0.0 0.0 0.0 501.3 501.8 503.75 501.45 501.5 499.1 493.2 499.7 510.1 493.1 495.9 493.95 490.0 
364 0.0 0.0 0.0 0.0 0.0 0.0 0.0 0.0 508.0 503.3 512.9 503.5 495.35 503.55 502.8 500.7 502.5 498.7 493.35 491.2 505.05 
365 0.0 0.0 0.0 0.0 0.0 0.0 0.0 0.0 504.5 496.85 494.7 503.4 502.75 495.95 498.15 503.45 500.5 499.6 505.4 502.15 503.25 
366 0.0 0.0 0.0 0.0 0.0 0.0 0.0 0.0 496.1 494.0 496.75 492.7 494.4 496.85 501.7 500.3 493.85 492.4 501.7 504.7 498.35 
367 0.0 0.0 0.0 0.0 0.0 0.0 0.0 0.0 495.15 505.0 495.4 501.6 492.6 499.6 505.95 495.7 492.55 498.1 487.25 497.8 487.95 
368 0.0 0.0 0.0 0.0 0.0 0.0 0.0 0.0 499.95 494.25 503.25 494.0 503.5 490.5 502.7 501.85 495.55 499.15 501.3 492.4 501.35 
369 0.0 0.0 0.0 0.0 0.0 0.0 0.0 0.0 504.35 501.1 503.8 505.55 496.6 498.85 504.0 503.2 497.85 501.5 499.65 490.65 499.7 
370 0.0 0.0 0.0 0.0 0.0 0.0 0.0 0.0 502.75 502.05 498.7 494.35 499.3 494.4 496.1 494.1 502.15 500.3 499.4 504.4 499.55 
371 0.0 0.0 0.0 0.0 0.0 0.0 0.0 0.0 499.6 502.05 497.95 503.3 500.0 500.05 504.5 494.3 501.35 494.4 501.05 494.85 503.7 
372 0.0 0.0 0.0 0.0 0.0 0.0 0.0 0.0 499.75 499.95 498.3 509.45 503.45 502.35 492.75 506.95 493.2 502.6 501.2 510.75 502.1 
373 0.0 0.0 0.0 0.0 0.0 0.0 0.0 0.0 495.0 492.3 496.0 491.85 502.9 507.75 499.85 496.45 496.65 492.15 499.3 503.15 501.05 
374 0.0 0.0 0.0 0.0 0.0 0.0 0.0 0.0 495.05 495.9 500.85 504.35 495.05 506.15 494.6 503.75 498.15 499.75 493.7 499.35 497.05 
375 0.0 0.0 0.0 0.0 0.0 0.0 0.0 0.0 507.95 498.1 508.1 493.95 504.25 507.5 498.55 500.2 500.6 505.55 505.85 502.75 505.9 
376 0.0 0.0 0.0 0.0 0.0 0.0 0.0 0.0 495.85 501.75 498.2 502.7 500.2 500.15 510.0 498.6 500.1 502.3 503.6 492.25 501.7 
377 0.0 0.0 0.0 0.0 0.0 0.0 0.0 0.0 499.35 498.0 499.55 492.6 500.7 509.9 508.3 503.7 503.1 501.1 498.5 498.6 506.3 
378 0.0 0.0 0.0 0.0 0.0 0.0 0.0 0.0 498.6 501.15 492.1 499.45 503.55 496.95 499.05 503.6 500.8 505.05 496.45 510.85 489.0 
379 0.0 0.0 0.0 0.0 0.0 0.0 0.0 0.0 505.7 499.05 499.0 501.35 499.5 494.5 495.15 496.45 494.6 496.95 502.25 503.05 507.2 
380 0.0 0.0 0.0 0.0 0.0 0.0 0.0 0.0 502.3 504.65 495.2 512.15 496.0 501.9 493.6 495.2 502.25 498.25 510.45 494.4 491.95 
381 0.0 0.0 0.0 0.0 0.0 0.0 0.0 0.0 497.15 501.7 493.4 496.75 489.05 494.75 497.65 494.15 504.8 503.3 495.35 502.65 506.35 
382 0.0 0.0 0.0 0.0 0.0 0.0 0.0 0.0 492.15 501.0 500.85 484.15 501.1 501.0 498.05 503.55 495.05 497.7 504.1 509.75 499.3 
383 0.0 0.0 0.0 0.0 0.0 0.0 0.0 0.0 499.15 495.5 497.4 490.2 503.25 493.8 495.5 494.15 501.1 498.15 497.55 496.6 505.1 
384 0.0 0.0 0.0 0.0 0.0 0.0 0.0 0.0 499.65 494.0 502.25 494.55 500.85 500.5 496.2 493.75 506.35 498.15 501.25 499.55 498.45 
385 0.0 0.0 0.0 0.0 0.0 0.0 0.0 0.0 497.0 495.9 498.2 503.6 502.2 496.3 501.55 502.6 499.25 500.0 499.65 497.15 493.15 
386 0.0 0.0 0.0 0.0 0.0 0.0 0.0 0.0 507.5 498.2 493.5 497.6 488.8 493.1 500.95 504.55 497.9 500.55 490.5 491.2 500.5 
387 0.0 0.0 0.0 0.0 0.0 0.0 0.0 0.0 499.0 502.75 505.25 493.7 493.75 487.9 495.35 492.85 496.15 494.3 496.5 495.15 498.75 
388 0.0 0.0 0.0 0.0 0.0 0.0 0.0 0.0 492.1 497.7 496.7 493.9 496.4 492.05 493.6 500.1 490.9 498.65 497.65 502.65 501.45 
389 0.0 0.0 0.0 0.0 0.0 0.0 0.0 0.0 447.25 504.55 496.1 503.05 504.7 498.4 502.2 503.8 500.95 502.75 510.2 499.9 489.65 
390 0.0 0.0 0.0 0.0 0.0 0.0 0.0 0.0 398.85 509.35 498.25 501.55 496.35 495.05 499.3 498.2 507.25 493.05 497.9 495.5 487.5 
391 0.0 0.0 0.0 0.0 0.0 0.0 0.0 0.0 381.45 492.9 503.05 505.45 497.4 510.0 506.1 493.5 503.6 496.1 498.95 497.6 502.3 
392 0.0 0.0 0.0 0.0 0.0 0.0 0.0 0.0 352.15 500.1 495.0 499.05 499.45 501.2 498.55 500.3 502.55 512.2 499.6 493.05 498.6 
393 0.0 0.0 0.0 0.0 0.0 0.0 0.0 0.0 252.9 503.8 502.25 499.3 494.8 490.2 495.55 501.5 490.0 499.5 492.25 498.15 502.2 
394 0.0 0.0 0.0 0.0 0.0 0.0 0.0 0.0 154.1 501.75 506.35 502.55 503.45 503.35 492.25 498.85 499.3 501.0 497.6 503.35 502.75 
395 0.0 0.0 0.0 0.0 0.0 0.0 0.0 0.0 107.05 495.05 498.3 500.6 504.1 511.35 505.6 504.4 501.4 499.2 500.6 501.95 494.65 
396 0.0 0.0 0.0 0.0 0.0 0.0 0.0 0.0 100.85 498.45 505.7 493.7 505.2 500.35 499.65 498.4 491.2 492.9 496.85 499.2 502.65 
397 0.0 0.0 0.0 0.0 0.0 0.0 0.0 0.0 60.2 506.55 503.75 508.15 493.55 497.3 500.5 497.6 495.45 501.9 496.7 501.35 505.7 
398 0.0 0.0 0.0 0.0 0.0 0.0 0.0 0.0 30.75 497.0 508.5 499.85 499.9 503.7 497.45 505.25 505.35 503.65 500.25 506.35 501.05 
399 0.0 0.0 0.0 0.0 0.0 0.0 0.0 0.0 3.65 497.25 496.55 506.1 504.65 504.25 503.25 495.2 499.95 500.1 504.7 496.0 502.0 
400 0.0 0.0 0.0 0.0 0.0 0.0 0.0 0.0 0.3 509.75 501.2 496.35 496.2 502.6 494.45 496.1 509.35 505.15 503.05 497.65 498.05 
401 0.0 0.0 0.0 0.0 0.0 0.0 0.0 0.0 0.15 501.55 498.9 501.35 506.4 497.9 492.9 509.3 505.45 498.95 506.0 509.4 502.6 
402 0.0 0.0 0.0 0.0 0.0 0.0 0.0 0.0 0.0 487.25 496.4 509.0 499.8 506.95 509.65 497.5 505.05 496.45 504.3 493.95 504.6 
403 0.0 0.0 0.0 0.0 0.0 0.0 0.0 0.0 0.0 507.2 503.35 498.25 497.1 494.2 505.85 509.65 498.6 497.7 493.95 498.45 506.0 
404 0.0 0.0 0.0 0.0 0.0 0.0 0.0 0.0 0.0 502.6 500.05 498.85 511.35 502.6 506.65 498.35 496.6 508.85 499.25 503.0 491.25 
405 0.0 0.0 0.0 0.0 0.0 0.0 0.0 0.0 0.0 498.9 503.6 503.65 505.45 501.75 506.9 503.6 497.65 505.1 500.3 505.65 510.75 
406 0.0 0.0 0.0 0.0 0.0 0.0 0.0 0.0 0.0 502.4 498.3 500.55 504.5 501.75 503.35 494.1 507.0 501.15 503.5 506.1 499.75 
407 0.0 0.0 0.0 0.0 0.0 0.0 0.0 0.0 0.0 503.9 496.35 508.9 488.0 496.95 501.1 498.45 502.5 490.35 495.0 497.8 501.05 
408 0.0 0.0 0.0 0.0 0.0 0.0 0.0 0.0 0.0 494.1 499.0 494.6 491.5 501.45 493.9 499.45 489.15 489.55 495.25 500.55 501.3 
409 0.0 0.0 0.0 0.0 0.0 0.0 0.0 0.0 0.0 513.4 502.65 495.7 503.65 498.85 502.4 504.8 501.3 499.35 501.7 500.6 499.25 
410 0.0 0.0 0.0 0.0 0.0 0.0 0.0 0.0 0.0 495.5 497.8 495.75 495.3 494.75 499.95 496.95 491.95 505.75 499.0 494.8 492.1 
411 0.0 0.0 0.0 0.0 0.0 0.0 0.0 0.0 0.0 491.3 501.1 496.65 511.15 508.7 490.3 492.95 507.6 497.9 496.65 498.25 501.9 
412 0.0 0.0 0.0 0.0 0.0 0.0 0.0 0.0 0.0 488.05 490.9 496.4 496.7 495.6 501.4 501.2 493.55 503.1 499.1 504.1 496.45 
413 0.0 0.0 0.0 0.0 0.0 0.0 0.0 0.0 0.0 501.5 502.0 499.6 495.15 504.65 494.3 500.3 495.55 496.55 499.85 498.85 499.0 
414 0.0 0.0 0.0 0.0 0.0 0.0 0.0 0.0 0.0 495.5 502.45 492.5 501.7 506.05 505.45 504.2 497.5 493.05 498.6 499.95 509.5 
415 0.0 0.0 0.0 0.0 0.0 0.0 0.0 0.0 0.0 498.0 498.7 495.8 499.9 492.4 509.5 491.2 500.0 499.25 501.65 501.0 501.6 
416 0.0 0.0 0.0 0.0 0.0 0.0 0.0 0.0 0.0 509.0 487.1 509.1 504.45 502.25 500.8 496.55 505.65 501.15 494.2 490.5 496.7 
417 0.0 0.0 0.0 0.0 0.0 0.0 0.0 0.0 0.0 500.4 501.85 496.7 499.5 499.95 500.8 510.15 498.9 499.95 498.8 495.85 492.8 
418 0.0 0.0 0.0 0.0 0.0 0.0 0.0 0.0 0.0 509.4 501.15 499.85 501.25 495.5 491.2 500.7 500.15 504.75 507.35 501.35 499.85 
419 0.0 0.0 0.0 0.0 0.0 0.0 0.0 0.0 0.0 497.4 503.05 493.55 493.0 500.15 498.3 500.45 499.9 508.1 503.6 504.65 503.6 
420 0.0 0.0 0.0 0.0 0.0 0.0 0.0 0.0 0.0 501.85 504.2 506.25 496.9 501.1 505.2 494.95 496.95 499.25 498.05 494.1 496.3 
421 0.0 0.0 0.0 0.0 0.0 0.0 0.0 0.0 0.0 494.85 501.2 500.2 500.7 493.45 495.1 494.0 499.9 498.3 504.15 497.65 493.9 
422 0.0 0.0 0.0 0.0 0.0 0.0 0.0 0.0 0.0 494.9 498.35 507.9 504.85 491.9 500.05 502.45 499.25 494.5 495.2 498.75 491.75 
423 0.0 0.0 0.0 0.0 0.0 0.0 0.0 0.0 0.0 504.75 511.5 507.4 503.65 497.5 496.35 503.15 504.45 493.8 497.8 508.85 506.65 
424 0.0 0.0 0.0 0.0 0.0 0.0 0.0 0.0 0.0 497.9 508.6 493.0 498.85 506.9 496.25 505.3 508.7 490.35 490.4 494.45 498.15 
425 0.0 0.0 0.0 0.0 0.0 0.0 0.0 0.0 0.0 507.45 504.05 496.6 496.9 498.4 500.3 501.25 497.0 500.85 505.3 500.2 498.35 
426 0.0 0.0 0.0 0.0 0.0 0.0 0.0 0.0 0.0 498.15 487.65 506.4 497.75 503.55 498.45 503.2 495.25 506.6 504.9 502.35 500.6 
427 0.0 0.0 0.0 0.0 0.0 0.0 0.0 0.0 0.0 493.45 496.3 505.0 498.4 511.75 502.0 503.3 497.8 504.35 509.5 501.45 497.3 
428 0.0 0.0 0.0 0.0 0.0 0.0 0.0 0.0 0.0 500.7 494.1 492.05 506.15 512.4 512.55 501.25 502.7 510.55 509.1 497.65 501.9 
429 0.0 0.0 0.0 0.0 0.0 0.0 0.0 0.0 0.0 500.8 505.15 498.7 498.8 493.55 504.2 500.8 505.55 506.55 495.3 505.95 501.5 
430 0.0 0.0 0.0 0.0 0.0 0.0 0.0 0.0 0.0 500.65 496.9 495.05 508.35 502.35 503.5 506.8 505.55 508.85 502.35 502.9 503.3 
431 0.0 0.0 0.0 0.0 0.0 0.0 0.0 0.0 0.0 498.55 500.2 494.5 495.8 494.8 506.45 494.25 504.75 503.15 504.0 501.5 497.55 
432 0.0 0.0 0.0 0.0 0.0 0.0 0.0 0.0 0.0 506.6 501.9 497.5 499.2 499.9 507.4 508.65 505.55 492.1 496.9 495.6 506.4 
433 0.0 0.0 0.0 0.0 0.0 0.0 0.0 0.0 0.0 501.1 507.8 507.05 499.15 504.8 491.05 492.55 496.85 498.0 499.8 503.15 504.1 
434 0.0 0.0 0.0 0.0 0.0 0.0 0.0 0.0 0.0 474.05 499.65 502.25 501.1 496.4 499.0 512.05 500.8 501.6 500.3 501.55 503.05 
435 0.0 0.0 0.0 0.0 0.0 0.0 0.0 0.0 0.0 476.2 484.95 500.6 509.95 502.9 492.95 496.65 500.9 496.05 494.5 499.7 482.6 
436 0.0 0.0 0.0 0.0 0.0 0.0 0.0 0.0 0.0 478.6 496.45 507.75 502.2 495.7 492.15 497.6 489.6 500.25 491.75 507.65 499.15 
437 0.0 0.0 0.0 0.0 0.0 0.0 0.0 0.0 0.0 464.95 500.4 506.45 491.9 492.95 496.1 495.4 498.1 495.3 501.1 495.7 494.95 
438 0.0 0.0 0.0 0.0 0.0 0.0 0.0 0.0 0.0 445.6 504.95 492.3 499.5 500.4 503.05 495.35 493.65 498.8 492.45 500.75 508.8 
439 0.0 0.0 0.0 0.0 0.0 0.0 0.0 0.0 0.0 413.5 500.8 494.45 500.85 504.1 496.45 506.05 494.7 497.85 495.1 491.9 503.35 
440 0.0 0.0 0.0 0.0 0.0 0.0 0.0 0.0 0.0 388.9 501.45 500.2 487.75 495.15 495.25 492.45 504.7 494.7 498.0 503.15 507.15 
441 0.0 0.0 0.0 0.0 0.0 0.0 0.0 0.0 0.0 375.95 507.2 507.9 503.95 501.7 492.4 492.55 491.2 497.4 504.6 499.4 502.25 
442 0.0 0.0 0.0 0.0 0.0 0.0 0.0 0.0 0.0 295.1 499.65 498.1 493.15 495.25 502.4 491.45 501.25 493.45 500.0 499.3 502.75 
443 0.0 0.0 0.0 0.0 0.0 0.0 0.0 0.0 0.0 208.75 500.9 509.35 499.0 492.85 500.95 495.95 496.05 493.2 506.0 493.85 493.8 
444 0.0 0.0 0.0 0.0 0.0 0.0 0.0 0.0 0.0 126.7 497.55 491.25 498.2 494.5 500.55 494.7 499.4 500.9 494.05 496.7 487.25 
445 0.0 0.0 0.0 0.0 0.0 0.0 0.0 0.0 0.0 75.4 498.65 498.45 496.85 498.6 497.55 504.35 495.55 507.35 499.35 497.6 507.9 
446 0.0 0.0 0.0 0.0 0.0 0.0 0.0 0.0 0.0 35.2 500.0 493.25 501.75 502.25 493.35 499.15 502.05 503.8 499.8 496.45 505.7 
447 0.0 0.0 0.0 0.0 0.0 0.0 0.0 0.0 0.0 4.2 501.3 496.75 494.55 496.45 502.5 510.2 493.75 506.05 501.4 504.75 499.5 
448 0.0 0.0 0.0 0.0 0.0 0.0 0.0 0.0 0.0 0.35 498.15 502.4 502.5 509.25 507.5 502.45 512.4 498.1 502.3 503.35 490.15 
449 0.0 0.0 0.0 0.0 0.0 0.0 0.0 0.0 0.0 0.0 496.6 502.05 503.0 496.6 501.4 504.55 501.75 505.55 503.35 507.35 503.6 
450 0.0 0.0 0.0 0.0 0.0 0.0 0.0 0.0 0.0 0.0 495.6 504.3 504.3 510.2 502.45 491.1 502.4 494.25 494.6 499.2 502.6 
451 0.0 0.0 0.0 0.0 0.0 0.0 0.0 0.0 0.0 0.0 501.8 505.1 500.95 495.45 503.05 504.2 505.95 506.4 500.85 492.8 498.6 
452 0.0 0.0 0.0 0.0 0.0 0.0 0.0 0.0 0.0 0.0 503.25 500.15 503.7 502.8 491.8 498.3 501.35 501.9 514.1 500.35 500.6 
453 0.0 0.0 0.0 0.0 0.0 0.0 0.0 0.0 0.0 0.0 499.6 491.75 498.45 500.65 495.8 502.95 498.25 495.45 496.6 500.25 502.75 
454 0.0 0.0 0.0 0.0 0.0 0.0 0.0 0.0 0.0 0.0 501.0 506.3 499.35 502.55 506.0 508.7 500.7 506.55 496.4 506.45 500.5 
455 0.0 0.0 0.0 0.0 0.0 0.0 0.0 0.0 0.0 0.0 504.3 495.7 493.6 503.45 502.25 492.25 502.05 489.65 497.65 498.75 507.7 
456 0.0 0.0 0.0 0.0 0.0 0.0 0.0 0.0 0.0 0.0 493.3 503.9 500.4 500.05 507.05 500.95 502.1 506.15 505.95 500.3 490.95 
457 0.0 0.0 0.0 0.0 0.0 0.0 0.0 0.0 0.0 0.0 498.2 501.25 507.3 495.5 502.95 498.05 502.25 499.5 504.65 504.6 503.1 
458 0.0 0.0 0.0 0.0 0.0 0.0 0.0 0.0 0.0 0.0 503.15 491.7 503.8 493.55 493.9 506.45 507.9 501.55 498.9 492.05 497.55 
459 0.0 0.0 0.0 0.0 0.0 0.0 0.0 0.0 0.0 0.0 501.1 500.85 503.2 506.25 501.6 500.1 495.85 499.65 496.9 503.65 498.6 
460 0.0 0.0 0.0 0.0 0.0 0.0 0.0 0.0 0.0 0.0 500.6 507.0 494.1 496.4 498.1 501.0 504.8 502.7 509.45 499.35 504.25 
461 0.0 0.0 0.0 0.0 0.0 0.0 0.0 0.0 0.0 0.0 494.85 491.5 498.15 507.9 499.0 496.45 497.5 502.9 503.9 504.3 499.0 
462 0.0 0.0 0.0 0.0 0.0 0.0 0.0 0.0 0.0 0.0 513.85 505.25 500.6 501.15 500.8 499.75 493.4 497.6 496.15 504.8 503.65 
463 0.0 0.0 0.0 0.0 0.0 0.0 0.0 0.0 0.0 0.0 502.65 503.0 508.55 503.05 500.25 506.75 501.25 504.15 497.25 500.85 506.6 
464 0.0 0.0 0.0 0.0 0.0 0.0 0.0 0.0 0.0 0.0 497.5 504.15 502.2 497.65 508.1 497.55 501.5 491.55 500.65 504.6 497.65 
465 0.0 0.0 0.0 0.0 0.0 0.0 0.0 0.0 0.0 0.0 499.85 492.95 508.7 498.6 500.9 502.6 495.8 498.0 500.55 494.2 502.3 
466 0.0 0.0 0.0 0.0 0.0 0.0 0.0 0.0 0.0 0.0 496.65 503.05 503.3 498.85 496.25 491.55 508.35 501.1 492.4 494.6 492.7 
467 0.0 0.0 0.0 0.0 0.0 0.0 0.0 0.0 0.0 0.0 500.55 496.1 490.9 501.05 497.25 506.65 493.45 499.7 493.55 502.05 498.4 
468 0.0 0.0 0.0 0.0 0.0 0.0 0.0 0.0 0.0 0.0 491.1 504.55 497.9 499.75 500.15 493.0 495.1 502.2 495.4 498.55 502.35 
469 0.0 0.0 0.0 0.0 0.0 0.0 0.0 0.0 0.0 0.0 496.8 499.15 490.95 494.1 488.45 501.6 497.0 493.45 493.25 497.9 502.5 
470 0.0 0.0 0.0 0.0 0.0 0.0 0.0 0.0 0.0 0.0 508.05 490.75 496.15 497.3 509.55 492.25 499.7 494.75 498.65 498.45 498.25 
471 0.0 0.0 0.0 0.0 0.0 0.0 0.0 0.0 0.0 0.0 484.9 495.85 502.85 505.35 499.45 491.7 497.55 491.55 502.9 495.2 494.7 
472 0.0 0.0 0.0 0.0 0.0 0.0 0.0 0.0 0.0 0.0 505.25 506.7 500.2 493.15 496.95 504.3 491.65 494.65 504.0 492.55 499.45 
473 0.0 0.0 0.0 0.0 0.0 0.0 0.0 0.0 0.0 0.0 503.2 500.3 499.5 491.7 498.4 500.55 498.85 496.9 497.3 504.2 494.8 
474 0.0 0.0 0.0 0.0 0.0 0.0 0.0 0.0 0.0 0.0 509.1 497.2 501.8 498.65 500.9 500.15 496.55 505.1 495.25 505.5 502.2 
475 0.0 0.0 0.0 0.0 0.0 0.0 0.0 0.0 0.0 0.0 498.3 501.1 496.25 500.9 494.25 497.8 499.2 507.0 504.7 496.4 504.0 
476 0.0 0.0 0.0 0.0 0.0 0.0 0.0 0.0 0.0 0.0 496.85 499.05 497.55 499.45 502.65 500.05 496.5 498.05 507.5 506.15 502.25 
477 0.0 0.0 0.0 0.0 0.0 0.0 0.0 0.0 0.0 0.0 495.25 500.3 497.6 507.25 494.8 500.75 507.1 501.75 497.45 497.9 509.4 
478 0.0 0.0 0.0 0.0 0.0 0.0 0.0 0.0 0.0 0.0 499.05 503.05 502.5 500.15 498.85 506.05 504.2 512.75 507.35 508.15 502.95 
479 0.0 0.0 0.0 0.0 0.0 0.0 0.0 0.0 0.0 0.0 504.15 502.25 498.05 497.6 506.35 495.05 497.95 496.5 501.95 494.7 501.4 
480 0.0 0.0 0.0 0.0 0.0 0.0 0.0 0.0 0.0 0.0 494.75 494.5 497.75 496.9 498.75 503.55 507.4 504.85 500.4 507.5 507.4 
481 0.0 0.0 0.0 0.0 0.0 0.0 0.0 0.0 0.0 0.0 501.9 496.3 503.25 492.3 500.75 506.3 505.65 503.95 497.85 507.65 503.4 
482 0.0 0.0 0.0 0.0 0.0 0.0 0.0 0.0 0.0 0.0 502.1 499.8 505.15 501.45 506.55 499.0 509.75 501.7 504.8 505.95 500.25 
483 0.0 0.0 0.0 0.0 0.0 0.0 0.0 0.0 0.0 0.0 501.1 505.65 495.65 515.6 498.3 498.25 498.95 510.25 511.95 501.65 497.8 
484 0.0 0.0 0.0 0.0 0.0 0.0 0.0 0.0 0.0 0.0 491.7 501.4 499.5 497.4 504.05 499.7 501.25 500.15 507.15 494.15 504.8 
485 0.0 0.0 0.0 0.0 0.0 0.0 0.0 0.0 0.0 0.0 465.35 506.3 502.7 503.4 498.2 506.0 506.8 499.0 503.2 516.75 508.65 
486 0.0 0.0 0.0 0.0 0.0 0.0 0.0 0.0 0.0 0.0 452.75 491.05 496.0 498.1 506.55 502.25 502.15 514.8 504.95 512.6 506.5 
487 0.0 0.0 0.0 0.0 0.0 0.0 0.0 0.0 0.0 0.0 444.75 499.35 508.0 495.0 494.5 504.0 502.45 511.9 512.0 507.4 503.05 
488 0.0 0.0 0.0 0.0 0.0 0.0 0.0 0.0 0.0 0.0 411.65 502.2 512.95 511.6 519.15 516.0 505.6 503.5 516.9 518.1 512.35 
489 0.0 0.0 0.0 0.0 0.0 0.0 0.0 0.0 0.0 0.0 393.2 501.5 501.35 503.65 499.5 506.95 519.3 507.7 515.85 500.9 521.2 
490 0.0 0.0 0.0 0.0 0.0 0.0 0.0 0.0 0.0 0.0 346.0 497.1 499.25 511.45 512.35 511.0 517.55 525.1 512.05 515.5 515.1 
491 0.0 0.0 0.0 0.0 0.0 0.0 0.0 0.0 0.0 0.0 261.65 500.85 505.75 528.85 521.4 514.05 517.55 513.85 518.55 519.7 515.75 
492 0.0 0.0 0.0 0.0 0.0 0.0 0.0 0.0 0.0 0.0 197.95 506.8 517.15 506.6 524.1 522.05 515.85 519.05 519.15 524.7 518.05 
493 0.0 0.0 0.0 0.0 0.0 0.0 0.0 0.0 0.0 0.0 108.8 509.9 520.3 534.15 522.0 527.95 523.0 519.85 519.3 524.1 524.0 
494 0.0 0.0 0.0 0.0 0.0 0.0 0.0 0.0 0.0 0.0 58.2 528.25 530.0 529.05 529.6 533.75 537.6 528.7 519.9 525.2 523.0 
495 0.0 0.0 0.0 0.0 0.0 0.0 0.0 0.0 0.0 0.0 38.75 532.1 530.25 527.9 524.4 528.35 532.85 527.4 524.2 514.6 526.7 
496 0.0 0.0 0.0 0.0 0.0 0.0 0.0 0.0 0.0 0.0 10.8 540.15 546.0 539.6 541.4 528.75 528.5 531.7 534.05 525.55 522.65 
497 0.0 0.0 0.0 0.0 0.0 0.0 0.0 0.0 0.0 0.0 0.85 560.85 550.25 536.45 534.9 533.8 532.15 536.95 526.05 528.45 523.5 
498 0.0 0.0 0.0 0.0 0.0 0.0 0.0 0.0 0.0 0.0 0.05 582.7 552.75 547.9 540.45 542.1 533.5 525.45 522.15 525.1 522.5 
499 0.0 0.0 0.0 0.0 0.0 0.0 0.0 0.0 0.0 0.0 0.0 293.45 283.55 281.15 279.7 272.55 260.3 263.5 272.85 265.85 267.2 
