0 100.7 286.9 275.25 271.9 264.0 266.9 263.85 265.15 262.45 269.45 258.85 256.2 266.65 258.4 260.7 253.15 258.15 259.4 253.8 262.9 253.35 
1 0.05 579.55 560.4 537.65 529.75 526.3 529.7 522.85 519.55 516.3 527.1 526.15 521.25 529.1 519.95 517.75 517.05 527.9 520.6 517.1 526.85 
2 0.0 567.9 547.5 545.25 541.0 533.45 531.0 525.95 520.3 517.15 515.0 520.45 521.15 517.2 521.95 525.4 518.55 518.1 518.75 515.5 512.6 
3 0.0 551.25 551.9 541.85 546.65 537.55 528.1 523.55 528.85 523.8 514.0 520.55 518.5 518.2 515.55 518.3 516.15 514.05 513.55 516.65 515.95 
4 0.0 531.9 537.1 542.3 527.6 531.3 526.3 531.15 526.2 524.85 522.25 519.65 515.6 520.3 518.3 526.45 528.95 510.35 519.0 515.5 509.55 
5 0.0 524.8 528.9 527.25 525.5 530.1 522.15 527.55 522.55 518.45 521.55 520.35 521.3 516.1 512.05 510.9 520.55 512.3 514.8 517.9 523.8 
6 0.0 503.95 518.85 525.7 524.35 512.55 520.35 526.9 516.7 514.7 525.55 516.45 506.9 521.5 518.55 513.65 519.95 517.15 517.95 509.55 507.8 
7 0.0 504.0 516.95 518.6 515.35 518.95 524.15 522.85 520.65 522.1 519.9 525.65 526.25 511.6 519.95 515.2 510.35 513.85 514.3 516.0 511.15 
8 0.0 507.25 510.65 507.65 519.85 518.95 518.05 511.75 523.1 520.35 524.55 517.0 523.2 518.75 507.95 515.75 503.6 516.0 513.4 514.3 505.35 
9 0.0 500.05 511.65 511.7 521.0 521.15 515.15 511.95 527.3 510.75 515.35 516.55 507.7 515.1 520.4 517.4 512.2 510.55 510.75 507.6 515.8 
10 0.0 506.5 498.0 507.6 504.05 512.5 512.6 510.7 512.35 515.65 516.35 512.55 515.8 508.75 520.05 511.1 509.35 512.95 513.85 511.2 518.7 
11 0.0 501.0 501.8 513.8 509.45 516.1 515.55 518.9 517.1 521.0 513.6 506.95 512.55 514.35 516.6 515.25 517.85 509.75 517.15 517.55 516.4 
12 0.0 499.15 504.45 510.4 521.35 513.15 512.3 510.0 505.7 516.15 513.55 519.0 514.75 516.8 511.3 509.6 511.5 514.4 507.2 510.25 515.25 
13 0.0 492.45 505.35 502.75 506.8 508.5 504.85 504.15 516.0 500.65 505.9 511.65 512.25 518.3 511.45 511.7 517.4 521.55 516.55 515.9 517.4 
14 0.0 508.75 500.3 499.15 510.6 510.15 513.95 519.8 510.2 507.35 519.65 514.8 516.6 506.0 509.25 523.5 510.25 513.8 515.95 512.45 518.65 
15 0.0 504.05 498.85 509.2 494.5 500.7 506.45 501.6 506.85 515.15 506.25 510.15 509.4 507.3 507.95 511.0 508.8 505.2 510.45 508.75 504.55 
16 0.0 502.0 509.4 507.75 500.15 505.5 515.45 511.25 499.2 512.3 508.05 507.4 505.8 514.45 514.9 512.15 513.9 509.75 513.0 517.45 511.7 
17 0.0 494.35 498.9 497.8 498.65 505.8 504.9 511.25 504.15 514.75 508.65 511.7 509.15 512.7 514.2 504.5 513.7 512.05 515.4 506.3 509.65 
18 0.0 504.3 493.05 491.35 504.85 500.8 506.35 511.05 506.2 503.35 510.85 505.35 504.5 499.65 506.65 502.05 512.65 516.25 500.75 506.5 496.95 
19 0.0 494.4 503.45 489.45 495.05 499.65 499.8 491.7 505.1 503.85 498.3 506.8 504.45 517.65 503.9 511.0 504.55 510.35 495.9 501.15 512.5 
20 0.0 496.5 494.85 500.6 511.05 497.6 504.8 509.85 507.1 495.35 499.75 508.35 503.9 502.85 511.4 515.2 505.4 497.6 505.4 509.45 507.6 
21 0.0 493.65 500.0 501.35 492.2 504.15 502.1 503.7 510.55 495.3 506.15 492.9 504.4 503.05 503.0 505.75 508.25 507.1 514.6 514.8 502.25 
22 0.0 496.4 488.85 498.1 498.6 504.9 507.95 493.3 497.7 506.05 501.6 510.8 513.2 501.95 502.25 491.85 504.85 505.5 504.8 506.7 503.95 
23 0.0 504.65 496.4 501.6 498.9 493.95 489.15 500.05 504.1 503.55 509.05 503.7 511.15 498.0 501.9 506.25 511.85 507.9 502.7 506.8 506.55 
24 0.0 502.75 495.0 505.25 496.4 504.25 495.75 497.65 490.05 503.05 497.7 503.45 497.45 507.95 505.3 506.55 505.6 498.15 512.0 502.6 502.05 
25 0.0 501.1 504.15 496.25 501.8 493.6 496.85 498.95 494.15 513.25 508.65 503.3 498.35 505.0 501.0 504.45 495.9 507.0 501.7 501.9 502.45 
26 0.0 492.4 495.35 492.45 502.85 494.15 504.2 488.5 504.5 499.45 499.3 496.2 502.8 500.95 503.05 504.65 500.85 504.25 505.95 497.6 505.8 
27 0.0 498.4 496.15 496.55 498.2 501.35 496.75 498.25 502.3 499.6 501.75 497.5 500.1 491.5 505.85 505.1 501.6 493.6 497.05 500.9 511.25 
28 0.0 491.25 500.25 500.9 500.1 510.95 496.5 510.65 501.4 502.2 504.1 498.9 497.55 501.0 500.5 505.1 503.35 495.5 502.1 503.95 507.2 
29 0.0 507.05 501.95 495.75 512.2 499.9 501.1 493.2 503.95 498.25 492.65 494.5 492.8 511.3 503.45 503.65 503.55 506.65 510.65 502.8 499.45 
30 0.0 495.0 498.65 509.65 507.85 493.0 501.2 504.4 506.05 512.65 501.8 510.1 506.3 503.2 495.75 500.3 500.35 505.1 494.6 505.1 502.05 
31 0.0 505.9 505.0 502.5 489.1 500.45 493.6 492.65 497.25 503.3 498.25 507.0 499.65 498.75 500.45 503.45 503.85 503.55 508.4 501.9 502.2 
32 0.0 498.0 507.45 507.35 487.5 500.25 497.25 503.75 496.5 494.25 501.85 502.3 505.75 501.3 506.5 504.2 497.7 510.4 506.1 510.3 494.95 
33 0.0 500.25 501.05 487.3 498.05 500.2 497.55 499.65 503.1 509.6 500.95 501.75 505.45 498.35 500.5 499.35 502.1 506.75 500.35 507.3 507.4 
34 0.0 509.05 501.0 499.7 503.35 494.8 503.0 511.05 497.25 489.8 498.7 504.1 512.05 501.0 500.5 501.65 504.95 500.9 500.95 504.15 506.65 
35 0.0 493.55 501.4 505.05 501.8 501.35 507.6 498.95 492.45 496.35 511.5 501.0 490.75 500.1 497.4 497.25 501.45 507.15 499.65 504.85 506.45 
36 0.0 511.0 500.35 508.7 502.95 502.2 505.75 500.75 498.4 503.1 499.9 500.15 492.6 496.65 502.85 495.65 496.45 503.85 513.25 498.65 501.0 
37 0.0 499.95 498.2 498.25 498.8 499.8 504.1 502.75 506.35 497.15 504.55 499.35 503.8 505.75 498.45 499.3 508.15 495.95 501.55 498.0 497.0 
38 0.0 490.65 510.9 495.2 500.95 491.85 495.4 501.45 505.3 502.75 510.6 506.1 498.15 503.85 501.05 497.45 499.5 504.6 498.05 494.1 498.15 
39 0.0 499.8 485.2 503.9 495.75 504.45 492.4 498.15 504.65 504.25 498.9 493.1 507.5 505.75 506.25 502.5 507.2 494.7 492.5 494.75 503.95 
40 0.0 494.5 499.9 499.9 504.3 499.35 502.2 497.25 504.4 509.55 496.55 501.05 498.9 492.5 495.2 500.05 501.5 496.15 505.3 494.05 504.4 
41 0.0 503.65 501.9 496.35 502.35 506.75 493.9 496.85 494.1 500.95 497.8 489.55 496.55 493.1 501.05 500.65 491.6 494.05 493.9 496.4 492.9 
42 0.0 497.55 493.7 492.6 506.55 488.8 503.8 502.45 497.85 497.0 498.85 504.8 512.0 493.65 503.5 500.7 496.45 498.5 502.0 504.15 499.45 
43 0.0 497.2 502.8 498.25 496.2 503.2 496.3 497.9 499.5 493.1 495.1 500.1 498.1 500.15 494.85 499.75 499.6 497.35 500.8 503.6 493.7 
44 0.0 501.7 497.1 492.1 496.15 494.4 494.2 497.9 502.3 494.5 502.5 511.2 497.7 505.7 496.25 494.35 498.4 502.55 497.45 502.75 501.5 
45 0.0 508.2 491.95 502.65 497.25 507.2 501.3 500.9 502.55 502.85 504.4 503.55 492.6 500.35 496.65 494.6 493.8 501.05 495.15 498.15 501.9 
46 0.0 502.65 505.35 500.15 494.2 493.55 507.65 498.55 491.4 500.8 499.25 492.45 506.05 501.85 492.25 494.25 494.5 492.45 494.6 489.1 490.85 
47 0.0 494.6 502.75 498.1 493.95 501.05 491.35 498.45 498.75 495.6 487.25 494.05 494.15 495.4 498.15 494.35 499.25 501.6 488.15 494.0 498.9 
48 0.0 482.8 502.1 508.25 503.15 505.6 496.35 499.65 504.35 506.9 508.65 505.45 499.4 504.6 505.05 495.4 496.85 499.3 501.95 493.15 489.2 
49 0.0 430.3 496.0 493.8 496.75 489.1 502.55 499.6 499.4 496.6 499.5 496.3 510.45 492.7 498.5 496.7 494.75 493.75 504.3 500.0 499.8 
50 0.0 280.85 498.95 495.3 495.7 497.95 498.25 506.45 494.55 497.4 503.25 494.15 500.75 505.2 493.3 505.15 492.0 497.95 502.4 505.2 498.4 
51 0.0 132.35 499.75 499.5 500.35 501.7 502.65 500.95 505.65 490.0 487.9 494.25 494.15 500.35 495.1 498.35 502.85 505.5 501.65 499.7 496.8 
52 0.0 20.5 497.45 502.35 506.3 500.6 511.85 492.7 491.35 506.3 504.95 499.15 497.6 487.3 505.55 499.3 506.05 496.45 503.55 505.25 501.95 
53 0.0 1.6 513.8 495.95 497.6 505.45 498.05 505.65 495.35 495.85 493.85 500.5 491.65 499.0 498.3 503.4 491.45 502.1 492.55 498.1 504.9 
54 0.0 0.0 503.2 509.65 503.2 498.1 498.55 498.75 504.55 497.25 500.3 507.6 494.85 501.95 504.15 494.55 507.75 498.75 498.3 501.05 498.7 
55 0.0 0.0 499.05 501.15 506.3 513.65 495.85 504.75 495.4 503.6 504.15 494.7 504.0 494.95 495.9 503.85 499.65 505.75 494.25 501.9 508.35 
56 0.0 0.0 495.15 504.3 505.0 503.25 506.1 497.8 503.65 503.0 492.05 496.6 499.4 505.95 505.3 500.3 503.65 505.15 505.3 502.7 494.25 
57 0.0 0.0 489.05 495.4 500.9 501.75 499.55 497.75 502.65 498.95 501.95 495.1 505.3 508.45 499.1 498.75 501.3 496.5 506.45 497.15 500.35 
58 0.0 0.0 501.45 503.15 503.35 491.85 490.35 496.2 500.25 495.95 497.2 501.0 495.4 501.7 499.6 506.55 504.9 497.8 503.8 503.15 500.1 
59 0.0 0.0 497.8 501.05 492.4 488.0 503.4 498.45 506.8 505.4 499.95 493.7 508.1 499.6 504.7 498.05 503.55 495.65 496.85 497.8 501.75 
60 0.0 0.0 496.95 502.65 496.05 499.75 507.9 504.55 494.8 498.6 491.25 500.55 496.1 498.7 505.7 507.5 503.8 499.3 497.4 498.2 502.75 
61 0.0 0.0 507.15 502.95 501.95 499.6 500.55 494.5 498.15 499.45 506.0 494.7 493.55 496.9 505.5 506.05 497.1 501.45 499.85 505.55 495.45 
62 0.0 0.0 497.5 499.0 494.85 499.15 501.3 496.55 505.35 500.0 495.3 501.3 499.55 495.7 497.9 503.65 498.5 507.2 496.75 497.7 509.8 
63 0.0 0.0 502.0 497.5 501.7 498.2 492.05 511.7 500.7 492.2 497.8 506.35 504.25 500.85 495.7 500.2 494.05 498.4 491.3 502.4 496.75 
64 0.0 0.0 500.05 494.7 498.65 512.65 497.95 501.8 496.7 497.75 500.85 502.7 504.7 501.95 503.2 506.0 508.25 491.95 511.5 499.25 497.7 
65 0.0 0.0 501.35 495.15 497.45 494.35 494.45 494.65 503.25 498.2 500.35 500.65 503.15 508.3 502.1 498.5 489.35 501.0 492.5 492.9 495.85 
66 0.0 0.0 498.55 504.4 502.35 492.45 502.8 502.15 501.15 501.75 507.05 503.85 494.85 496.3 491.75 496.2 501.35 499.0 499.1 496.6 501.7 
67 0.0 0.0 503.8 497.6 499.75 494.2 498.8 500.25 497.0 503.5 500.05 497.8 498.25 499.7 508.45 495.0 498.75 499.6 503.5 496.8 501.1 
68 0.0 0.0 499.55 505.6 504.55 505.6 498.55 501.35 495.95 504.6 495.95 499.85 494.15 498.25 494.95 501.9 496.3 495.3 490.85 501.6 496.65 
69 0.0 0.0 496.9 502.5 498.85 494.6 500.55 493.15 496.8 496.4 499.8 497.5 504.2 500.5 494.95 493.6 491.95 493.15 505.65 497.3 493.6 
70 0.0 0.0 502.05 495.5 499.3 507.6 502.65 500.4 491.6 503.25 499.15 502.55 502.0 493.7 498.4 500.25 504.25 504.1 492.5 502.5 508.0 
71 0.0 0.0 504.3 499.1 500.95 497.05 501.25 498.95 507.75 498.85 500.2 497.8 502.8 508.15 501.25 498.35 498.25 501.35 507.05 502.7 497.5 
72 0.0 0.0 499.95 493.5 493.05 496.95 503.15 497.45 502.95 503.75 503.45 498.2 501.9 503.2 505.3 496.75 502.05 504.5 507.25 506.45 492.65 
73 0.0 0.0 491.35 507.95 489.5 504.0 497.45 499.6 502.6 499.8 503.4 499.4 491.55 502.15 498.25 498.75 501.8 496.3 494.7 503.7 509.75 
74 0.0 0.0 506.25 501.25 502.7 515.05 511.7 504.25 499.55 504.25 498.6 503.35 500.4 497.15 493.9 504.7 507.05 503.9 503.65 494.0 500.4 
75 0.0 0.0 497.1 501.3 507.1 503.7 493.55 491.6 501.0 502.2 500.15 507.35 505.25 500.85 505.7 503.45 502.05 497.15 494.35 501.75 506.5 
76 0.0 0.0 502.55 484.45 505.9 497.8 502.4 501.1 497.65 492.65 500.75 498.3 492.55 499.5 499.55 495.15 498.8 498.05 498.7 500.45 503.6 
77 0.0 0.0 502.6 505.25 502.95 506.95 495.55 495.45 503.6 499.9 489.15 497.6 496.8 498.05 497.95 500.3 497.85 504.85 506.55 501.15 503.45 
78 0.0 0.0 502.95 497.65 495.6 498.2 491.15 504.85 495.6 489.85 505.6 491.25 508.9 495.05 494.2 502.55 496.8 513.25 495.8 504.8 500.5 
79 0.0 0.0 497.4 497.25 494.7 483.75 498.35 499.3 491.75 495.85 494.35 495.9 497.7 502.8 503.15 497.8 497.25 493.7 503.5 501.55 498.55 
80 0.0 0.0 501.45 501.35 499.2 492.3 502.75 503.1 496.35 492.05 493.75 501.65 494.3 489.9 504.45 502.9 498.5 496.5 503.4 499.75 501.65 
81 0.0 0.0 500.0 500.8 494.3 494.25 491.65 494.35 495.65 500.25 496.05 495.95 498.65 498.75 504.5 507.5 502.1 507.6 507.65 493.1 502.5 
82 0.0 0.0 503.45 496.05 495.6 501.9 496.55 503.45 496.8 493.4 494.2 500.3 493.85 503.6 493.75 501.1 509.8 493.8 504.6 503.15 500.7 
83 0.0 0.0 496.65 502.4 500.8 497.75 498.5 495.85 506.75 496.8 502.7 501.0 495.65 500.4 498.25 491.7 499.15 496.9 506.05 491.5 492.8 
84 0.0 0.0 495.85 496.55 492.5 501.6 502.25 501.75 502.7 493.8 499.75 504.4 492.8 500.75 500.2 487.05 501.0 500.3 495.15 498.15 501.3 
85 0.0 0.0 494.7 499.65 500.3 496.5 498.05 491.45 495.55 497.3 498.3 497.15 504.1 497.05 492.45 500.0 504.85 504.7 497.6 517.85 498.7 
86 0.0 0.0 497.0 493.1 509.0 494.75 506.25 501.1 498.4 500.65 501.75 487.0 498.7 492.55 506.95 504.85 499.2 507.0 489.0 496.2 490.7 
87 0.0 0.0 506.0 507.35 496.35 497.75 500.8 499.7 501.85 499.8 503.3 497.8 494.65 492.7 491.0 487.5 489.55 501.4 492.7 499.05 498.9 
88 0.0 0.0 499.2 499.45 500.6 497.3 501.05 493.45 494.85 495.5 495.05 499.9 496.4 505.1 501.8 500.25 490.05 493.1 497.0 501.2 502.55 
89 0.0 0.0 498.4 503.8 496.35 497.4 498.45 502.85 489.75 501.9 495.5 495.15 509.2 499.45 500.7 501.85 502.45 494.35 500.8 495.95 488.5 
90 0.0 0.0 494.85 498.1 497.7 501.2 499.25 493.65 504.5 502.2 500.55 498.15 492.05 496.55 491.5 498.8 495.45 492.45 502.25 490.65 499.05 
91 0.0 0.0 501.85 499.2 508.05 501.45 493.8 505.15 499.05 504.45 493.65 494.15 503.4 504.35 502.75 501.8 494.6 490.3 493.2 500.15 499.75 
92 0.0 0.0 500.9 496.9 500.9 498.75 501.25 498.25 494.8 495.95 497.25 498.0 496.55 501.1 499.0 493.85 496.65 494.85 506.15 499.5 503.05 
93 0.0 0.0 505.9 501.2 495.1 510.45 501.35 497.1 498.2 499.65 499.1 499.4 504.95 500.9 494.6 499.75 500.7 497.4 506.45 502.7 504.2 
94 0.0 0.0 500.8 503.0 498.75 493.85 497.1 504.8 508.35 508.05 501.6 501.0 486.1 501.15 496.65 504.45 500.65 498.7 495.8 492.65 501.35 
95 0.0 0.0 494.0 500.55 504.85 502.1 492.9 499.75 493.15 496.8 503.1 507.75 496.75 495.8 499.4 500.4 500.85 501.6 494.35 499.75 499.35 
96 0.0 0.0 506.65 499.55 506.9 500.85 507.4 492.65 496.65 505.6 503.6 500.2 510.55 497.65 497.9 490.7 496.95 509.55 490.05 498.8 500.4 
97 0.0 0.0 496.7 500.4 502.3 500.85 494.9 504.05 506.75 501.0 500.35 505.75 502.8 496.55 499.4 506.2 495.65 503.05 502.9 498.5 498.05 
98 0.0 0.0 459.9 498.95 496.4 500.3 503.3 497.55 511.05 500.95 502.6 500.35 494.4 493.1 501.5 496.75 507.35 497.1 495.25 499.25 494.65 
99 0.0 0.0 412.0 499.0 491.55 494.5 492.2 501.25 495.55 504.05 504.6 505.7 502.75 497.25 497.45 497.75 497.25 491.2 494.05 495.65 501.8 
100 0.0 0.0 296.05 504.2 503.0 496.35 498.95 498.3 502.0 500.1 500.85 498.8 506.0 513.5 501.6 496.25 492.85 497.75 497.1 500.85 500.3 
101 0.0 0.0 189.3 503.25 502.55 506.5 504.6 494.5 504.4 500.45 500.55 499.2 492.2 497.4 495.15 496.85 493.5 495.8 500.55 501.5 501.9 
102 0.0 0.0 124.1 506.3 501.85 496.9 502.5 509.15 503.05 505.3 495.3 501.4 505.4 493.55 497.15 506.25 502.0 497.3 499.6 501.75 501.8 
103 0.0 0.0 80.5 504.1 499.8 503.25 505.6 509.75 501.55 498.75 501.15 496.55 496.0 492.05 508.65 495.25 502.2 497.9 504.6 499.65 498.75 
104 0.0 0.0 41.35 500.65 502.15 508.2 501.1 507.6 506.05 502.85 504.45 497.6 491.75 510.6 507.05 497.05 500.3 495.4 499.15 501.25 499.2 
105 0.0 0.0 25.35 493.55 504.4 508.9 506.4 512.7 503.2 499.15 501.95 494.8 500.45 496.1 503.9 501.4 499.75 491.7 504.35 501.55 499.75 
106 0.0 0.0 5.15 491.9 503.7 502.25 499.5 498.7 505.2 501.8 501.75 506.7 501.0 513.1 491.25 508.15 500.8 509.15 504.55 495.95 492.9 
107 0.0 0.0 0.3 504.6 500.45 507.8 508.95 498.3 494.45 500.95 504.65 502.2 508.25 501.3 495.4 503.75 506.2 503.75 501.65 506.55 511.0 
108 0.0 0.0 0.0 507.0 494.85 495.9 502.9 498.3 499.6 501.15 495.45 499.35 501.65 496.15 502.7 505.7 495.95 507.25 496.15 497.5 502.9 
109 0.0 0.0 0.0 498.85 507.65 502.75 501.9 504.1 498.45 499.65 497.95 507.2 505.8 505.4 496.9 492.9 500.6 499.85 508.1 506.35 501.1 
110 0.0 0.0 0.0 494.1 501.05 501.05 493.2 496.4 498.6 496.6 499.3 502.45 507.95 496.6 517.35 505.0 498.5 499.55 500.1 506.65 504.4 
111 0.0 0.0 0.0 507.1 503.05 501.9 503.25 502.25 505.05 502.4 496.9 499.65 491.75 497.25 500.7 507.45 507.95 500.85 499.8 496.35 498.5 
112 0.0 0.0 0.0 493.5 501.1 498.6 499.2 500.6 491.0 492.3 505.55 501.35 506.05 499.35 497.85 496.3 505.8 506.2 498.6 499.7 494.6 
113 0.0 0.0 0.0 510.75 500.35 502.0 495.55 499.0 496.95 498.95 504.7 503.15 497.7 500.15 494.95 505.45 495.1 508.4 503.1 494.0 497.85 
114 0.0 0.0 0.0 495.3 500.9 495.05 508.5 494.4 498.45 502.3 500.65 502.35 505.9 502.55 502.6 504.1 507.8 497.2 487.75 494.45 498.8 
115 0.0 0.0 0.0 494.6 502.1 507.3 494.65 485.5 499.85 503.5 500.55 497.5 505.55 496.4 498.85 489.05 493.1 503.2 505.7 512.05 502.25 
116 0.0 0.0 0.0 506.5 499.85 494.85 501.85 502.2 497.7 499.65 489.1 503.15 499.0 505.1 501.3 493.2 500.8 498.45 499.65 500.2 497.7 
117 0.0 0.0 0.0 500.65 494.15 499.55 501.45 490.6 499.3 495.45 501.35 495.35 500.55 497.9 503.15 503.05 498.5 501.25 501.85 496.05 498.6 
118 0.0 0.0 0.0 505.75 499.2 496.35 497.35 504.65 494.7 498.65 499.9 506.55 497.85 501.55 502.55 504.0 502.05 501.35 504.1 501.1 504.45 
119 0.0 0.0 0.0 496.0 496.95 496.55 498.65 504.2 497.65 495.15 501.65 501.45 497.75 505.1 502.8 513.9 505.65 504.6 497.15 492.25 506.4 
120 0.0 0.0 0.0 494.4 503.15 498.0 498.55 500.55 492.95 501.3 499.05 499.95 503.15 495.5 500.05 500.25 498.7 497.35 505.9 503.9 499.55 
121 0.0 0.0 0.0 501.65 494.6 500.85 494.8 494.3 502.5 500.25 508.2 489.55 502.3 505.7 499.25 498.55 502.85 496.9 498.4 501.2 493.65 
122 0.0 0.0 0.0 500.35 494.7 499.85 496.15 499.1 498.15 499.3 488.25 500.7 505.0 507.9 495.9 493.55 502.7 496.75 504.15 491.7 496.65 
123 0.0 0.0 0.0 493.2 502.15 499.8 496.05 498.3 496.95 504.75 505.45 499.95 489.2 494.95 498.0 506.2 502.25 502.2 497.8 500.4 495.5 
124 0.0 0.0 0.0 496.35 502.1 490.6 500.05 502.4 507.2 503.25 500.2 497.8 497.75 504.15 510.5 500.55 506.95 504.25 497.6 507.2 503.9 
125 0.0 0.0 0.0 499.5 500.4 505.8 498.65 511.4 500.0 505.25 489.4 495.05 497.55 507.55 504.65 490.05 495.25 499.8 496.95 495.9 511.95 
126 0.0 0.0 0.0 503.2 501.25 496.0 498.2 501.6 502.1 494.85 510.9 495.85 494.3 492.55 501.6 500.45 500.2 499.4 499.15 507.4 499.3 
127 0.0 0.0 0.0 503.0 498.25 498.65 500.65 494.4 502.65 489.8 493.25 499.0 501.6 505.05 495.5 501.0 493.0 497.35 504.85 501.75 496.15 
128 0.0 0.0 0.0 493.75 502.2 505.8 501.65 499.6 502.4 503.0 503.55 503.85 502.6 494.6 494.25 495.2 494.8 500.9 495.4 495.95 495.0 
129 0.0 0.0 0.0 504.8 491.35 503.25 505.05 511.95 506.55 504.45 505.5 503.7 503.6 495.5 489.85 500.25 498.55 505.2 500.65 505.55 501.75 
130 0.0 0.0 0.0 504.0 503.4 493.7 511.25 496.75 509.25 508.85 499.8 502.5 489.2 499.45 504.0 498.55 501.55 502.9 504.15 499.0 497.4 
131 0.0 0.0 0.0 498.45 498.5 497.6 497.75 498.5 505.5 506.45 500.1 507.2 500.7 492.7 493.25 495.4 504.85 500.25 507.35 502.55 497.3 
132 0.0 0.0 0.0 501.55 498.0 501.05 501.2 496.65 502.75 501.0 502.4 506.1 501.75 499.35 495.35 505.75 507.35 504.75 503.5 503.7 509.8 
133 0.0 0.0 0.0 499.25 501.05 494.6 496.55 499.95 494.4 509.7 504.05 500.55 506.15 497.35 508.45 502.35 493.75 496.7 501.75 502.9 496.9 
134 0.0 0.0 0.0 505.5 494.8 504.75 494.25 499.95 498.5 496.0 499.4 495.75 511.35 513.65 505.8 500.25 502.4 511.55 502.6 500.2 504.65 
135 0.0 0.0 0.0 491.65 511.15 503.35 499.6 511.5 508.8 501.65 505.75 502.35 500.5 504.4 503.1 503.6 499.05 497.45 497.15 503.45 502.2 
136 0.0 0.0 0.0 503.55 505.4 512.65 511.5 502.65 500.5 500.7 502.5 509.45 504.2 496.75 496.75 500.5 504.6 505.85 494.1 504.25 499.0 
137 0.0 0.0 0.0 500.15 498.55 504.15 505.0 498.55 497.2 502.0 499.5 496.0 504.65 491.4 498.15 503.7 508.8 493.65 510.35 503.65 503.05 
138 0.0 0.0 0.0 499.8 516.2 499.35 501.9 499.45 499.4 495.9 506.45 504.1 498.7 503.95 504.0 502.7 503.65 508.2 502.25 500.3 503.25 
139 0.0 0.0 0.0 501.75 493.45 502.75 508.7 498.25 498.75 502.0 501.6 493.8 502.75 502.45 506.75 502.45 493.2 501.3 504.35 504.3 499.1 
140 0.0 0.0 0.0 501.55 502.65 502.25 496.6 505.55 509.4 502.7 500.95 506.1 505.05 506.6 505.0 504.8 505.05 485.3 503.2 494.3 502.7 
141 0.0 0.0 0.0 495.35 495.45 499.4 501.85 498.9 494.0 498.75 492.75 508.2 497.35 503.1 500.9 502.25 505.05 498.5 495.05 505.4 502.75 
142 0.0 0.0 0.0 501.85 497.8 500.4 497.4 495.9 504.35 498.45 504.75 499.5 499.7 501.2 499.4 503.95 498.75 506.35 495.55 504.15 502.35 
143 0.0 0.0 0.0 494.75 500.35 494.65 502.1 500.2 502.65 504.4 507.65 502.6 503.25 504.45 497.6 502.65 501.7 496.9 498.1 498.15 500.85 
144 0.0 0.0 0.0 502.85 507.3 495.25 496.95 498.4 500.7 496.25 499.4 500.75 500.4 492.85 496.65 501.25 502.85 500.1 501.7 500.8 497.65 
145 0.0 0.0 0.0 495.15 493.35 500.1 499.0 500.1 487.6 500.4 493.6 497.7 493.3 499.3 496.0 493.35 497.95 499.4 489.85 485.55 501.55 
146 0.0 0.0 0.0 505.25 496.3 497.2 495.55 496.1 492.9 494.35 496.85 490.75 496.15 505.7 502.05 503.25 499.15 498.0 500.2 501.35 498.15 
147 0.0 0.0 0.0 507.85 496.5 500.15 483.2 498.75 491.4 492.8 500.6 500.2 500.85 495.25 494.1 497.15 500.55 497.75 493.7 496.8 496.9 
148 0.0 0.0 0.0 420.85 499.35 503.15 501.1 495.7 507.25 502.05 491.6 491.5 487.45 494.7 507.2 497.75 495.95 504.95 501.7 493.4 487.2 
149 0.0 0.0 0.0 298.8 494.4 492.7 499.85 496.5 503.9 498.05 496.2 497.65 498.25 491.0 497.8 496.4 500.45 503.0 507.65 499.7 502.95 
150 0.0 0.0 0.0 262.05 504.7 503.75 502.0 504.35 493.65 504.8 494.35 493.8 492.85 502.7 496.1 493.85 498.5 499.5 495.6 492.2 498.45 
151 0.0 0.0 0.0 180.1 499.65 498.25 498.6 500.3 502.55 492.85 497.7 495.1 496.15 494.95 496.25 495.5 488.8 495.5 493.95 499.65 497.2 
152 0.0 0.0 0.0 132.15 499.9 501.05 495.3 498.35 491.15 492.85 496.4 496.75 510.15 496.7 495.95 497.5 494.3 504.2 497.75 498.3 497.1 
153 0.0 0.0 0.0 113.95 500.7 493.5 501.05 495.1 495.75 494.8 495.15 499.8 492.75 494.2 499.8 499.45 503.85 484.5 498.7 497.0 498.4 
154 0.0 0.0 0.0 88.4 500.3 494.05 504.95 499.85 500.95 492.3 498.5 496.5 496.6 500.3 498.15 494.95 492.55 496.75 497.85 494.55 497.0 
155 0.0 0.0 0.0 20.4 495.25 498.9 490.75 497.15 491.25 494.2 499.0 493.25 493.6 496.5 503.5 494.4 489.95 497.7 494.25 502.0 504.25 
156 0.0 0.0 0.0 2.75 493.55 494.8 495.55 500.2 496.3 501.5 491.4 499.45 495.6 497.85 502.4 499.9 496.5 492.65 502.3 504.8 501.95 
157 0.0 0.0 0.0 0.1 495.85 501.65 494.3 498.65 507.35 505.3 492.25 507.75 505.4 505.45 494.2 508.3 499.35 499.3 500.7 492.85 495.0 
158 0.0 0.0 0.0 0.0 505.1 501.15 503.55 497.25 503.45 490.55 501.15 499.25 504.1 499.35 491.9 493.35 499.1 497.5 493.7 502.0 497.55 
159 0.0 0.0 0.0 0.0 512.85 501.4 503.4 499.05 499.05 507.8 504.0 498.0 506.25 499.1 499.0 495.5 506.65 509.6 501.2 496.0 491.75 
160 0.0 0.0 0.0 0.0 498.7 499.6 493.2 505.25 504.35 495.1 507.3 509.7 507.25 508.35 507.75 504.05 505.4 503.75 500.3 501.75 504.2 
161 0.0 0.0 0.0 0.0 494.8 508.7 501.85 497.2 492.85 502.35 508.3 500.65 508.15 506.7 490.0 501.95 498.1 498.55 504.1 506.8 499.45 
162 0.0 0.0 0.0 0.0 496.85 495.95 505.8 507.45 502.75 509.8 501.4 506.7 498.65 501.05 507.85 500.8 495.3 500.1 501.9 498.3 496.8 
163 0.0 0.0 0.0 0.0 502.6 502.35 507.4 504.6 502.2 504.3 506.85 496.75 490.95 497.6 502.35 499.8 498.4 497.85 499.6 499.35 509.95 
164 0.0 0.0 0.0 0.0 501.7 494.45 500.0 498.75 500.75 509.8 499.45 497.7 499.15 501.9 504.65 504.6 505.2 502.05 499.65 500.75 501.9 
165 0.0 0.0 0.0 0.0 508.35 512.0 504.45 503.8 501.5 503.35 506.65 502.3 491.0 497.05 500.1 489.95 502.1 497.05 501.6 506.7 500.45 
166 0.0 0.0 0.0 0.0 499.35 499.5 508.55 504.65 504.4 503.1 504.4 502.85 506.35 498.35 500.85 500.8 499.5 497.45 505.2 501.85 505.2 
167 0.0 0.0 0.0 0.0 493.2 501.2 506.65 506.85 511.9 495.25 496.7 500.6 492.5 503.9 499.1 503.25 503.15 505.6 509.85 505.7 500.15 
168 0.0 0.0 0.0 0.0 500.9 501.25 501.05 495.15 508.75 501.65 495.75 491.8 504.05 500.55 502.05 491.05 502.25 498.65 496.85 499.95 501.75 
169 0.0 0.0 0.0 0.0 497.1 502.85 498.85 508.75 500.7 504.65 498.3 505.6 501.4 508.45 499.55 508.9 499.05 502.2 503.35 503.1 491.55 
170 0.0 0.0 0.0 0.0 494.85 498.1 496.4 501.7 496.85 485.0 496.45 495.8 507.0 494.7 501.1 503.7 503.25 508.45 494.35 500.55 506.85 
171 0.0 0.0 0.0 0.0 502.15 492.8 495.25 493.8 508.95 507.55 491.65 500.15 501.3 502.0 504.8 496.4 491.55 497.25 500.8 493.85 511.55 
172 0.0 0.0 0.0 0.0 496.0 496.75 510.15 501.75 496.5 497.1 509.55 506.5 506.75 492.7 493.65 501.7 498.35 497.15 495.3 497.65 497.0 
173 0.0 0.0 0.0 0.0 496.5 498.0 504.05 499.2 490.45 489.65 499.0 503.1 497.6 501.65 503.75 501.3 505.9 501.15 503.0 500.6 503.95 
174 0.0 0.0 0.0 0.0 501.0 496.75 494.7 501.1 493.35 504.35 507.45 501.75 504.5 511.2 496.95 504.1 513.45 505.45 499.6 500.25 502.0 
175 0.0 0.0 0.0 0.0 511.5 505.95 494.0 494.3 496.45 503.25 498.4 496.65 496.15 501.7 503.7 506.95 504.85 496.2 504.95 505.3 500.8 
176 0.0 0.0 0.0 0.0 503.1 506.4 493.55 499.8 499.5 497.2 500.7 502.55 500.6 497.8 502.25 495.35 494.2 503.85 505.15 501.1 496.3 
177 0.0 0.0 0.0 0.0 505.35 498.15 495.0 504.0 506.25 501.4 501.3 500.5 501.05 501.0 501.15 499.15 499.15 503.15 498.6 498.55 500.1 
178 0.0 0.0 0.0 0.0 496.2 498.8 503.6 494.75 497.6 500.75 492.6 504.05 501.8 492.3 501.75 498.8 498.6 505.1 493.3 494.65 503.3 
179 0.0 0.0 0.0 0.0 496.05 498.3 498.75 498.95 486.2 509.85 497.85 494.7 500.3 505.2 502.35 506.8 507.4 500.65 505.3 503.85 499.8 
180 0.0 0.0 0.0 0.0 492.45 500.85 497.15 488.5 505.65 494.5 494.5 506.35 506.05 502.75 502.35 504.2 494.55 503.6 502.65 499.05 491.7 
181 0.0 0.0 0.0 0.0 492.55 501.7 500.8 505.85 508.2 501.05 504.35 500.55 504.2 502.5 500.75 494.55 498.0 500.7 499.2 496.85 491.95 
182 0.0 0.0 0.0 0.0 505.9 499.45 504.65 500.0 499.7 499.15 502.05 492.45 496.55 503.45 496.2 495.5 506.4 496.8 497.4 502.65 496.7 
183 0.0 0.0 0.0 0.0 507.5 495.8 497.55 500.6 497.55 499.55 503.55 491.8 488.75 500.0 499.75 506.0 504.4 499.2 497.95 492.4 502.0 
184 0.0 0.0 0.0 0.0 492.35 504.3 491.1 497.45 500.05 501.75 499.45 502.7 498.2 493.35 498.85 495.0 494.55 499.2 499.3 500.15 497.8 
185 0.0 0.0 0.0 0.0 509.4 494.1 508.25 499.1 500.3 498.9 503.5 501.25 487.25 495.95 489.65 495.85 494.85 498.6 501.7 500.9 494.2 
186 0.0 0.0 0.0 0.0 501.55 499.9 504.95 500.2 504.0 501.3 492.0 493.7 498.55 493.9 491.65 501.15 496.05 488.45 496.95 494.15 501.85 
187 0.0 0.0 0.0 0.0 493.3 502.85 499.95 499.7 501.35 500.15 501.7 496.95 495.2 492.9 506.55 501.95 500.75 499.6 495.1 495.9 499.95 
188 0.0 0.0 0.0 0.0 504.1 501.65 497.0 501.65 498.1 499.45 501.1 502.65 502.1 496.05 500.95 499.25 510.95 499.5 494.15 501.55 494.9 
189 0.0 0.0 0.0 0.0 497.05 503.95 495.3 493.9 502.4 492.8 493.05 497.25 500.75 492.65 499.45 499.95 496.95 497.65 500.05 504.4 498.6 
190 0.0 0.0 0.0 0.0 503.3 502.6 501.05 510.55 488.65 500.35 499.35 501.25 490.25 497.9 496.2 493.15 492.95 503.65 500.9 501.4 500.9 
191 0.0 0.0 0.0 0.0 500.6 502.75 500.85 496.7 502.9 503.65 493.6 498.1 505.5 508.65 494.2 489.45 493.25 499.95 507.7 493.45 498.9 
192 0.0 0.0 0.0 0.0 496.95 502.55 500.35 505.45 495.95 502.35 508.0 500.6 493.25 495.85 492.3 499.45 490.3 490.3 495.3 499.65 502.5 
193 0.0 0.0 0.0 0.0 499.6 503.0 499.6 495.65 507.1 495.5 496.7 498.5 509.2 502.35 503.45 501.95 495.85 498.05 501.4 501.95 500.2 
194 0.0 0.0 0.0 0.0 500.8 502.9 495.1 500.75 500.45 503.0 495.2 504.2 504.85 504.4 498.8 497.15 488.2 507.3 490.5 492.45 503.35 
195 0.0 0.0 0.0 0.0 504.6 498.35 504.95 499.35 502.35 498.95 507.9 502.35 510.15 504.75 509.25 499.75 494.75 485.8 497.2 505.75 496.25 
196 0.0 0.0 0.0 0.0 484.4 499.95 507.4 497.55 501.3 496.4 496.1 497.65 495.85 492.5 493.3 504.65 497.4 500.65 496.7 493.55 494.85 
197 0.0 0.0 0.0 0.0 484.75 495.3 493.45 497.1 500.15 499.95 506.6 504.35 498.55 498.4 495.35 489.45 512.4 497.85 499.35 496.5 490.5 
198 0.0 0.0 0.0 0.0 397.35 499.75 508.6 502.15 503.45 497.9 508.85 497.0 503.0 502.55 500.0 500.9 504.25 501.15 503.95 498.5 494.55 
199 0.0 0.0 0.0 0.0 312.9 505.3 498.2 498.65 497.55 497.0 501.6 508.05 501.0 505.2 505.25 499.1 508.65 496.0 491.75 490.75 495.05 
200 0.0 0.0 0.0 0.0 238.55 497.25 496.95 494.05 496.65 512.3 502.7 499.8 498.3 504.15 496.35 501.4 501.1 499.45 493.6 502.45 505.85 
201 0.0 0.0 0.0 0.0 179.65 486.85 494.4 496.8 504.15 507.05 500.5 496.55 492.3 497.7 505.85 514.75 502.5 496.2 498.7 497.15 503.35 
202 0.0 0.0 0.0 0.0 130.85 498.75 502.75 506.55 502.55 499.1 494.3 511.5 497.6 507.6 511.9 500.5 495.65 501.0 501.6 506.55 508.75 
203 0.0 0.0 0.0 0.0 87.95 503.1 501.2 501.0 505.15 495.95 502.1 493.55 502.65 505.85 489.6 499.3 501.8 502.1 504.8 507.45 498.85 
204 0.0 0.0 0.0 0.0 37.15 499.4 501.6 498.25 497.25 495.05 493.75 493.7 501.75 496.7 505.25 502.0 499.85 501.0 501.0 506.85 508.4 
205 0.0 0.0 0.0 0.0 28.15 499.9 501.1 507.6 490.9 508.15 497.0 492.15 498.85 495.15 503.2 494.85 496.6 505.4 505.4 505.6 501.8 
206 0.0 0.0 0.0 0.0 5.2 501.15 496.85 507.4 495.2 499.8 505.8 510.4 501.55 498.25 500.6 502.9 503.5 501.55 501.7 498.45 498.6 
207 0.0 0.0 0.0 0.0 1.45 500.15 496.3 497.25 505.75 495.8 495.8 493.25 498.1 502.9 495.5 499.65 500.75 498.2 505.35 501.45 500.0 
208 0.0 0.0 0.0 0.0 0.15 493.2 496.05 500.0 497.0 503.9 500.15 501.95 506.8 496.1 499.15 502.0 503.55 502.7 502.5 496.85 499.45 
209 0.0 0.0 0.0 0.0 0.15 500.1 500.5 496.75 495.5 495.75 500.85 499.55 491.5 492.6 497.55 507.4 494.35 510.6 502.95 499.15 499.45 
210 0.0 0.0 0.0 0.0 0.0 501.9 509.0 496.75 502.2 497.9 494.4 497.6 501.25 494.45 507.9 496.65 493.55 502.7 498.8 498.75 499.8 
211 0.0 0.0 0.0 0.0 0.0 506.25 500.45 501.75 502.5 502.7 504.05 498.5 505.0 497.7 499.1 495.65 500.75 495.4 503.1 488.3 504.25 
212 0.0 0.0 0.0 0.0 0.0 497.5 495.35 498.7 503.2 493.3 500.45 496.9 496.6 494.95 497.05 504.6 497.75 488.1 496.0 499.0 501.1 
213 0.0 0.0 0.0 0.0 0.0 502.85 501.05 503.95 503.8 502.05 501.85 497.85 496.45 503.65 494.6 504.55 509.0 504.55 499.75 509.7 503.7 
214 0.0 0.0 0.0 0.0 0.0 499.1 498.4 497.9 491.2 513.95 503.7 496.35 489.05 493.15 502.45 496.8 498.8 493.1 502.55 504.0 505.5 
215 0.0 0.0 0.0 0.0 0.0 504.55 502.55 503.75 504.1 501.3 504.1 502.8 497.85 503.65 496.1 489.4 502.6 505.45 492.9 498.5 501.95 
216 0.0 0.0 0.0 0.0 0.0 501.3 499.2 499.5 507.75 504.25 495.55 498.25 498.45 500.6 494.35 497.35 498.2 512.85 503.15 500.0 491.45 
217 0.0 0.0 0.0 0.0 0.0 499.4 502.4 496.9 497.35 494.7 503.25 502.4 509.8 502.45 494.8 496.3 501.65 504.55 505.85 502.45 492.9 
218 0.0 0.0 0.0 0.0 0.0 490.95 503.75 502.25 495.55 504.2 503.4 496.1 505.85 504.15 511.75 503.9 502.25 495.85 496.4 501.25 501.9 
219 0.0 0.0 0.0 0.0 0.0 497.05 504.4 510.6 506.85 500.35 498.5 504.7 502.55 497.55 510.45 504.1 506.55 506.75 507.4 502.4 500.6 
220 0.0 0.0 0.0 0.0 0.0 499.95 502.1 496.2 489.25 498.3 500.2 509.5 502.1 512.2 504.25 510.65 495.4 493.8 507.05 503.3 505.2 
221 0.0 0.0 0.0 0.0 0.0 509.1 500.5 491.55 503.25 504.65 503.8 507.4 504.25 505.55 502.25 502.95 502.65 505.75 493.55 506.6 501.05 
222 0.0 0.0 0.0 0.0 0.0 503.45 500.45 507.0 503.3 495.35 506.8 505.0 505.0 506.35 504.25 504.2 508.05 485.0 513.3 502.6 508.0 
223 0.0 0.0 0.0 0.0 0.0 501.7 495.0 501.7 495.35 501.7 489.75 495.8 495.2 495.25 504.3 500.75 498.35 508.8 500.95 498.45 495.1 
224 0.0 0.0 0.0 0.0 0.0 499.4 496.3 495.6 497.8 490.2 497.55 493.8 505.15 517.3 497.95 510.05 502.6 507.75 502.45 498.2 494.65 
225 0.0 0.0 0.0 0.0 0.0 491.6 503.05 498.55 499.25 501.3 497.05 494.3 501.1 499.05 504.6 505.1 499.65 502.2 487.95 500.3 505.05 
226 0.0 0.0 0.0 0.0 0.0 503.15 497.5 498.35 505.35 500.85 498.1 493.35 500.35 502.9 499.05 485.45 507.0 501.7 505.9 509.45 495.7 
227 0.0 0.0 0.0 0.0 0.0 500.1 498.55 489.2 502.35 501.5 501.8 495.55 495.75 494.85 507.8 502.35 501.7 502.85 496.05 501.8 503.65 
228 0.0 0.0 0.0 0.0 0.0 499.15 498.5 506.75 503.3 491.5 494.05 505.5 505.1 491.85 502.55 500.45 500.3 499.25 500.45 487.7 502.15 
229 0.0 0.0 0.0 0.0 0.0 500.6 495.4 501.15 501.05 504.4 503.65 507.75 494.9 506.95 502.95 514.85 501.25 500.25 497.2 500.65 500.35 
230 0.0 0.0 0.0 0.0 0.0 500.35 495.1 506.35 509.15 486.75 498.2 503.1 503.7 496.1 498.5 496.3 509.9 504.25 501.5 496.75 500.95 
231 0.0 0.0 0.0 0.0 0.0 491.75 496.4 498.15 490.1 503.4 507.9 511.65 503.85 503.25 496.55 504.15 493.85 496.1 502.3 502.2 493.85 
232 0.0 0.0 0.0 0.0 0.0 501.05 498.8 496.95 496.15 500.15 499.95 497.9 501.2 500.1 490.75 494.5 497.55 506.25 502.2 494.85 507.4 
233 0.0 0.0 0.0 0.0 0.0 496.9 506.2 498.0 490.35 503.8 503.15 504.55 502.75 501.15 496.05 502.1 495.1 501.0 490.45 502.95 495.45 
234 0.0 0.0 0.0 0.0 0.0 506.2 509.45 496.55 498.1 506.65 497.55 497.3 500.65 502.4 498.85 498.3 503.45 499.4 501.3 491.25 505.8 
235 0.0 0.0 0.0 0.0 0.0 502.5 499.85 504.75 499.1 495.0 501.15 495.4 499.75 499.05 495.2 496.45 505.15 495.5 497.4 495.95 505.15 
236 0.0 0.0 0.0 0.0 0.0 497.75 501.95 504.95 505.55 499.95 496.75 498.6 506.3 497.3 502.3 495.55 497.85 500.75 498.8 508.55 493.75 
237 0.0 0.0 0.0 0.0 0.0 503.8 511.0 507.95 497.85 505.8 495.9 500.0 498.75 502.5 500.0 508.65 500.45 503.65 506.5 508.7 503.0 
238 0.0 0.0 0.0 0.0 0.0 496.35 489.5 495.95 504.45 497.1 505.95 501.05 498.55 498.85 499.15 486.9 506.1 498.4 498.4 498.9 493.7 
239 0.0 0.0 0.0 0.0 0.0 500.85 502.25 507.6 506.9 507.1 497.35 494.95 493.9 504.9 502.0 507.75 500.4 500.0 499.05 500.5 498.2 
240 0.0 0.0 0.0 0.0 0.0 495.8 501.95 501.25 509.05 500.1 497.75 503.05 503.8 495.65 497.85 501.15 492.35 499.6 499.2 492.65 497.3 
241 0.0 0.0 0.0 0.0 0.0 511.65 496.35 493.85 498.45 500.05 504.95 502.4 498.7 499.95 506.8 498.3 498.15 495.3 506.55 501.5 504.4 
242 0.0 0.0 0.0 0.0 0.0 499.1 500.9 493.45 497.7 498.5 497.85 503.1 499.7 495.35 503.4 501.15 497.55 496.65 499.5 497.4 502.9 
243 0.0 0.0 0.0 0.0 0.0 491.2 497.1 499.5 499.3 495.8 496.5 502.6 489.15 508.45 498.6 501.1 495.25 501.1 498.9 496.15 497.85 
244 0.0 0.0 0.0 0.0 0.0 496.25 490.15 489.45 499.55 496.45 495.85 498.35 505.3 496.85 498.8 499.35 500.1 499.4 501.4 504.8 504.4 
245 0.0 0.0 0.0 0.0 0.0 505.9 502.65 506.5 495.15 503.2 497.55 499.25 506.6 502.65 501.7 494.1 499.25 498.45 494.3 503.95 498.4 
246 0.0 0.0 0.0 0.0 0.0 491.7 496.3 512.0 497.7 492.1 497.4 502.7 491.65 507.95 499.75 499.9 500.4 491.75 496.8 501.8 496.55 
247 0.0 0.0 0.0 0.0 0.0 482.15 505.5 492.5 505.0 508.1 500.65 497.55 500.8 493.5 499.4 491.25 495.3 499.85 491.9 491.05 497.35 
248 0.0 0.0 0.0 0.0 0.0 406.95 497.45 489.15 494.2 497.9 496.2 501.6 500.4 495.15 498.45 499.95 494.3 494.55 503.35 499.45 485.3 
249 0.0 0.0 0.0 0.0 0.0 358.5 499.0 497.95 499.9 495.5 508.15 495.35 492.15 495.1 492.45 500.95 507.85 498.65 502.1 499.65 503.7 
250 0.0 0.0 0.0 0.0 0.0 281.55 505.85 499.55 500.05 498.7 502.85 504.4 494.05 491.5 487.8 495.0 496.2 485.75 495.5 499.0 494.9 
251 0.0 0.0 0.0 0.0 0.0 248.8 496.6 498.95 502.9 500.1 499.25 494.6 499.7 495.0 489.95 499.0 490.9 504.25 494.3 494.7 497.7 
252 0.0 0.0 0.0 0.0 0.0 247.55 500.4 503.2 492.8 497.1 493.6 498.4 506.7 492.35 497.85 497.8 497.65 501.2 499.65 499.05 502.8 
253 0.0 0.0 0.0 0.0 0.0 162.2 504.65 503.7 495.7 505.35 502.75 497.7 495.05 494.9 513.25 493.95 501.85 491.05 503.85 498.55 497.8 
254 0.0 0.0 0.0 0.0 0.0 76.9 504.45 501.75 483.8 495.6 495.8 487.45 496.85 495.75 496.9 494.6 497.7 492.5 500.15 493.8 498.35 
255 0.0 0.0 0.0 0.0 0.0 52.65 492.2 498.15 502.3 493.85 497.55 490.65 493.35 501.25 486.25 503.85 502.95 511.3 494.45 500.15 505.85 
256 0.0 0.0 0.0 0.0 0.0 37.75 501.65 500.85 496.0 498.7 494.95 499.65 496.05 496.7 504.95 490.2 497.0 504.3 499.25 502.35 508.4 
257 0.0 0.0 0.0 0.0 0.0 9.9 494.25 501.8 510.1 495.25 496.3 518.4 497.05 501.4 501.55 501.15 499.25 509.3 504.05 500.45 496.45 
258 0.0 0.0 0.0 0.0 0.0 0.9 494.4 502.15 499.1 500.75 496.0 488.0 501.15 495.85 487.35 500.45 495.05 496.75 490.0 493.95 493.45 
259 0.0 0.0 0.0 0.0 0.0 0.25 497.9 492.75 499.75 497.0 494.25 490.5 501.4 496.35 502.4 491.2 496.05 499.9 500.3 503.55 496.15 
260 0.0 0.0 0.0 0.0 0.0 0.0 502.15 496.55 502.2 504.7 501.8 499.75 494.1 498.1 501.35 504.0 496.75 497.9 503.0 496.5 502.5 
261 0.0 0.0 0.0 0.0 0.0 0.0 502.25 502.15 501.9 501.5 502.3 496.55 504.35 502.45 494.8 492.45 496.5 497.8 505.75 508.55 498.85 
262 0.0 0.0 0.0 0.0 0.0 0.0 507.6 507.6 496.2 507.85 503.7 506.35 507.95 503.15 501.35 502.7 494.5 498.55 504.8 506.55 498.85 
263 0.0 0.0 0.0 0.0 0.0 0.0 501.5 494.5 505.05 500.3 505.8 499.55 497.4 500.25 499.85 501.5 500.05 496.0 498.9 503.95 503.95 
264 0.0 0.0 0.0 0.0 0.0 0.0 498.9 491.25 510.05 499.85 505.3 505.6 492.9 498.75 507.4 508.45 499.6 503.9 500.95 497.25 501.95 
265 0.0 0.0 0.0 0.0 0.0 0.0 501.2 512.75 508.9 501.4 509.25 505.95 502.05 507.2 502.35 492.2 504.25 496.6 504.8 507.05 514.7 
266 0.0 0.0 0.0 0.0 0.0 0.0 500.65 504.25 490.8 504.65 497.45 497.1 499.45 500.9 499.8 500.85 499.65 496.4 504.55 495.5 500.55 
267 0.0 0.0 0.0 0.0 0.0 0.0 506.75 501.85 503.35 509.2 508.3 504.25 500.3 500.5 502.35 496.7 500.2 512.1 500.6 503.7 501.15 
268 0.0 0.0 0.0 0.0 0.0 0.0 492.95 492.7 499.65 494.45 505.35 499.2 502.65 486.1 510.75 499.9 500.4 495.8 490.65 498.55 502.1 
269 0.0 0.0 0.0 0.0 0.0 0.0 491.55 500.0 504.3 507.4 500.6 499.4 499.9 500.9 500.2 509.2 504.5 499.7 496.65 501.5 500.95 
270 0.0 0.0 0.0 0.0 0.0 0.0 497.1 504.35 495.35 493.45 506.55 501.4 501.55 507.2 503.5 501.2 501.65 497.3 500.55 497.35 499.0 
271 0.0 0.0 0.0 0.0 0.0 0.0 504.9 497.25 501.7 499.5 497.0 501.35 506.8 511.35 495.7 496.5 507.4 501.0 510.1 500.45 507.0 
272 0.0 0.0 0.0 0.0 0.0 0.0 504.35 499.1 486.55 494.5 497.75 501.75 501.2 502.05 502.2 505.2 496.1 499.5 498.0 501.0 495.0 
273 0.0 0.0 0.0 0.0 0.0 0.0 498.75 496.2 510.5 502.9 498.7 514.6 497.25 504.95 506.0 510.15 497.1 508.85 496.35 506.6 496.15 
274 0.0 0.0 0.0 0.0 0.0 0.0 501.95 502.1 489.9 500.4 498.15 495.7 500.7 496.4 499.05 502.9 508.7 500.15 501.5 503.3 503.0 
275 0.0 0.0 0.0 0.0 0.0 0.0 496.7 504.4 498.25 494.15 504.05 499.4 506.45 499.25 502.7 496.1 500.9 506.85 496.65 495.4 501.85 
276 0.0 0.0 0.0 0.0 0.0 0.0 500.25 497.45 502.35 497.3 490.6 497.7 504.9 500.3 501.7 505.0 496.1 497.25 500.15 503.6 497.65 
277 0.0 0.0 0.0 0.0 0.0 0.0 503.3 507.9 497.3 495.85 496.25 497.85 495.0 505.4 502.05 504.55 505.35 505.15 503.95 502.3 502.65 
278 0.0 0.0 0.0 0.0 0.0 0.0 498.15 493.7 504.15 500.35 502.9 500.85 497.85 502.55 500.1 506.9 506.1 497.95 502.0 504.1 495.7 
279 0.0 0.0 0.0 0.0 0.0 0.0 500.0 495.5 497.9 499.8 500.6 501.5 503.1 501.5 500.2 495.85 502.9 502.9 505.7 500.9 504.6 
280 0.0 0.0 0.0 0.0 0.0 0.0 497.1 496.0 503.0 504.6 504.85 499.85 497.85 503.1 503.35 497.35 499.65 496.6 502.55 494.0 496.05 
281 0.0 0.0 0.0 0.0 0.0 0.0 504.35 499.7 499.45 506.1 497.85 499.1 502.95 495.1 492.5 500.9 502.1 494.3 498.55 494.5 489.1 
282 0.0 0.0 0.0 0.0 0.0 0.0 502.2 500.35 500.0 504.2 493.1 491.5 500.2 496.65 489.8 499.25 501.95 508.75 494.05 491.55 500.3 
283 0.0 0.0 0.0 0.0 0.0 0.0 493.5 495.6 492.05 497.55 497.2 501.45 508.75 499.15 504.85 495.0 497.65 489.1 498.2 494.25 498.05 
284 0.0 0.0 0.0 0.0 0.0 0.0 501.55 502.6 499.1 498.8 503.5 507.05 486.55 506.55 499.25 493.05 500.4 505.8 506.35 498.95 491.5 
285 0.0 0.0 0.0 0.0 0.0 0.0 502.0 505.8 500.75 495.6 496.55 494.7 506.45 498.85 497.1 500.45 501.2 496.9 489.45 504.7 507.9 
286 0.0 0.0 0.0 0.0 0.0 0.0 498.8 491.45 506.4 498.95 497.85 507.55 504.45 506.65 507.2 497.3 501.5 515.05 500.2 495.35 493.9 
287 0.0 0.0 0.0 0.0 0.0 0.0 497.7 495.2 494.95 492.7 495.95 497.25 498.1 506.9 505.95 505.2 492.9 502.3 511.1 499.15 499.4 
288 0.0 0.0 0.0 0.0 0.0 0.0 506.25 503.8 490.75 504.6 497.7 493.9 506.9 501.15 505.5 506.65 493.9 496.5 499.8 512.9 500.6 
289 0.0 0.0 0.0 0.0 0.0 0.0 497.3 501.1 500.7 505.7 502.2 505.95 500.3 490.45 503.6 499.4 508.25 499.0 505.55 505.25 501.05 
290 0.0 0.0 0.0 0.0 0.0 0.0 501.15 499.3 505.45 499.65 500.6 494.05 497.8 499.85 502.65 508.55 502.5 503.8 501.3 502.45 509.2 
291 0.0 0.0 0.0 0.0 0.0 0.0 493.4 497.85 499.0 500.35 499.25 510.15 501.6 503.3 492.65 502.95 502.8 505.25 506.3 500.7 498.85 
292 0.0 0.0 0.0 0.0 0.0 0.0 505.25 500.3 504.55 499.1 497.8 498.8 496.2 503.45 508.9 503.6 515.05 505.6 500.4 502.95 505.95 
293 0.0 0.0 0.0 0.0 0.0 0.0 501.25 509.05 507.1 503.35 502.45 499.5 502.4 504.55 503.15 503.15 505.85 495.35 503.8 510.0 512.65 
294 0.0 0.0 0.0 0.0 0.0 0.0 501.2 500.4 500.2 498.15 509.8 500.05 494.9 507.3 506.25 508.7 496.6 493.15 500.75 501.9 508.45 
295 0.0 0.0 0.0 0.0 0.0 0.0 502.55 504.85 504.0 498.25 500.15 498.85 498.5 498.95 497.55 502.25 494.95 503.5 500.0 503.0 503.3 
296 0.0 0.0 0.0 0.0 0.0 0.0 492.7 498.65 501.9 500.45 504.15 500.7 500.9 493.2 492.55 502.95 503.35 497.0 497.95 508.65 498.65 
297 0.0 0.0 0.0 0.0 0.0 0.0 461.5 505.0 505.9 503.05 502.55 502.25 508.85 499.7 501.45 497.4 498.7 500.55 499.55 491.6 495.3 
298 0.0 0.0 0.0 0.0 0.0 0.0 444.85 509.15 500.65 504.65 500.3 497.2 507.8 505.55 498.1 488.25 497.5 507.35 499.2 495.15 504.85 
299 0.0 0.0 0.0 0.0 0.0 0.0 365.35 490.8 495.2 502.55 496.7 502.8 490.75 497.45 497.35 499.5 505.7 497.5 494.05 505.95 494.35 
300 0.0 0.0 0.0 0.0 0.0 0.0 285.55 495.45 494.4 497.3 509.3 509.6 498.4 495.1 497.4 501.8 492.7 504.85 499.55 488.25 493.45 
301 0.0 0.0 0.0 0.0 0.0 0.0 259.15 502.3 500.95 500.2 500.7 506.6 500.35 491.9 495.9 496.5 494.7 496.7 496.85 496.05 496.6 
302 0.0 0.0 0.0 0.0 0.0 0.0 243.95 501.0 494.25 506.15 492.35 494.8 503.2 499.75 494.05 502.6 505.5 504.0 495.7 493.65 500.05 
303 0.0 0.0 0.0 0.0 0.0 0.0 193.5 494.5 507.9 498.9 502.55 498.75 502.15 503.6 501.6 496.5 499.65 502.85 503.6 499.85 503.15 
304 0.0 0.0 0.0 0.0 0.0 0.0 156.4 498.4 498.7 494.5 498.75 495.5 496.75 502.65 503.55 498.2 511.05 503.15 496.65 506.15 496.15 
305 0.0 0.0 0.0 0.0 0.0 0.0 109.5 496.75 489.45 502.2 493.4 496.45 504.6 497.0 506.4 503.7 499.55 496.9 492.3 500.0 498.0 
306 0.0 0.0 0.0 0.0 0.0 0.0 37.95 490.5 494.55 493.35 500.8 505.2 500.15 495.6 490.7 497.3 495.5 493.2 504.5 489.65 499.3 
307 0.0 0.0 0.0 0.0 0.0 0.0 25.85 500.95 502.9 504.05 503.85 497.6 499.95 503.8 503.3 500.55 498.85 490.45 505.55 506.6 503.15 
308 0.0 0.0 0.0 0.0 0.0 0.0 24.65 505.2 507.3 494.95 498.65 493.65 492.6 499.0 496.7 491.55 491.25 498.15 499.4 501.4 498.4 
309 0.0 0.0 0.0 0.0 0.0 0.0 25.6 500.7 509.75 498.6 502.95 498.45 504.05 496.3 491.25 497.45 487.15 495.1 493.2 502.5 502.45 
310 0.0 0.0 0.0 0.0 0.0 0.0 14.9 500.15 501.6 504.2 493.65 506.6 498.45 509.0 510.05 512.5 496.2 495.35 500.95 503.35 499.85 
311 0.0 0.0 0.0 0.0 0.0 0.0 0.5 507.15 500.95 498.4 499.2 497.1 500.15 498.0 504.8 488.65 512.55 505.6 493.1 497.4 512.0 
312 0.0 0.0 0.0 0.0 0.0 0.0 0.0 503.85 487.8 499.05 502.05 495.1 504.5 503.05 508.3 508.2 499.75 496.85 506.1 491.4 488.75 
313 0.0 0.0 0.0 0.0 0.0 0.0 0.0 506.5 494.9 498.4 496.65 511.85 508.6 510.45 496.75 499.3 498.75 507.5 501.85 498.5 506.8 
314 0.0 0.0 0.0 0.0 0.0 0.0 0.0 505.9 506.85 501.6 500.5 493.2 501.35 492.15 498.25 496.75 502.85 489.75 500.75 501.6 492.65 
315 0.0 0.0 0.0 0.0 0.0 0.0 0.0 497.25 501.95 507.4 498.7 503.95 494.0 498.75 491.8 491.6 500.7 500.05 499.05 501.75 502.7 
316 0.0 0.0 0.0 0.0 0.0 0.0 0.0 501.45 502.85 497.25 499.9 487.3 492.05 493.1 501.8 503.8 500.5 506.7 504.6 499.0 497.7 
317 0.0 0.0 0.0 0.0 0.0 0.0 0.0 492.6 501.5 498.75 508.4 496.65 491.8 486.9 494.05 499.2 504.05 494.35 495.8 499.3 496.65 
318 0.0 0.0 0.0 0.0 0.0 0.0 0.0 500.05 496.35 498.95 503.6 508.85 499.1 499.6 501.6 500.2 492.35 500.05 496.5 502.6 503.9 
319 0.0 0.0 0.0 0.0 0.0 0.0 0.0 503.85 500.75 501.85 497.0 495.6 503.15 495.4 503.95 499.55 493.2 504.0 505.8 497.65 495.2 
320 0.0 0.0 0.0 0.0 0.0 0.0 0.0 491.65 502.55 499.25 499.9 509.3 501.55 504.4 499.75 500.05 498.5 505.95 501.45 502.2 504.2 
321 0.0 0.0 0.0 0.0 0.0 0.0 0.0 494.5 495.4 511.2 508.45 499.0 492.6 498.55 500.45 503.45 499.65 493.25 499.1 500.1 501.05 
322 0.0 0.0 0.0 0.0 0.0 0.0 0.0 509.75 510.6 490.85 488.0 501.4 499.45 499.65 501.15 503.8 505.0 498.35 497.6 493.1 499.55 
323 0.0 0.0 0.0 0.0 0.0 0.0 0.0 498.9 500.6 497.15 503.9 501.25 506.05 504.85 498.25 497.65 498.9 503.0 493.0 508.25 497.65 
324 0.0 0.0 0.0 0.0 0.0 0.0 0.0 497.55 512.0 502.25 505.55 493.2 493.7 497.45 495.5 497.5 494.6 498.35 504.7 493.8 504.3 
325 0.0 0.0 0.0 0.0 0.0 0.0 0.0 503.55 498.25 505.75 498.4 503.05 496.95 496.15 499.2 504.5 504.65 495.15 494.65 502.25 499.3 
326 0.0 0.0 0.0 0.0 0.0 0.0 0.0 498.3 498.0 492.8 493.4 495.95 505.7 503.1 499.85 500.35 499.15 495.85 504.3 503.55 498.2 
327 0.0 0.0 0.0 0.0 0.0 0.0 0.0 502.15 496.55 497.9 503.0 498.15 502.9 496.65 499.7 499.4 511.25 504.5 498.6 498.5 498.1 
328 0.0 0.0 0.0 0.0 0.0 0.0 0.0 497.2 495.1 501.55 498.75 497.6 490.8 502.65 494.85 490.8 491.7 501.75 497.4 492.7 498.75 
329 0.0 0.0 0.0 0.0 0.0 0.0 0.0 495.55 491.75 495.3 499.0 507.3 505.35 499.9 495.2 497.25 500.5 507.75 501.1 501.65 490.15 
330 0.0 0.0 0.0 0.0 0.0 0.0 0.0 497.35 495.05 499.45 488.65 501.35 490.45 502.45 500.85 488.05 497.3 496.3 504.55 498.55 505.35 
331 0.0 0.0 0.0 0.0 0.0 0.0 0.0 497.35 503.95 498.2 502.45 504.5 495.8 494.5 497.9 502.8 489.95 496.95 498.35 497.35 489.3 
332 0.0 0.0 0.0 0.0 0.0 0.0 0.0 504.45 496.9 501.95 505.2 492.9 500.5 494.3 500.9 499.05 495.5 502.45 500.25 500.6 505.9 
333 0.0 0.0 0.0 0.0 0.0 0.0 0.0 499.35 499.7 500.95 504.25 497.3 506.35 490.1 495.9 501.75 500.65 490.35 500.15 497.45 499.2 
334 0.0 0.0 0.0 0.0 0.0 0.0 0.0 506.05 505.75 500.4 497.05 497.95 501.85 498.2 499.85 492.95 505.8 498.15 493.9 497.1 499.25 
335 0.0 0.0 0.0 0.0 0.0 0.0 0.0 494.55 504.55 497.7 494.95 493.75 500.05 499.95 501.55 502.6 503.0 504.5 501.45 495.6 502.5 
336 0.0 0.0 0.0 0.0 0.0 0.0 0.0 499.95 496.25 501.15 494.05 502.25 498.85 500.05 501.0 501.05 508.25 504.4 507.35 502.1 501.25 
337 0.0 0.0 0.0 0.0 0.0 0.0 0.0 506.8 498.85 502.3 508.15 492.65 495.9 507.0 506.1 509.7 501.0 508.25 502.0 507.35 503.75 
338 0.0 0.0 0.0 0.0 0.0 0.0 0.0 493.05 502.0 491.15 497.9 497.95 505.55 503.25 497.6 501.05 499.5 493.25 498.4 511.0 504.0 
339 0.0 0.0 0.0 0.0 0.0 0.0 0.0 500.1 495.8 501.55 489.4 505.35 496.55 496.35 501.1 499.8 493.35 501.15 497.25 500.3 493.95 
340 0.0 0.0 0.0 0.0 0.0 0.0 0.0 504.55 498.3 494.15 497.9 493.9 503.0 501.25 497.85 504.55 501.5 494.55 500.9 502.8 503.95 
341 0.0 0.0 0.0 0.0 0.0 0.0 0.0 500.5 494.35 497.1 490.5 494.65 496.15 500.05 495.2 501.95 494.6 501.35 493.4 487.8 502.65 
342 0.0 0.0 0.0 0.0 0.0 0.0 0.0 506.25 501.6 494.3 499.05 497.95 497.5 500.35 504.95 492.1 502.0 503.6 498.15 495.25 482.15 
343 0.0 0.0 0.0 0.0 0.0 0.0 0.0 497.45 500.4 500.75 497.05 499.7 494.25 503.4 496.25 502.3 495.55 496.8 497.35 491.6 497.2 
344 0.0 0.0 0.0 0.0 0.0 0.0 0.0 499.3 501.25 504.5 504.45 506.3 500.55 499.75 500.4 501.15 501.1 500.4 503.9 498.3 501.25 
345 0.0 0.0 0.0 0.0 0.0 0.0 0.0 494.95 500.6 507.45 505.05 501.35 500.8 508.45 499.05 501.65 499.85 487.65 505.55 504.25 500.6 
346 0.0 0.0 0.0 0.0 0.0 0.0 0.0 467.15 494.3 488.5 503.2 501.65 500.3 503.6 501.1 502.3 501.95 500.65 497.45 503.75 507.1 
347 0.0 0.0 0.0 0.0 0.0 0.0 0.0 371.35 505.5 504.5 492.2 509.25 502.75 507.35 505.8 502.8 505.2 498.65 496.75 504.7 499.8 
348 0.0 0.0 0.0 0.0 0.0 0.0 0.0 355.65 501.1 495.0 517.9 501.5 512.5 500.75 500.65 495.55 490.35 498.45 495.4 498.2 506.4 
349 0.0 0.0 0.0 0.0 0.0 0.0 0.0 351.2 501.4 507.3 503.05 501.75 507.4 496.1 497.0 498.4 501.6 501.65 503.75 506.25 500.7 
350 0.0 0.0 0.0 0.0 0.0 0.0 0.0 352.6 496.75 500.95 494.35 499.05 508.1 502.3 503.9 500.65 500.1 494.6 500.5 496.35 494.4 
351 0.0 0.0 0.0 0.0 0.0 0.0 0.0 333.2 495.35 496.6 502.1 499.05 505.95 503.4 501.45 502.8 501.05 508.45 503.5 496.55 501.65 
352 0.0 0.0 0.0 0.0 0.0 0.0 0.0 279.25 493.9 504.95 509.55 503.8 491.35 497.25 506.2 502.65 500.45 501.55 500.25 504.75 500.9 
353 0.0 0.0 0.0 0.0 0.0 0.0 0.0 200.35 498.35 503.15 493.4 509.0 492.85 499.85 493.9 507.4 496.65 502.85 497.6 504.55 498.05 
354 0.0 0.0 0.0 0.0 0.0 0.0 0.0 178.1 506.1 501.3 492.4 502.35 495.65 498.2 506.1 502.95 506.75 504.15 504.85 501.6 492.9 
355 0.0 0.0 0.0 0.0 0.0 0.0 0.0 106.35 508.75 505.7 499.4 500.8 498.85 498.75 502.7 493.6 498.2 491.05 495.8 502.4 507.15 
356 0.0 0.0 0.0 0.0 0.0 0.0 0.0 56.25 511.95 495.6 505.05 489.15 496.25 498.75 496.65 501.9 503.3 501.5 506.0 495.35 498.7 
357 0.0 0.0 0.0 0.0 0.0 0.0 0.0 30.8 486.15 496.05 497.4 494.7 507.15 500.5 492.85 498.2 501.45 507.65 504.5 496.75 506.5 
358 0.0 0.0 0.0 0.0 0.0 0.0 0.0 26.1 502.35 503.45 499.2 495.8 497.45 502.4 501.6 491.55 500.2 493.1 495.55 509.4 499.7 
359 0.0 0.0 0.0 0.0 0.0 0.0 0.0 12.4 505.75 497.3 503.5 502.8 503.5 507.2 503.3 500.95 505.75 506.55 498.75 503.35 504.55 
360 0.0 0.0 0.0 0.0 0.0 0.0 0.0 1.35 493.65 498.1 496.55 501.75 496.85 499.55 504.55 499.9 498.2 504.7 501.1 503.5 502.5 
361 0.0 0.0 0.0 0.0 0.0 0.0 0.0 0.1 505.2 498.75 503.05 497.6 502.4 492.95 497.1 497.6 507.2 492.6 497.75 500.05 493.75 
362 0.0 0.0 0.0 0.0 0.0 0.0 0.0 0.0 498.65 509.15 507.45 506.0 497.45 501.55 504.9 500.8 490.8 504.35 504.95 499.3 505.3 
363 0.0 0.0 0.0 0.0 0.0 0.0 0.0 0.0 500.35 499.9 503.75 505.45 493.95 501.75 501.45 506.65 503.85 505.8 491.55 496.45 497.15 
364 0.0 0.0 0.0 0.0 0.0 0.0 0.0 0.0 507.15 491.7 498.0 499.05 497.85 492.6 497.6 501.0 495.8 497.45 499.45 498.25 494.8 
365 0.0 0.0 0.0 0.0 0.0 0.0 0.0 0.0 497.45 507.7 503.65 508.6 501.05 497.15 494.65 497.95 504.15 493.45 496.65 498.15 499.1 
366 0.0 0.0 0.0 0.0 0.0 0.0 0.0 0.0 498.7 500.75 499.25 500.1 505.7 492.6 499.65 495.35 492.35 505.4 498.9 493.35 500.5 
367 0.0 0.0 0.0 0.0 0.0 0.0 0.0 0.0 497.65 499.0 497.7 498.9 503.25 502.45 490.5 499.3 494.6 495.75 495.4 501.5 496.25 
368 0.0 0.0 0.0 0.0 0.0 0.0 0.0 0.0 497.2 508.45 503.25 496.9 509.9 509.25 508.2 498.2 499.9 494.85 499.2 495.85 498.45 
369 0.0 0.0 0.0 0.0 0.0 0.0 0.0 0.0 502.95 494.65 502.9 507.9 498.1 499.25 503.75 496.8 498.4 501.9 503.1 503.8 502.1 
370 0.0 0.0 0.0 0.0 0.0 0.0 0.0 0.0 496.8 496.6 488.85 497.85 501.5 502.0 497.05 497.7 494.2 501.95 504.35 499.65 505.25 
371 0.0 0.0 0.0 0.0 0.0 0.0 0.0 0.0 504.55 499.85 496.5 498.2 502.2 502.4 501.05 499.75 511.6 499.95 496.6 497.35 502.8 
372 0.0 0.0 0.0 0.0 0.0 0.0 0.0 0.0 496.3 495.75 503.25 487.15 497.2 507.85 499.95 505.9 507.0 508.35 508.2 495.05 494.55 
373 0.0 0.0 0.0 0.0 0.0 0.0 0.0 0.0 500.4 495.9 504.0 503.55 494.05 504.45 495.2 501.4 496.85 499.7 503.75 505.7 501.95 
374 0.0 0.0 0.0 0.0 0.0 0.0 0.0 0.0 504.7 499.35 501.3 502.7 495.6 492.7 499.95 502.1 499.85 505.0 498.75 510.15 500.5 
375 0.0 0.0 0.0 0.0 0.0 0.0 0.0 0.0 502.75 497.05 491.05 498.3 494.75 492.25 504.35 498.8 507.6 505.05 500.2 494.85 499.15 
376 0.0 0.0 0.0 0.0 0.0 0.0 0.0 0.0 495.3 496.95 502.1 496.75 506.5 499.5 499.2 507.65 495.5 492.35 492.9 498.85 501.7 
377 0.0 0.0 0.0 0.0 0.0 0.0 0.0 0.0 489.7 501.95 511.9 496.95 504.55 495.75 498.55 498.45 503.95 501.6 494.5 495.6 500.7 
378 0.0 0.0 0.0 0.0 0.0 0.0 0.0 0.0 497.1 498.15 488.95 500.45 498.7 498.0 500.15 498.45 497.85 495.85 502.9 497.85 497.05 
379 0.0 0.0 0.0 0.0 0.0 0.0 0.0 0.0 510.9 502.8 498.25 499.25 498.65 498.75 497.85 507.55 498.0 502.5 506.5 505.75 502.5 
380 0.0 0.0 0.0 0.0 0.0 0.0 0.0 0.0 495.2 499.95 501.2 495.4 490.4 504.1 506.15 490.95 491.75 494.65 510.25 495.1 496.15 
381 0.0 0.0 0.0 0.0 0.0 0.0 0.0 0.0 509.75 510.25 493.7 499.75 496.5 496.4 500.3 506.4 504.3 500.85 491.8 494.7 496.65 
382 0.0 0.0 0.0 0.0 0.0 0.0 0.0 0.0 500.95 505.95 505.35 501.4 492.8 504.45 497.5 499.4 502.85 494.7 499.65 502.5 496.15 
383 0.0 0.0 0.0 0.0 0.0 0.0 0.0 0.0 494.85 497.75 501.7 494.7 503.6 502.0 496.85 502.3 492.3 501.7 494.65 503.55 502.7 
384 0.0 0.0 0.0 0.0 0.0 0.0 0.0 0.0 499.55 499.55 500.7 503.95 498.75 492.35 505.0 492.6 503.75 502.65 494.25 500.35 509.25 
385 0.0 0.0 0.0 0.0 0.0 0.0 0.0 0.0 498.85 501.3 499.3 501.25 501.2 498.7 494.45 497.6 508.3 498.3 501.15 493.0 499.55 
386 0.0 0.0 0.0 0.0 0.0 0.0 0.0 0.0 496.0 494.0 499.75 501.9 499.75 499.3 500.05 497.45 490.9 502.85 500.35 507.45 497.05 
387 0.0 0.0 0.0 0.0 0.0 0.0 0.0 0.0 503.4 498.65 501.15 492.7 499.55 505.6 500.85 505.45 504.5 503.35 498.2 506.05 506.7 
388 0.0 0.0 0.0 0.0 0.0 0.0 0.0 0.0 498.9 502.3 499.55 497.8 502.7 505.95 502.2 496.65 502.2 499.0 506.4 497.95 503.95 
389 0.0 0.0 0.0 0.0 0.0 0.0 0.0 0.0 498.15 504.4 502.5 501.75 499.75 501.9 498.3 504.35 491.35 495.65 501.0 504.3 498.1 
390 0.0 0.0 0.0 0.0 0.0 0.0 0.0 0.0 497.1 503.7 491.0 505.75 499.95 501.65 499.05 498.85 510.95 503.4 503.6 501.5 492.75 
391 0.0 0.0 0.0 0.0 0.0 0.0 0.0 0.0 504.15 494.05 501.05 498.05 500.9 495.95 505.35 504.95 503.4 500.55 499.25 493.8 494.05 
392 0.0 0.0 0.0 0.0 0.0 0.0 0.0 0.0 512.6 501.65 505.65 497.1 503.45 499.15 508.95 498.5 497.65 507.9 497.0 496.4 498.75 
393 0.0 0.0 0.0 0.0 0.0 0.0 0.0 0.0 494.95 499.5 491.45 496.4 499.05 497.6 499.65 504.05 505.2 501.85 503.8 500.55 498.8 
394 0.0 0.0 0.0 0.0 0.0 0.0 0.0 0.0 494.85 501.0 502.25 498.25 496.4 499.25 494.15 499.25 494.45 495.85 495.8 492.4 500.45 
395 0.0 0.0 0.0 0.0 0.0 0.0 0.0 0.0 466.0 498.5 498.9 504.85 501.35 499.3 502.25 498.85 502.1 505.45 499.35 505.5 499.7 
396 0.0 0.0 0.0 0.0 0.0 0.0 0.0 0.0 446.1 501.05 503.5 504.25 505.55 496.7 500.35 503.4 501.35 494.3 496.45 503.65 501.05 
397 0.0 0.0 0.0 0.0 0.0 0.0 0.0 0.0 416.55 501.2 503.1 512.1 495.7 496.9 497.25 502.3 496.45 503.15 506.5 499.5 499.35 
398 0.0 0.0 0.0 0.0 0.0 0.0 0.0 0.0 378.85 495.2 501.25 498.4 502.45 511.7 507.05 496.6 502.25 492.85 503.15 497.2 492.6 
399 0.0 0.0 0.0 0.0 0.0 0.0 0.0 0.0 374.7 495.95 495.6 491.1 503.95 502.5 499.4 499.35 501.05 495.7 489.65 496.85 503.1 
400 0.0 0.0 0.0 0.0 0.0 0.0 0.0 0.0 359.8 501.9 507.05 502.05 494.9 500.2 500.05 499.95 495.35 501.25 497.9 495.25 501.0 
401 0.0 0.0 0.0 0.0 0.0 0.0 0.0 0.0 309.15 493.0 483.4 496.9 501.65 496.65 496.6 502.45 499.6 501.35 492.8 500.8 497.95 
402 0.0 0.0 0.0 0.0 0.0 0.0 0.0 0.0 268.15 499.2 500.9 505.0 497.3 498.55 499.3 491.25 495.2 495.5 512.3 501.7 498.8 
403 0.0 0.0 0.0 0.0 0.0 0.0 0.0 0.0 231.25 499.55 503.6 488.4 498.75 502.5 500.2 496.95 493.35 506.45 496.3 502.8 503.55 
404 0.0 0.0 0.0 0.0 0.0 0.0 0.0 0.0 175.0 505.35 504.5 498.4 509.15 499.55 499.75 493.75 504.55 497.0 506.75 497.25 499.8 
405 0.0 0.0 0.0 0.0 0.0 0.0 0.0 0.0 144.9 495.75 495.45 495.25 498.85 497.5 496.65 506.75 498.7 502.65 503.4 500.75 499.25 
406 0.0 0.0 0.0 0.0 0.0 0.0 0.0 0.0 85.95 503.9 497.15 512.8 497.35 498.65 494.9 494.6 505.1 504.7 492.75 496.15 508.85 
407 0.0 0.0 0.0 0.0 0.0 0.0 0.0 0.0 52.9 504.4 502.45 503.25 502.8 498.2 490.3 509.45 503.9 495.9 502.95 498.45 498.55 
408 0.0 0.0 0.0 0.0 0.0 0.0 0.0 0.0 13.2 497.85 503.8 494.1 492.2 505.25 510.2 496.0 498.8 504.75 501.55 499.9 494.95 
409 0.0 0.0 0.0 0.0 0.0 0.0 0.0 0.0 1.1 505.9 500.85 503.8 503.95 495.9 499.0 502.15 499.15 495.2 504.25 504.5 507.75 
410 0.0 0.0 0.0 0.0 0.0 0.0 0.0 0.0 0.05 504.8 510.7 502.75 492.95 501.35 504.1 495.25 499.35 498.8 502.2 503.5 501.4 
411 0.0 0.0 0.0 0.0 0.0 0.0 0.0 0.0 0.0 495.75 497.45 505.45 492.95 492.3 493.9 507.05 503.75 497.65 499.8 507.0 497.5 
412 0.0 0.0 0.0 0.0 0.0 0.0 0.0 0.0 0.0 494.25 503.4 493.2 500.2 499.05 500.3 496.2 502.6 493.8 501.35 496.0 507.05 
413 0.0 0.0 0.0 0.0 0.0 0.0 0.0 0.0 0.0 500.65 492.95 503.05 498.15 502.9 504.95 497.2 493.1 505.0 498.25 497.35 496.2 
414 0.0 0.0 0.0 0.0 0.0 0.0 0.0 0.0 0.0 494.7 501.9 492.95 510.85 501.7 506.65 497.9 503.4 494.5 503.5 502.7 494.7 
415 0.0 0.0 0.0 0.0 0.0 0.0 0.0 0.0 0.0 502.1 491.35 507.75 495.55 495.15 495.6 506.4 502.7 503.15 498.9 500.0 502.75 
416 0.0 0.0 0.0 0.0 0.0 0.0 0.0 0.0 0.0 502.65 499.35 496.0 502.75 501.9 492.65 496.5 502.9 507.25 492.15 506.85 490.25 
417 0.0 0.0 0.0 0.0 0.0 0.0 0.0 0.0 0.0 500.15 501.2 501.35 501.0 497.65 496.35 504.75 505.9 504.9 497.35 501.3 496.1 
418 0.0 0.0 0.0 0.0 0.0 0.0 0.0 0.0 0.0 499.9 499.0 499.2 501.35 495.7 502.65 494.3 493.05 496.6 500.25 492.15 497.05 
419 0.0 0.0 0.0 0.0 0.0 0.0 0.0 0.0 0.0 499.85 499.9 499.5 501.65 499.7 495.65 505.6 503.4 499.6 502.7 497.65 500.55 
420 0.0 0.0 0.0 0.0 0.0 0.0 0.0 0.0 0.0 499.0 495.95 494.75 500.05 502.0 507.0 496.55 490.95 505.2 504.25 496.0 500.45 
421 0.0 0.0 0.0 0.0 0.0 0.0 0.0 0.0 0.0 502.35 505.75 503.4 498.55 502.3 497.45 492.25 497.4 493.1 500.1 498.55 494.05 
422 0.0 0.0 0.0 0.0 0.0 0.0 0.0 0.0 0.0 504.6 502.75 499.6 498.6 504.35 496.7 498.75 494.3 498.7 498.3 499.1 503.55 
423 0.0 0.0 0.0 0.0 0.0 0.0 0.0 0.0 0.0 501.85 506.3 496.1 500.95 497.65 498.55 484.85 491.95 497.0 496.75 498.75 504.95 
424 0.0 0.0 0.0 0.0 0.0 0.0 0.0 0.0 0.0 496.35 495.25 498.05 498.95 501.95 499.95 501.2 488.65 493.75 488.3 493.8 490.85 
425 0.0 0.0 0.0 0.0 0.0 0.0 0.0 0.0 0.0 504.25 503.25 503.25 504.85 493.7 504.45 496.1 500.65 499.6 499.95 503.35 499.45 
426 0.0 0.0 0.0 0.0 0.0 0.0 0.0 0.0 0.0 495.1 496.0 495.4 506.85 497.5 500.85 508.4 499.6 496.9 496.95 499.4 501.8 
427 0.0 0.0 0.0 0.0 0.0 0.0 0.0 0.0 0.0 503.3 502.75 503.65 498.9 502.35 502.1 502.25 499.25 504.8 506.7 501.15 508.25 
428 0.0 0.0 0.0 0.0 0.0 0.0 0.0 0.0 0.0 508.15 493.05 497.4 496.65 510.05 501.25 504.15 499.85 500.95 500.15 501.35 496.85 
429 0.0 0.0 0.0 0.0 0.0 0.0 0.0 0.0 0.0 489.35 498.0 507.95 503.9 500.2 503.85 501.75 505.9 504.0 498.95 501.7 504.95 
430 0.0 0.0 0.0 0.0 0.0 0.0 0.0 0.0 0.0 499.3 505.65 498.55 496.1 505.0 497.0 500.65 511.0 500.0 508.7 504.95 510.4 
431 0.0 0.0 0.0 0.0 0.0 0.0 0.0 0.0 0.0 497.55 501.65 507.25 496.6 498.6 495.75 507.05 502.15 508.55 498.75 498.1 498.8 
432 0.0 0.0 0.0 0.0 0.0 0.0 0.0 0.0 0.0 495.5 504.05 501.65 498.25 499.65 509.05 501.05 506.35 490.0 494.75 502.65 502.65 
433 0.0 0.0 0.0 0.0 0.0 0.0 0.0 0.0 0.0 501.5 495.5 493.25 502.4 504.55 504.35 508.3 505.35 506.85 508.45 508.45 503.0 
434 0.0 0.0 0.0 0.0 0.0 0.0 0.0 0.0 0.0 502.0 502.9 499.25 496.7 494.8 497.0 501.65 496.85 507.6 497.85 505.6 503.8 
435 0.0 0.0 0.0 0.0 0.0 0.0 0.0 0.0 0.0 502.6 496.0 494.7 503.55 505.15 494.9 499.7 500.4 497.95 501.75 499.55 495.7 
436 0.0 0.0 0.0 0.0 0.0 0.0 0.0 0.0 0.0 497.75 501.3 508.65 506.6 500.2 501.0 495.75 502.95 493.45 504.95 506.9 510.15 
437 0.0 0.0 0.0 0.0 0.0 0.0 0.0 0.0 0.0 511.65 503.95 496.9 500.25 496.25 506.25 495.95 498.35 504.9 502.25 504.85 494.9 
438 0.0 0.0 0.0 0.0 0.0 0.0 0.0 0.0 0.0 491.35 504.05 495.25 504.2 500.85 493.55 501.85 499.5 498.8 505.3 498.15 507.1 
439 0.0 0.0 0.0 0.0 0.0 0.0 0.0 0.0 0.0 499.95 502.25 502.1 496.9 512.15 499.55 499.45 496.85 498.65 495.8 493.25 497.1 
440 0.0 0.0 0.0 0.0 0.0 0.0 0.0 0.0 0.0 500.05 495.5 513.3 491.55 494.4 495.6 495.65 503.4 499.75 497.55 507.85 500.7 
441 0.0 0.0 0.0 0.0 0.0 0.0 0.0 0.0 0.0 501.6 492.5 496.7 500.65 491.7 494.75 491.25 499.25 501.7 506.3 494.05 492.45 
442 0.0 0.0 0.0 0.0 0.0 0.0 0.0 0.0 0.0 502.6 499.25 494.25 501.05 502.35 504.05 501.85 498.25 497.6 492.25 483.25 498.45 
443 0.0 0.0 0.0 0.0 0.0 0.0 0.0 0.0 0.0 499.9 499.8 501.15 503.5 497.2 498.85 500.9 498.65 497.2 503.0 504.95 495.25 
444 0.0 0.0 0.0 0.0 0.0 0.0 0.0 0.0 0.0 482.0 500.5 507.0 497.65 503.75 503.25 494.8 506.85 504.4 501.95 497.8 497.75 
445 0.0 0.0 0.0 0.0 0.0 0.0 0.0 0.0 0.0 474.6 503.6 497.9 502.45 504.3 501.0 502.2 491.85 494.75 493.9 495.7 494.35 
446 0.0 0.0 0.0 0.0 0.0 0.0 0.0 0.0 0.0 474.6 501.7 501.9 502.35 498.1 502.45 502.05 491.65 488.85 503.3 494.85 493.8 
447 0.0 0.0 0.0 0.0 0.0 0.0 0.0 0.0 0.0 452.3 500.75 500.4 501.1 496.1 499.9 499.3 500.1 509.85 485.85 496.6 494.7 
448 0.0 0.0 0.0 0.0 0.0 0.0 0.0 0.0 0.0 422.25 491.05 499.4 499.55 494.5 501.75 493.0 498.4 498.45 500.7 497.65 499.95 
449 0.0 0.0 0.0 0.0 0.0 0.0 0.0 0.0 0.0 393.5 506.55 502.35 492.9 500.6 497.0 515.4 506.3 496.65 497.95 512.05 509.15 
450 0.0 0.0 0.0 0.0 0.0 0.0 0.0 0.0 0.0 349.6 491.75 500.0 499.4 493.05 498.55 496.3 503.75 499.55 504.85 502.6 495.3 
451 0.0 0.0 0.0 0.0 0.0 0.0 0.0 0.0 0.0 321.2 508.3 499.25 509.85 499.6 502.0 509.3 507.55 499.3 504.1 503.35 501.05 
452 0.0 0.0 0.0 0.0 0.0 0.0 0.0 0.0 0.0 293.75 504.9 498.0 488.4 501.85 502.8 505.0 499.55 502.25 495.7 494.25 494.0 
453 0.0 0.0 0.0 0.0 0.0 0.0 0.0 0.0 0.0 257.3 500.05 497.15 505.7 509.45 499.05 494.6 491.25 503.75 502.85 499.25 506.6 
454 0.0 0.0 0.0 0.0 0.0 0.0 0.0 0.0 0.0 211.15 499.95 504.95 505.4 496.85 497.6 503.4 499.85 502.4 501.65 495.0 502.55 
455 0.0 0.0 0.0 0.0 0.0 0.0 0.0 0.0 0.0 196.1 505.15 500.6 497.95 500.4 508.15 497.3 500.5 501.3 501.8 498.45 506.2 
456 0.0 0.0 0.0 0.0 0.0 0.0 0.0 0.0 0.0 159.95 503.7 488.45 499.6 506.85 491.55 497.4 502.35 498.35 502.0 503.5 500.15 
457 0.0 0.0 0.0 0.0 0.0 0.0 0.0 0.0 0.0 89.65 496.55 500.05 497.25 507.85 510.0 497.05 499.0 500.55 493.8 506.25 502.65 
458 0.0 0.0 0.0 0.0 0.0 0.0 0.0 0.0 0.0 36.7 497.45 498.9 504.25 495.4 500.7 499.8 495.2 500.65 499.65 501.75 496.7 
459 0.0 0.0 0.0 0.0 0.0 0.0 0.0 0.0 0.0 20.85 496.65 501.7 498.65 499.1 501.4 504.15 505.45 496.6 503.1 498.8 505.55 
460 0.0 0.0 0.0 0.0 0.0 0.0 0.0 0.0 0.0 5.35 496.45 505.3 506.05 499.55 494.3 500.3 496.6 494.45 500.85 504.0 502.5 
461 0.0 0.0 0.0 0.0 0.0 0.0 0.0 0.0 0.0 0.6 496.15 503.75 496.85 504.2 495.2 510.2 504.55 501.2 494.9 502.75 491.3 
462 0.0 0.0 0.0 0.0 0.0 0.0 0.0 0.0 0.0 0.0 503.85 496.15 500.9 502.2 492.95 492.85 500.2 495.0 503.8 490.95 505.1 
463 0.0 0.0 0.0 0.0 0.0 0.0 0.0 0.0 0.0 0.0 505.0 496.65 506.45 496.9 508.85 496.6 497.55 495.8 505.05 498.4 498.2 
464 0.0 0.0 0.0 0.0 0.0 0.0 0.0 0.0 0.0 0.0 497.35 505.65 495.75 489.65 503.95 497.75 497.3 507.5 509.7 501.45 512.55 
465 0.0 0.0 0.0 0.0 0.0 0.0 0.0 0.0 0.0 0.0 492.6 502.4 503.2 500.6 501.95 500.4 506.4 506.45 493.25 507.65 508.65 
466 0.0 0.0 0.0 0.0 0.0 0.0 0.0 0.0 0.0 0.0 502.05 491.35 494.35 500.25 495.55 506.0 509.05 511.8 505.8 507.5 503.75 
467 0.0 0.0 0.0 0.0 0.0 0.0 0.0 0.0 0.0 0.0 499.65 516.3 496.35 496.95 504.7 503.5 495.7 499.25 506.4 510.25 496.5 
468 0.0 0.0 0.0 0.0 0.0 0.0 0.0 0.0 0.0 0.0 500.9 491.0 505.85 510.75 494.9 499.35 510.4 503.65 503.05 505.4 499.6 
469 0.0 0.0 0.0 0.0 0.0 0.0 0.0 0.0 0.0 0.0 504.65 503.5 493.8 502.1 502.45 500.5 496.55 502.65 499.6 495.15 506.15 
470 0.0 0.0 0.0 0.0 0.0 0.0 0.0 0.0 0.0 0.0 499.65 497.85 499.75 501.45 492.35 506.5 505.0 494.05 500.85 502.65 496.85 
471 0.0 0.0 0.0 0.0 0.0 0.0 0.0 0.0 0.0 0.0 507.4 498.95 512.6 498.75 503.95 498.2 493.9 494.15 497.35 504.3 506.45 
472 0.0 0.0 0.0 0.0 0.0 0.0 0.0 0.0 0.0 0.0 503.6 502.05 499.9 499.95 508.25 498.75 513.95 497.85 502.4 501.1 498.95 
473 0.0 0.0 0.0 0.0 0.0 0.0 0.0 0.0 0.0 0.0 498.45 505.65 495.6 502.9 503.55 498.7 498.55 510.25 486.2 494.65 504.25 
474 0.0 0.0 0.0 0.0 0.0 0.0 0.0 0.0 0.0 0.0 495.85 503.75 502.55 505.65 500.8 503.5 496.7 502.5 503.55 493.45 494.1 
475 0.0 0.0 0.0 0.0 0.0 0.0 0.0 0.0 0.0 0.0 498.0 495.0 500.95 505.35 502.0 497.05 503.15 501.65 504.4 501.55 495.85 
476 0.0 0.0 0.0 0.0 0.0 0.0 0.0 0.0 0.0 0.0 490.0 494.35 501.65 499.05 495.05 494.3 495.0 505.5 503.4 503.5 503.15 
477 0.0 0.0 0.0 0.0 0.0 0.0 0.0 0.0 0.0 0.0 497.7 494.35 483.2 487.55 495.1 508.85 499.25 502.3 496.55 498.25 502.25 
478 0.0 0.0 0.0 0.0 0.0 0.0 0.0 0.0 0.0 0.0 506.5 503.35 501.4 487.3 503.25 497.0 490.05 497.25 502.25 493.85 505.15 
479 0.0 0.0 0.0 0.0 0.0 0.0 0.0 0.0 0.0 0.0 497.95 505.7 505.55 502.55 493.05 496.9 502.35 494.9 501.6 503.55 497.25 
480 0.0 0.0 0.0 0.0 0.0 0.0 0.0 0.0 0.0 0.0 504.05 490.35 495.35 509.15 496.15 495.4 497.75 498.35 497.5 504.45 504.4 
481 0.0 0.0 0.0 0.0 0.0 0.0 0.0 0.0 0.0 0.0 495.5 499.25 498.15 496.15 505.5 503.85 502.3 506.15 513.65 502.1 501.2 
482 0.0 0.0 0.0 0.0 0.0 0.0 0.0 0.0 0.0 0.0 500.5 504.2 500.7 494.4 500.25 503.15 500.7 504.0 505.75 508.75 503.55 
483 0.0 0.0 0.0 0.0 0.0 0.0 0.0 0.0 0.0 0.0 500.35 496.9 506.0 495.1 498.7 502.8 503.5 499.85 507.3 515.15 506.35 
484 0.0 0.0 0.0 0.0 0.0 0.0 0.0 0.0 0.0 0.0 501.75 499.95 503.45 509.9 499.05 502.4 517.35 512.55 500.65 500.35 510.7 
485 0.0 0.0 0.0 0.0 0.0 0.0 0.0 0.0 0.0 0.0 505.85 506.35 499.05 504.9 497.5 501.6 512.2 515.35 511.9 512.0 506.35 
486 0.0 0.0 0.0 0.0 0.0 0.0 0.0 0.0 0.0 0.0 504.85 498.95 503.85 498.45 508.95 500.55 509.9 509.4 507.95 508.05 510.9 
487 0.0 0.0 0.0 0.0 0.0 0.0 0.0 0.0 0.0 0.0 497.85 510.65 498.9 507.45 508.45 512.15 505.7 500.75 514.9 511.85 521.05 
488 0.0 0.0 0.0 0.0 0.0 0.0 0.0 0.0 0.0 0.0 498.9 498.85 510.5 510.75 504.75 509.35 505.2 510.3 511.05 509.5 509.35 
489 0.0 0.0 0.0 0.0 0.0 0.0 0.0 0.0 0.0 0.0 501.45 497.85 505.15 512.6 511.85 516.05 515.0 506.1 508.3 510.55 517.6 
490 0.0 0.0 0.0 0.0 0.0 0.0 0.0 0.0 0.0 0.0 499.15 497.85 503.45 503.65 519.6 513.7 507.85 518.45 510.0 513.3 514.95 
491 0.0 0.0 0.0 0.0 0.0 0.0 0.0 0.0 0.0 0.0 492.9 500.25 514.4 516.65 524.25 521.15 510.25 514.6 514.15 524.65 514.05 
492 0.0 0.0 0.0 0.0 0.0 0.0 0.0 0.0 0.0 0.0 499.8 501.45 508.55 520.9 519.05 515.55 520.05 531.55 510.75 521.15 513.05 
493 0.0 0.0 0.0 0.0 0.0 0.0 0.0 0.0 0.0 0.0 497.8 506.6 508.85 522.45 518.6 520.75 516.85 515.55 521.15 519.8 527.3 
494 0.0 0.0 0.0 0.0 0.0 0.0 0.0 0.0 0.0 0.0 501.35 519.75 529.7 518.85 525.0 527.7 525.55 525.2 526.2 521.15 521.85 
495 0.0 0.0 0.0 0.0 0.0 0.0 0.0 0.0 0.0 0.0 497.95 528.5 534.85 527.95 526.8 527.3 518.4 524.55 522.65 527.0 518.8 
496 0.0 0.0 0.0 0.0 0.0 0.0 0.0 0.0 0.0 0.0 485.2 555.95 544.3 538.8 540.7 529.5 536.2 520.8 522.65 526.5 521.95 
497 0.0 0.0 0.0 0.0 0.0 0.0 0.0 0.0 0.0 0.0 468.9 565.3 548.1 539.45 534.7 531.25 530.15 530.4 530.0 515.9 516.95 
498 0.0 0.0 0.0 0.0 0.0 0.0 0.0 0.0 0.0 0.0 505.45 575.55 547.95 548.6 537.3 534.85 535.45 527.8 532.2 520.45 522.05 
499 0.0 0.0 0.0 0.0 0.0 0.0 0.0 0.0 0.0 0.0 304.45 285.15 283.85 272.1 267.75 269.55 267.15 260.8 261.45 259.3 260.55 
