0 0.6003302646440865 0.0 0.0 0.0 0.0 0.0 0.0 0.0 0.0 0.0 0.0 0.0 0.0 0.0 0.0 0.0 0.0 0.0 0.0 0.0 0.0 
1 0.6003752345215758 0.0 0.0 0.0 0.0 0.0 0.0 0.0 0.0 0.0 0.0 0.0 0.0 0.0 0.0 0.0 0.0 0.0 0.0 0.0 0.0 
2 0.6003752345215758 0.0 0.0 0.0 0.0 0.0 0.0 0.0 0.0 0.0 0.0 0.0 0.0 0.0 0.0 0.0 0.0 0.0 0.0 0.0 0.0 
3 0.6003752345215758 0.0 0.0 0.0 0.0 0.0 0.0 0.0 0.0 0.0 0.0 0.0 0.0 0.0 0.0 0.0 0.0 0.0 0.0 0.0 0.0 
4 0.6003752345215758 0.0 0.0 0.0 0.0 0.0 0.0 0.0 0.0 0.0 0.0 0.0 0.0 0.0 0.0 0.0 0.0 0.0 0.0 0.0 0.0 
5 0.6003752345215758 0.0 0.0 0.0 0.0 0.0 0.0 0.0 0.0 0.0 0.0 0.0 0.0 0.0 0.0 0.0 0.0 0.0 0.0 0.0 0.0 
6 0.6003752345215758 0.0 0.0 0.0 0.0 0.0 0.0 0.0 0.0 0.0 0.0 0.0 0.0 0.0 0.0 0.0 0.0 0.0 0.0 0.0 0.0 
7 0.6003752345215758 0.0 0.0 0.0 0.0 0.0 0.0 0.0 0.0 0.0 0.0 0.0 0.0 0.0 0.0 0.0 0.0 0.0 0.0 0.0 0.0 
8 0.6003752345215758 0.0 0.0 0.0 0.0 0.0 0.0 0.0 0.0 0.0 0.0 0.0 0.0 0.0 0.0 0.0 0.0 0.0 0.0 0.0 0.0 
9 0.6003752345215758 0.0 0.0 0.0 0.0 0.0 0.0 0.0 0.0 0.0 0.0 0.0 0.0 0.0 0.0 0.0 0.0 0.0 0.0 0.0 0.0 
10 0.6003752345215758 0.0 0.0 0.0 0.0 0.0 0.0 0.0 0.0 0.0 0.0 0.0 0.0 0.0 0.0 0.0 0.0 0.0 0.0 0.0 0.0 
11 0.6003752345215758 0.0 0.0 0.0 0.0 0.0 0.0 0.0 0.0 0.0 0.0 0.0 0.0 0.0 0.0 0.0 0.0 0.0 0.0 0.0 0.0 
12 0.6003752345215758 0.0 0.0 0.0 0.0 0.0 0.0 0.0 0.0 0.0 0.0 0.0 0.0 0.0 0.0 0.0 0.0 0.0 0.0 0.0 0.0 
13 0.6003752345215758 0.0 0.0 0.0 0.0 0.0 0.0 0.0 0.0 0.0 0.0 0.0 0.0 0.0 0.0 0.0 0.0 0.0 0.0 0.0 0.0 
14 0.6003752345215758 0.0 0.0 0.0 0.0 0.0 0.0 0.0 0.0 0.0 0.0 0.0 0.0 0.0 0.0 0.0 0.0 0.0 0.0 0.0 0.0 
15 0.6003752345215758 0.0 0.0 0.0 0.0 0.0 0.0 0.0 0.0 0.0 0.0 0.0 0.0 0.0 0.0 0.0 0.0 0.0 0.0 0.0 0.0 
16 0.6003752345215758 0.0 0.0 0.0 0.0 0.0 0.0 0.0 0.0 0.0 0.0 0.0 0.0 0.0 0.0 0.0 0.0 0.0 0.0 0.0 0.0 
17 0.6003752345215758 0.0 0.0 0.0 0.0 0.0 0.0 0.0 0.0 0.0 0.0 0.0 0.0 0.0 0.0 0.0 0.0 0.0 0.0 0.0 0.0 
18 0.6003752345215758 0.0 0.0 0.0 0.0 0.0 0.0 0.0 0.0 0.0 0.0 0.0 0.0 0.0 0.0 0.0 0.0 0.0 0.0 0.0 0.0 
19 0.6003752345215758 0.0 0.0 0.0 0.0 0.0 0.0 0.0 0.0 0.0 0.0 0.0 0.0 0.0 0.0 0.0 0.0 0.0 0.0 0.0 0.0 
20 0.6003752345215758 0.0 0.0 0.0 0.0 0.0 0.0 0.0 0.0 0.0 0.0 0.0 0.0 0.0 0.0 0.0 0.0 0.0 0.0 0.0 0.0 
21 0.6003752345215758 0.0 0.0 0.0 0.0 0.0 0.0 0.0 0.0 0.0 0.0 0.0 0.0 0.0 0.0 0.0 0.0 0.0 0.0 0.0 0.0 
22 0.6003752345215758 0.0 0.0 0.0 0.0 0.0 0.0 0.0 0.0 0.0 0.0 0.0 0.0 0.0 0.0 0.0 0.0 0.0 0.0 0.0 0.0 
23 0.6003752345215758 0.0 0.0 0.0 0.0 0.0 0.0 0.0 0.0 0.0 0.0 0.0 0.0 0.0 0.0 0.0 0.0 0.0 0.0 0.0 0.0 
24 0.6003752345215758 0.0 0.0 0.0 0.0 0.0 0.0 0.0 0.0 0.0 0.0 0.0 0.0 0.0 0.0 0.0 0.0 0.0 0.0 0.0 0.0 
25 0.6003752345215758 0.0 0.0 0.0 0.0 0.0 0.0 0.0 0.0 0.0 0.0 0.0 0.0 0.0 0.0 0.0 0.0 0.0 0.0 0.0 0.0 
26 0.6003752345215758 0.0 0.0 0.0 0.0 0.0 0.0 0.0 0.0 0.0 0.0 0.0 0.0 0.0 0.0 0.0 0.0 0.0 0.0 0.0 0.0 
27 0.6003752345215758 0.0 0.0 0.0 0.0 0.0 0.0 0.0 0.0 0.0 0.0 0.0 0.0 0.0 0.0 0.0 0.0 0.0 0.0 0.0 0.0 
28 0.6003752345215758 0.0 0.0 0.0 0.0 0.0 0.0 0.0 0.0 0.0 0.0 0.0 0.0 0.0 0.0 0.0 0.0 0.0 0.0 0.0 0.0 
29 0.6003752345215758 0.0 0.0 0.0 0.0 0.0 0.0 0.0 0.0 0.0 0.0 0.0 0.0 0.0 0.0 0.0 0.0 0.0 0.0 0.0 0.0 
30 0.6003752345215758 0.0 0.0 0.0 0.0 0.0 0.0 0.0 0.0 0.0 0.0 0.0 0.0 0.0 0.0 0.0 0.0 0.0 0.0 0.0 0.0 
31 0.6003752345215758 0.0 0.0 0.0 0.0 0.0 0.0 0.0 0.0 0.0 0.0 0.0 0.0 0.0 0.0 0.0 0.0 0.0 0.0 0.0 0.0 
32 0.6003752345215758 0.0 0.0 0.0 0.0 0.0 0.0 0.0 0.0 0.0 0.0 0.0 0.0 0.0 0.0 0.0 0.0 0.0 0.0 0.0 0.0 
33 0.6003752345215758 0.0 0.0 0.0 0.0 0.0 0.0 0.0 0.0 0.0 0.0 0.0 0.0 0.0 0.0 0.0 0.0 0.0 0.0 0.0 0.0 
34 0.6003752345215758 9.665189643191735E-5 0.0 0.0 0.0 0.0 0.0 0.0 0.0 0.0 0.0 0.0 0.0 0.0 0.0 0.0 0.0 0.0 0.0 0.0 0.0 
35 0.6003752345215758 0.0029894262343596644 0.0 0.0 0.0 0.0 0.0 0.0 0.0 0.0 0.0 0.0 0.0 0.0 0.0 0.0 0.0 0.0 0.0 0.0 0.0 
36 0.6003752345215758 0.11927365955560229 0.0 0.0 0.0 0.0 0.0 0.0 0.0 0.0 0.0 0.0 0.0 0.0 0.0 0.0 0.0 0.0 0.0 0.0 0.0 
37 0.6003752345215758 0.27024407003972906 0.0 0.0 0.0 0.0 0.0 0.0 0.0 0.0 0.0 0.0 0.0 0.0 0.0 0.0 0.0 0.0 0.0 0.0 0.0 
38 0.6003752345215758 0.4380001785435087 0.0 0.0 0.0 0.0 0.0 0.0 0.0 0.0 0.0 0.0 0.0 0.0 0.0 0.0 0.0 0.0 0.0 0.0 0.0 
39 0.6003752345215758 0.5612077616209253 0.0 0.0 0.0 0.0 0.0 0.0 0.0 0.0 0.0 0.0 0.0 0.0 0.0 0.0 0.0 0.0 0.0 0.0 0.0 
40 0.6003752345215758 0.5980375320745189 0.0 0.0 0.0 0.0 0.0 0.0 0.0 0.0 0.0 0.0 0.0 0.0 0.0 0.0 0.0 0.0 0.0 0.0 0.0 
41 0.6003752345215758 0.6001959913790709 0.0 0.0 0.0 0.0 0.0 0.0 0.0 0.0 0.0 0.0 0.0 0.0 0.0 0.0 0.0 0.0 0.0 0.0 0.0 
42 0.6003752345215758 0.6003752345215758 0.0 0.0 0.0 0.0 0.0 0.0 0.0 0.0 0.0 0.0 0.0 0.0 0.0 0.0 0.0 0.0 0.0 0.0 0.0 
43 0.6003752345215758 0.6003752345215758 0.0 0.0 0.0 0.0 0.0 0.0 0.0 0.0 0.0 0.0 0.0 0.0 0.0 0.0 0.0 0.0 0.0 0.0 0.0 
44 0.6003752345215758 0.6003752345215758 0.0 0.0 0.0 0.0 0.0 0.0 0.0 0.0 0.0 0.0 0.0 0.0 0.0 0.0 0.0 0.0 0.0 0.0 0.0 
45 0.6003752345215758 0.6003752345215758 0.0 0.0 0.0 0.0 0.0 0.0 0.0 0.0 0.0 0.0 0.0 0.0 0.0 0.0 0.0 0.0 0.0 0.0 0.0 
46 0.6003752345215758 0.6003752345215758 0.0 0.0 0.0 0.0 0.0 0.0 0.0 0.0 0.0 0.0 0.0 0.0 0.0 0.0 0.0 0.0 0.0 0.0 0.0 
47 0.6003752345215758 0.6003752345215758 0.0 0.0 0.0 0.0 0.0 0.0 0.0 0.0 0.0 0.0 0.0 0.0 0.0 0.0 0.0 0.0 0.0 0.0 0.0 
48 0.6003752345215758 0.6003752345215758 0.0 0.0 0.0 0.0 0.0 0.0 0.0 0.0 0.0 0.0 0.0 0.0 0.0 0.0 0.0 0.0 0.0 0.0 0.0 
49 0.6003752345215758 0.6003752345215758 0.0 0.0 0.0 0.0 0.0 0.0 0.0 0.0 0.0 0.0 0.0 0.0 0.0 0.0 0.0 0.0 0.0 0.0 0.0 
50 0.6003752345215758 0.6003752345215758 0.0 0.0 0.0 0.0 0.0 0.0 0.0 0.0 0.0 0.0 0.0 0.0 0.0 0.0 0.0 0.0 0.0 0.0 0.0 
51 0.6003752345215758 0.6003752345215758 0.0 0.0 0.0 0.0 0.0 0.0 0.0 0.0 0.0 0.0 0.0 0.0 0.0 0.0 0.0 0.0 0.0 0.0 0.0 
52 0.6003752345215758 0.6003752345215758 0.0 0.0 0.0 0.0 0.0 0.0 0.0 0.0 0.0 0.0 0.0 0.0 0.0 0.0 0.0 0.0 0.0 0.0 0.0 
53 0.6003752345215758 0.6003752345215758 0.0 0.0 0.0 0.0 0.0 0.0 0.0 0.0 0.0 0.0 0.0 0.0 0.0 0.0 0.0 0.0 0.0 0.0 0.0 
54 0.6003752345215758 0.6003752345215758 0.0 0.0 0.0 0.0 0.0 0.0 0.0 0.0 0.0 0.0 0.0 0.0 0.0 0.0 0.0 0.0 0.0 0.0 0.0 
55 0.6003752345215758 0.6003752345215758 0.0 0.0 0.0 0.0 0.0 0.0 0.0 0.0 0.0 0.0 0.0 0.0 0.0 0.0 0.0 0.0 0.0 0.0 0.0 
56 0.6003752345215758 0.6003752345215758 0.0 0.0 0.0 0.0 0.0 0.0 0.0 0.0 0.0 0.0 0.0 0.0 0.0 0.0 0.0 0.0 0.0 0.0 0.0 
57 0.6003752345215758 0.6003752345215758 0.0 0.0 0.0 0.0 0.0 0.0 0.0 0.0 0.0 0.0 0.0 0.0 0.0 0.0 0.0 0.0 0.0 0.0 0.0 
58 0.6003752345215758 0.6003752345215758 0.0 0.0 0.0 0.0 0.0 0.0 0.0 0.0 0.0 0.0 0.0 0.0 0.0 0.0 0.0 0.0 0.0 0.0 0.0 
59 0.6003752345215758 0.6003752345215758 0.0 0.0 0.0 0.0 0.0 0.0 0.0 0.0 0.0 0.0 0.0 0.0 0.0 0.0 0.0 0.0 0.0 0.0 0.0 
60 0.6003752345215758 0.6003752345215758 0.0 0.0 0.0 0.0 0.0 0.0 0.0 0.0 0.0 0.0 0.0 0.0 0.0 0.0 0.0 0.0 0.0 0.0 0.0 
61 0.6003752345215758 0.6003752345215758 0.0 0.0 0.0 0.0 0.0 0.0 0.0 0.0 0.0 0.0 0.0 0.0 0.0 0.0 0.0 0.0 0.0 0.0 0.0 
62 0.6003752345215758 0.6003752345215758 0.0 0.0 0.0 0.0 0.0 0.0 0.0 0.0 0.0 0.0 0.0 0.0 0.0 0.0 0.0 0.0 0.0 0.0 0.0 
63 0.6003752345215758 0.6003752345215758 0.0 0.0 0.0 0.0 0.0 0.0 0.0 0.0 0.0 0.0 0.0 0.0 0.0 0.0 0.0 0.0 0.0 0.0 0.0 
64 0.6003752345215758 0.6003752345215758 0.0 0.0 0.0 0.0 0.0 0.0 0.0 0.0 0.0 0.0 0.0 0.0 0.0 0.0 0.0 0.0 0.0 0.0 0.0 
65 0.6003752345215758 0.6003752345215758 0.0 0.0 0.0 0.0 0.0 0.0 0.0 0.0 0.0 0.0 0.0 0.0 0.0 0.0 0.0 0.0 0.0 0.0 0.0 
66 0.6003752345215758 0.6003752345215758 0.0 0.0 0.0 0.0 0.0 0.0 0.0 0.0 0.0 0.0 0.0 0.0 0.0 0.0 0.0 0.0 0.0 0.0 0.0 
67 0.6003752345215758 0.6003752345215758 0.0 0.0 0.0 0.0 0.0 0.0 0.0 0.0 0.0 0.0 0.0 0.0 0.0 0.0 0.0 0.0 0.0 0.0 0.0 
68 0.6003752345215758 0.6003752345215758 0.0 0.0 0.0 0.0 0.0 0.0 0.0 0.0 0.0 0.0 0.0 0.0 0.0 0.0 0.0 0.0 0.0 0.0 0.0 
69 0.6003752345215758 0.6003752345215758 0.0 0.0 0.0 0.0 0.0 0.0 0.0 0.0 0.0 0.0 0.0 0.0 0.0 0.0 0.0 0.0 0.0 0.0 0.0 
70 0.6003752345215758 0.6003752345215758 0.0 0.0 0.0 0.0 0.0 0.0 0.0 0.0 0.0 0.0 0.0 0.0 0.0 0.0 0.0 0.0 0.0 0.0 0.0 
71 0.6003752345215758 0.6003752345215758 4.8325948215958675E-5 0.0 0.0 0.0 0.0 0.0 0.0 0.0 0.0 0.0 0.0 0.0 0.0 0.0 0.0 0.0 0.0 0.0 0.0 
72 0.6003752345215758 0.6003752345215758 9.665189643191735E-5 0.0 0.0 0.0 0.0 0.0 0.0 0.0 0.0 0.0 0.0 0.0 0.0 0.0 0.0 0.0 0.0 0.0 0.0 
73 0.6003752345215758 0.6003752345215758 0.026125099758449517 0.0 0.0 0.0 0.0 0.0 0.0 0.0 0.0 0.0 0.0 0.0 0.0 0.0 0.0 0.0 0.0 0.0 0.0 
74 0.6003752345215758 0.6003752345215758 0.09417763388597067 0.0 0.0 0.0 0.0 0.0 0.0 0.0 0.0 0.0 0.0 0.0 0.0 0.0 0.0 0.0 0.0 0.0 0.0 
75 0.6003752345215758 0.6003752345215758 0.19499502664628035 0.0 0.0 0.0 0.0 0.0 0.0 0.0 0.0 0.0 0.0 0.0 0.0 0.0 0.0 0.0 0.0 0.0 0.0 
76 0.6003752345215758 0.6003752345215758 0.28607292271124807 0.0 0.0 0.0 0.0 0.0 0.0 0.0 0.0 0.0 0.0 0.0 0.0 0.0 0.0 0.0 0.0 0.0 0.0 
77 0.6003752345215758 0.6003752345215758 0.4065269491118676 0.0 0.0 0.0 0.0 0.0 0.0 0.0 0.0 0.0 0.0 0.0 0.0 0.0 0.0 0.0 0.0 0.0 0.0 
78 0.6003752345215758 0.6003752345215758 0.5136010053040876 0.0 0.0 0.0 0.0 0.0 0.0 0.0 0.0 0.0 0.0 0.0 0.0 0.0 0.0 0.0 0.0 0.0 0.0 
79 0.6003752345215758 0.6003752345215758 0.590274551980034 0.0 0.0 0.0 0.0 0.0 0.0 0.0 0.0 0.0 0.0 0.0 0.0 0.0 0.0 0.0 0.0 0.0 0.0 
80 0.6003752345215758 0.6003752345215758 0.599444920441455 0.0 0.0 0.0 0.0 0.0 0.0 0.0 0.0 0.0 0.0 0.0 0.0 0.0 0.0 0.0 0.0 0.0 0.0 
81 0.6003752345215758 0.6003752345215758 0.6003376737828109 0.0 0.0 0.0 0.0 0.0 0.0 0.0 0.0 0.0 0.0 0.0 0.0 0.0 0.0 0.0 0.0 0.0 0.0 
82 0.6003752345215758 0.6003752345215758 0.6003752345215758 0.0 0.0 0.0 0.0 0.0 0.0 0.0 0.0 0.0 0.0 0.0 0.0 0.0 0.0 0.0 0.0 0.0 0.0 
83 0.6003752345215758 0.6003752345215758 0.6003752345215758 0.0 0.0 0.0 0.0 0.0 0.0 0.0 0.0 0.0 0.0 0.0 0.0 0.0 0.0 0.0 0.0 0.0 0.0 
84 0.6003752345215758 0.6003752345215758 0.6003752345215758 0.0 0.0 0.0 0.0 0.0 0.0 0.0 0.0 0.0 0.0 0.0 0.0 0.0 0.0 0.0 0.0 0.0 0.0 
85 0.6003752345215758 0.6003752345215758 0.6003752345215758 0.0 0.0 0.0 0.0 0.0 0.0 0.0 0.0 0.0 0.0 0.0 0.0 0.0 0.0 0.0 0.0 0.0 0.0 
86 0.6003752345215758 0.6003752345215758 0.6003752345215758 0.0 0.0 0.0 0.0 0.0 0.0 0.0 0.0 0.0 0.0 0.0 0.0 0.0 0.0 0.0 0.0 0.0 0.0 
87 0.6003752345215758 0.6003752345215758 0.6003752345215758 0.0 0.0 0.0 0.0 0.0 0.0 0.0 0.0 0.0 0.0 0.0 0.0 0.0 0.0 0.0 0.0 0.0 0.0 
88 0.6003752345215758 0.6003752345215758 0.6003752345215758 0.0 0.0 0.0 0.0 0.0 0.0 0.0 0.0 0.0 0.0 0.0 0.0 0.0 0.0 0.0 0.0 0.0 0.0 
89 0.6003752345215758 0.6003752345215758 0.6003752345215758 0.0 0.0 0.0 0.0 0.0 0.0 0.0 0.0 0.0 0.0 0.0 0.0 0.0 0.0 0.0 0.0 0.0 0.0 
90 0.6003752345215758 0.6003752345215758 0.6003752345215758 0.0 0.0 0.0 0.0 0.0 0.0 0.0 0.0 0.0 0.0 0.0 0.0 0.0 0.0 0.0 0.0 0.0 0.0 
91 0.6003752345215758 0.6003752345215758 0.6003752345215758 0.0 0.0 0.0 0.0 0.0 0.0 0.0 0.0 0.0 0.0 0.0 0.0 0.0 0.0 0.0 0.0 0.0 0.0 
92 0.6003752345215758 0.6003752345215758 0.6003752345215758 0.0 0.0 0.0 0.0 0.0 0.0 0.0 0.0 0.0 0.0 0.0 0.0 0.0 0.0 0.0 0.0 0.0 0.0 
93 0.6003752345215758 0.6003752345215758 0.6003752345215758 0.0 0.0 0.0 0.0 0.0 0.0 0.0 0.0 0.0 0.0 0.0 0.0 0.0 0.0 0.0 0.0 0.0 0.0 
94 0.6003752345215758 0.6003752345215758 0.6003752345215758 0.0 0.0 0.0 0.0 0.0 0.0 0.0 0.0 0.0 0.0 0.0 0.0 0.0 0.0 0.0 0.0 0.0 0.0 
95 0.6003752345215758 0.6003752345215758 0.6003752345215758 0.0 0.0 0.0 0.0 0.0 0.0 0.0 0.0 0.0 0.0 0.0 0.0 0.0 0.0 0.0 0.0 0.0 0.0 
96 0.6003752345215758 0.6003752345215758 0.6003752345215758 0.0 0.0 0.0 0.0 0.0 0.0 0.0 0.0 0.0 0.0 0.0 0.0 0.0 0.0 0.0 0.0 0.0 0.0 
97 0.6003752345215758 0.6003752345215758 0.6003752345215758 0.0 0.0 0.0 0.0 0.0 0.0 0.0 0.0 0.0 0.0 0.0 0.0 0.0 0.0 0.0 0.0 0.0 0.0 
98 0.6003752345215758 0.6003752345215758 0.6003752345215758 0.0 0.0 0.0 0.0 0.0 0.0 0.0 0.0 0.0 0.0 0.0 0.0 0.0 0.0 0.0 0.0 0.0 0.0 
99 0.6003752345215758 0.6003752345215758 0.6003752345215758 0.0 0.0 0.0 0.0 0.0 0.0 0.0 0.0 0.0 0.0 0.0 0.0 0.0 0.0 0.0 0.0 0.0 0.0 
100 0.6003752345215758 0.6003752345215758 0.6003752345215758 0.0 0.0 0.0 0.0 0.0 0.0 0.0 0.0 0.0 0.0 0.0 0.0 0.0 0.0 0.0 0.0 0.0 0.0 
101 0.6003752345215758 0.6003752345215758 0.6003752345215758 0.0 0.0 0.0 0.0 0.0 0.0 0.0 0.0 0.0 0.0 0.0 0.0 0.0 0.0 0.0 0.0 0.0 0.0 
102 0.6003752345215758 0.6003752345215758 0.6003752345215758 0.0 0.0 0.0 0.0 0.0 0.0 0.0 0.0 0.0 0.0 0.0 0.0 0.0 0.0 0.0 0.0 0.0 0.0 
103 0.6003752345215758 0.6003752345215758 0.6003752345215758 0.0 0.0 0.0 0.0 0.0 0.0 0.0 0.0 0.0 0.0 0.0 0.0 0.0 0.0 0.0 0.0 0.0 0.0 
104 0.6003752345215758 0.6003752345215758 0.6003752345215758 0.0 0.0 0.0 0.0 0.0 0.0 0.0 0.0 0.0 0.0 0.0 0.0 0.0 0.0 0.0 0.0 0.0 0.0 
105 0.6003752345215758 0.6003752345215758 0.6003752345215758 0.0 0.0 0.0 0.0 0.0 0.0 0.0 0.0 0.0 0.0 0.0 0.0 0.0 0.0 0.0 0.0 0.0 0.0 
106 0.6003752345215758 0.6003752345215758 0.6003752345215758 0.0 0.0 0.0 0.0 0.0 0.0 0.0 0.0 0.0 0.0 0.0 0.0 0.0 0.0 0.0 0.0 0.0 0.0 
107 0.6003752345215758 0.6003752345215758 0.6003752345215758 0.0 0.0 0.0 0.0 0.0 0.0 0.0 0.0 0.0 0.0 0.0 0.0 0.0 0.0 0.0 0.0 0.0 0.0 
108 0.6003752345215758 0.6003752345215758 0.6003752345215758 0.0 0.0 0.0 0.0 0.0 0.0 0.0 0.0 0.0 0.0 0.0 0.0 0.0 0.0 0.0 0.0 0.0 0.0 
109 0.6003752345215758 0.6003752345215758 0.6003752345215758 0.0 0.0 0.0 0.0 0.0 0.0 0.0 0.0 0.0 0.0 0.0 0.0 0.0 0.0 0.0 0.0 0.0 0.0 
110 0.6003752345215758 0.6003752345215758 0.6003752345215758 4.8325948215958675E-5 0.0 0.0 0.0 0.0 0.0 0.0 0.0 0.0 0.0 0.0 0.0 0.0 0.0 0.0 0.0 0.0 0.0 
111 0.6003752345215758 0.6003752345215758 0.6003752345215758 0.010497019695172185 0.0 0.0 0.0 0.0 0.0 0.0 0.0 0.0 0.0 0.0 0.0 0.0 0.0 0.0 0.0 0.0 0.0 
112 0.6003752345215758 0.6003752345215758 0.6003752345215758 0.09626206878183344 0.0 0.0 0.0 0.0 0.0 0.0 0.0 0.0 0.0 0.0 0.0 0.0 0.0 0.0 0.0 0.0 0.0 
113 0.6003752345215758 0.6003752345215758 0.6003752345215758 0.16472848047398253 0.0 0.0 0.0 0.0 0.0 0.0 0.0 0.0 0.0 0.0 0.0 0.0 0.0 0.0 0.0 0.0 0.0 
114 0.6003752345215758 0.6003752345215758 0.6003752345215758 0.24162640759015183 0.0 0.0 0.0 0.0 0.0 0.0 0.0 0.0 0.0 0.0 0.0 0.0 0.0 0.0 0.0 0.0 0.0 
115 0.6003752345215758 0.6003752345215758 0.6003752345215758 0.38501146109684853 0.0 0.0 0.0 0.0 0.0 0.0 0.0 0.0 0.0 0.0 0.0 0.0 0.0 0.0 0.0 0.0 0.0 
116 0.6003752345215758 0.6003752345215758 0.6003752345215758 0.4612071396169135 0.0 0.0 0.0 0.0 0.0 0.0 0.0 0.0 0.0 0.0 0.0 0.0 0.0 0.0 0.0 0.0 0.0 
117 0.6003752345215758 0.6003752345215758 0.6003752345215758 0.5077540676715746 0.0 0.0 0.0 0.0 0.0 0.0 0.0 0.0 0.0 0.0 0.0 0.0 0.0 0.0 0.0 0.0 0.0 
118 0.6003752345215758 0.6003752345215758 0.6003752345215758 0.5606987033802364 0.0 0.0 0.0 0.0 0.0 0.0 0.0 0.0 0.0 0.0 0.0 0.0 0.0 0.0 0.0 0.0 0.0 
119 0.6003752345215758 0.6003752345215758 0.6003752345215758 0.5823963587195766 0.0 0.0 0.0 0.0 0.0 0.0 0.0 0.0 0.0 0.0 0.0 0.0 0.0 0.0 0.0 0.0 0.0 
120 0.6003752345215758 0.6003752345215758 0.6003752345215758 0.5991271079245204 0.0 0.0 0.0 0.0 0.0 0.0 0.0 0.0 0.0 0.0 0.0 0.0 0.0 0.0 0.0 0.0 0.0 
121 0.6003752345215758 0.6003752345215758 0.6003752345215758 0.6001706383887775 0.0 0.0 0.0 0.0 0.0 0.0 0.0 0.0 0.0 0.0 0.0 0.0 0.0 0.0 0.0 0.0 0.0 
122 0.6003752345215758 0.6003752345215758 0.6003752345215758 0.6003752345215758 0.0 0.0 0.0 0.0 0.0 0.0 0.0 0.0 0.0 0.0 0.0 0.0 0.0 0.0 0.0 0.0 0.0 
123 0.6003752345215758 0.6003752345215758 0.6003752345215758 0.6003752345215758 0.0 0.0 0.0 0.0 0.0 0.0 0.0 0.0 0.0 0.0 0.0 0.0 0.0 0.0 0.0 0.0 0.0 
124 0.6003752345215758 0.6003752345215758 0.6003752345215758 0.6003752345215758 0.0 0.0 0.0 0.0 0.0 0.0 0.0 0.0 0.0 0.0 0.0 0.0 0.0 0.0 0.0 0.0 0.0 
125 0.6003752345215758 0.6003752345215758 0.6003752345215758 0.6003752345215758 0.0 0.0 0.0 0.0 0.0 0.0 0.0 0.0 0.0 0.0 0.0 0.0 0.0 0.0 0.0 0.0 0.0 
126 0.6003752345215758 0.6003752345215758 0.6003752345215758 0.6003752345215758 0.0 0.0 0.0 0.0 0.0 0.0 0.0 0.0 0.0 0.0 0.0 0.0 0.0 0.0 0.0 0.0 0.0 
127 0.6003752345215758 0.6003752345215758 0.6003752345215758 0.6003752345215758 0.0 0.0 0.0 0.0 0.0 0.0 0.0 0.0 0.0 0.0 0.0 0.0 0.0 0.0 0.0 0.0 0.0 
128 0.6003752345215758 0.6003752345215758 0.6003752345215758 0.6003752345215758 0.0 0.0 0.0 0.0 0.0 0.0 0.0 0.0 0.0 0.0 0.0 0.0 0.0 0.0 0.0 0.0 0.0 
129 0.6003752345215758 0.6003752345215758 0.6003752345215758 0.6003752345215758 0.0 0.0 0.0 0.0 0.0 0.0 0.0 0.0 0.0 0.0 0.0 0.0 0.0 0.0 0.0 0.0 0.0 
130 0.6003752345215758 0.6003752345215758 0.6003752345215758 0.6003752345215758 0.0 0.0 0.0 0.0 0.0 0.0 0.0 0.0 0.0 0.0 0.0 0.0 0.0 0.0 0.0 0.0 0.0 
131 0.6003752345215758 0.6003752345215758 0.6003752345215758 0.6003752345215758 0.0 0.0 0.0 0.0 0.0 0.0 0.0 0.0 0.0 0.0 0.0 0.0 0.0 0.0 0.0 0.0 0.0 
132 0.6003752345215758 0.6003752345215758 0.6003752345215758 0.6003752345215758 0.0 0.0 0.0 0.0 0.0 0.0 0.0 0.0 0.0 0.0 0.0 0.0 0.0 0.0 0.0 0.0 0.0 
133 0.6003752345215758 0.6003752345215758 0.6003752345215758 0.6003752345215758 0.0 0.0 0.0 0.0 0.0 0.0 0.0 0.0 0.0 0.0 0.0 0.0 0.0 0.0 0.0 0.0 0.0 
134 0.6003752345215758 0.6003752345215758 0.6003752345215758 0.6003752345215758 0.0 0.0 0.0 0.0 0.0 0.0 0.0 0.0 0.0 0.0 0.0 0.0 0.0 0.0 0.0 0.0 0.0 
135 0.6003752345215758 0.6003752345215758 0.6003752345215758 0.6003752345215758 0.0 0.0 0.0 0.0 0.0 0.0 0.0 0.0 0.0 0.0 0.0 0.0 0.0 0.0 0.0 0.0 0.0 
136 0.6003752345215758 0.6003752345215758 0.6003752345215758 0.6003752345215758 0.0 0.0 0.0 0.0 0.0 0.0 0.0 0.0 0.0 0.0 0.0 0.0 0.0 0.0 0.0 0.0 0.0 
137 0.6003752345215758 0.6003752345215758 0.6003752345215758 0.6003752345215758 0.0 0.0 0.0 0.0 0.0 0.0 0.0 0.0 0.0 0.0 0.0 0.0 0.0 0.0 0.0 0.0 0.0 
138 0.6003752345215758 0.6003752345215758 0.6003752345215758 0.6003752345215758 0.0 0.0 0.0 0.0 0.0 0.0 0.0 0.0 0.0 0.0 0.0 0.0 0.0 0.0 0.0 0.0 0.0 
139 0.6003752345215758 0.6003752345215758 0.6003752345215758 0.6003752345215758 0.0 0.0 0.0 0.0 0.0 0.0 0.0 0.0 0.0 0.0 0.0 0.0 0.0 0.0 0.0 0.0 0.0 
140 0.6003752345215758 0.6003752345215758 0.6003752345215758 0.6003752345215758 0.0 0.0 0.0 0.0 0.0 0.0 0.0 0.0 0.0 0.0 0.0 0.0 0.0 0.0 0.0 0.0 0.0 
141 0.6003752345215758 0.6003752345215758 0.6003752345215758 0.6003752345215758 0.0 0.0 0.0 0.0 0.0 0.0 0.0 0.0 0.0 0.0 0.0 0.0 0.0 0.0 0.0 0.0 0.0 
142 0.6003752345215758 0.6003752345215758 0.6003752345215758 0.6003752345215758 0.0 0.0 0.0 0.0 0.0 0.0 0.0 0.0 0.0 0.0 0.0 0.0 0.0 0.0 0.0 0.0 0.0 
143 0.6003752345215758 0.6003752345215758 0.6003752345215758 0.6003752345215758 0.0 0.0 0.0 0.0 0.0 0.0 0.0 0.0 0.0 0.0 0.0 0.0 0.0 0.0 0.0 0.0 0.0 
144 0.6003752345215758 0.6003752345215758 0.6003752345215758 0.6003752345215758 0.0 0.0 0.0 0.0 0.0 0.0 0.0 0.0 0.0 0.0 0.0 0.0 0.0 0.0 0.0 0.0 0.0 
145 0.6003752345215758 0.6003752345215758 0.6003752345215758 0.6003752345215758 0.0 0.0 0.0 0.0 0.0 0.0 0.0 0.0 0.0 0.0 0.0 0.0 0.0 0.0 0.0 0.0 0.0 
146 0.6003752345215758 0.6003752345215758 0.6003752345215758 0.6003752345215758 4.8325948215958675E-5 0.0 0.0 0.0 0.0 0.0 0.0 0.0 0.0 0.0 0.0 0.0 0.0 0.0 0.0 0.0 0.0 
147 0.6003752345215758 0.6003752345215758 0.6003752345215758 0.6003752345215758 0.0 0.0 0.0 0.0 0.0 0.0 0.0 0.0 0.0 0.0 0.0 0.0 0.0 0.0 0.0 0.0 0.0 
148 0.6003752345215758 0.6003752345215758 0.6003752345215758 0.6003752345215758 4.8325948215958675E-5 0.0 0.0 0.0 0.0 0.0 0.0 0.0 0.0 0.0 0.0 0.0 0.0 0.0 0.0 0.0 0.0 
149 0.6003752345215758 0.6003752345215758 0.6003752345215758 0.6003752345215758 0.02719970223326775 0.0 0.0 0.0 0.0 0.0 0.0 0.0 0.0 0.0 0.0 0.0 0.0 0.0 0.0 0.0 0.0 
150 0.6003752345215758 0.6003752345215758 0.6003752345215758 0.6003752345215758 0.057620769737846245 0.0 0.0 0.0 0.0 0.0 0.0 0.0 0.0 0.0 0.0 0.0 0.0 0.0 0.0 0.0 0.0 
151 0.6003752345215758 0.6003752345215758 0.6003752345215758 0.6003752345215758 0.09503584376920104 0.0 0.0 0.0 0.0 0.0 0.0 0.0 0.0 0.0 0.0 0.0 0.0 0.0 0.0 0.0 0.0 
152 0.6003752345215758 0.6003752345215758 0.6003752345215758 0.6003752345215758 0.2312981034916101 0.0 0.0 0.0 0.0 0.0 0.0 0.0 0.0 0.0 0.0 0.0 0.0 0.0 0.0 0.0 0.0 
153 0.6003752345215758 0.6003752345215758 0.6003752345215758 0.6003752345215758 0.3003696097385708 0.0 0.0 0.0 0.0 0.0 0.0 0.0 0.0 0.0 0.0 0.0 0.0 0.0 0.0 0.0 0.0 
154 0.6003752345215758 0.6003752345215758 0.6003752345215758 0.6003752345215758 0.40216372220614566 0.0 0.0 0.0 0.0 0.0 0.0 0.0 0.0 0.0 0.0 0.0 0.0 0.0 0.0 0.0 0.0 
155 0.6003752345215758 0.6003752345215758 0.6003752345215758 0.6003752345215758 0.42677474681005767 0.0 0.0 0.0 0.0 0.0 0.0 0.0 0.0 0.0 0.0 0.0 0.0 0.0 0.0 0.0 0.0 
156 0.6003752345215758 0.6003752345215758 0.6003752345215758 0.6003752345215758 0.4938443348364959 0.0 0.0 0.0 0.0 0.0 0.0 0.0 0.0 0.0 0.0 0.0 0.0 0.0 0.0 0.0 0.0 
157 0.6003752345215758 0.6003752345215758 0.6003752345215758 0.6003752345215758 0.5648813404602286 0.0 0.0 0.0 0.0 0.0 0.0 0.0 0.0 0.0 0.0 0.0 0.0 0.0 0.0 0.0 0.0 
158 0.6003752345215758 0.6003752345215758 0.6003752345215758 0.6003752345215758 0.5955370573903119 0.0 0.0 0.0 0.0 0.0 0.0 0.0 0.0 0.0 0.0 0.0 0.0 0.0 0.0 0.0 0.0 
159 0.6003752345215758 0.6003752345215758 0.6003752345215758 0.6003752345215758 0.6002368038392045 0.0 0.0 0.0 0.0 0.0 0.0 0.0 0.0 0.0 0.0 0.0 0.0 0.0 0.0 0.0 0.0 
160 0.6003752345215758 0.6003752345215758 0.6003752345215758 0.6003752345215758 0.6003752345215758 0.0 0.0 0.0 0.0 0.0 0.0 0.0 0.0 0.0 0.0 0.0 0.0 0.0 0.0 0.0 0.0 
161 0.6003752345215758 0.6003752345215758 0.6003752345215758 0.6003752345215758 0.6003752345215758 0.0 0.0 0.0 0.0 0.0 0.0 0.0 0.0 0.0 0.0 0.0 0.0 0.0 0.0 0.0 0.0 
162 0.6003752345215758 0.6003752345215758 0.6003752345215758 0.6003752345215758 0.6003752345215758 0.0 0.0 0.0 0.0 0.0 0.0 0.0 0.0 0.0 0.0 0.0 0.0 0.0 0.0 0.0 0.0 
163 0.6003752345215758 0.6003752345215758 0.6003752345215758 0.6003752345215758 0.6003752345215758 0.0 0.0 0.0 0.0 0.0 0.0 0.0 0.0 0.0 0.0 0.0 0.0 0.0 0.0 0.0 0.0 
164 0.6003752345215758 0.6003752345215758 0.6003752345215758 0.6003752345215758 0.6003752345215758 0.0 0.0 0.0 0.0 0.0 0.0 0.0 0.0 0.0 0.0 0.0 0.0 0.0 0.0 0.0 0.0 
165 0.6003752345215758 0.6003752345215758 0.6003752345215758 0.6003752345215758 0.6003752345215758 0.0 0.0 0.0 0.0 0.0 0.0 0.0 0.0 0.0 0.0 0.0 0.0 0.0 0.0 0.0 0.0 
166 0.6003752345215758 0.6003752345215758 0.6003752345215758 0.6003752345215758 0.6003752345215758 0.0 0.0 0.0 0.0 0.0 0.0 0.0 0.0 0.0 0.0 0.0 0.0 0.0 0.0 0.0 0.0 
167 0.6003752345215758 0.6003752345215758 0.6003752345215758 0.6003752345215758 0.6003752345215758 0.0 0.0 0.0 0.0 0.0 0.0 0.0 0.0 0.0 0.0 0.0 0.0 0.0 0.0 0.0 0.0 
168 0.6003752345215758 0.6003752345215758 0.6003752345215758 0.6003752345215758 0.6003752345215758 0.0 0.0 0.0 0.0 0.0 0.0 0.0 0.0 0.0 0.0 0.0 0.0 0.0 0.0 0.0 0.0 
169 0.6003752345215758 0.6003752345215758 0.6003752345215758 0.6003752345215758 0.6003752345215758 0.0 0.0 0.0 0.0 0.0 0.0 0.0 0.0 0.0 0.0 0.0 0.0 0.0 0.0 0.0 0.0 
170 0.6003752345215758 0.6003752345215758 0.6003752345215758 0.6003752345215758 0.6003752345215758 0.0 0.0 0.0 0.0 0.0 0.0 0.0 0.0 0.0 0.0 0.0 0.0 0.0 0.0 0.0 0.0 
171 0.6003752345215758 0.6003752345215758 0.6003752345215758 0.6003752345215758 0.6003752345215758 0.0 0.0 0.0 0.0 0.0 0.0 0.0 0.0 0.0 0.0 0.0 0.0 0.0 0.0 0.0 0.0 
172 0.6003752345215758 0.6003752345215758 0.6003752345215758 0.6003752345215758 0.6003752345215758 0.0 0.0 0.0 0.0 0.0 0.0 0.0 0.0 0.0 0.0 0.0 0.0 0.0 0.0 0.0 0.0 
173 0.6003752345215758 0.6003752345215758 0.6003752345215758 0.6003752345215758 0.6003752345215758 0.0 0.0 0.0 0.0 0.0 0.0 0.0 0.0 0.0 0.0 0.0 0.0 0.0 0.0 0.0 0.0 
174 0.6003752345215758 0.6003752345215758 0.6003752345215758 0.6003752345215758 0.6003752345215758 0.0 0.0 0.0 0.0 0.0 0.0 0.0 0.0 0.0 0.0 0.0 0.0 0.0 0.0 0.0 0.0 
175 0.6003752345215758 0.6003752345215758 0.6003752345215758 0.6003752345215758 0.6003752345215758 0.0 0.0 0.0 0.0 0.0 0.0 0.0 0.0 0.0 0.0 0.0 0.0 0.0 0.0 0.0 0.0 
176 0.6003752345215758 0.6003752345215758 0.6003752345215758 0.6003752345215758 0.6003752345215758 0.0 0.0 0.0 0.0 0.0 0.0 0.0 0.0 0.0 0.0 0.0 0.0 0.0 0.0 0.0 0.0 
177 0.6003752345215758 0.6003752345215758 0.6003752345215758 0.6003752345215758 0.6003752345215758 0.0 0.0 0.0 0.0 0.0 0.0 0.0 0.0 0.0 0.0 0.0 0.0 0.0 0.0 0.0 0.0 
178 0.6003752345215758 0.6003752345215758 0.6003752345215758 0.6003752345215758 0.6003752345215758 0.0 0.0 0.0 0.0 0.0 0.0 0.0 0.0 0.0 0.0 0.0 0.0 0.0 0.0 0.0 0.0 
179 0.6003752345215758 0.6003752345215758 0.6003752345215758 0.6003752345215758 0.6003752345215758 0.0 0.0 0.0 0.0 0.0 0.0 0.0 0.0 0.0 0.0 0.0 0.0 0.0 0.0 0.0 0.0 
180 0.6003752345215758 0.6003752345215758 0.6003752345215758 0.6003752345215758 0.6003752345215758 0.0 0.0 0.0 0.0 0.0 0.0 0.0 0.0 0.0 0.0 0.0 0.0 0.0 0.0 0.0 0.0 
181 0.6003752345215758 0.6003752345215758 0.6003752345215758 0.6003752345215758 0.6003752345215758 0.0 0.0 0.0 0.0 0.0 0.0 0.0 0.0 0.0 0.0 0.0 0.0 0.0 0.0 0.0 0.0 
182 0.6003752345215758 0.6003752345215758 0.6003752345215758 0.6003752345215758 0.6003752345215758 0.0 0.0 0.0 0.0 0.0 0.0 0.0 0.0 0.0 0.0 0.0 0.0 0.0 0.0 0.0 0.0 
183 0.6003752345215758 0.6003752345215758 0.6003752345215758 0.6003752345215758 0.6003752345215758 0.0 0.0 0.0 0.0 0.0 0.0 0.0 0.0 0.0 0.0 0.0 0.0 0.0 0.0 0.0 0.0 
184 0.6003752345215758 0.6003752345215758 0.6003752345215758 0.6003752345215758 0.6003752345215758 4.8325948215958675E-5 0.0 0.0 0.0 0.0 0.0 0.0 0.0 0.0 0.0 0.0 0.0 0.0 0.0 0.0 0.0 
185 0.6003752345215758 0.6003752345215758 0.6003752345215758 0.6003752345215758 0.6003752345215758 4.8325948215958675E-5 0.0 0.0 0.0 0.0 0.0 0.0 0.0 0.0 0.0 0.0 0.0 0.0 0.0 0.0 0.0 
186 0.6003752345215758 0.6003752345215758 0.6003752345215758 0.6003752345215758 0.6003752345215758 0.017266455803069184 0.0 0.0 0.0 0.0 0.0 0.0 0.0 0.0 0.0 0.0 0.0 0.0 0.0 0.0 0.0 
187 0.6003752345215758 0.6003752345215758 0.6003752345215758 0.6003752345215758 0.6003752345215758 0.02867437062702056 0.0 0.0 0.0 0.0 0.0 0.0 0.0 0.0 0.0 0.0 0.0 0.0 0.0 0.0 0.0 
188 0.6003752345215758 0.6003752345215758 0.6003752345215758 0.6003752345215758 0.6003752345215758 0.02933585230016355 0.0 0.0 0.0 0.0 0.0 0.0 0.0 0.0 0.0 0.0 0.0 0.0 0.0 0.0 0.0 
189 0.6003752345215758 0.6003752345215758 0.6003752345215758 0.6003752345215758 0.6003752345215758 0.09795856857646694 0.0 0.0 0.0 0.0 0.0 0.0 0.0 0.0 0.0 0.0 0.0 0.0 0.0 0.0 0.0 
190 0.6003752345215758 0.6003752345215758 0.6003752345215758 0.6003752345215758 0.6003752345215758 0.1654870429630261 0.0 0.0 0.0 0.0 0.0 0.0 0.0 0.0 0.0 0.0 0.0 0.0 0.0 0.0 0.0 
191 0.6003752345215758 0.6003752345215758 0.6003752345215758 0.6003752345215758 0.6003752345215758 0.29872093133530636 0.0 0.0 0.0 0.0 0.0 0.0 0.0 0.0 0.0 0.0 0.0 0.0 0.0 0.0 0.0 
192 0.6003752345215758 0.6003752345215758 0.6003752345215758 0.6003752345215758 0.6003752345215758 0.33139010298460125 0.0 0.0 0.0 0.0 0.0 0.0 0.0 0.0 0.0 0.0 0.0 0.0 0.0 0.0 0.0 
193 0.6003752345215758 0.6003752345215758 0.6003752345215758 0.6003752345215758 0.6003752345215758 0.40989125615988564 0.0 0.0 0.0 0.0 0.0 0.0 0.0 0.0 0.0 0.0 0.0 0.0 0.0 0.0 0.0 
194 0.6003752345215758 0.6003752345215758 0.6003752345215758 0.6003752345215758 0.6003752345215758 0.47260166205134785 0.0 0.0 0.0 0.0 0.0 0.0 0.0 0.0 0.0 0.0 0.0 0.0 0.0 0.0 0.0 
195 0.6003752345215758 0.6003752345215758 0.6003752345215758 0.6003752345215758 0.6003752345215758 0.5309513611270585 0.0 0.0 0.0 0.0 0.0 0.0 0.0 0.0 0.0 0.0 0.0 0.0 0.0 0.0 0.0 
196 0.6003752345215758 0.6003752345215758 0.6003752345215758 0.6003752345215758 0.6003752345215758 0.5415032277719736 0.0 0.0 0.0 0.0 0.0 0.0 0.0 0.0 0.0 0.0 0.0 0.0 0.0 0.0 0.0 
197 0.6003752345215758 0.6003752345215758 0.6003752345215758 0.6003752345215758 0.6003752345215758 0.5750756027465653 0.0 0.0 0.0 0.0 0.0 0.0 0.0 0.0 0.0 0.0 0.0 0.0 0.0 0.0 0.0 
198 0.6003752345215758 0.6003752345215758 0.6003752345215758 0.6003752345215758 0.6003752345215758 0.5995331008513027 0.0 0.0 0.0 0.0 0.0 0.0 0.0 0.0 0.0 0.0 0.0 0.0 0.0 0.0 0.0 
199 0.6003752345215758 0.6003752345215758 0.6003752345215758 0.6003752345215758 0.6003752345215758 0.600322164153073 0.0 0.0 0.0 0.0 0.0 0.0 0.0 0.0 0.0 0.0 0.0 0.0 0.0 0.0 0.0 
200 0.6003752345215758 0.6003752345215758 0.6003752345215758 0.6003752345215758 0.6003752345215758 0.6003752345215758 0.0 0.0 0.0 0.0 0.0 0.0 0.0 0.0 0.0 0.0 0.0 0.0 0.0 0.0 0.0 
201 0.6003752345215758 0.6003752345215758 0.6003752345215758 0.6003752345215758 0.6003752345215758 0.6003752345215758 0.0 0.0 0.0 0.0 0.0 0.0 0.0 0.0 0.0 0.0 0.0 0.0 0.0 0.0 0.0 
202 0.6003752345215758 0.6003752345215758 0.6003752345215758 0.6003752345215758 0.6003752345215758 0.6003752345215758 0.0 0.0 0.0 0.0 0.0 0.0 0.0 0.0 0.0 0.0 0.0 0.0 0.0 0.0 0.0 
203 0.6003752345215758 0.6003752345215758 0.6003752345215758 0.6003752345215758 0.6003752345215758 0.6003752345215758 0.0 0.0 0.0 0.0 0.0 0.0 0.0 0.0 0.0 0.0 0.0 0.0 0.0 0.0 0.0 
204 0.6003752345215758 0.6003752345215758 0.6003752345215758 0.6003752345215758 0.6003752345215758 0.6003752345215758 0.0 0.0 0.0 0.0 0.0 0.0 0.0 0.0 0.0 0.0 0.0 0.0 0.0 0.0 0.0 
205 0.6003752345215758 0.6003752345215758 0.6003752345215758 0.6003752345215758 0.6003752345215758 0.6003752345215758 0.0 0.0 0.0 0.0 0.0 0.0 0.0 0.0 0.0 0.0 0.0 0.0 0.0 0.0 0.0 
206 0.6003752345215758 0.6003752345215758 0.6003752345215758 0.6003752345215758 0.6003752345215758 0.6003752345215758 0.0 0.0 0.0 0.0 0.0 0.0 0.0 0.0 0.0 0.0 0.0 0.0 0.0 0.0 0.0 
207 0.6003752345215758 0.6003752345215758 0.6003752345215758 0.6003752345215758 0.6003752345215758 0.6003752345215758 0.0 0.0 0.0 0.0 0.0 0.0 0.0 0.0 0.0 0.0 0.0 0.0 0.0 0.0 0.0 
208 0.6003752345215758 0.6003752345215758 0.6003752345215758 0.6003752345215758 0.6003752345215758 0.6003752345215758 0.0 0.0 0.0 0.0 0.0 0.0 0.0 0.0 0.0 0.0 0.0 0.0 0.0 0.0 0.0 
209 0.6003752345215758 0.6003752345215758 0.6003752345215758 0.6003752345215758 0.6003752345215758 0.6003752345215758 0.0 0.0 0.0 0.0 0.0 0.0 0.0 0.0 0.0 0.0 0.0 0.0 0.0 0.0 0.0 
210 0.6003752345215758 0.6003752345215758 0.6003752345215758 0.6003752345215758 0.6003752345215758 0.6003752345215758 0.0 0.0 0.0 0.0 0.0 0.0 0.0 0.0 0.0 0.0 0.0 0.0 0.0 0.0 0.0 
211 0.6003752345215758 0.6003752345215758 0.6003752345215758 0.6003752345215758 0.6003752345215758 0.6003752345215758 0.0 0.0 0.0 0.0 0.0 0.0 0.0 0.0 0.0 0.0 0.0 0.0 0.0 0.0 0.0 
212 0.6003752345215758 0.6003752345215758 0.6003752345215758 0.6003752345215758 0.6003752345215758 0.6003752345215758 0.0 0.0 0.0 0.0 0.0 0.0 0.0 0.0 0.0 0.0 0.0 0.0 0.0 0.0 0.0 
213 0.6003752345215758 0.6003752345215758 0.6003752345215758 0.6003752345215758 0.6003752345215758 0.6003752345215758 0.0 0.0 0.0 0.0 0.0 0.0 0.0 0.0 0.0 0.0 0.0 0.0 0.0 0.0 0.0 
214 0.6003752345215758 0.6003752345215758 0.6003752345215758 0.6003752345215758 0.6003752345215758 0.6003752345215758 0.0 0.0 0.0 0.0 0.0 0.0 0.0 0.0 0.0 0.0 0.0 0.0 0.0 0.0 0.0 
215 0.6003752345215758 0.6003752345215758 0.6003752345215758 0.6003752345215758 0.6003752345215758 0.6003752345215758 0.0 0.0 0.0 0.0 0.0 0.0 0.0 0.0 0.0 0.0 0.0 0.0 0.0 0.0 0.0 
216 0.6003752345215758 0.6003752345215758 0.6003752345215758 0.6003752345215758 0.6003752345215758 0.6003752345215758 0.0 0.0 0.0 0.0 0.0 0.0 0.0 0.0 0.0 0.0 0.0 0.0 0.0 0.0 0.0 
217 0.6003752345215758 0.6003752345215758 0.6003752345215758 0.6003752345215758 0.6003752345215758 0.6003752345215758 0.0 0.0 0.0 0.0 0.0 0.0 0.0 0.0 0.0 0.0 0.0 0.0 0.0 0.0 0.0 
218 0.6003752345215758 0.6003752345215758 0.6003752345215758 0.6003752345215758 0.6003752345215758 0.6003752345215758 0.0 0.0 0.0 0.0 0.0 0.0 0.0 0.0 0.0 0.0 0.0 0.0 0.0 0.0 0.0 
219 0.6003752345215758 0.6003752345215758 0.6003752345215758 0.6003752345215758 0.6003752345215758 0.6003752345215758 0.0 0.0 0.0 0.0 0.0 0.0 0.0 0.0 0.0 0.0 0.0 0.0 0.0 0.0 0.0 
220 0.6003752345215758 0.6003752345215758 0.6003752345215758 0.6003752345215758 0.6003752345215758 0.6003752345215758 0.0 0.0 0.0 0.0 0.0 0.0 0.0 0.0 0.0 0.0 0.0 0.0 0.0 0.0 0.0 
221 0.6003752345215758 0.6003752345215758 0.6003752345215758 0.6003752345215758 0.6003752345215758 0.6003752345215758 0.0 0.0 0.0 0.0 0.0 0.0 0.0 0.0 0.0 0.0 0.0 0.0 0.0 0.0 0.0 
222 0.6003752345215758 0.6003752345215758 0.6003752345215758 0.6003752345215758 0.6003752345215758 0.6003752345215758 0.0 0.0 0.0 0.0 0.0 0.0 0.0 0.0 0.0 0.0 0.0 0.0 0.0 0.0 0.0 
223 0.6003752345215758 0.6003752345215758 0.6003752345215758 0.6003752345215758 0.6003752345215758 0.6003752345215758 0.005364265219731019 0.0 0.0 0.0 0.0 0.0 0.0 0.0 0.0 0.0 0.0 0.0 0.0 0.0 0.0 
224 0.6003752345215758 0.6003752345215758 0.6003752345215758 0.6003752345215758 0.6003752345215758 0.6003752345215758 0.028881238509895345 0.0 0.0 0.0 0.0 0.0 0.0 0.0 0.0 0.0 0.0 0.0 0.0 0.0 0.0 
225 0.6003752345215758 0.6003752345215758 0.6003752345215758 0.6003752345215758 0.6003752345215758 0.6003752345215758 0.03002168611937136 0.0 0.0 0.0 0.0 0.0 0.0 0.0 0.0 0.0 0.0 0.0 0.0 0.0 0.0 
226 0.6003752345215758 0.6003752345215758 0.6003752345215758 0.6003752345215758 0.6003752345215758 0.6003752345215758 0.0559576386057611 0.0 0.0 0.0 0.0 0.0 0.0 0.0 0.0 0.0 0.0 0.0 0.0 0.0 0.0 
227 0.6003752345215758 0.6003752345215758 0.6003752345215758 0.6003752345215758 0.6003752345215758 0.6003752345215758 0.06585029066581322 0.0 0.0 0.0 0.0 0.0 0.0 0.0 0.0 0.0 0.0 0.0 0.0 0.0 0.0 
228 0.6003752345215758 0.6003752345215758 0.6003752345215758 0.6003752345215758 0.6003752345215758 0.6003752345215758 0.20258185956447844 0.0 0.0 0.0 0.0 0.0 0.0 0.0 0.0 0.0 0.0 0.0 0.0 0.0 0.0 
229 0.6003752345215758 0.6003752345215758 0.6003752345215758 0.6003752345215758 0.6003752345215758 0.6003752345215758 0.2826693471472316 0.0 0.0 0.0 0.0 0.0 0.0 0.0 0.0 0.0 0.0 0.0 0.0 0.0 0.0 
230 0.6003752345215758 0.6003752345215758 0.6003752345215758 0.6003752345215758 0.6003752345215758 0.6003752345215758 0.33794355384402774 0.0 0.0 0.0 0.0 0.0 0.0 0.0 0.0 0.0 0.0 0.0 0.0 0.0 0.0 
231 0.6003752345215758 0.6003752345215758 0.6003752345215758 0.6003752345215758 0.6003752345215758 0.6003752345215758 0.41217907450146984 0.0 0.0 0.0 0.0 0.0 0.0 0.0 0.0 0.0 0.0 0.0 0.0 0.0 0.0 
232 0.6003752345215758 0.6003752345215758 0.6003752345215758 0.6003752345215758 0.6003752345215758 0.6003752345215758 0.47555707528495217 0.0 0.0 0.0 0.0 0.0 0.0 0.0 0.0 0.0 0.0 0.0 0.0 0.0 0.0 
233 0.6003752345215758 0.6003752345215758 0.6003752345215758 0.6003752345215758 0.6003752345215758 0.6003752345215758 0.5261797955394572 0.0 0.0 0.0 0.0 0.0 0.0 0.0 0.0 0.0 0.0 0.0 0.0 0.0 0.0 
234 0.6003752345215758 0.6003752345215758 0.6003752345215758 0.6003752345215758 0.6003752345215758 0.6003752345215758 0.539740060664667 0.0 0.0 0.0 0.0 0.0 0.0 0.0 0.0 0.0 0.0 0.0 0.0 0.0 0.0 
235 0.6003752345215758 0.6003752345215758 0.6003752345215758 0.6003752345215758 0.6003752345215758 0.6003752345215758 0.5419617311746627 0.0 0.0 0.0 0.0 0.0 0.0 0.0 0.0 0.0 0.0 0.0 0.0 0.0 0.0 
236 0.6003752345215758 0.6003752345215758 0.6003752345215758 0.6003752345215758 0.6003752345215758 0.6003752345215758 0.5696299735330413 0.0 0.0 0.0 0.0 0.0 0.0 0.0 0.0 0.0 0.0 0.0 0.0 0.0 0.0 
237 0.6003752345215758 0.6003752345215758 0.6003752345215758 0.6003752345215758 0.6003752345215758 0.6003752345215758 0.5794535279067953 0.0 0.0 0.0 0.0 0.0 0.0 0.0 0.0 0.0 0.0 0.0 0.0 0.0 0.0 
238 0.6003752345215758 0.6003752345215758 0.6003752345215758 0.6003752345215758 0.6003752345215758 0.6003752345215758 0.5983979831698811 0.0 0.0 0.0 0.0 0.0 0.0 0.0 0.0 0.0 0.0 0.0 0.0 0.0 0.0 
239 0.6003752345215758 0.6003752345215758 0.6003752345215758 0.6003752345215758 0.6003752345215758 0.6003752345215758 0.6002989796667656 0.0 0.0 0.0 0.0 0.0 0.0 0.0 0.0 0.0 0.0 0.0 0.0 0.0 0.0 
240 0.6003752345215758 0.6003752345215758 0.6003752345215758 0.6003752345215758 0.6003752345215758 0.6003752345215758 0.6003526637419739 0.0 0.0 0.0 0.0 0.0 0.0 0.0 0.0 0.0 0.0 0.0 0.0 0.0 0.0 
241 0.6003752345215758 0.6003752345215758 0.6003752345215758 0.6003752345215758 0.6003752345215758 0.6003752345215758 0.6003752345215758 0.0 0.0 0.0 0.0 0.0 0.0 0.0 0.0 0.0 0.0 0.0 0.0 0.0 0.0 
242 0.6003752345215758 0.6003752345215758 0.6003752345215758 0.6003752345215758 0.6003752345215758 0.6003752345215758 0.6003752345215758 0.0 0.0 0.0 0.0 0.0 0.0 0.0 0.0 0.0 0.0 0.0 0.0 0.0 0.0 
243 0.6003752345215758 0.6003752345215758 0.6003752345215758 0.6003752345215758 0.6003752345215758 0.6003752345215758 0.6003752345215758 0.0 0.0 0.0 0.0 0.0 0.0 0.0 0.0 0.0 0.0 0.0 0.0 0.0 0.0 
244 0.6003752345215758 0.6003752345215758 0.6003752345215758 0.6003752345215758 0.6003752345215758 0.6003752345215758 0.6003752345215758 0.0 0.0 0.0 0.0 0.0 0.0 0.0 0.0 0.0 0.0 0.0 0.0 0.0 0.0 
245 0.6003752345215758 0.6003752345215758 0.6003752345215758 0.6003752345215758 0.6003752345215758 0.6003752345215758 0.6003752345215758 0.0 0.0 0.0 0.0 0.0 0.0 0.0 0.0 0.0 0.0 0.0 0.0 0.0 0.0 
246 0.6003752345215758 0.6003752345215758 0.6003752345215758 0.6003752345215758 0.6003752345215758 0.6003752345215758 0.6003752345215758 0.0 0.0 0.0 0.0 0.0 0.0 0.0 0.0 0.0 0.0 0.0 0.0 0.0 0.0 
247 0.6003752345215758 0.6003752345215758 0.6003752345215758 0.6003752345215758 0.6003752345215758 0.6003752345215758 0.6003752345215758 0.0 0.0 0.0 0.0 0.0 0.0 0.0 0.0 0.0 0.0 0.0 0.0 0.0 0.0 
248 0.6003752345215758 0.6003752345215758 0.6003752345215758 0.6003752345215758 0.6003752345215758 0.6003752345215758 0.6003752345215758 0.0 0.0 0.0 0.0 0.0 0.0 0.0 0.0 0.0 0.0 0.0 0.0 0.0 0.0 
249 0.6003752345215758 0.6003752345215758 0.6003752345215758 0.6003752345215758 0.6003752345215758 0.6003752345215758 0.6003752345215758 0.0 0.0 0.0 0.0 0.0 0.0 0.0 0.0 0.0 0.0 0.0 0.0 0.0 0.0 
250 0.6003752345215758 0.6003752345215758 0.6003752345215758 0.6003752345215758 0.6003752345215758 0.6003752345215758 0.6003752345215758 0.0 0.0 0.0 0.0 0.0 0.0 0.0 0.0 0.0 0.0 0.0 0.0 0.0 0.0 
251 0.6003752345215758 0.6003752345215758 0.6003752345215758 0.6003752345215758 0.6003752345215758 0.6003752345215758 0.6003752345215758 0.0 0.0 0.0 0.0 0.0 0.0 0.0 0.0 0.0 0.0 0.0 0.0 0.0 0.0 
252 0.6003752345215758 0.6003752345215758 0.6003752345215758 0.6003752345215758 0.6003752345215758 0.6003752345215758 0.6003752345215758 0.0 0.0 0.0 0.0 0.0 0.0 0.0 0.0 0.0 0.0 0.0 0.0 0.0 0.0 
253 0.6003752345215758 0.6003752345215758 0.6003752345215758 0.6003752345215758 0.6003752345215758 0.6003752345215758 0.6003752345215758 0.0 0.0 0.0 0.0 0.0 0.0 0.0 0.0 0.0 0.0 0.0 0.0 0.0 0.0 
254 0.6003752345215758 0.6003752345215758 0.6003752345215758 0.6003752345215758 0.6003752345215758 0.6003752345215758 0.6003752345215758 0.0 0.0 0.0 0.0 0.0 0.0 0.0 0.0 0.0 0.0 0.0 0.0 0.0 0.0 
255 0.6003752345215758 0.6003752345215758 0.6003752345215758 0.6003752345215758 0.6003752345215758 0.6003752345215758 0.6003752345215758 0.0 0.0 0.0 0.0 0.0 0.0 0.0 0.0 0.0 0.0 0.0 0.0 0.0 0.0 
256 0.6003752345215758 0.6003752345215758 0.6003752345215758 0.6003752345215758 0.6003752345215758 0.6003752345215758 0.6003752345215758 0.0 0.0 0.0 0.0 0.0 0.0 0.0 0.0 0.0 0.0 0.0 0.0 0.0 0.0 
257 0.6003752345215758 0.6003752345215758 0.6003752345215758 0.6003752345215758 0.6003752345215758 0.6003752345215758 0.6003752345215758 0.0 0.0 0.0 0.0 0.0 0.0 0.0 0.0 0.0 0.0 0.0 0.0 0.0 0.0 
258 0.6003752345215758 0.6003752345215758 0.6003752345215758 0.6003752345215758 0.6003752345215758 0.6003752345215758 0.6003752345215758 0.0 0.0 0.0 0.0 0.0 0.0 0.0 0.0 0.0 0.0 0.0 0.0 0.0 0.0 
259 0.6003752345215758 0.6003752345215758 0.6003752345215758 0.6003752345215758 0.6003752345215758 0.6003752345215758 0.6003752345215758 4.8325948215958675E-5 0.0 0.0 0.0 0.0 0.0 0.0 0.0 0.0 0.0 0.0 0.0 0.0 0.0 
260 0.6003752345215758 0.6003752345215758 0.6003752345215758 0.6003752345215758 0.6003752345215758 0.6003752345215758 0.6003752345215758 0.0 0.0 0.0 0.0 0.0 0.0 0.0 0.0 0.0 0.0 0.0 0.0 0.0 0.0 
261 0.6003752345215758 0.6003752345215758 0.6003752345215758 0.6003752345215758 0.6003752345215758 0.6003752345215758 0.6003752345215758 4.8325948215958675E-5 0.0 0.0 0.0 0.0 0.0 0.0 0.0 0.0 0.0 0.0 0.0 0.0 0.0 
262 0.6003752345215758 0.6003752345215758 0.6003752345215758 0.6003752345215758 0.6003752345215758 0.6003752345215758 0.6003752345215758 0.01495343580673851 0.0 0.0 0.0 0.0 0.0 0.0 0.0 0.0 0.0 0.0 0.0 0.0 0.0 
263 0.6003752345215758 0.6003752345215758 0.6003752345215758 0.6003752345215758 0.6003752345215758 0.6003752345215758 0.6003752345215758 0.057702949693686466 0.0 0.0 0.0 0.0 0.0 0.0 0.0 0.0 0.0 0.0 0.0 0.0 0.0 
264 0.6003752345215758 0.6003752345215758 0.6003752345215758 0.6003752345215758 0.6003752345215758 0.6003752345215758 0.6003752345215758 0.08793398702650602 0.0 0.0 0.0 0.0 0.0 0.0 0.0 0.0 0.0 0.0 0.0 0.0 0.0 
265 0.6003752345215758 0.6003752345215758 0.6003752345215758 0.6003752345215758 0.6003752345215758 0.6003752345215758 0.6003752345215758 0.09259851126425292 0.0 0.0 0.0 0.0 0.0 0.0 0.0 0.0 0.0 0.0 0.0 0.0 0.0 
266 0.6003752345215758 0.6003752345215758 0.6003752345215758 0.6003752345215758 0.6003752345215758 0.6003752345215758 0.6003752345215758 0.14601587488259163 0.0 0.0 0.0 0.0 0.0 0.0 0.0 0.0 0.0 0.0 0.0 0.0 0.0 
267 0.6003752345215758 0.6003752345215758 0.6003752345215758 0.6003752345215758 0.6003752345215758 0.6003752345215758 0.6003752345215758 0.24922304872127152 0.0 0.0 0.0 0.0 0.0 0.0 0.0 0.0 0.0 0.0 0.0 0.0 0.0 
268 0.6003752345215758 0.6003752345215758 0.6003752345215758 0.6003752345215758 0.6003752345215758 0.6003752345215758 0.6003752345215758 0.3681138859119616 0.0 0.0 0.0 0.0 0.0 0.0 0.0 0.0 0.0 0.0 0.0 0.0 0.0 
269 0.6003752345215758 0.6003752345215758 0.6003752345215758 0.6003752345215758 0.6003752345215758 0.6003752345215758 0.6003752345215758 0.40507156984861725 0.0 0.0 0.0 0.0 0.0 0.0 0.0 0.0 0.0 0.0 0.0 0.0 0.0 
270 0.6003752345215758 0.6003752345215758 0.6003752345215758 0.6003752345215758 0.6003752345215758 0.6003752345215758 0.6003752345215758 0.44809169129161786 0.0 0.0 0.0 0.0 0.0 0.0 0.0 0.0 0.0 0.0 0.0 0.0 0.0 
271 0.6003752345215758 0.6003752345215758 0.6003752345215758 0.6003752345215758 0.6003752345215758 0.6003752345215758 0.6003752345215758 0.48012809152977487 0.0 0.0 0.0 0.0 0.0 0.0 0.0 0.0 0.0 0.0 0.0 0.0 0.0 
272 0.6003752345215758 0.6003752345215758 0.6003752345215758 0.6003752345215758 0.6003752345215758 0.6003752345215758 0.6003752345215758 0.5161565993125288 0.0 0.0 0.0 0.0 0.0 0.0 0.0 0.0 0.0 0.0 0.0 0.0 0.0 
273 0.6003752345215758 0.6003752345215758 0.6003752345215758 0.6003752345215758 0.6003752345215758 0.6003752345215758 0.6003752345215758 0.5648964828491346 0.0 0.0 0.0 0.0 0.0 0.0 0.0 0.0 0.0 0.0 0.0 0.0 0.0 
274 0.6003752345215758 0.6003752345215758 0.6003752345215758 0.6003752345215758 0.6003752345215758 0.6003752345215758 0.6003752345215758 0.5701579172972966 0.0 0.0 0.0 0.0 0.0 0.0 0.0 0.0 0.0 0.0 0.0 0.0 0.0 
275 0.6003752345215758 0.6003752345215758 0.6003752345215758 0.6003752345215758 0.6003752345215758 0.6003752345215758 0.6003752345215758 0.5937600364325573 0.0 0.0 0.0 0.0 0.0 0.0 0.0 0.0 0.0 0.0 0.0 0.0 0.0 
276 0.6003752345215758 0.6003752345215758 0.6003752345215758 0.6003752345215758 0.6003752345215758 0.6003752345215758 0.6003752345215758 0.5998399361141056 0.0 0.0 0.0 0.0 0.0 0.0 0.0 0.0 0.0 0.0 0.0 0.0 0.0 
277 0.6003752345215758 0.6003752345215758 0.6003752345215758 0.6003752345215758 0.6003752345215758 0.6003752345215758 0.6003752345215758 0.6001540168581265 0.0 0.0 0.0 0.0 0.0 0.0 0.0 0.0 0.0 0.0 0.0 0.0 0.0 
278 0.6003752345215758 0.6003752345215758 0.6003752345215758 0.6003752345215758 0.6003752345215758 0.6003752345215758 0.6003752345215758 0.6003752345215758 0.0 0.0 0.0 0.0 0.0 0.0 0.0 0.0 0.0 0.0 0.0 0.0 0.0 
279 0.6003752345215758 0.6003752345215758 0.6003752345215758 0.6003752345215758 0.6003752345215758 0.6003752345215758 0.6003752345215758 0.6003752345215758 0.0 0.0 0.0 0.0 0.0 0.0 0.0 0.0 0.0 0.0 0.0 0.0 0.0 
280 0.6003752345215758 0.6003752345215758 0.6003752345215758 0.6003752345215758 0.6003752345215758 0.6003752345215758 0.6003752345215758 0.6003752345215758 0.0 0.0 0.0 0.0 0.0 0.0 0.0 0.0 0.0 0.0 0.0 0.0 0.0 
281 0.6003752345215758 0.6003752345215758 0.6003752345215758 0.6003752345215758 0.6003752345215758 0.6003752345215758 0.6003752345215758 0.6003752345215758 0.0 0.0 0.0 0.0 0.0 0.0 0.0 0.0 0.0 0.0 0.0 0.0 0.0 
282 0.6003752345215758 0.6003752345215758 0.6003752345215758 0.6003752345215758 0.6003752345215758 0.6003752345215758 0.6003752345215758 0.6003752345215758 0.0 0.0 0.0 0.0 0.0 0.0 0.0 0.0 0.0 0.0 0.0 0.0 0.0 
283 0.6003752345215758 0.6003752345215758 0.6003752345215758 0.6003752345215758 0.6003752345215758 0.6003752345215758 0.6003752345215758 0.6003752345215758 0.0 0.0 0.0 0.0 0.0 0.0 0.0 0.0 0.0 0.0 0.0 0.0 0.0 
284 0.6003752345215758 0.6003752345215758 0.6003752345215758 0.6003752345215758 0.6003752345215758 0.6003752345215758 0.6003752345215758 0.6003752345215758 0.0 0.0 0.0 0.0 0.0 0.0 0.0 0.0 0.0 0.0 0.0 0.0 0.0 
285 0.6003752345215758 0.6003752345215758 0.6003752345215758 0.6003752345215758 0.6003752345215758 0.6003752345215758 0.6003752345215758 0.6003752345215758 0.0 0.0 0.0 0.0 0.0 0.0 0.0 0.0 0.0 0.0 0.0 0.0 0.0 
286 0.6003752345215758 0.6003752345215758 0.6003752345215758 0.6003752345215758 0.6003752345215758 0.6003752345215758 0.6003752345215758 0.6003752345215758 0.0 0.0 0.0 0.0 0.0 0.0 0.0 0.0 0.0 0.0 0.0 0.0 0.0 
287 0.6003752345215758 0.6003752345215758 0.6003752345215758 0.6003752345215758 0.6003752345215758 0.6003752345215758 0.6003752345215758 0.6003752345215758 0.0 0.0 0.0 0.0 0.0 0.0 0.0 0.0 0.0 0.0 0.0 0.0 0.0 
288 0.6003752345215758 0.6003752345215758 0.6003752345215758 0.6003752345215758 0.6003752345215758 0.6003752345215758 0.6003752345215758 0.6003752345215758 0.0 0.0 0.0 0.0 0.0 0.0 0.0 0.0 0.0 0.0 0.0 0.0 0.0 
289 0.6003752345215758 0.6003752345215758 0.6003752345215758 0.6003752345215758 0.6003752345215758 0.6003752345215758 0.6003752345215758 0.6003752345215758 0.0 0.0 0.0 0.0 0.0 0.0 0.0 0.0 0.0 0.0 0.0 0.0 0.0 
290 0.6003752345215758 0.6003752345215758 0.6003752345215758 0.6003752345215758 0.6003752345215758 0.6003752345215758 0.6003752345215758 0.6003752345215758 0.0 0.0 0.0 0.0 0.0 0.0 0.0 0.0 0.0 0.0 0.0 0.0 0.0 
291 0.6003752345215758 0.6003752345215758 0.6003752345215758 0.6003752345215758 0.6003752345215758 0.6003752345215758 0.6003752345215758 0.6003752345215758 0.0 0.0 0.0 0.0 0.0 0.0 0.0 0.0 0.0 0.0 0.0 0.0 0.0 
292 0.6003752345215758 0.6003752345215758 0.6003752345215758 0.6003752345215758 0.6003752345215758 0.6003752345215758 0.6003752345215758 0.6003752345215758 0.0 0.0 0.0 0.0 0.0 0.0 0.0 0.0 0.0 0.0 0.0 0.0 0.0 
293 0.6003752345215758 0.6003752345215758 0.6003752345215758 0.6003752345215758 0.6003752345215758 0.6003752345215758 0.6003752345215758 0.6003752345215758 0.0 0.0 0.0 0.0 0.0 0.0 0.0 0.0 0.0 0.0 0.0 0.0 0.0 
294 0.6003752345215758 0.6003752345215758 0.6003752345215758 0.6003752345215758 0.6003752345215758 0.6003752345215758 0.6003752345215758 0.6003752345215758 0.0 0.0 0.0 0.0 0.0 0.0 0.0 0.0 0.0 0.0 0.0 0.0 0.0 
295 0.6003752345215758 0.6003752345215758 0.6003752345215758 0.6003752345215758 0.6003752345215758 0.6003752345215758 0.6003752345215758 0.6003752345215758 0.0 0.0 0.0 0.0 0.0 0.0 0.0 0.0 0.0 0.0 0.0 0.0 0.0 
296 0.6003752345215758 0.6003752345215758 0.6003752345215758 0.6003752345215758 0.6003752345215758 0.6003752345215758 0.6003752345215758 0.6003752345215758 0.0 0.0 0.0 0.0 0.0 0.0 0.0 0.0 0.0 0.0 0.0 0.0 0.0 
297 0.6003752345215758 0.6003752345215758 0.6003752345215758 0.6003752345215758 0.6003752345215758 0.6003752345215758 0.6003752345215758 0.6003752345215758 0.0 0.0 0.0 0.0 0.0 0.0 0.0 0.0 0.0 0.0 0.0 0.0 0.0 
298 0.6003752345215758 0.6003752345215758 0.6003752345215758 0.6003752345215758 0.6003752345215758 0.6003752345215758 0.6003752345215758 0.6003752345215758 0.0 0.0 0.0 0.0 0.0 0.0 0.0 0.0 0.0 0.0 0.0 0.0 0.0 
299 0.6003752345215758 0.6003752345215758 0.6003752345215758 0.6003752345215758 0.6003752345215758 0.6003752345215758 0.6003752345215758 0.6003752345215758 0.00174084289992386 0.0 0.0 0.0 0.0 0.0 0.0 0.0 0.0 0.0 0.0 0.0 0.0 
300 0.6003752345215758 0.6003752345215758 0.6003752345215758 0.6003752345215758 0.6003752345215758 0.6003752345215758 0.6003752345215758 0.6003752345215758 0.049398415102202074 0.0 0.0 0.0 0.0 0.0 0.0 0.0 0.0 0.0 0.0 0.0 0.0 
301 0.6003752345215758 0.6003752345215758 0.6003752345215758 0.6003752345215758 0.6003752345215758 0.6003752345215758 0.6003752345215758 0.6003752345215758 0.05920558751405007 0.0 0.0 0.0 0.0 0.0 0.0 0.0 0.0 0.0 0.0 0.0 0.0 
302 0.6003752345215758 0.6003752345215758 0.6003752345215758 0.6003752345215758 0.6003752345215758 0.6003752345215758 0.6003752345215758 0.6003752345215758 0.06002253349299445 0.0 0.0 0.0 0.0 0.0 0.0 0.0 0.0 0.0 0.0 0.0 0.0 
303 0.6003752345215758 0.6003752345215758 0.6003752345215758 0.6003752345215758 0.6003752345215758 0.6003752345215758 0.6003752345215758 0.6003752345215758 0.06461560584868813 0.0 0.0 0.0 0.0 0.0 0.0 0.0 0.0 0.0 0.0 0.0 0.0 
304 0.6003752345215758 0.6003752345215758 0.6003752345215758 0.6003752345215758 0.6003752345215758 0.6003752345215758 0.6003752345215758 0.6003752345215758 0.12017739102242167 0.0 0.0 0.0 0.0 0.0 0.0 0.0 0.0 0.0 0.0 0.0 0.0 
305 0.6003752345215758 0.6003752345215758 0.6003752345215758 0.6003752345215758 0.6003752345215758 0.6003752345215758 0.6003752345215758 0.6003752345215758 0.22392905606443952 0.0 0.0 0.0 0.0 0.0 0.0 0.0 0.0 0.0 0.0 0.0 0.0 
306 0.6003752345215758 0.6003752345215758 0.6003752345215758 0.6003752345215758 0.6003752345215758 0.6003752345215758 0.6003752345215758 0.6003752345215758 0.2675948129769751 0.0 0.0 0.0 0.0 0.0 0.0 0.0 0.0 0.0 0.0 0.0 0.0 
307 0.6003752345215758 0.6003752345215758 0.6003752345215758 0.6003752345215758 0.6003752345215758 0.6003752345215758 0.6003752345215758 0.6003752345215758 0.3613712884518791 0.0 0.0 0.0 0.0 0.0 0.0 0.0 0.0 0.0 0.0 0.0 0.0 
308 0.6003752345215758 0.6003752345215758 0.6003752345215758 0.6003752345215758 0.6003752345215758 0.6003752345215758 0.6003752345215758 0.6003752345215758 0.4776468273773083 0.0 0.0 0.0 0.0 0.0 0.0 0.0 0.0 0.0 0.0 0.0 0.0 
309 0.6003752345215758 0.6003752345215758 0.6003752345215758 0.6003752345215758 0.6003752345215758 0.6003752345215758 0.6003752345215758 0.6003752345215758 0.508423522366137 0.0 0.0 0.0 0.0 0.0 0.0 0.0 0.0 0.0 0.0 0.0 0.0 
310 0.6003752345215758 0.6003752345215758 0.6003752345215758 0.6003752345215758 0.6003752345215758 0.6003752345215758 0.6003752345215758 0.6003752345215758 0.5347055611391266 0.0 0.0 0.0 0.0 0.0 0.0 0.0 0.0 0.0 0.0 0.0 0.0 
311 0.6003752345215758 0.6003752345215758 0.6003752345215758 0.6003752345215758 0.6003752345215758 0.6003752345215758 0.6003752345215758 0.6003752345215758 0.5625663687517848 0.0 0.0 0.0 0.0 0.0 0.0 0.0 0.0 0.0 0.0 0.0 0.0 
312 0.6003752345215758 0.6003752345215758 0.6003752345215758 0.6003752345215758 0.6003752345215758 0.6003752345215758 0.6003752345215758 0.6003752345215758 0.5699375936858123 0.0 0.0 0.0 0.0 0.0 0.0 0.0 0.0 0.0 0.0 0.0 0.0 
313 0.6003752345215758 0.6003752345215758 0.6003752345215758 0.6003752345215758 0.6003752345215758 0.6003752345215758 0.6003752345215758 0.6003752345215758 0.5913049614334798 0.0 0.0 0.0 0.0 0.0 0.0 0.0 0.0 0.0 0.0 0.0 0.0 
314 0.6003752345215758 0.6003752345215758 0.6003752345215758 0.6003752345215758 0.6003752345215758 0.6003752345215758 0.6003752345215758 0.6003752345215758 0.5998205506630828 0.0 0.0 0.0 0.0 0.0 0.0 0.0 0.0 0.0 0.0 0.0 0.0 
315 0.6003752345215758 0.6003752345215758 0.6003752345215758 0.6003752345215758 0.6003752345215758 0.6003752345215758 0.6003752345215758 0.6003752345215758 0.600086176181399 0.0 0.0 0.0 0.0 0.0 0.0 0.0 0.0 0.0 0.0 0.0 0.0 
316 0.6003752345215758 0.6003752345215758 0.6003752345215758 0.6003752345215758 0.6003752345215758 0.6003752345215758 0.6003752345215758 0.6003752345215758 0.6003374723904086 0.0 0.0 0.0 0.0 0.0 0.0 0.0 0.0 0.0 0.0 0.0 0.0 
317 0.6003752345215758 0.6003752345215758 0.6003752345215758 0.6003752345215758 0.6003752345215758 0.6003752345215758 0.6003752345215758 0.6003752345215758 0.6003752345215758 0.0 0.0 0.0 0.0 0.0 0.0 0.0 0.0 0.0 0.0 0.0 0.0 
318 0.6003752345215758 0.6003752345215758 0.6003752345215758 0.6003752345215758 0.6003752345215758 0.6003752345215758 0.6003752345215758 0.6003752345215758 0.6003752345215758 0.0 0.0 0.0 0.0 0.0 0.0 0.0 0.0 0.0 0.0 0.0 0.0 
319 0.6003752345215758 0.6003752345215758 0.6003752345215758 0.6003752345215758 0.6003752345215758 0.6003752345215758 0.6003752345215758 0.6003752345215758 0.6003752345215758 0.0 0.0 0.0 0.0 0.0 0.0 0.0 0.0 0.0 0.0 0.0 0.0 
320 0.6003752345215758 0.6003752345215758 0.6003752345215758 0.6003752345215758 0.6003752345215758 0.6003752345215758 0.6003752345215758 0.6003752345215758 0.6003752345215758 0.0 0.0 0.0 0.0 0.0 0.0 0.0 0.0 0.0 0.0 0.0 0.0 
321 0.6003752345215758 0.6003752345215758 0.6003752345215758 0.6003752345215758 0.6003752345215758 0.6003752345215758 0.6003752345215758 0.6003752345215758 0.6003752345215758 0.0 0.0 0.0 0.0 0.0 0.0 0.0 0.0 0.0 0.0 0.0 0.0 
322 0.6003752345215758 0.6003752345215758 0.6003752345215758 0.6003752345215758 0.6003752345215758 0.6003752345215758 0.6003752345215758 0.6003752345215758 0.6003752345215758 0.0 0.0 0.0 0.0 0.0 0.0 0.0 0.0 0.0 0.0 0.0 0.0 
323 0.6003752345215758 0.6003752345215758 0.6003752345215758 0.6003752345215758 0.6003752345215758 0.6003752345215758 0.6003752345215758 0.6003752345215758 0.6003752345215758 0.0 0.0 0.0 0.0 0.0 0.0 0.0 0.0 0.0 0.0 0.0 0.0 
324 0.6003752345215758 0.6003752345215758 0.6003752345215758 0.6003752345215758 0.6003752345215758 0.6003752345215758 0.6003752345215758 0.6003752345215758 0.6003752345215758 0.0 0.0 0.0 0.0 0.0 0.0 0.0 0.0 0.0 0.0 0.0 0.0 
325 0.6003752345215758 0.6003752345215758 0.6003752345215758 0.6003752345215758 0.6003752345215758 0.6003752345215758 0.6003752345215758 0.6003752345215758 0.6003752345215758 0.0 0.0 0.0 0.0 0.0 0.0 0.0 0.0 0.0 0.0 0.0 0.0 
326 0.6003752345215758 0.6003752345215758 0.6003752345215758 0.6003752345215758 0.6003752345215758 0.6003752345215758 0.6003752345215758 0.6003752345215758 0.6003752345215758 0.0 0.0 0.0 0.0 0.0 0.0 0.0 0.0 0.0 0.0 0.0 0.0 
327 0.6003752345215758 0.6003752345215758 0.6003752345215758 0.6003752345215758 0.6003752345215758 0.6003752345215758 0.6003752345215758 0.6003752345215758 0.6003752345215758 0.0 0.0 0.0 0.0 0.0 0.0 0.0 0.0 0.0 0.0 0.0 0.0 
328 0.6003752345215758 0.6003752345215758 0.6003752345215758 0.6003752345215758 0.6003752345215758 0.6003752345215758 0.6003752345215758 0.6003752345215758 0.6003752345215758 0.0 0.0 0.0 0.0 0.0 0.0 0.0 0.0 0.0 0.0 0.0 0.0 
329 0.6003752345215758 0.6003752345215758 0.6003752345215758 0.6003752345215758 0.6003752345215758 0.6003752345215758 0.6003752345215758 0.6003752345215758 0.6003752345215758 0.0 0.0 0.0 0.0 0.0 0.0 0.0 0.0 0.0 0.0 0.0 0.0 
330 0.6003752345215758 0.6003752345215758 0.6003752345215758 0.6003752345215758 0.6003752345215758 0.6003752345215758 0.6003752345215758 0.6003752345215758 0.6003752345215758 0.0 0.0 0.0 0.0 0.0 0.0 0.0 0.0 0.0 0.0 0.0 0.0 
331 0.6003752345215758 0.6003752345215758 0.6003752345215758 0.6003752345215758 0.6003752345215758 0.6003752345215758 0.6003752345215758 0.6003752345215758 0.6003752345215758 0.0 0.0 0.0 0.0 0.0 0.0 0.0 0.0 0.0 0.0 0.0 0.0 
332 0.6003752345215758 0.6003752345215758 0.6003752345215758 0.6003752345215758 0.6003752345215758 0.6003752345215758 0.6003752345215758 0.6003752345215758 0.6003752345215758 0.0 0.0 0.0 0.0 0.0 0.0 0.0 0.0 0.0 0.0 0.0 0.0 
333 0.6003752345215758 0.6003752345215758 0.6003752345215758 0.6003752345215758 0.6003752345215758 0.6003752345215758 0.6003752345215758 0.6003752345215758 0.6003752345215758 4.8325948215958675E-5 0.0 0.0 0.0 0.0 0.0 0.0 0.0 0.0 0.0 0.0 0.0 
334 0.6003752345215758 0.6003752345215758 0.6003752345215758 0.6003752345215758 0.6003752345215758 0.6003752345215758 0.6003752345215758 0.6003752345215758 0.6003752345215758 0.0 0.0 0.0 0.0 0.0 0.0 0.0 0.0 0.0 0.0 0.0 0.0 
335 0.6003752345215758 0.6003752345215758 0.6003752345215758 0.6003752345215758 0.6003752345215758 0.6003752345215758 0.6003752345215758 0.6003752345215758 0.6003752345215758 0.0 0.0 0.0 0.0 0.0 0.0 0.0 0.0 0.0 0.0 0.0 0.0 
336 0.6003752345215758 0.6003752345215758 0.6003752345215758 0.6003752345215758 0.6003752345215758 0.6003752345215758 0.6003752345215758 0.6003752345215758 0.6003752345215758 4.8325948215958675E-5 0.0 0.0 0.0 0.0 0.0 0.0 0.0 0.0 0.0 0.0 0.0 
337 0.6003752345215758 0.6003752345215758 0.6003752345215758 0.6003752345215758 0.6003752345215758 0.6003752345215758 0.6003752345215758 0.6003752345215758 0.6003752345215758 0.028055895824514343 0.0 0.0 0.0 0.0 0.0 0.0 0.0 0.0 0.0 0.0 0.0 
338 0.6003752345215758 0.6003752345215758 0.6003752345215758 0.6003752345215758 0.6003752345215758 0.6003752345215758 0.6003752345215758 0.6003752345215758 0.6003752345215758 0.057325231527618634 0.0 0.0 0.0 0.0 0.0 0.0 0.0 0.0 0.0 0.0 0.0 
339 0.6003752345215758 0.6003752345215758 0.6003752345215758 0.6003752345215758 0.6003752345215758 0.6003752345215758 0.6003752345215758 0.6003752345215758 0.6003752345215758 0.0599389377968627 0.0 0.0 0.0 0.0 0.0 0.0 0.0 0.0 0.0 0.0 0.0 
340 0.6003752345215758 0.6003752345215758 0.6003752345215758 0.6003752345215758 0.6003752345215758 0.6003752345215758 0.6003752345215758 0.6003752345215758 0.6003752345215758 0.060037523452157605 0.0 0.0 0.0 0.0 0.0 0.0 0.0 0.0 0.0 0.0 0.0 
341 0.6003752345215758 0.6003752345215758 0.6003752345215758 0.6003752345215758 0.6003752345215758 0.6003752345215758 0.6003752345215758 0.6003752345215758 0.6003752345215758 0.06018250129680548 0.0 0.0 0.0 0.0 0.0 0.0 0.0 0.0 0.0 0.0 0.0 
342 0.6003752345215758 0.6003752345215758 0.6003752345215758 0.6003752345215758 0.6003752345215758 0.6003752345215758 0.6003752345215758 0.6003752345215758 0.6003752345215758 0.10780231976595123 0.0 0.0 0.0 0.0 0.0 0.0 0.0 0.0 0.0 0.0 0.0 
343 0.6003752345215758 0.6003752345215758 0.6003752345215758 0.6003752345215758 0.6003752345215758 0.6003752345215758 0.6003752345215758 0.6003752345215758 0.6003752345215758 0.20812254222794327 0.0 0.0 0.0 0.0 0.0 0.0 0.0 0.0 0.0 0.0 0.0 
344 0.6003752345215758 0.6003752345215758 0.6003752345215758 0.6003752345215758 0.6003752345215758 0.6003752345215758 0.6003752345215758 0.6003752345215758 0.6003752345215758 0.28804344708886453 0.0 0.0 0.0 0.0 0.0 0.0 0.0 0.0 0.0 0.0 0.0 
345 0.6003752345215758 0.6003752345215758 0.6003752345215758 0.6003752345215758 0.6003752345215758 0.6003752345215758 0.6003752345215758 0.6003752345215758 0.6003752345215758 0.3338717238883212 0.0 0.0 0.0 0.0 0.0 0.0 0.0 0.0 0.0 0.0 0.0 
346 0.6003752345215758 0.6003752345215758 0.6003752345215758 0.6003752345215758 0.6003752345215758 0.6003752345215758 0.6003752345215758 0.6003752345215758 0.6003752345215758 0.4406039887791488 0.0 0.0 0.0 0.0 0.0 0.0 0.0 0.0 0.0 0.0 0.0 
347 0.6003752345215758 0.6003752345215758 0.6003752345215758 0.6003752345215758 0.6003752345215758 0.6003752345215758 0.6003752345215758 0.6003752345215758 0.6003752345215758 0.5066967877489755 0.0 0.0 0.0 0.0 0.0 0.0 0.0 0.0 0.0 0.0 0.0 
348 0.6003752345215758 0.6003752345215758 0.6003752345215758 0.6003752345215758 0.6003752345215758 0.6003752345215758 0.6003752345215758 0.6003752345215758 0.6003752345215758 0.5099882393402634 0.0 0.0 0.0 0.0 0.0 0.0 0.0 0.0 0.0 0.0 0.0 
349 0.6003752345215758 0.6003752345215758 0.6003752345215758 0.6003752345215758 0.6003752345215758 0.6003752345215758 0.6003752345215758 0.6003752345215758 0.6003752345215758 0.5254724352900825 0.0 0.0 0.0 0.0 0.0 0.0 0.0 0.0 0.0 0.0 0.0 
350 0.6003752345215758 0.6003752345215758 0.6003752345215758 0.6003752345215758 0.6003752345215758 0.6003752345215758 0.6003752345215758 0.6003752345215758 0.6003752345215758 0.5392360602987278 0.0 0.0 0.0 0.0 0.0 0.0 0.0 0.0 0.0 0.0 0.0 
351 0.6003752345215758 0.6003752345215758 0.6003752345215758 0.6003752345215758 0.6003752345215758 0.6003752345215758 0.6003752345215758 0.6003752345215758 0.6003752345215758 0.5888093893293138 0.0 0.0 0.0 0.0 0.0 0.0 0.0 0.0 0.0 0.0 0.0 
352 0.6003752345215758 0.6003752345215758 0.6003752345215758 0.6003752345215758 0.6003752345215758 0.6003752345215758 0.6003752345215758 0.6003752345215758 0.6003752345215758 0.599469416065858 0.0 0.0 0.0 0.0 0.0 0.0 0.0 0.0 0.0 0.0 0.0 
353 0.6003752345215758 0.6003752345215758 0.6003752345215758 0.6003752345215758 0.6003752345215758 0.6003752345215758 0.6003752345215758 0.6003752345215758 0.6003752345215758 0.6002363265355823 0.0 0.0 0.0 0.0 0.0 0.0 0.0 0.0 0.0 0.0 0.0 
354 0.6003752345215758 0.6003752345215758 0.6003752345215758 0.6003752345215758 0.6003752345215758 0.6003752345215758 0.6003752345215758 0.6003752345215758 0.6003752345215758 0.6003752345215758 0.0 0.0 0.0 0.0 0.0 0.0 0.0 0.0 0.0 0.0 0.0 
355 0.6003752345215758 0.6003752345215758 0.6003752345215758 0.6003752345215758 0.6003752345215758 0.6003752345215758 0.6003752345215758 0.6003752345215758 0.6003752345215758 0.6003752345215758 0.0 0.0 0.0 0.0 0.0 0.0 0.0 0.0 0.0 0.0 0.0 
356 0.6003752345215758 0.6003752345215758 0.6003752345215758 0.6003752345215758 0.6003752345215758 0.6003752345215758 0.6003752345215758 0.6003752345215758 0.6003752345215758 0.6003752345215758 0.0 0.0 0.0 0.0 0.0 0.0 0.0 0.0 0.0 0.0 0.0 
357 0.6003752345215758 0.6003752345215758 0.6003752345215758 0.6003752345215758 0.6003752345215758 0.6003752345215758 0.6003752345215758 0.6003752345215758 0.6003752345215758 0.6003752345215758 0.0 0.0 0.0 0.0 0.0 0.0 0.0 0.0 0.0 0.0 0.0 
358 0.6003752345215758 0.6003752345215758 0.6003752345215758 0.6003752345215758 0.6003752345215758 0.6003752345215758 0.6003752345215758 0.6003752345215758 0.6003752345215758 0.6003752345215758 0.0 0.0 0.0 0.0 0.0 0.0 0.0 0.0 0.0 0.0 0.0 
359 0.6003752345215758 0.6003752345215758 0.6003752345215758 0.6003752345215758 0.6003752345215758 0.6003752345215758 0.6003752345215758 0.6003752345215758 0.6003752345215758 0.6003752345215758 0.0 0.0 0.0 0.0 0.0 0.0 0.0 0.0 0.0 0.0 0.0 
360 0.6003752345215758 0.6003752345215758 0.6003752345215758 0.6003752345215758 0.6003752345215758 0.6003752345215758 0.6003752345215758 0.6003752345215758 0.6003752345215758 0.6003752345215758 0.0 0.0 0.0 0.0 0.0 0.0 0.0 0.0 0.0 0.0 0.0 
361 0.6003752345215758 0.6003752345215758 0.6003752345215758 0.6003752345215758 0.6003752345215758 0.6003752345215758 0.6003752345215758 0.6003752345215758 0.6003752345215758 0.6003752345215758 0.0 0.0 0.0 0.0 0.0 0.0 0.0 0.0 0.0 0.0 0.0 
362 0.6003752345215758 0.6003752345215758 0.6003752345215758 0.6003752345215758 0.6003752345215758 0.6003752345215758 0.6003752345215758 0.6003752345215758 0.6003752345215758 0.6003752345215758 0.0 0.0 0.0 0.0 0.0 0.0 0.0 0.0 0.0 0.0 0.0 
363 0.6003752345215758 0.6003752345215758 0.6003752345215758 0.6003752345215758 0.6003752345215758 0.6003752345215758 0.6003752345215758 0.6003752345215758 0.6003752345215758 0.6003752345215758 0.0 0.0 0.0 0.0 0.0 0.0 0.0 0.0 0.0 0.0 0.0 
364 0.6003752345215758 0.6003752345215758 0.6003752345215758 0.6003752345215758 0.6003752345215758 0.6003752345215758 0.6003752345215758 0.6003752345215758 0.6003752345215758 0.6003752345215758 0.0 0.0 0.0 0.0 0.0 0.0 0.0 0.0 0.0 0.0 0.0 
365 0.6003752345215758 0.6003752345215758 0.6003752345215758 0.6003752345215758 0.6003752345215758 0.6003752345215758 0.6003752345215758 0.6003752345215758 0.6003752345215758 0.6003752345215758 0.0 0.0 0.0 0.0 0.0 0.0 0.0 0.0 0.0 0.0 0.0 
366 0.6003752345215758 0.6003752345215758 0.6003752345215758 0.6003752345215758 0.6003752345215758 0.6003752345215758 0.6003752345215758 0.6003752345215758 0.6003752345215758 0.6003752345215758 0.0 0.0 0.0 0.0 0.0 0.0 0.0 0.0 0.0 0.0 0.0 
367 0.6003752345215758 0.6003752345215758 0.6003752345215758 0.6003752345215758 0.6003752345215758 0.6003752345215758 0.6003752345215758 0.6003752345215758 0.6003752345215758 0.6003752345215758 0.0 0.0 0.0 0.0 0.0 0.0 0.0 0.0 0.0 0.0 0.0 
368 0.6003752345215758 0.6003752345215758 0.6003752345215758 0.6003752345215758 0.6003752345215758 0.6003752345215758 0.6003752345215758 0.6003752345215758 0.6003752345215758 0.6003752345215758 0.0 0.0 0.0 0.0 0.0 0.0 0.0 0.0 0.0 0.0 0.0 
369 0.6003752345215758 0.6003752345215758 0.6003752345215758 0.6003752345215758 0.6003752345215758 0.6003752345215758 0.6003752345215758 0.6003752345215758 0.6003752345215758 0.6003752345215758 0.0 0.0 0.0 0.0 0.0 0.0 0.0 0.0 0.0 0.0 0.0 
370 0.6003752345215758 0.6003752345215758 0.6003752345215758 0.6003752345215758 0.6003752345215758 0.6003752345215758 0.6003752345215758 0.6003752345215758 0.6003752345215758 0.6003752345215758 0.0 0.0 0.0 0.0 0.0 0.0 0.0 0.0 0.0 0.0 0.0 
371 0.6003752345215758 0.6003752345215758 0.6003752345215758 0.6003752345215758 0.6003752345215758 0.6003752345215758 0.6003752345215758 0.6003752345215758 0.6003752345215758 0.6003752345215758 0.0 0.0 0.0 0.0 0.0 0.0 0.0 0.0 0.0 0.0 0.0 
372 0.6003752345215758 0.6003752345215758 0.6003752345215758 0.6003752345215758 0.6003752345215758 0.6003752345215758 0.6003752345215758 0.6003752345215758 0.6003752345215758 0.6003752345215758 0.0 0.0 0.0 0.0 0.0 0.0 0.0 0.0 0.0 0.0 0.0 
373 0.6003752345215758 0.6003752345215758 0.6003752345215758 0.6003752345215758 0.6003752345215758 0.6003752345215758 0.6003752345215758 0.6003752345215758 0.6003752345215758 0.6003752345215758 4.8325948215958675E-5 0.0 0.0 0.0 0.0 0.0 0.0 0.0 0.0 0.0 0.0 
374 0.6003752345215758 0.6003752345215758 0.6003752345215758 0.6003752345215758 0.6003752345215758 0.6003752345215758 0.6003752345215758 0.6003752345215758 0.6003752345215758 0.6003752345215758 0.018161972051597676 0.0 0.0 0.0 0.0 0.0 0.0 0.0 0.0 0.0 0.0 
375 0.6003752345215758 0.6003752345215758 0.6003752345215758 0.6003752345215758 0.6003752345215758 0.6003752345215758 0.6003752345215758 0.6003752345215758 0.6003752345215758 0.6003752345215758 0.029521736925609682 0.0 0.0 0.0 0.0 0.0 0.0 0.0 0.0 0.0 0.0 
376 0.6003752345215758 0.6003752345215758 0.6003752345215758 0.6003752345215758 0.6003752345215758 0.6003752345215758 0.6003752345215758 0.6003752345215758 0.6003752345215758 0.6003752345215758 0.029980999594911593 0.0 0.0 0.0 0.0 0.0 0.0 0.0 0.0 0.0 0.0 
377 0.6003752345215758 0.6003752345215758 0.6003752345215758 0.6003752345215758 0.6003752345215758 0.6003752345215758 0.6003752345215758 0.6003752345215758 0.6003752345215758 0.6003752345215758 0.030018761726078803 0.0 0.0 0.0 0.0 0.0 0.0 0.0 0.0 0.0 0.0 
378 0.6003752345215758 0.6003752345215758 0.6003752345215758 0.6003752345215758 0.6003752345215758 0.6003752345215758 0.6003752345215758 0.6003752345215758 0.6003752345215758 0.6003752345215758 0.03865410276339043 0.0 0.0 0.0 0.0 0.0 0.0 0.0 0.0 0.0 0.0 
379 0.6003752345215758 0.6003752345215758 0.6003752345215758 0.6003752345215758 0.6003752345215758 0.6003752345215758 0.6003752345215758 0.6003752345215758 0.6003752345215758 0.6003752345215758 0.05940358896666072 0.0 0.0 0.0 0.0 0.0 0.0 0.0 0.0 0.0 0.0 
380 0.6003752345215758 0.6003752345215758 0.6003752345215758 0.6003752345215758 0.6003752345215758 0.6003752345215758 0.6003752345215758 0.6003752345215758 0.6003752345215758 0.6003752345215758 0.0871184656987361 0.0 0.0 0.0 0.0 0.0 0.0 0.0 0.0 0.0 0.0 
381 0.6003752345215758 0.6003752345215758 0.6003752345215758 0.6003752345215758 0.6003752345215758 0.6003752345215758 0.6003752345215758 0.6003752345215758 0.6003752345215758 0.6003752345215758 0.1531135813578009 0.0 0.0 0.0 0.0 0.0 0.0 0.0 0.0 0.0 0.0 
382 0.6003752345215758 0.6003752345215758 0.6003752345215758 0.6003752345215758 0.6003752345215758 0.6003752345215758 0.6003752345215758 0.6003752345215758 0.6003752345215758 0.6003752345215758 0.21623147627182396 0.0 0.0 0.0 0.0 0.0 0.0 0.0 0.0 0.0 0.0 
383 0.6003752345215758 0.6003752345215758 0.6003752345215758 0.6003752345215758 0.6003752345215758 0.6003752345215758 0.6003752345215758 0.6003752345215758 0.6003752345215758 0.6003752345215758 0.33494959984743083 0.0 0.0 0.0 0.0 0.0 0.0 0.0 0.0 0.0 0.0 
384 0.6003752345215758 0.6003752345215758 0.6003752345215758 0.6003752345215758 0.6003752345215758 0.6003752345215758 0.6003752345215758 0.6003752345215758 0.6003752345215758 0.6003752345215758 0.41518886748385214 0.0 0.0 0.0 0.0 0.0 0.0 0.0 0.0 0.0 0.0 
385 0.6003752345215758 0.6003752345215758 0.6003752345215758 0.6003752345215758 0.6003752345215758 0.6003752345215758 0.6003752345215758 0.6003752345215758 0.6003752345215758 0.6003752345215758 0.47554767257484054 0.0 0.0 0.0 0.0 0.0 0.0 0.0 0.0 0.0 0.0 
386 0.6003752345215758 0.6003752345215758 0.6003752345215758 0.6003752345215758 0.6003752345215758 0.6003752345215758 0.6003752345215758 0.6003752345215758 0.6003752345215758 0.6003752345215758 0.5063529973005503 0.0 0.0 0.0 0.0 0.0 0.0 0.0 0.0 0.0 0.0 
387 0.6003752345215758 0.6003752345215758 0.6003752345215758 0.6003752345215758 0.6003752345215758 0.6003752345215758 0.6003752345215758 0.6003752345215758 0.6003752345215758 0.6003752345215758 0.5103039308250968 0.0 0.0 0.0 0.0 0.0 0.0 0.0 0.0 0.0 0.0 
388 0.6003752345215758 0.6003752345215758 0.6003752345215758 0.6003752345215758 0.6003752345215758 0.6003752345215758 0.6003752345215758 0.6003752345215758 0.6003752345215758 0.6003752345215758 0.5325904846686174 0.0 0.0 0.0 0.0 0.0 0.0 0.0 0.0 0.0 0.0 
389 0.6003752345215758 0.6003752345215758 0.6003752345215758 0.6003752345215758 0.6003752345215758 0.6003752345215758 0.6003752345215758 0.6003752345215758 0.6003752345215758 0.6003752345215758 0.5399636288155808 0.0 0.0 0.0 0.0 0.0 0.0 0.0 0.0 0.0 0.0 
390 0.6003752345215758 0.6003752345215758 0.6003752345215758 0.6003752345215758 0.6003752345215758 0.6003752345215758 0.6003752345215758 0.6003752345215758 0.6003752345215758 0.6003752345215758 0.5671548878045265 0.0 0.0 0.0 0.0 0.0 0.0 0.0 0.0 0.0 0.0 
391 0.6003752345215758 0.6003752345215758 0.6003752345215758 0.6003752345215758 0.6003752345215758 0.6003752345215758 0.6003752345215758 0.6003752345215758 0.6003752345215758 0.6003752345215758 0.5984325894532138 0.0 0.0 0.0 0.0 0.0 0.0 0.0 0.0 0.0 0.0 
392 0.6003752345215758 0.6003752345215758 0.6003752345215758 0.6003752345215758 0.6003752345215758 0.6003752345215758 0.6003752345215758 0.6003752345215758 0.6003752345215758 0.6003752345215758 0.6002686208010383 0.0 0.0 0.0 0.0 0.0 0.0 0.0 0.0 0.0 0.0 
393 0.6003752345215758 0.6003752345215758 0.6003752345215758 0.6003752345215758 0.6003752345215758 0.6003752345215758 0.6003752345215758 0.6003752345215758 0.6003752345215758 0.6003752345215758 0.6003526637419739 0.0 0.0 0.0 0.0 0.0 0.0 0.0 0.0 0.0 0.0 
394 0.6003752345215758 0.6003752345215758 0.6003752345215758 0.6003752345215758 0.6003752345215758 0.6003752345215758 0.6003752345215758 0.6003752345215758 0.6003752345215758 0.6003752345215758 0.6003752345215758 0.0 0.0 0.0 0.0 0.0 0.0 0.0 0.0 0.0 0.0 
395 0.6003752345215758 0.6003752345215758 0.6003752345215758 0.6003752345215758 0.6003752345215758 0.6003752345215758 0.6003752345215758 0.6003752345215758 0.6003752345215758 0.6003752345215758 0.6003752345215758 0.0 0.0 0.0 0.0 0.0 0.0 0.0 0.0 0.0 0.0 
396 0.6003752345215758 0.6003752345215758 0.6003752345215758 0.6003752345215758 0.6003752345215758 0.6003752345215758 0.6003752345215758 0.6003752345215758 0.6003752345215758 0.6003752345215758 0.6003752345215758 0.0 0.0 0.0 0.0 0.0 0.0 0.0 0.0 0.0 0.0 
397 0.6003752345215758 0.6003752345215758 0.6003752345215758 0.6003752345215758 0.6003752345215758 0.6003752345215758 0.6003752345215758 0.6003752345215758 0.6003752345215758 0.6003752345215758 0.6003752345215758 0.0 0.0 0.0 0.0 0.0 0.0 0.0 0.0 0.0 0.0 
398 0.6003752345215758 0.6003752345215758 0.6003752345215758 0.6003752345215758 0.6003752345215758 0.6003752345215758 0.6003752345215758 0.6003752345215758 0.6003752345215758 0.6003752345215758 0.6003752345215758 0.0 0.0 0.0 0.0 0.0 0.0 0.0 0.0 0.0 0.0 
399 0.6003752345215758 0.6003752345215758 0.6003752345215758 0.6003752345215758 0.6003752345215758 0.6003752345215758 0.6003752345215758 0.6003752345215758 0.6003752345215758 0.6003752345215758 0.6003752345215758 0.0 0.0 0.0 0.0 0.0 0.0 0.0 0.0 0.0 0.0 
400 0.6003752345215758 0.6003752345215758 0.6003752345215758 0.6003752345215758 0.6003752345215758 0.6003752345215758 0.6003752345215758 0.6003752345215758 0.6003752345215758 0.6003752345215758 0.6003752345215758 0.0 0.0 0.0 0.0 0.0 0.0 0.0 0.0 0.0 0.0 
401 0.6003752345215758 0.6003752345215758 0.6003752345215758 0.6003752345215758 0.6003752345215758 0.6003752345215758 0.6003752345215758 0.6003752345215758 0.6003752345215758 0.6003752345215758 0.6003752345215758 0.0 0.0 0.0 0.0 0.0 0.0 0.0 0.0 0.0 0.0 
402 0.6003752345215758 0.6003752345215758 0.6003752345215758 0.6003752345215758 0.6003752345215758 0.6003752345215758 0.6003752345215758 0.6003752345215758 0.6003752345215758 0.6003752345215758 0.6003752345215758 0.0 0.0 0.0 0.0 0.0 0.0 0.0 0.0 0.0 0.0 
403 0.6003752345215758 0.6003752345215758 0.6003752345215758 0.6003752345215758 0.6003752345215758 0.6003752345215758 0.6003752345215758 0.6003752345215758 0.6003752345215758 0.6003752345215758 0.6003752345215758 0.0 0.0 0.0 0.0 0.0 0.0 0.0 0.0 0.0 0.0 
404 0.6003752345215758 0.6003752345215758 0.6003752345215758 0.6003752345215758 0.6003752345215758 0.6003752345215758 0.6003752345215758 0.6003752345215758 0.6003752345215758 0.6003752345215758 0.6003752345215758 0.0 0.0 0.0 0.0 0.0 0.0 0.0 0.0 0.0 0.0 
405 0.6003752345215758 0.6003752345215758 0.6003752345215758 0.6003752345215758 0.6003752345215758 0.6003752345215758 0.6003752345215758 0.6003752345215758 0.6003752345215758 0.6003752345215758 0.6003752345215758 0.0 0.0 0.0 0.0 0.0 0.0 0.0 0.0 0.0 0.0 
406 0.6003752345215758 0.6003752345215758 0.6003752345215758 0.6003752345215758 0.6003752345215758 0.6003752345215758 0.6003752345215758 0.6003752345215758 0.6003752345215758 0.6003752345215758 0.6003752345215758 0.0 0.0 0.0 0.0 0.0 0.0 0.0 0.0 0.0 0.0 
407 0.6003752345215758 0.6003752345215758 0.6003752345215758 0.6003752345215758 0.6003752345215758 0.6003752345215758 0.6003752345215758 0.6003752345215758 0.6003752345215758 0.6003752345215758 0.6003752345215758 0.0 0.0 0.0 0.0 0.0 0.0 0.0 0.0 0.0 0.0 
408 0.6003752345215758 0.6003752345215758 0.6003752345215758 0.6003752345215758 0.6003752345215758 0.6003752345215758 0.6003752345215758 0.6003752345215758 0.6003752345215758 0.6003752345215758 0.6003752345215758 0.0 0.0 0.0 0.0 0.0 0.0 0.0 0.0 0.0 0.0 
409 0.6003752345215758 0.6003752345215758 0.6003752345215758 0.6003752345215758 0.6003752345215758 0.6003752345215758 0.6003752345215758 0.6003752345215758 0.6003752345215758 0.6003752345215758 0.6003752345215758 0.0 0.0 0.0 0.0 0.0 0.0 0.0 0.0 0.0 0.0 
410 0.6003752345215758 0.6003752345215758 0.6003752345215758 0.6003752345215758 0.6003752345215758 0.6003752345215758 0.6003752345215758 0.6003752345215758 0.6003752345215758 0.6003752345215758 0.6003752345215758 0.0 0.0 0.0 0.0 0.0 0.0 0.0 0.0 0.0 0.0 
411 0.6003752345215758 0.6003752345215758 0.6003752345215758 0.6003752345215758 0.6003752345215758 0.6003752345215758 0.6003752345215758 0.6003752345215758 0.6003752345215758 0.6003752345215758 0.6003752345215758 4.8325948215958675E-5 0.0 0.0 0.0 0.0 0.0 0.0 0.0 0.0 0.0 
412 0.6003752345215758 0.6003752345215758 0.6003752345215758 0.6003752345215758 0.6003752345215758 0.6003752345215758 0.6003752345215758 0.6003752345215758 0.6003752345215758 0.6003752345215758 0.6003752345215758 6.15518464713121E-4 0.0 0.0 0.0 0.0 0.0 0.0 0.0 0.0 0.0 
413 0.6003752345215758 0.6003752345215758 0.6003752345215758 0.6003752345215758 0.6003752345215758 0.6003752345215758 0.6003752345215758 0.6003752345215758 0.6003752345215758 0.6003752345215758 0.6003752345215758 0.028365317602714036 0.0 0.0 0.0 0.0 0.0 0.0 0.0 0.0 0.0 
414 0.6003752345215758 0.6003752345215758 0.6003752345215758 0.6003752345215758 0.6003752345215758 0.6003752345215758 0.6003752345215758 0.6003752345215758 0.6003752345215758 0.6003752345215758 0.6003752345215758 0.029975226394115557 0.0 0.0 0.0 0.0 0.0 0.0 0.0 0.0 0.0 
415 0.6003752345215758 0.6003752345215758 0.6003752345215758 0.6003752345215758 0.6003752345215758 0.6003752345215758 0.6003752345215758 0.6003752345215758 0.6003752345215758 0.6003752345215758 0.6003752345215758 0.03271823227114272 0.0 0.0 0.0 0.0 0.0 0.0 0.0 0.0 0.0 
416 0.6003752345215758 0.6003752345215758 0.6003752345215758 0.6003752345215758 0.6003752345215758 0.6003752345215758 0.6003752345215758 0.6003752345215758 0.6003752345215758 0.6003752345215758 0.6003752345215758 0.08536533085044341 0.0 0.0 0.0 0.0 0.0 0.0 0.0 0.0 0.0 
417 0.6003752345215758 0.6003752345215758 0.6003752345215758 0.6003752345215758 0.6003752345215758 0.6003752345215758 0.6003752345215758 0.6003752345215758 0.6003752345215758 0.6003752345215758 0.6003752345215758 0.11311922287369336 0.0 0.0 0.0 0.0 0.0 0.0 0.0 0.0 0.0 
418 0.6003752345215758 0.6003752345215758 0.6003752345215758 0.6003752345215758 0.6003752345215758 0.6003752345215758 0.6003752345215758 0.6003752345215758 0.6003752345215758 0.6003752345215758 0.6003752345215758 0.11998295125942104 0.0 0.0 0.0 0.0 0.0 0.0 0.0 0.0 0.0 
419 0.6003752345215758 0.6003752345215758 0.6003752345215758 0.6003752345215758 0.6003752345215758 0.6003752345215758 0.6003752345215758 0.6003752345215758 0.6003752345215758 0.6003752345215758 0.6003752345215758 0.16021784380147125 0.0 0.0 0.0 0.0 0.0 0.0 0.0 0.0 0.0 
420 0.6003752345215758 0.6003752345215758 0.6003752345215758 0.6003752345215758 0.6003752345215758 0.6003752345215758 0.6003752345215758 0.6003752345215758 0.6003752345215758 0.6003752345215758 0.6003752345215758 0.24185286688576815 0.0 0.0 0.0 0.0 0.0 0.0 0.0 0.0 0.0 
421 0.6003752345215758 0.6003752345215758 0.6003752345215758 0.6003752345215758 0.6003752345215758 0.6003752345215758 0.6003752345215758 0.6003752345215758 0.6003752345215758 0.6003752345215758 0.6003752345215758 0.3285519705816083 0.0 0.0 0.0 0.0 0.0 0.0 0.0 0.0 0.0 
422 0.6003752345215758 0.6003752345215758 0.6003752345215758 0.6003752345215758 0.6003752345215758 0.6003752345215758 0.6003752345215758 0.6003752345215758 0.6003752345215758 0.6003752345215758 0.6003752345215758 0.42997983104583853 0.0 0.0 0.0 0.0 0.0 0.0 0.0 0.0 0.0 
423 0.6003752345215758 0.6003752345215758 0.6003752345215758 0.6003752345215758 0.6003752345215758 0.6003752345215758 0.6003752345215758 0.6003752345215758 0.6003752345215758 0.6003752345215758 0.6003752345215758 0.49148986706143366 0.0 0.0 0.0 0.0 0.0 0.0 0.0 0.0 0.0 
424 0.6003752345215758 0.6003752345215758 0.6003752345215758 0.6003752345215758 0.6003752345215758 0.6003752345215758 0.6003752345215758 0.6003752345215758 0.6003752345215758 0.6003752345215758 0.6003752345215758 0.5092797985254964 0.0 0.0 0.0 0.0 0.0 0.0 0.0 0.0 0.0 
425 0.6003752345215758 0.6003752345215758 0.6003752345215758 0.6003752345215758 0.6003752345215758 0.6003752345215758 0.6003752345215758 0.6003752345215758 0.6003752345215758 0.6003752345215758 0.6003752345215758 0.5147729185315019 0.0 0.0 0.0 0.0 0.0 0.0 0.0 0.0 0.0 
426 0.6003752345215758 0.6003752345215758 0.6003752345215758 0.6003752345215758 0.6003752345215758 0.6003752345215758 0.6003752345215758 0.6003752345215758 0.6003752345215758 0.6003752345215758 0.6003752345215758 0.5348724430140299 0.0 0.0 0.0 0.0 0.0 0.0 0.0 0.0 0.0 
427 0.6003752345215758 0.6003752345215758 0.6003752345215758 0.6003752345215758 0.6003752345215758 0.6003752345215758 0.6003752345215758 0.6003752345215758 0.6003752345215758 0.6003752345215758 0.6003752345215758 0.5396908061443119 0.0 0.0 0.0 0.0 0.0 0.0 0.0 0.0 0.0 
428 0.6003752345215758 0.6003752345215758 0.6003752345215758 0.6003752345215758 0.6003752345215758 0.6003752345215758 0.6003752345215758 0.6003752345215758 0.6003752345215758 0.6003752345215758 0.6003752345215758 0.5652542820318869 0.0 0.0 0.0 0.0 0.0 0.0 0.0 0.0 0.0 
429 0.6003752345215758 0.6003752345215758 0.6003752345215758 0.6003752345215758 0.6003752345215758 0.6003752345215758 0.6003752345215758 0.6003752345215758 0.6003752345215758 0.6003752345215758 0.6003752345215758 0.5708729298010319 0.0 0.0 0.0 0.0 0.0 0.0 0.0 0.0 0.0 
430 0.6003752345215758 0.6003752345215758 0.6003752345215758 0.6003752345215758 0.6003752345215758 0.6003752345215758 0.6003752345215758 0.6003752345215758 0.6003752345215758 0.6003752345215758 0.6003752345215758 0.597101961813026 0.0 0.0 0.0 0.0 0.0 0.0 0.0 0.0 0.0 
431 0.6003752345215758 0.6003752345215758 0.6003752345215758 0.6003752345215758 0.6003752345215758 0.6003752345215758 0.6003752345215758 0.6003752345215758 0.6003752345215758 0.6003752345215758 0.6003752345215758 0.6002605059540878 0.0 0.0 0.0 0.0 0.0 0.0 0.0 0.0 0.0 
432 0.6003752345215758 0.6003752345215758 0.6003752345215758 0.6003752345215758 0.6003752345215758 0.6003752345215758 0.6003752345215758 0.6003752345215758 0.6003752345215758 0.6003752345215758 0.6003752345215758 0.6003602160033333 0.0 0.0 0.0 0.0 0.0 0.0 0.0 0.0 0.0 
433 0.6003752345215758 0.6003752345215758 0.6003752345215758 0.6003752345215758 0.6003752345215758 0.6003752345215758 0.6003752345215758 0.6003752345215758 0.6003752345215758 0.6003752345215758 0.6003752345215758 0.6003752345215758 0.0 0.0 0.0 0.0 0.0 0.0 0.0 0.0 0.0 
434 0.6003752345215758 0.6003752345215758 0.6003752345215758 0.6003752345215758 0.6003752345215758 0.6003752345215758 0.6003752345215758 0.6003752345215758 0.6003752345215758 0.6003752345215758 0.6003752345215758 0.6003752345215758 0.0 0.0 0.0 0.0 0.0 0.0 0.0 0.0 0.0 
435 0.6003752345215758 0.6003752345215758 0.6003752345215758 0.6003752345215758 0.6003752345215758 0.6003752345215758 0.6003752345215758 0.6003752345215758 0.6003752345215758 0.6003752345215758 0.6003752345215758 0.6003752345215758 0.0 0.0 0.0 0.0 0.0 0.0 0.0 0.0 0.0 
436 0.6003752345215758 0.6003752345215758 0.6003752345215758 0.6003752345215758 0.6003752345215758 0.6003752345215758 0.6003752345215758 0.6003752345215758 0.6003752345215758 0.6003752345215758 0.6003752345215758 0.6003752345215758 0.0 0.0 0.0 0.0 0.0 0.0 0.0 0.0 0.0 
437 0.6003752345215758 0.6003752345215758 0.6003752345215758 0.6003752345215758 0.6003752345215758 0.6003752345215758 0.6003752345215758 0.6003752345215758 0.6003752345215758 0.6003752345215758 0.6003752345215758 0.6003752345215758 0.0 0.0 0.0 0.0 0.0 0.0 0.0 0.0 0.0 
438 0.6003752345215758 0.6003752345215758 0.6003752345215758 0.6003752345215758 0.6003752345215758 0.6003752345215758 0.6003752345215758 0.6003752345215758 0.6003752345215758 0.6003752345215758 0.6003752345215758 0.6003752345215758 0.0 0.0 0.0 0.0 0.0 0.0 0.0 0.0 0.0 
439 0.6003752345215758 0.6003752345215758 0.6003752345215758 0.6003752345215758 0.6003752345215758 0.6003752345215758 0.6003752345215758 0.6003752345215758 0.6003752345215758 0.6003752345215758 0.6003752345215758 0.6003752345215758 0.0 0.0 0.0 0.0 0.0 0.0 0.0 0.0 0.0 
440 0.6003752345215758 0.6003752345215758 0.6003752345215758 0.6003752345215758 0.6003752345215758 0.6003752345215758 0.6003752345215758 0.6003752345215758 0.6003752345215758 0.6003752345215758 0.6003752345215758 0.6003752345215758 0.0 0.0 0.0 0.0 0.0 0.0 0.0 0.0 0.0 
441 0.6003752345215758 0.6003752345215758 0.6003752345215758 0.6003752345215758 0.6003752345215758 0.6003752345215758 0.6003752345215758 0.6003752345215758 0.6003752345215758 0.6003752345215758 0.6003752345215758 0.6003752345215758 0.0 0.0 0.0 0.0 0.0 0.0 0.0 0.0 0.0 
442 0.6003752345215758 0.6003752345215758 0.6003752345215758 0.6003752345215758 0.6003752345215758 0.6003752345215758 0.6003752345215758 0.6003752345215758 0.6003752345215758 0.6003752345215758 0.6003752345215758 0.6003752345215758 0.0 0.0 0.0 0.0 0.0 0.0 0.0 0.0 0.0 
443 0.6003752345215758 0.6003752345215758 0.6003752345215758 0.6003752345215758 0.6003752345215758 0.6003752345215758 0.6003752345215758 0.6003752345215758 0.6003752345215758 0.6003752345215758 0.6003752345215758 0.6003752345215758 0.0 0.0 0.0 0.0 0.0 0.0 0.0 0.0 0.0 
444 0.6003752345215758 0.6003752345215758 0.6003752345215758 0.6003752345215758 0.6003752345215758 0.6003752345215758 0.6003752345215758 0.6003752345215758 0.6003752345215758 0.6003752345215758 0.6003752345215758 0.6003752345215758 0.0 0.0 0.0 0.0 0.0 0.0 0.0 0.0 0.0 
445 0.6003752345215758 0.6003752345215758 0.6003752345215758 0.6003752345215758 0.6003752345215758 0.6003752345215758 0.6003752345215758 0.6003752345215758 0.6003752345215758 0.6003752345215758 0.6003752345215758 0.6003752345215758 0.0 0.0 0.0 0.0 0.0 0.0 0.0 0.0 0.0 
446 0.6003752345215758 0.6003752345215758 0.6003752345215758 0.6003752345215758 0.6003752345215758 0.6003752345215758 0.6003752345215758 0.6003752345215758 0.6003752345215758 0.6003752345215758 0.6003752345215758 0.6003752345215758 0.0 0.0 0.0 0.0 0.0 0.0 0.0 0.0 0.0 
447 0.6003752345215758 0.6003752345215758 0.6003752345215758 0.6003752345215758 0.6003752345215758 0.6003752345215758 0.6003752345215758 0.6003752345215758 0.6003752345215758 0.6003752345215758 0.6003752345215758 0.6003752345215758 0.0 0.0 0.0 0.0 0.0 0.0 0.0 0.0 0.0 
448 0.6003752345215758 0.6003752345215758 0.6003752345215758 0.6003752345215758 0.6003752345215758 0.6003752345215758 0.6003752345215758 0.6003752345215758 0.6003752345215758 0.6003752345215758 0.6003752345215758 0.6003752345215758 0.0 0.0 0.0 0.0 0.0 0.0 0.0 0.0 0.0 
449 0.6003752345215758 0.6003752345215758 0.6003752345215758 0.6003752345215758 0.6003752345215758 0.6003752345215758 0.6003752345215758 0.6003752345215758 0.6003752345215758 0.6003752345215758 0.6003752345215758 0.6003752345215758 0.0 0.0 0.0 0.0 0.0 0.0 0.0 0.0 0.0 
450 0.6003752345215758 0.6003752345215758 0.6003752345215758 0.6003752345215758 0.6003752345215758 0.6003752345215758 0.6003752345215758 0.6003752345215758 0.6003752345215758 0.6003752345215758 0.6003752345215758 0.6003752345215758 9.665189643191735E-5 0.0 0.0 0.0 0.0 0.0 0.0 0.0 0.0 
451 0.6003752345215758 0.6003752345215758 0.6003752345215758 0.6003752345215758 0.6003752345215758 0.6003752345215758 0.6003752345215758 0.6003752345215758 0.6003752345215758 0.6003752345215758 0.6003752345215758 0.6003752345215758 9.665189643191735E-5 0.0 0.0 0.0 0.0 0.0 0.0 0.0 0.0 
452 0.6003752345215758 0.6003752345215758 0.6003752345215758 0.6003752345215758 0.6003752345215758 0.6003752345215758 0.6003752345215758 0.6003752345215758 0.6003752345215758 0.6003752345215758 0.6003752345215758 0.6003752345215758 0.03838846014949162 0.0 0.0 0.0 0.0 0.0 0.0 0.0 0.0 
453 0.6003752345215758 0.6003752345215758 0.6003752345215758 0.6003752345215758 0.6003752345215758 0.6003752345215758 0.6003752345215758 0.6003752345215758 0.6003752345215758 0.6003752345215758 0.6003752345215758 0.6003752345215758 0.08543855970234067 0.0 0.0 0.0 0.0 0.0 0.0 0.0 0.0 
454 0.6003752345215758 0.6003752345215758 0.6003752345215758 0.6003752345215758 0.6003752345215758 0.6003752345215758 0.6003752345215758 0.6003752345215758 0.6003752345215758 0.6003752345215758 0.6003752345215758 0.6003752345215758 0.09828438924504412 0.0 0.0 0.0 0.0 0.0 0.0 0.0 0.0 
455 0.6003752345215758 0.6003752345215758 0.6003752345215758 0.6003752345215758 0.6003752345215758 0.6003752345215758 0.6003752345215758 0.6003752345215758 0.6003752345215758 0.6003752345215758 0.6003752345215758 0.6003752345215758 0.11852211919190228 0.0 0.0 0.0 0.0 0.0 0.0 0.0 0.0 
456 0.6003752345215758 0.6003752345215758 0.6003752345215758 0.6003752345215758 0.6003752345215758 0.6003752345215758 0.6003752345215758 0.6003752345215758 0.6003752345215758 0.6003752345215758 0.6003752345215758 0.6003752345215758 0.1202152803286763 0.0 0.0 0.0 0.0 0.0 0.0 0.0 0.0 
457 0.6003752345215758 0.6003752345215758 0.6003752345215758 0.6003752345215758 0.6003752345215758 0.6003752345215758 0.6003752345215758 0.6003752345215758 0.6003752345215758 0.6003752345215758 0.6003752345215758 0.6003752345215758 0.12040583356224532 0.0 0.0 0.0 0.0 0.0 0.0 0.0 0.0 
458 0.6003752345215758 0.6003752345215758 0.6003752345215758 0.6003752345215758 0.6003752345215758 0.6003752345215758 0.6003752345215758 0.6003752345215758 0.6003752345215758 0.6003752345215758 0.6003752345215758 0.6003752345215758 0.2599123872256201 0.0 0.0 0.0 0.0 0.0 0.0 0.0 0.0 
459 0.6003752345215758 0.6003752345215758 0.6003752345215758 0.6003752345215758 0.6003752345215758 0.6003752345215758 0.6003752345215758 0.6003752345215758 0.6003752345215758 0.6003752345215758 0.6003752345215758 0.6003752345215758 0.299041002859313 0.0 0.0 0.0 0.0 0.0 0.0 0.0 0.0 
460 0.6003752345215758 0.6003752345215758 0.6003752345215758 0.6003752345215758 0.6003752345215758 0.6003752345215758 0.6003752345215758 0.6003752345215758 0.6003752345215758 0.6003752345215758 0.6003752345215758 0.6003752345215758 0.40195923892849644 0.0 0.0 0.0 0.0 0.0 0.0 0.0 0.0 
461 0.6003752345215758 0.6003752345215758 0.6003752345215758 0.6003752345215758 0.6003752345215758 0.6003752345215758 0.6003752345215758 0.6003752345215758 0.6003752345215758 0.6003752345215758 0.6003752345215758 0.6003752345215758 0.4769652946865259 0.0 0.0 0.0 0.0 0.0 0.0 0.0 0.0 
462 0.6003752345215758 0.6003752345215758 0.6003752345215758 0.6003752345215758 0.6003752345215758 0.6003752345215758 0.6003752345215758 0.6003752345215758 0.6003752345215758 0.6003752345215758 0.6003752345215758 0.6003752345215758 0.48946280191579616 0.0 0.0 0.0 0.0 0.0 0.0 0.0 0.0 
463 0.6003752345215758 0.6003752345215758 0.6003752345215758 0.6003752345215758 0.6003752345215758 0.6003752345215758 0.6003752345215758 0.6003752345215758 0.6003752345215758 0.6003752345215758 0.6003752345215758 0.6003752345215758 0.5093574324010142 0.0 0.0 0.0 0.0 0.0 0.0 0.0 0.0 
464 0.6003752345215758 0.6003752345215758 0.6003752345215758 0.6003752345215758 0.6003752345215758 0.6003752345215758 0.6003752345215758 0.6003752345215758 0.6003752345215758 0.6003752345215758 0.6003752345215758 0.6003752345215758 0.538212525272681 0.0 0.0 0.0 0.0 0.0 0.0 0.0 0.0 
465 0.6003752345215758 0.6003752345215758 0.6003752345215758 0.6003752345215758 0.6003752345215758 0.6003752345215758 0.6003752345215758 0.6003752345215758 0.6003752345215758 0.6003752345215758 0.6003752345215758 0.6003752345215758 0.5681812525911303 0.0 0.0 0.0 0.0 0.0 0.0 0.0 0.0 
466 0.6003752345215758 0.6003752345215758 0.6003752345215758 0.6003752345215758 0.6003752345215758 0.6003752345215758 0.6003752345215758 0.6003752345215758 0.6003752345215758 0.6003752345215758 0.6003752345215758 0.6003752345215758 0.5703110712405737 0.0 0.0 0.0 0.0 0.0 0.0 0.0 0.0 
467 0.6003752345215758 0.6003752345215758 0.6003752345215758 0.6003752345215758 0.6003752345215758 0.6003752345215758 0.6003752345215758 0.6003752345215758 0.6003752345215758 0.6003752345215758 0.6003752345215758 0.6003752345215758 0.5703564727954971 0.0 0.0 0.0 0.0 0.0 0.0 0.0 0.0 
468 0.6003752345215758 0.6003752345215758 0.6003752345215758 0.6003752345215758 0.6003752345215758 0.6003752345215758 0.6003752345215758 0.6003752345215758 0.6003752345215758 0.6003752345215758 0.6003752345215758 0.6003752345215758 0.581242438666164 0.0 0.0 0.0 0.0 0.0 0.0 0.0 0.0 
469 0.6003752345215758 0.6003752345215758 0.6003752345215758 0.6003752345215758 0.6003752345215758 0.6003752345215758 0.6003752345215758 0.6003752345215758 0.6003752345215758 0.6003752345215758 0.6003752345215758 0.6003752345215758 0.600007162626785 0.0 0.0 0.0 0.0 0.0 0.0 0.0 0.0 
470 0.6003752345215758 0.6003752345215758 0.6003752345215758 0.6003752345215758 0.6003752345215758 0.6003752345215758 0.6003752345215758 0.6003752345215758 0.6003752345215758 0.6003752345215758 0.6003752345215758 0.6003752345215758 0.6003677395419944 0.0 0.0 0.0 0.0 0.0 0.0 0.0 0.0 
471 0.6003752345215758 0.6003752345215758 0.6003752345215758 0.6003752345215758 0.6003752345215758 0.6003752345215758 0.6003752345215758 0.6003752345215758 0.6003752345215758 0.6003752345215758 0.6003752345215758 0.6003752345215758 0.6003752345215758 0.0 0.0 0.0 0.0 0.0 0.0 0.0 0.0 
472 0.6003752345215758 0.6003752345215758 0.6003752345215758 0.6003752345215758 0.6003752345215758 0.6003752345215758 0.6003752345215758 0.6003752345215758 0.6003752345215758 0.6003752345215758 0.6003752345215758 0.6003752345215758 0.6003752345215758 0.0 0.0 0.0 0.0 0.0 0.0 0.0 0.0 
473 0.6003752345215758 0.6003752345215758 0.6003752345215758 0.6003752345215758 0.6003752345215758 0.6003752345215758 0.6003752345215758 0.6003752345215758 0.6003752345215758 0.6003752345215758 0.6003752345215758 0.6003752345215758 0.6003752345215758 0.0 0.0 0.0 0.0 0.0 0.0 0.0 0.0 
474 0.6003752345215758 0.6003752345215758 0.6003752345215758 0.6003752345215758 0.6003752345215758 0.6003752345215758 0.6003752345215758 0.6003752345215758 0.6003752345215758 0.6003752345215758 0.6003752345215758 0.6003752345215758 0.6003752345215758 0.0 0.0 0.0 0.0 0.0 0.0 0.0 0.0 
475 0.6003752345215758 0.6003752345215758 0.6003752345215758 0.6003752345215758 0.6003752345215758 0.6003752345215758 0.6003752345215758 0.6003752345215758 0.6003752345215758 0.6003752345215758 0.6003752345215758 0.6003752345215758 0.6003752345215758 0.0 0.0 0.0 0.0 0.0 0.0 0.0 0.0 
476 0.6003752345215758 0.6003752345215758 0.6003752345215758 0.6003752345215758 0.6003752345215758 0.6003752345215758 0.6003752345215758 0.6003752345215758 0.6003752345215758 0.6003752345215758 0.6003752345215758 0.6003752345215758 0.6003752345215758 0.0 0.0 0.0 0.0 0.0 0.0 0.0 0.0 
477 0.6003752345215758 0.6003752345215758 0.6003752345215758 0.6003752345215758 0.6003752345215758 0.6003752345215758 0.6003752345215758 0.6003752345215758 0.6003752345215758 0.6003752345215758 0.6003752345215758 0.6003752345215758 0.6003752345215758 0.0 0.0 0.0 0.0 0.0 0.0 0.0 0.0 
478 0.6003752345215758 0.6003752345215758 0.6003752345215758 0.6003752345215758 0.6003752345215758 0.6003752345215758 0.6003752345215758 0.6003752345215758 0.6003752345215758 0.6003752345215758 0.6003752345215758 0.6003752345215758 0.6003752345215758 0.0 0.0 0.0 0.0 0.0 0.0 0.0 0.0 
479 0.6003752345215758 0.6003752345215758 0.6003752345215758 0.6003752345215758 0.6003752345215758 0.6003752345215758 0.6003752345215758 0.6003752345215758 0.6003752345215758 0.6003752345215758 0.6003752345215758 0.6003752345215758 0.6003752345215758 0.0 0.0 0.0 0.0 0.0 0.0 0.0 0.0 
480 0.6003752345215758 0.6003752345215758 0.6003752345215758 0.6003752345215758 0.6003752345215758 0.6003752345215758 0.6003752345215758 0.6003752345215758 0.6003752345215758 0.6003752345215758 0.6003752345215758 0.6003752345215758 0.6003752345215758 0.0 0.0 0.0 0.0 0.0 0.0 0.0 0.0 
481 0.6003752345215758 0.6003752345215758 0.6003752345215758 0.6003752345215758 0.6003752345215758 0.6003752345215758 0.6003752345215758 0.6003752345215758 0.6003752345215758 0.6003752345215758 0.6003752345215758 0.6003752345215758 0.6003752345215758 0.0 0.0 0.0 0.0 0.0 0.0 0.0 0.0 
482 0.6003752345215758 0.6003752345215758 0.6003752345215758 0.6003752345215758 0.6003752345215758 0.6003752345215758 0.6003752345215758 0.6003752345215758 0.6003752345215758 0.6003752345215758 0.6003752345215758 0.6003752345215758 0.6003752345215758 0.0 0.0 0.0 0.0 0.0 0.0 0.0 0.0 
483 0.6003752345215758 0.6003752345215758 0.6003752345215758 0.6003752345215758 0.6003752345215758 0.6003752345215758 0.6003752345215758 0.6003752345215758 0.6003752345215758 0.6003752345215758 0.6003752345215758 0.6003752345215758 0.6003752345215758 0.0 0.0 0.0 0.0 0.0 0.0 0.0 0.0 
484 0.6003752345215758 0.6003752345215758 0.6003752345215758 0.6003752345215758 0.6003752345215758 0.6003752345215758 0.6003752345215758 0.6003752345215758 0.6003752345215758 0.6003752345215758 0.6003752345215758 0.6003752345215758 0.6003752345215758 0.0 0.0 0.0 0.0 0.0 0.0 0.0 0.0 
485 0.6003752345215758 0.6003752345215758 0.6003752345215758 0.6003752345215758 0.6003752345215758 0.6003752345215758 0.6003752345215758 0.6003752345215758 0.6003752345215758 0.6003752345215758 0.6003752345215758 0.6003752345215758 0.6003752345215758 0.0 0.0 0.0 0.0 0.0 0.0 0.0 0.0 
486 0.6003752345215758 0.6003752345215758 0.6003752345215758 0.6003752345215758 0.6003752345215758 0.6003752345215758 0.6003752345215758 0.6003752345215758 0.6003752345215758 0.6003752345215758 0.6003752345215758 0.6003752345215758 0.6003752345215758 0.0 0.0 0.0 0.0 0.0 0.0 0.0 0.0 
487 0.6003752345215758 0.6003752345215758 0.6003752345215758 0.6003752345215758 0.6003752345215758 0.6003752345215758 0.6003752345215758 0.6003752345215758 0.6003752345215758 0.6003752345215758 0.6003752345215758 0.6003752345215758 0.6003752345215758 4.8325948215958675E-5 0.0 0.0 0.0 0.0 0.0 0.0 0.0 
488 0.6003752345215758 0.6003752345215758 0.6003752345215758 0.6003752345215758 0.6003752345215758 0.6003752345215758 0.6003752345215758 0.6003752345215758 0.6003752345215758 0.6003752345215758 0.6003752345215758 0.6003752345215758 0.6003752345215758 0.003178857856559472 0.0 0.0 0.0 0.0 0.0 0.0 0.0 
489 0.6003752345215758 0.6003752345215758 0.6003752345215758 0.6003752345215758 0.6003752345215758 0.6003752345215758 0.6003752345215758 0.6003752345215758 0.6003752345215758 0.6003752345215758 0.6003752345215758 0.6003752345215758 0.6003752345215758 0.029454322035298287 0.0 0.0 0.0 0.0 0.0 0.0 0.0 
490 0.6003752345215758 0.6003752345215758 0.6003752345215758 0.6003752345215758 0.6003752345215758 0.6003752345215758 0.6003752345215758 0.6003752345215758 0.6003752345215758 0.6003752345215758 0.6003752345215758 0.6003752345215758 0.6003752345215758 0.030107918642929145 0.0 0.0 0.0 0.0 0.0 0.0 0.0 
491 0.6003752345215758 0.6003752345215758 0.6003752345215758 0.6003752345215758 0.6003752345215758 0.6003752345215758 0.6003752345215758 0.6003752345215758 0.6003752345215758 0.6003752345215758 0.6003752345215758 0.6003752345215758 0.6003752345215758 0.03506862661357794 0.0 0.0 0.0 0.0 0.0 0.0 0.0 
492 0.6003752345215758 0.6003752345215758 0.6003752345215758 0.6003752345215758 0.6003752345215758 0.6003752345215758 0.6003752345215758 0.6003752345215758 0.6003752345215758 0.6003752345215758 0.6003752345215758 0.6003752345215758 0.6003752345215758 0.11335499565570077 0.0 0.0 0.0 0.0 0.0 0.0 0.0 
493 0.6003752345215758 0.6003752345215758 0.6003752345215758 0.6003752345215758 0.6003752345215758 0.6003752345215758 0.6003752345215758 0.6003752345215758 0.6003752345215758 0.6003752345215758 0.6003752345215758 0.6003752345215758 0.6003752345215758 0.11968607036040671 0.0 0.0 0.0 0.0 0.0 0.0 0.0 
494 0.6003752345215758 0.6003752345215758 0.6003752345215758 0.6003752345215758 0.6003752345215758 0.6003752345215758 0.6003752345215758 0.6003752345215758 0.6003752345215758 0.6003752345215758 0.6003752345215758 0.6003752345215758 0.6003752345215758 0.12376660269269239 0.0 0.0 0.0 0.0 0.0 0.0 0.0 
495 0.6003752345215758 0.6003752345215758 0.6003752345215758 0.6003752345215758 0.6003752345215758 0.6003752345215758 0.6003752345215758 0.6003752345215758 0.6003752345215758 0.6003752345215758 0.6003752345215758 0.6003752345215758 0.6003752345215758 0.1764380908249412 0.0 0.0 0.0 0.0 0.0 0.0 0.0 
496 0.6003752345215758 0.6003752345215758 0.6003752345215758 0.6003752345215758 0.6003752345215758 0.6003752345215758 0.6003752345215758 0.6003752345215758 0.6003752345215758 0.6003752345215758 0.6003752345215758 0.6003752345215758 0.6003752345215758 0.23763965215308652 0.0 0.0 0.0 0.0 0.0 0.0 0.0 
497 0.6003752345215758 0.6003752345215758 0.6003752345215758 0.6003752345215758 0.6003752345215758 0.6003752345215758 0.6003752345215758 0.6003752345215758 0.6003752345215758 0.6003752345215758 0.6003752345215758 0.6003752345215758 0.6003752345215758 0.2739314529468656 0.0 0.0 0.0 0.0 0.0 0.0 0.0 
498 0.6003752345215758 0.6003752345215758 0.6003752345215758 0.6003752345215758 0.6003752345215758 0.6003752345215758 0.6003752345215758 0.6003752345215758 0.6003752345215758 0.6003752345215758 0.6003752345215758 0.6003752345215758 0.6003752345215758 0.339137511195694 0.0 0.0 0.0 0.0 0.0 0.0 0.0 
499 0.6003752345215758 0.6003752345215758 0.6003752345215758 0.6003752345215758 0.6003752345215758 0.6003752345215758 0.6003752345215758 0.6003752345215758 0.6003752345215758 0.6003752345215758 0.6003752345215758 0.6003752345215758 0.6003752345215758 0.4199229694319075 0.0 0.0 0.0 0.0 0.0 0.0 0.0 
