0 100.2 268.35 257.05 253.2 245.95 246.45 245.9 248.95 242.7 248.45 244.9 250.05 242.5 245.65 239.85 239.1 234.05 241.8 235.8 242.3 243.35 
1 0.1 535.65 511.1 497.55 502.6 499.35 495.4 491.65 486.45 490.45 486.0 485.45 491.95 477.9 486.0 482.3 474.3 468.95 479.35 477.05 482.1 
2 0.0 525.9 513.85 495.55 499.8 493.05 489.7 486.4 488.85 480.45 488.95 483.75 477.85 480.1 475.8 476.15 491.8 471.85 482.9 472.45 475.45 
3 0.0 507.3 499.75 502.35 493.8 484.5 493.5 486.95 484.45 493.3 479.2 475.6 486.8 483.4 472.3 484.3 476.1 477.4 477.15 477.45 476.0 
4 0.0 499.55 496.8 503.8 497.2 489.6 487.05 491.45 484.9 476.45 486.6 483.35 476.05 482.15 486.7 478.5 482.8 495.15 479.05 482.0 480.2 
5 0.0 482.2 490.3 489.3 489.0 485.8 489.95 489.25 488.15 483.45 481.95 489.3 487.5 482.85 487.0 479.8 479.55 480.95 479.05 479.1 476.0 
6 0.0 462.3 479.45 487.75 483.8 491.5 489.1 485.35 485.9 485.65 474.1 474.65 481.45 491.15 484.55 489.45 475.2 484.65 480.55 486.1 485.35 
7 0.0 468.15 479.75 482.85 476.35 485.85 486.05 479.9 477.35 476.1 489.8 485.3 481.35 488.2 478.05 486.6 490.0 482.5 473.05 480.35 475.25 
8 0.0 461.8 476.65 480.55 481.85 478.75 477.9 471.9 486.2 481.6 476.15 473.0 476.0 474.25 482.15 482.75 479.8 476.6 487.1 479.85 483.7 
9 0.0 471.55 471.3 473.6 486.2 477.05 473.65 477.45 479.55 482.15 479.4 481.8 482.45 471.85 477.05 481.9 479.75 476.2 482.85 487.15 479.55 
10 0.0 471.75 465.3 472.45 469.45 475.65 483.8 477.55 484.8 489.5 476.35 476.0 477.3 483.55 486.7 478.15 476.25 476.4 480.8 472.8 479.1 
11 0.0 460.3 469.1 465.7 469.15 477.45 473.75 487.35 470.4 465.55 480.05 478.95 476.45 483.45 486.5 473.55 477.0 481.6 476.65 479.7 482.9 
12 0.0 459.2 464.4 460.25 478.1 472.95 477.2 476.55 480.85 473.65 472.55 474.8 476.4 473.2 472.85 473.5 479.55 483.55 487.05 482.45 477.25 
13 0.0 463.0 463.5 476.6 472.2 480.1 475.45 474.8 472.4 470.3 475.65 473.05 473.8 476.05 476.3 478.6 485.15 481.65 468.7 480.35 477.75 
14 0.0 470.7 473.15 471.3 470.8 466.3 465.9 480.1 473.05 470.55 469.1 480.8 481.25 470.6 481.35 464.15 473.6 463.65 480.8 475.3 474.65 
15 0.0 469.95 457.3 468.25 458.75 464.6 466.6 463.85 471.45 474.4 473.3 469.65 472.85 471.45 468.35 477.25 469.1 480.15 467.25 472.2 473.7 
16 0.0 458.1 461.8 465.5 464.8 460.9 459.65 460.65 465.0 474.65 475.45 464.3 470.65 474.6 465.95 474.1 480.7 476.55 482.95 473.8 478.7 
17 0.0 462.55 464.9 454.45 465.0 466.45 469.0 461.25 467.35 474.2 477.6 470.75 472.3 470.2 480.35 471.1 467.05 470.5 480.25 474.3 473.9 
18 0.0 466.05 469.65 463.1 462.6 475.55 463.5 463.4 467.7 463.4 467.8 468.15 471.2 476.05 467.9 473.2 469.7 464.25 470.85 471.55 477.45 
19 0.0 473.8 466.0 460.6 463.0 465.7 471.95 458.3 462.85 469.95 469.1 476.7 465.35 468.35 468.05 473.35 484.35 474.1 473.2 472.95 468.55 
20 0.0 461.6 464.25 460.6 467.25 467.55 464.3 468.6 459.0 469.85 468.4 471.6 479.75 465.85 470.3 473.4 466.65 482.3 467.2 475.55 468.9 
21 0.0 464.7 462.8 475.3 455.3 463.45 460.3 478.15 476.2 470.65 473.25 472.25 459.05 463.3 469.0 479.35 464.55 461.65 467.25 465.8 467.05 
22 0.0 455.15 464.35 458.1 466.3 463.6 466.1 466.85 472.7 467.05 461.7 475.95 469.55 474.5 471.9 460.05 467.4 470.1 470.5 472.6 477.6 
23 0.0 475.0 465.7 466.45 468.7 465.65 463.05 465.7 465.7 474.25 474.05 474.0 457.75 469.05 466.9 456.25 468.65 466.2 469.95 468.6 466.95 
24 0.0 460.3 473.4 469.15 460.0 452.9 465.9 465.7 465.95 471.05 469.1 470.8 474.05 463.6 468.2 471.75 463.85 478.0 465.4 465.75 463.45 
25 0.0 466.55 461.15 461.4 467.1 463.35 462.5 474.1 461.7 466.0 473.0 459.0 470.0 463.6 458.95 465.5 473.4 460.0 469.65 469.2 465.85 
26 0.0 462.55 461.95 468.1 462.5 463.75 470.25 460.8 467.95 465.55 460.8 468.95 458.55 471.95 456.25 469.35 463.75 468.25 464.1 471.7 465.0 
27 0.0 467.55 464.6 476.9 471.0 469.8 466.9 468.55 465.4 455.4 457.35 464.35 466.5 458.35 464.25 465.2 467.35 468.15 464.5 461.9 467.55 
28 0.0 460.45 466.6 462.4 472.45 469.95 463.1 462.2 460.9 454.8 462.1 459.55 467.35 470.35 466.4 460.5 467.0 458.85 466.05 460.2 467.4 
29 0.0 475.05 469.75 464.75 469.45 467.75 465.55 457.0 470.9 470.45 461.05 468.25 466.4 459.3 470.55 472.75 467.35 471.4 470.0 460.5 468.6 
30 0.0 462.65 468.3 470.6 469.2 464.35 472.55 462.75 467.75 462.75 462.4 455.7 458.85 461.85 463.8 473.4 465.05 459.55 461.65 468.05 466.35 
31 0.0 465.4 471.35 462.0 463.95 460.5 463.6 467.35 467.85 466.65 460.7 460.9 466.6 459.85 466.75 465.45 461.85 464.35 465.05 464.75 452.95 
32 0.0 464.15 456.65 462.8 465.95 463.95 455.9 471.55 467.35 464.15 470.7 464.35 465.95 463.7 472.0 454.2 465.95 465.25 452.65 459.35 467.95 
33 0.0 467.65 468.5 464.8 460.25 464.65 478.5 466.0 458.95 464.35 462.6 462.25 466.65 475.2 463.1 470.5 459.95 466.7 468.8 465.45 459.95 
34 0.0 474.1 467.6 468.1 462.55 469.5 459.0 471.75 461.9 461.25 463.8 458.8 458.45 471.5 474.85 467.45 457.45 471.0 465.55 466.4 455.85 
35 0.0 460.45 466.95 466.45 458.95 462.0 464.85 469.85 465.9 465.1 474.25 466.95 465.5 468.65 457.25 462.15 463.3 463.65 468.4 467.95 475.0 
36 0.0 435.2 462.25 464.15 473.2 469.25 461.45 457.0 459.05 468.4 456.3 463.95 464.7 462.85 465.6 462.3 461.95 463.9 464.75 466.95 464.55 
37 0.0 317.95 462.55 456.3 472.8 467.05 465.15 451.7 466.4 460.65 462.75 469.85 465.0 453.3 467.35 466.45 467.8 461.15 464.45 463.0 471.6 
38 0.0 197.05 468.95 474.55 455.65 473.75 466.4 468.8 466.05 462.55 464.5 465.1 474.4 464.95 461.3 466.3 467.65 462.95 463.55 465.55 463.8 
39 0.0 79.75 467.45 460.95 469.95 466.25 462.4 463.95 465.3 469.05 454.55 463.05 467.1 465.25 467.1 462.7 476.35 461.7 462.65 458.9 462.1 
40 0.0 17.35 468.8 463.45 454.2 455.35 464.8 464.1 467.4 465.2 464.2 457.3 462.5 470.75 464.95 463.45 463.0 466.6 468.6 456.75 465.85 
41 0.0 1.85 461.2 464.55 463.6 474.2 467.35 463.05 463.9 464.05 468.6 475.6 460.7 472.15 461.05 466.3 461.95 463.3 460.4 469.45 459.3 
42 0.0 0.1 456.95 458.8 456.75 454.0 467.1 466.7 463.0 464.95 467.1 461.8 459.8 467.55 464.1 463.1 457.2 465.1 466.95 462.9 464.1 
43 0.0 0.0 460.65 466.1 474.4 470.45 467.6 469.4 464.65 464.5 473.5 465.6 468.9 464.25 463.55 459.5 461.75 457.95 456.8 467.2 461.3 
44 0.0 0.0 457.95 473.3 464.25 467.75 460.95 466.55 464.65 470.8 469.65 470.9 465.2 466.25 462.85 458.8 461.2 467.1 469.45 468.2 461.5 
45 0.0 0.0 463.3 466.75 478.15 458.55 461.8 469.3 468.2 466.35 471.85 466.85 471.85 461.25 464.25 466.55 466.35 463.75 468.3 465.7 465.95 
46 0.0 0.0 468.15 463.3 462.65 475.15 463.05 455.05 463.5 460.5 464.05 459.3 470.25 463.95 464.8 466.0 477.05 478.3 468.3 459.65 462.95 
47 0.0 0.0 465.85 468.75 466.15 467.95 474.15 465.65 470.85 468.6 466.95 472.75 464.25 458.8 472.1 462.7 466.9 468.75 472.1 475.65 473.7 
48 0.0 0.0 477.05 458.0 459.85 455.3 477.05 463.95 457.3 467.85 463.35 473.15 454.2 468.9 469.25 477.95 475.05 472.65 463.5 470.15 468.4 
49 0.0 0.0 465.15 464.5 468.05 467.0 462.1 466.65 478.8 465.7 466.65 466.2 466.15 463.55 458.7 463.5 463.85 464.45 466.5 455.5 467.4 
50 0.0 0.0 459.75 469.1 467.25 463.6 468.8 478.2 463.9 473.2 467.5 451.95 469.65 464.85 467.3 474.75 467.65 468.65 463.6 465.2 464.5 
51 0.0 0.0 468.05 466.95 464.9 462.25 462.8 470.35 470.8 469.15 474.4 468.4 471.0 470.3 469.15 472.35 475.0 461.05 461.55 466.9 469.75 
52 0.0 0.0 465.3 461.15 463.0 465.45 459.8 471.0 469.15 459.7 472.0 474.0 473.25 471.65 465.7 461.95 458.85 464.7 474.35 471.8 470.5 
53 0.0 0.0 462.7 468.25 465.35 461.3 469.5 461.65 468.3 456.55 455.4 467.1 464.45 473.3 467.2 464.3 466.8 461.45 462.65 464.0 462.55 
54 0.0 0.0 466.4 471.4 469.8 469.1 466.85 464.9 461.35 469.6 463.6 469.9 469.75 460.45 467.65 463.35 468.5 472.35 467.0 468.05 463.05 
55 0.0 0.0 464.8 462.15 465.55 463.0 459.9 468.4 470.25 465.6 463.25 464.75 468.7 464.5 472.55 472.4 465.8 470.5 463.2 468.95 470.55 
56 0.0 0.0 462.45 459.6 468.7 470.9 468.0 461.25 470.95 462.6 468.15 456.6 466.65 475.8 467.0 470.35 462.15 463.9 470.05 464.35 460.55 
57 0.0 0.0 472.05 466.1 465.8 465.85 460.65 455.0 463.8 463.75 469.45 471.35 464.35 467.25 469.95 458.0 463.85 468.75 468.85 468.05 469.15 
58 0.0 0.0 464.2 471.4 462.9 470.6 468.3 469.9 463.4 470.3 461.05 470.75 461.8 458.75 457.3 464.95 462.85 460.7 461.25 475.55 464.5 
59 0.0 0.0 475.35 462.55 469.4 463.35 459.35 464.5 458.45 476.4 467.95 465.15 462.3 465.0 463.5 467.6 468.2 460.4 466.7 456.65 466.05 
60 0.0 0.0 465.4 471.4 470.65 472.05 458.9 461.35 467.75 464.25 472.75 461.35 463.65 463.65 464.05 464.2 466.45 464.75 461.1 461.25 467.35 
61 0.0 0.0 462.3 469.6 463.75 466.4 472.5 470.0 468.85 467.7 456.95 459.95 475.25 464.85 474.15 462.65 459.65 464.6 462.9 465.3 468.0 
62 0.0 0.0 464.9 460.0 459.15 461.6 465.05 468.95 470.0 464.85 462.0 465.85 454.25 467.6 455.6 467.15 468.9 464.7 469.55 456.2 465.4 
63 0.0 0.0 458.8 458.35 461.2 467.0 466.05 461.35 456.5 464.65 470.05 467.25 450.8 462.45 466.75 465.0 465.2 465.45 462.05 460.95 457.75 
64 0.0 0.0 468.55 467.35 462.15 461.25 471.65 471.8 458.05 465.55 461.35 453.5 459.6 464.45 459.95 465.3 465.0 461.0 462.55 459.85 460.05 
65 0.0 0.0 459.55 461.7 464.8 461.55 464.85 466.25 460.55 457.5 470.55 463.15 465.15 449.5 461.2 462.15 470.6 472.9 460.25 467.1 460.9 
66 0.0 0.0 468.0 460.85 464.55 459.9 466.25 461.95 456.45 455.7 467.2 459.2 463.1 464.45 456.65 462.65 455.7 453.6 463.35 466.2 460.15 
67 0.0 0.0 467.85 461.4 459.4 465.15 466.65 469.7 466.95 467.05 454.5 474.9 477.85 461.0 464.35 469.75 465.75 468.25 464.8 460.7 463.85 
68 0.0 0.0 464.35 468.25 452.55 459.9 459.25 454.75 459.85 455.55 458.45 466.75 472.7 469.15 459.7 466.25 462.95 464.0 468.6 470.65 471.1 
69 0.0 0.0 458.05 462.9 461.25 461.7 462.2 463.35 472.95 465.65 457.8 459.45 462.6 468.8 470.35 462.6 461.5 466.55 462.65 462.3 463.75 
70 0.0 0.0 463.3 462.2 470.95 464.3 463.95 464.45 466.2 462.2 468.05 459.6 461.75 467.8 466.0 458.5 457.3 465.2 458.85 468.8 463.25 
71 0.0 0.0 467.25 463.5 467.15 472.3 463.25 460.85 457.35 461.45 463.3 466.0 464.4 458.65 468.05 456.4 462.9 460.65 469.5 466.3 465.55 
72 0.0 0.0 464.65 467.3 472.15 462.65 467.0 463.0 464.05 463.8 464.8 464.95 459.35 469.35 467.3 461.7 464.15 460.7 460.55 463.35 465.4 
73 0.0 0.0 457.35 464.8 464.1 465.3 466.25 464.2 463.7 465.65 460.65 458.55 461.75 464.2 463.45 468.0 467.4 465.95 464.2 462.7 466.6 
74 0.0 0.0 433.5 464.35 465.55 459.95 472.55 459.0 465.75 463.5 463.05 459.75 462.5 460.5 464.1 462.5 464.5 464.45 462.75 463.9 467.2 
75 0.0 0.0 367.7 465.85 466.7 468.9 454.6 465.55 470.5 465.75 468.1 472.2 458.0 463.2 461.6 467.0 463.55 462.15 471.0 462.4 470.85 
76 0.0 0.0 299.4 465.0 471.1 464.85 462.75 473.0 468.5 467.7 471.95 470.5 473.0 472.05 464.2 469.1 467.65 467.3 459.35 466.1 464.5 
77 0.0 0.0 201.7 466.15 472.05 470.2 452.95 457.15 463.4 466.0 460.4 466.9 467.2 463.8 463.1 461.25 469.05 463.45 465.15 468.95 463.15 
78 0.0 0.0 110.85 458.85 472.1 474.15 461.1 465.1 463.5 471.6 470.25 460.2 462.0 474.05 468.4 454.05 462.05 458.85 470.95 465.7 470.15 
79 0.0 0.0 41.65 465.3 464.85 471.45 477.75 466.3 463.25 460.55 462.0 467.65 467.35 455.35 461.85 465.7 450.55 477.35 460.5 471.7 475.95 
80 0.0 0.0 7.65 468.45 460.7 460.5 462.0 460.55 462.4 469.2 463.2 465.0 454.9 466.0 466.6 463.4 461.6 451.75 457.45 462.2 456.95 
81 0.0 0.0 0.7 477.2 467.1 462.8 470.65 460.3 466.35 465.75 466.1 463.5 461.4 458.9 465.8 466.25 468.4 467.35 466.7 465.5 455.75 
82 0.0 0.0 0.0 465.2 459.9 462.75 463.85 466.1 466.25 455.05 465.1 464.5 469.25 459.6 461.4 470.25 464.1 460.95 463.9 468.75 467.15 
83 0.0 0.0 0.0 462.0 461.55 460.1 459.25 465.2 460.0 461.35 462.75 466.65 469.2 470.55 466.75 466.35 465.8 464.65 471.1 461.4 461.6 
84 0.0 0.0 0.0 466.7 459.95 460.9 458.0 463.4 459.35 465.75 468.15 458.15 466.7 466.5 462.4 462.7 461.9 464.8 458.6 466.65 465.05 
85 0.0 0.0 0.0 468.8 463.4 459.8 472.55 469.6 458.0 467.1 465.9 463.8 469.7 473.4 469.85 468.65 466.55 460.25 462.85 456.2 464.1 
86 0.0 0.0 0.0 463.95 462.1 468.3 474.45 461.85 465.35 465.85 460.3 463.35 465.95 448.05 463.8 464.75 467.2 466.25 463.65 462.75 458.35 
87 0.0 0.0 0.0 468.15 467.65 462.25 464.75 476.15 469.2 460.5 462.4 468.0 463.75 472.05 467.6 456.35 470.4 459.5 472.6 463.25 462.2 
88 0.0 0.0 0.0 464.0 466.25 469.7 464.8 469.25 471.2 456.45 465.2 470.7 466.8 469.9 463.65 469.1 471.75 473.6 464.55 464.5 462.5 
89 0.0 0.0 0.0 457.9 461.25 462.2 463.4 468.15 466.8 464.65 463.85 465.05 464.9 464.05 463.7 466.45 465.95 462.55 471.9 465.55 467.2 
90 0.0 0.0 0.0 466.35 467.75 469.45 466.6 462.95 460.0 474.15 463.9 464.8 464.25 461.55 473.05 471.45 461.15 469.25 461.95 461.65 466.25 
91 0.0 0.0 0.0 462.55 460.1 461.05 456.8 476.25 463.35 466.35 465.4 467.4 460.5 471.1 463.3 459.55 471.1 469.95 468.55 470.1 460.35 
92 0.0 0.0 0.0 458.15 462.85 463.2 461.1 466.45 468.6 467.6 462.8 467.25 468.1 458.3 466.9 461.55 464.15 469.05 453.4 459.5 457.05 
93 0.0 0.0 0.0 463.85 466.2 463.45 464.05 455.65 465.8 469.25 468.55 457.35 468.05 472.2 460.1 473.65 461.05 464.0 461.9 460.8 462.75 
94 0.0 0.0 0.0 471.05 465.25 468.9 470.2 465.5 464.0 462.6 470.6 462.25 467.7 468.3 461.15 463.45 462.4 462.55 460.65 470.0 470.5 
95 0.0 0.0 0.0 461.1 461.8 474.4 470.45 456.0 460.9 470.85 459.15 463.8 463.5 455.95 467.35 465.6 461.2 462.35 471.85 457.95 473.2 
96 0.0 0.0 0.0 462.35 471.1 465.2 467.45 464.0 464.85 470.15 464.45 470.8 467.5 465.75 460.25 467.4 466.85 468.1 467.7 460.2 467.4 
97 0.0 0.0 0.0 468.95 460.95 465.5 465.9 457.65 471.85 462.35 462.25 459.45 467.05 465.75 463.9 461.95 468.75 457.5 460.5 472.35 472.0 
98 0.0 0.0 0.0 466.45 463.4 456.35 472.7 467.5 459.25 455.95 466.8 469.5 455.25 471.05 466.05 459.9 464.45 459.5 459.8 462.75 468.65 
99 0.0 0.0 0.0 467.0 464.0 453.5 455.7 463.8 467.05 463.8 463.45 464.0 459.5 459.85 462.0 457.95 467.55 461.55 472.65 469.6 460.65 
100 0.0 0.0 0.0 470.0 473.55 471.1 462.5 471.5 461.35 466.05 460.4 455.0 472.5 462.4 462.8 469.3 464.75 466.55 463.35 468.3 461.95 
101 0.0 0.0 0.0 471.8 462.4 463.15 457.95 464.7 471.95 454.5 460.55 467.0 462.7 456.85 461.8 457.35 468.4 472.5 465.1 472.35 464.7 
102 0.0 0.0 0.0 457.8 472.55 457.95 457.25 466.95 462.55 470.35 468.6 466.4 465.0 457.15 463.65 478.05 455.3 464.2 468.75 465.75 471.45 
103 0.0 0.0 0.0 455.75 460.85 470.7 469.9 467.2 463.45 461.65 467.05 462.35 458.4 466.85 462.1 461.95 457.6 471.4 467.3 466.1 459.65 
104 0.0 0.0 0.0 460.8 463.05 464.35 464.75 457.45 460.3 473.4 462.7 464.25 454.5 465.6 466.35 466.9 468.3 461.15 470.6 468.55 469.9 
105 0.0 0.0 0.0 460.45 454.85 469.8 464.6 462.25 464.4 462.9 465.3 465.85 465.0 462.95 468.7 457.05 473.6 471.05 466.0 464.95 462.75 
106 0.0 0.0 0.0 469.05 465.5 461.65 461.0 456.1 463.1 464.05 472.3 466.5 462.6 468.0 465.3 470.0 462.85 465.55 464.65 465.25 456.6 
107 0.0 0.0 0.0 469.3 468.65 467.55 475.4 470.65 470.1 467.05 469.9 470.5 467.35 470.4 462.6 468.6 467.45 480.3 470.3 460.95 465.9 
108 0.0 0.0 0.0 467.2 461.1 465.85 463.65 461.65 458.95 463.45 463.0 463.4 472.8 461.8 464.45 462.5 470.55 453.1 464.45 459.8 470.8 
109 0.0 0.0 0.0 460.6 470.6 464.0 458.1 468.4 475.45 478.65 462.6 472.15 463.35 463.65 466.9 459.85 460.5 458.4 464.4 468.55 466.35 
110 0.0 0.0 0.0 473.1 464.15 458.55 455.1 462.9 466.3 462.3 469.15 461.0 468.2 469.55 462.75 465.3 461.3 464.95 466.05 469.5 466.95 
111 0.0 0.0 0.0 465.15 456.9 456.7 470.75 467.25 472.55 462.4 465.65 459.1 462.05 462.8 469.35 463.65 469.3 470.75 463.75 467.3 466.9 
112 0.0 0.0 0.0 420.1 462.55 461.9 470.75 468.55 461.05 461.3 465.45 476.25 465.95 468.3 472.4 472.1 460.95 468.3 465.6 464.25 467.4 
113 0.0 0.0 0.0 372.65 462.4 474.3 465.55 467.1 469.75 474.4 465.6 469.2 474.4 465.15 463.7 470.0 465.05 464.85 462.35 460.7 464.4 
114 0.0 0.0 0.0 316.7 465.8 469.15 462.3 467.7 465.95 456.9 465.35 464.4 466.1 469.0 466.3 462.7 466.6 470.2 458.95 470.3 464.45 
115 0.0 0.0 0.0 233.2 479.7 464.05 465.35 462.5 464.0 472.7 461.3 463.6 465.75 464.1 466.2 457.4 464.15 456.9 463.75 471.45 461.75 
116 0.0 0.0 0.0 139.95 468.7 465.0 466.15 468.9 463.9 467.2 470.75 459.2 467.65 475.0 463.95 455.3 466.8 467.6 466.9 463.3 464.85 
117 0.0 0.0 0.0 90.0 464.7 461.95 463.7 470.4 468.9 461.15 468.45 462.95 452.8 469.75 459.65 472.65 469.45 464.9 465.0 458.65 467.75 
118 0.0 0.0 0.0 57.7 462.75 469.8 472.6 466.4 466.25 468.0 465.65 465.95 470.25 458.05 465.8 462.3 466.9 462.3 466.6 462.4 468.95 
119 0.0 0.0 0.0 30.1 460.4 469.15 473.25 472.25 471.35 473.4 462.95 461.2 463.45 463.25 471.9 475.95 461.7 465.15 461.5 464.8 468.9 
120 0.0 0.0 0.0 8.7 476.25 465.6 462.05 463.25 457.05 460.7 468.0 470.85 471.0 454.0 462.85 466.8 460.25 468.2 467.7 468.2 461.1 
121 0.0 0.0 0.0 1.75 466.0 457.9 459.3 459.4 469.35 458.6 458.9 466.5 461.55 470.3 464.05 465.5 469.5 459.55 467.15 454.45 464.8 
122 0.0 0.0 0.0 0.0 463.65 468.7 463.15 461.65 459.8 462.15 465.85 468.75 460.3 457.25 467.55 465.65 471.7 459.75 465.15 456.55 462.7 
123 0.0 0.0 0.0 0.0 462.15 476.35 466.55 466.0 470.75 465.4 462.75 463.7 466.65 472.4 467.35 463.6 463.4 471.2 461.75 469.45 460.4 
124 0.0 0.0 0.0 0.0 460.65 466.15 467.45 467.1 462.95 465.15 464.75 465.85 466.05 467.45 470.95 465.85 459.25 464.2 468.2 470.35 461.55 
125 0.0 0.0 0.0 0.0 468.85 459.55 470.25 461.3 461.05 464.55 468.9 464.95 471.05 467.35 453.5 466.6 467.05 466.75 464.5 456.7 460.6 
126 0.0 0.0 0.0 0.0 468.1 465.9 465.65 463.2 465.9 461.55 463.6 466.2 462.6 465.2 464.6 465.3 464.35 460.6 460.3 464.1 467.05 
127 0.0 0.0 0.0 0.0 462.05 470.85 474.85 465.05 463.6 463.2 460.3 468.65 466.6 465.4 472.95 464.55 467.7 469.3 466.3 466.05 471.3 
128 0.0 0.0 0.0 0.0 466.35 465.85 467.2 460.0 458.1 464.3 465.8 467.1 474.75 468.9 461.35 467.15 467.5 472.6 469.15 469.0 462.8 
129 0.0 0.0 0.0 0.0 461.5 457.65 467.2 472.85 464.7 465.8 472.35 465.85 472.3 465.8 472.45 464.5 466.4 462.1 470.3 471.7 467.8 
130 0.0 0.0 0.0 0.0 470.9 469.85 464.15 469.4 457.3 459.05 468.25 466.8 454.3 470.95 474.1 476.6 473.5 462.55 463.1 471.8 465.55 
131 0.0 0.0 0.0 0.0 469.1 464.75 462.9 468.05 460.25 463.05 463.7 464.15 465.15 466.3 461.05 463.75 464.75 474.65 460.75 461.55 465.5 
132 0.0 0.0 0.0 0.0 455.0 461.0 462.0 458.9 468.7 473.7 460.4 460.95 464.45 468.05 466.0 469.2 463.8 466.6 467.25 459.1 464.9 
133 0.0 0.0 0.0 0.0 463.6 471.55 458.6 469.3 475.15 467.9 461.95 462.9 463.25 457.4 466.65 462.7 468.25 468.45 459.35 465.35 465.05 
134 0.0 0.0 0.0 0.0 469.4 465.8 471.1 460.0 465.8 468.3 454.4 457.6 456.3 462.15 461.7 461.95 444.95 451.75 464.05 456.5 462.95 
135 0.0 0.0 0.0 0.0 463.8 465.7 457.65 468.15 468.25 459.9 471.7 465.55 462.25 464.5 461.6 461.85 461.0 461.1 462.6 459.4 469.1 
136 0.0 0.0 0.0 0.0 461.05 466.0 470.45 464.85 460.4 466.0 462.5 457.35 459.35 461.75 466.2 462.3 469.6 466.75 465.45 470.9 455.55 
137 0.0 0.0 0.0 0.0 475.3 465.9 457.45 464.3 467.55 467.85 464.25 463.2 465.5 455.9 460.45 469.55 465.85 462.5 465.3 463.55 460.4 
138 0.0 0.0 0.0 0.0 462.9 466.8 474.2 460.85 467.45 461.15 457.1 461.55 474.85 461.7 462.45 456.7 463.9 461.75 465.2 468.75 472.25 
139 0.0 0.0 0.0 0.0 465.25 458.5 458.2 469.9 465.55 464.9 463.8 460.3 455.0 468.0 466.1 462.45 463.85 461.55 458.75 467.6 459.95 
140 0.0 0.0 0.0 0.0 464.45 453.85 459.35 460.8 467.9 465.4 463.35 462.65 471.05 463.15 458.55 466.7 468.9 467.0 462.0 459.15 464.4 
141 0.0 0.0 0.0 0.0 463.85 467.0 466.0 461.25 463.8 465.8 466.75 467.55 464.3 460.3 459.3 460.45 461.25 462.5 473.4 459.3 466.05 
142 0.0 0.0 0.0 0.0 457.2 463.7 457.25 458.15 469.6 467.5 470.25 472.95 455.8 465.5 464.5 464.7 469.45 472.65 460.2 471.2 457.2 
143 0.0 0.0 0.0 0.0 460.25 467.0 468.95 465.5 457.95 463.55 473.25 468.15 472.6 468.25 470.7 467.45 462.6 461.45 458.5 475.2 464.95 
144 0.0 0.0 0.0 0.0 465.95 468.5 467.85 471.6 463.55 456.55 462.95 467.3 457.65 468.55 462.05 464.65 458.7 465.75 467.55 466.75 464.05 
145 0.0 0.0 0.0 0.0 465.7 460.35 459.9 460.25 462.15 466.8 461.7 469.2 474.8 465.2 473.2 466.3 466.7 468.1 475.65 463.9 466.65 
146 0.0 0.0 0.0 0.0 467.35 468.65 475.4 463.85 467.15 465.7 466.2 467.3 468.35 461.8 468.5 464.75 469.55 472.5 469.25 466.7 468.95 
147 0.0 0.0 0.0 0.0 464.9 467.05 462.9 463.15 466.15 467.3 476.1 455.5 466.55 472.0 466.8 461.85 466.15 457.95 469.75 454.9 462.6 
148 0.0 0.0 0.0 0.0 465.65 463.9 463.35 470.05 467.9 459.75 466.7 467.75 469.85 467.05 466.6 466.95 469.65 462.4 463.2 465.25 468.75 
149 0.0 0.0 0.0 0.0 457.8 467.7 469.95 467.65 466.7 463.15 466.5 474.2 460.2 471.75 457.4 468.15 459.5 465.05 466.4 476.95 464.2 
150 0.0 0.0 0.0 0.0 437.2 471.9 463.8 469.8 461.65 476.95 464.95 472.25 471.4 461.5 462.25 471.35 474.4 464.1 457.4 453.2 464.95 
151 0.0 0.0 0.0 0.0 411.7 459.4 465.0 471.4 470.15 470.3 469.55 467.15 465.45 466.7 464.95 467.25 471.25 469.4 464.3 466.35 463.65 
152 0.0 0.0 0.0 0.0 322.7 468.05 464.2 463.75 467.0 463.1 455.15 462.4 472.0 467.3 465.8 466.2 458.15 461.15 460.75 464.6 465.9 
153 0.0 0.0 0.0 0.0 277.95 466.3 472.55 471.55 469.85 462.65 469.05 459.7 461.2 465.6 469.3 456.8 463.6 465.55 471.35 461.65 463.7 
154 0.0 0.0 0.0 0.0 200.55 464.6 459.0 464.5 466.1 465.45 460.7 472.6 451.2 456.95 464.4 461.8 458.3 463.7 467.1 466.9 474.35 
155 0.0 0.0 0.0 0.0 144.5 461.85 462.4 467.3 459.0 469.1 464.6 469.5 467.05 458.95 462.2 460.2 461.05 467.9 464.5 463.5 462.85 
156 0.0 0.0 0.0 0.0 120.55 469.2 468.4 461.3 465.15 457.65 458.55 454.95 461.7 460.95 453.95 465.3 464.4 462.15 462.8 472.7 469.9 
157 0.0 0.0 0.0 0.0 53.75 453.35 465.35 462.95 467.6 471.45 465.7 458.1 464.05 466.65 464.3 460.1 461.8 465.25 458.9 469.05 460.85 
158 0.0 0.0 0.0 0.0 20.4 465.0 463.55 459.45 462.15 465.85 465.3 472.85 463.65 458.4 465.8 461.05 462.35 463.15 465.35 464.6 459.85 
159 0.0 0.0 0.0 0.0 2.1 466.85 463.65 461.2 462.1 463.6 463.3 465.65 466.55 465.0 468.9 464.3 468.3 460.15 469.6 464.75 465.95 
160 0.0 0.0 0.0 0.0 0.05 464.8 459.7 455.75 471.55 469.55 469.85 461.75 461.8 468.5 466.6 460.7 464.25 468.25 463.45 463.25 462.8 
161 0.0 0.0 0.0 0.0 0.0 461.1 466.65 462.0 458.4 458.65 468.7 456.9 466.05 459.65 461.35 464.35 459.3 468.25 467.35 464.4 468.25 
162 0.0 0.0 0.0 0.0 0.0 467.1 468.6 465.0 460.45 459.0 463.8 459.0 465.9 475.65 470.0 474.75 473.0 465.05 470.1 469.25 463.4 
163 0.0 0.0 0.0 0.0 0.0 470.15 466.5 472.6 462.15 469.45 461.0 467.1 461.4 469.45 469.4 472.2 471.8 461.4 463.3 464.5 464.1 
164 0.0 0.0 0.0 0.0 0.0 468.15 469.25 466.0 457.85 466.7 464.1 469.85 464.1 467.95 465.25 470.55 463.0 468.0 466.35 467.75 464.15 
165 0.0 0.0 0.0 0.0 0.0 458.25 460.9 459.2 462.8 463.25 471.45 468.3 467.1 463.95 459.5 471.55 460.8 459.65 464.95 456.6 472.3 
166 0.0 0.0 0.0 0.0 0.0 472.15 470.3 471.1 464.5 462.75 465.55 464.35 466.4 458.55 469.7 460.25 467.5 464.9 461.4 465.05 462.9 
167 0.0 0.0 0.0 0.0 0.0 464.6 467.55 467.45 464.05 468.75 461.45 462.6 465.75 470.05 467.1 461.4 464.0 458.6 472.1 474.75 466.85 
168 0.0 0.0 0.0 0.0 0.0 466.05 460.55 460.35 466.05 462.3 467.2 462.8 468.95 465.9 463.75 469.8 467.15 470.3 462.35 467.45 470.2 
169 0.0 0.0 0.0 0.0 0.0 464.1 460.9 471.45 466.85 466.9 457.6 466.2 463.75 461.8 466.25 460.85 459.45 459.6 461.85 468.4 474.35 
170 0.0 0.0 0.0 0.0 0.0 457.3 456.9 465.05 475.3 465.1 465.9 468.75 461.0 471.25 466.9 472.85 462.15 479.7 469.7 470.05 466.7 
171 0.0 0.0 0.0 0.0 0.0 462.7 464.9 466.05 471.65 460.9 472.0 474.9 474.05 469.55 471.65 468.25 468.45 463.0 475.55 466.85 465.55 
172 0.0 0.0 0.0 0.0 0.0 468.65 464.25 462.45 469.15 461.7 468.45 471.45 467.4 466.05 465.1 463.6 477.1 469.8 460.0 458.1 462.95 
173 0.0 0.0 0.0 0.0 0.0 469.65 458.75 467.3 462.3 476.0 467.95 463.2 466.6 463.85 457.85 463.0 470.5 469.2 464.05 461.7 461.45 
174 0.0 0.0 0.0 0.0 0.0 463.4 463.55 459.2 472.15 469.5 471.6 467.35 468.55 464.05 466.75 459.7 465.9 475.4 458.6 470.75 468.2 
175 0.0 0.0 0.0 0.0 0.0 460.1 466.65 463.05 460.65 469.4 467.75 467.8 468.35 462.05 459.95 466.7 467.7 464.75 470.05 463.2 465.3 
176 0.0 0.0 0.0 0.0 0.0 460.85 470.2 469.85 463.65 473.3 463.95 466.1 468.9 460.75 469.55 468.2 466.15 456.2 471.45 466.45 464.5 
177 0.0 0.0 0.0 0.0 0.0 465.1 465.7 470.0 460.05 467.75 468.25 469.0 459.6 473.35 464.45 467.2 459.95 462.7 468.2 465.5 461.1 
178 0.0 0.0 0.0 0.0 0.0 467.9 467.35 458.75 472.6 461.65 462.4 460.95 470.65 468.75 463.0 463.45 455.2 468.9 466.9 464.7 469.25 
179 0.0 0.0 0.0 0.0 0.0 464.8 465.5 475.2 464.6 458.55 462.85 463.65 468.55 458.95 475.2 464.85 462.1 459.5 458.15 462.55 463.3 
180 0.0 0.0 0.0 0.0 0.0 466.7 478.25 467.7 469.6 467.5 464.9 465.35 455.65 464.4 466.75 468.2 467.9 470.3 466.25 462.0 462.1 
181 0.0 0.0 0.0 0.0 0.0 472.5 458.55 467.65 466.0 454.85 460.7 459.1 468.2 461.6 463.3 468.25 468.9 467.25 462.6 461.65 464.2 
182 0.0 0.0 0.0 0.0 0.0 464.25 468.9 466.8 463.2 458.4 453.95 465.0 463.45 470.7 462.3 453.8 466.25 461.95 462.8 462.8 465.15 
183 0.0 0.0 0.0 0.0 0.0 461.65 465.0 464.75 460.25 468.4 468.9 455.3 461.85 461.1 461.0 469.25 465.15 457.75 462.2 465.2 465.05 
184 0.0 0.0 0.0 0.0 0.0 462.3 467.0 460.3 460.55 468.3 469.95 467.9 462.4 469.45 468.85 467.1 460.55 464.45 464.1 469.2 458.6 
185 0.0 0.0 0.0 0.0 0.0 468.7 462.8 466.5 453.5 461.85 459.8 457.65 462.1 468.6 467.95 460.95 468.3 466.05 459.4 463.05 463.15 
186 0.0 0.0 0.0 0.0 0.0 463.9 462.7 459.9 472.0 460.2 461.2 462.0 459.45 469.5 463.65 460.4 460.95 465.2 460.35 466.15 467.55 
187 0.0 0.0 0.0 0.0 0.0 446.4 457.5 456.2 470.75 466.75 467.25 458.75 472.75 467.5 458.8 467.75 467.15 462.8 475.4 468.05 465.5 
188 0.0 0.0 0.0 0.0 0.0 444.05 454.45 458.45 457.8 466.25 466.6 465.15 461.55 466.0 468.7 469.35 458.35 470.5 466.05 461.8 470.85 
189 0.0 0.0 0.0 0.0 0.0 424.6 469.3 461.3 461.15 465.7 462.95 466.1 471.65 462.55 467.15 462.85 475.1 462.4 469.05 456.55 465.35 
190 0.0 0.0 0.0 0.0 0.0 365.0 462.15 462.4 463.5 451.8 465.2 472.85 469.6 461.4 464.6 464.7 470.3 470.55 459.45 467.9 461.4 
191 0.0 0.0 0.0 0.0 0.0 297.55 460.9 474.45 463.2 471.0 468.1 470.95 453.9 461.0 462.75 468.15 468.25 468.65 454.3 465.6 470.95 
192 0.0 0.0 0.0 0.0 0.0 225.3 466.7 465.9 469.65 470.85 464.7 470.7 470.85 462.05 463.6 466.0 464.4 462.95 462.65 463.55 460.05 
193 0.0 0.0 0.0 0.0 0.0 180.5 475.2 465.7 473.55 468.0 460.55 460.1 461.5 468.1 462.8 469.15 460.45 471.55 482.35 466.0 460.45 
194 0.0 0.0 0.0 0.0 0.0 130.0 471.25 462.7 463.6 466.2 461.4 457.5 467.45 459.25 467.55 465.35 465.6 473.45 468.0 472.55 463.0 
195 0.0 0.0 0.0 0.0 0.0 79.35 469.05 473.4 467.7 463.5 469.5 469.55 468.1 466.7 469.45 464.9 475.6 458.9 469.1 473.35 468.05 
196 0.0 0.0 0.0 0.0 0.0 52.95 468.55 465.4 464.05 470.15 465.45 461.35 467.45 469.45 455.45 462.45 466.55 461.8 472.25 464.1 475.25 
197 0.0 0.0 0.0 0.0 0.0 32.6 462.9 460.3 460.6 464.95 461.8 467.4 465.6 460.4 458.65 459.75 453.75 464.25 459.75 462.7 474.65 
198 0.0 0.0 0.0 0.0 0.0 7.3 457.85 464.15 472.1 468.55 476.6 470.75 462.9 458.3 474.75 466.65 459.05 462.25 458.85 466.9 465.9 
199 0.0 0.0 0.0 0.0 0.0 0.55 462.0 465.1 464.8 467.7 463.9 465.5 461.95 464.25 467.15 455.4 473.05 467.95 468.45 463.7 462.6 
200 0.0 0.0 0.0 0.0 0.0 0.05 464.6 465.0 467.7 462.25 463.8 465.2 459.7 465.75 450.4 456.8 468.15 463.25 464.3 470.4 460.3 
201 0.0 0.0 0.0 0.0 0.0 0.0 465.1 466.95 458.1 461.7 464.35 458.35 457.25 456.4 461.6 466.1 457.4 461.8 467.45 466.55 461.5 
202 0.0 0.0 0.0 0.0 0.0 0.0 469.8 463.2 465.95 459.95 461.05 463.85 468.6 458.35 465.9 467.75 468.05 460.85 463.7 465.2 461.5 
203 0.0 0.0 0.0 0.0 0.0 0.0 460.05 463.7 459.45 460.0 460.4 466.9 456.5 466.4 479.7 473.35 461.25 464.1 467.35 457.25 465.65 
204 0.0 0.0 0.0 0.0 0.0 0.0 461.55 467.8 470.85 466.4 463.3 466.65 468.45 475.25 461.25 464.45 460.4 467.35 459.3 465.2 462.9 
205 0.0 0.0 0.0 0.0 0.0 0.0 472.35 468.85 457.65 460.75 465.6 459.6 464.35 461.15 464.1 463.9 463.7 470.6 466.45 466.35 461.25 
206 0.0 0.0 0.0 0.0 0.0 0.0 464.25 464.05 471.25 460.9 465.05 466.2 473.8 458.75 458.7 463.9 460.1 469.7 465.3 457.35 452.2 
207 0.0 0.0 0.0 0.0 0.0 0.0 465.75 466.4 464.0 461.8 462.65 465.65 469.8 473.45 459.25 464.05 469.05 454.0 463.45 466.45 470.2 
208 0.0 0.0 0.0 0.0 0.0 0.0 462.45 466.6 461.45 468.5 462.55 455.2 456.85 466.25 463.5 468.2 463.9 465.65 454.65 458.65 467.0 
209 0.0 0.0 0.0 0.0 0.0 0.0 465.55 460.15 456.35 465.65 460.0 468.05 459.15 452.2 468.45 461.5 469.75 459.6 464.3 461.7 459.2 
210 0.0 0.0 0.0 0.0 0.0 0.0 465.4 465.0 468.1 461.85 468.4 461.65 462.8 472.6 461.25 462.95 466.25 466.45 461.25 464.25 459.55 
211 0.0 0.0 0.0 0.0 0.0 0.0 465.9 463.6 464.65 466.15 468.85 463.1 460.5 464.8 470.05 468.35 465.1 464.35 471.85 460.15 464.45 
212 0.0 0.0 0.0 0.0 0.0 0.0 467.9 456.35 465.45 470.4 462.75 465.9 458.7 462.6 467.1 460.15 460.0 462.35 456.5 459.6 464.6 
213 0.0 0.0 0.0 0.0 0.0 0.0 459.95 469.9 470.65 458.8 469.65 459.8 470.15 463.55 465.05 462.0 456.45 464.7 456.85 453.2 468.4 
214 0.0 0.0 0.0 0.0 0.0 0.0 461.7 460.15 458.65 467.1 466.05 467.4 463.2 467.05 456.8 463.55 462.35 462.4 467.85 463.45 464.75 
215 0.0 0.0 0.0 0.0 0.0 0.0 467.9 472.55 462.35 469.0 467.6 474.85 470.05 459.8 460.1 463.0 463.8 464.55 458.0 463.65 462.55 
216 0.0 0.0 0.0 0.0 0.0 0.0 465.6 467.8 470.1 470.35 470.4 465.45 462.45 465.5 465.85 467.1 461.6 455.15 460.25 466.6 462.3 
217 0.0 0.0 0.0 0.0 0.0 0.0 468.9 471.45 472.9 459.7 467.65 470.0 472.2 467.25 470.6 460.8 462.7 465.0 464.9 463.05 459.65 
218 0.0 0.0 0.0 0.0 0.0 0.0 466.9 459.6 470.0 468.4 463.25 469.1 469.45 469.85 466.75 465.45 459.85 459.45 468.65 471.0 464.25 
219 0.0 0.0 0.0 0.0 0.0 0.0 465.3 463.5 465.05 473.5 464.4 471.6 471.7 468.35 465.25 462.05 464.75 459.9 464.9 462.8 471.95 
220 0.0 0.0 0.0 0.0 0.0 0.0 460.75 466.6 461.15 461.6 465.85 468.95 467.5 470.65 469.4 466.05 472.75 475.85 463.8 470.4 464.4 
221 0.0 0.0 0.0 0.0 0.0 0.0 464.85 464.55 466.0 463.95 459.55 462.65 455.0 464.85 472.6 469.7 469.75 459.85 468.5 472.45 466.4 
222 0.0 0.0 0.0 0.0 0.0 0.0 465.6 460.25 465.9 458.1 467.5 464.75 467.15 470.35 464.05 459.65 466.3 460.95 467.4 466.0 459.75 
223 0.0 0.0 0.0 0.0 0.0 0.0 463.05 472.05 466.05 469.15 465.1 460.85 467.7 463.9 458.45 463.35 461.3 475.55 460.0 462.9 466.0 
224 0.0 0.0 0.0 0.0 0.0 0.0 445.45 469.8 462.4 466.2 460.55 457.4 461.75 466.6 470.3 468.1 467.45 463.55 470.9 465.75 472.7 
225 0.0 0.0 0.0 0.0 0.0 0.0 443.8 471.5 464.05 464.8 458.65 464.5 464.4 459.6 463.55 468.1 459.8 469.9 469.5 462.85 471.2 
226 0.0 0.0 0.0 0.0 0.0 0.0 434.1 456.65 463.55 468.05 467.65 461.55 467.6 463.05 463.0 466.5 464.2 466.3 468.9 466.4 466.65 
227 0.0 0.0 0.0 0.0 0.0 0.0 421.85 465.65 456.5 460.0 465.5 468.35 460.35 454.8 461.05 465.1 472.15 464.85 471.6 469.75 468.5 
228 0.0 0.0 0.0 0.0 0.0 0.0 350.2 467.9 461.85 454.5 457.1 465.35 459.2 468.75 464.3 473.75 463.6 462.8 465.45 463.4 461.7 
229 0.0 0.0 0.0 0.0 0.0 0.0 285.5 456.85 464.55 459.45 464.25 463.15 473.15 461.95 462.05 464.0 464.65 468.8 460.95 468.2 463.25 
230 0.0 0.0 0.0 0.0 0.0 0.0 235.6 456.7 472.95 478.45 472.55 459.95 467.3 472.6 462.6 470.35 465.7 461.8 468.95 468.2 467.85 
231 0.0 0.0 0.0 0.0 0.0 0.0 177.0 464.45 461.5 463.35 461.1 466.0 470.55 464.95 459.45 465.3 466.25 463.0 471.8 468.45 470.05 
232 0.0 0.0 0.0 0.0 0.0 0.0 122.7 471.95 468.45 467.05 463.85 469.0 461.7 462.25 478.15 459.45 468.2 476.8 454.85 462.55 467.15 
233 0.0 0.0 0.0 0.0 0.0 0.0 85.9 461.95 475.3 461.05 468.05 458.7 454.5 458.0 466.55 460.95 464.05 472.15 467.3 466.8 457.2 
234 0.0 0.0 0.0 0.0 0.0 0.0 53.05 469.9 454.65 467.85 463.55 467.25 466.15 466.8 464.45 464.85 463.75 471.7 471.2 461.6 467.15 
235 0.0 0.0 0.0 0.0 0.0 0.0 47.8 461.2 462.8 465.55 473.6 460.75 464.8 468.55 469.0 461.2 464.0 459.2 466.85 467.9 462.9 
236 0.0 0.0 0.0 0.0 0.0 0.0 28.3 466.4 473.85 471.0 457.8 463.3 466.1 464.65 477.0 468.85 477.4 464.95 461.95 460.45 470.65 
237 0.0 0.0 0.0 0.0 0.0 0.0 24.9 465.1 458.25 463.4 469.1 467.4 460.05 471.7 468.8 467.75 470.4 466.4 461.55 465.45 463.7 
238 0.0 0.0 0.0 0.0 0.0 0.0 9.8 471.0 462.15 466.75 466.4 468.9 468.6 456.15 462.75 464.7 463.75 457.65 460.8 463.5 467.25 
239 0.0 0.0 0.0 0.0 0.0 0.0 0.85 463.3 458.2 464.9 457.7 468.2 464.75 475.4 460.8 469.35 465.95 470.35 461.9 459.7 466.8 
240 0.0 0.0 0.0 0.0 0.0 0.0 0.25 461.3 470.45 468.3 468.5 467.55 467.15 462.1 456.9 463.95 452.5 458.65 458.05 462.1 456.2 
241 0.0 0.0 0.0 0.0 0.0 0.0 0.0 466.8 464.6 474.95 469.75 457.95 465.6 465.0 460.85 460.95 459.9 466.3 463.15 465.3 466.6 
242 0.0 0.0 0.0 0.0 0.0 0.0 0.0 457.35 464.75 464.7 466.7 466.7 463.6 466.75 462.1 467.9 462.35 456.65 466.15 464.35 455.4 
243 0.0 0.0 0.0 0.0 0.0 0.0 0.0 469.85 467.25 461.25 461.35 464.55 471.65 464.1 465.05 466.45 477.1 455.25 469.9 465.8 462.35 
244 0.0 0.0 0.0 0.0 0.0 0.0 0.0 469.8 465.7 461.35 459.5 458.75 466.9 466.35 468.2 455.55 467.65 459.45 462.9 470.75 463.65 
245 0.0 0.0 0.0 0.0 0.0 0.0 0.0 461.7 471.75 462.65 466.65 468.15 465.8 458.25 463.95 470.35 461.4 471.4 464.7 467.1 462.8 
246 0.0 0.0 0.0 0.0 0.0 0.0 0.0 458.2 468.65 460.85 466.25 466.35 461.25 466.55 464.4 468.5 457.35 462.1 467.35 465.35 457.55 
247 0.0 0.0 0.0 0.0 0.0 0.0 0.0 471.6 470.85 459.05 473.45 467.05 458.75 466.2 468.5 469.45 464.55 469.4 466.85 459.9 464.5 
248 0.0 0.0 0.0 0.0 0.0 0.0 0.0 467.05 462.15 468.15 467.8 466.55 463.7 464.7 469.9 464.0 464.75 464.7 467.65 464.2 479.3 
249 0.0 0.0 0.0 0.0 0.0 0.0 0.0 463.05 466.1 468.05 466.4 466.5 467.1 463.0 465.75 462.05 464.45 465.15 462.95 473.95 482.7 
250 0.0 0.0 0.0 0.0 0.0 0.0 0.0 460.4 456.55 463.8 463.55 466.15 465.55 461.85 459.6 460.0 465.1 478.75 462.15 473.35 470.7 
251 0.0 0.0 0.0 0.0 0.0 0.0 0.0 469.3 458.4 469.3 461.0 465.35 462.25 473.2 467.7 457.45 467.45 469.5 473.1 473.65 455.65 
252 0.0 0.0 0.0 0.0 0.0 0.0 0.0 469.55 462.45 467.95 467.3 466.85 474.85 468.7 470.75 472.7 470.25 470.35 479.1 476.55 471.35 
253 0.0 0.0 0.0 0.0 0.0 0.0 0.0 463.9 463.35 461.1 467.1 465.45 469.95 467.95 463.05 463.5 476.1 463.75 473.8 464.1 462.7 
254 0.0 0.0 0.0 0.0 0.0 0.0 0.0 465.8 462.75 458.25 462.55 474.1 461.8 466.85 466.5 470.75 466.85 471.8 460.85 469.45 470.7 
255 0.0 0.0 0.0 0.0 0.0 0.0 0.0 466.4 467.75 465.45 464.6 467.85 476.65 470.6 460.55 468.95 469.45 470.95 466.9 456.3 476.0 
256 0.0 0.0 0.0 0.0 0.0 0.0 0.0 463.0 471.2 459.65 460.9 460.4 467.6 462.2 468.8 463.55 462.3 451.25 459.3 460.9 460.85 
257 0.0 0.0 0.0 0.0 0.0 0.0 0.0 459.9 465.1 480.4 464.45 465.3 466.75 466.7 473.85 478.85 466.7 471.05 461.15 464.6 461.95 
258 0.0 0.0 0.0 0.0 0.0 0.0 0.0 468.75 464.35 465.05 466.65 464.75 464.7 477.55 468.85 468.7 464.65 463.75 469.35 471.75 461.2 
259 0.0 0.0 0.0 0.0 0.0 0.0 0.0 459.6 466.45 466.0 462.65 466.95 465.15 460.3 462.45 462.3 462.85 468.95 464.1 459.65 459.15 
260 0.0 0.0 0.0 0.0 0.0 0.0 0.0 463.8 465.9 457.45 465.7 467.0 460.4 459.05 455.35 455.4 469.4 466.65 468.65 464.3 463.9 
261 0.0 0.0 0.0 0.0 0.0 0.0 0.0 467.85 463.2 461.25 464.1 463.05 460.15 464.7 471.15 463.9 466.25 470.6 457.1 466.0 459.95 
262 0.0 0.0 0.0 0.0 0.0 0.0 0.0 463.25 469.95 467.3 466.35 465.45 460.25 464.55 469.05 462.8 462.85 463.4 460.7 457.45 464.6 
263 0.0 0.0 0.0 0.0 0.0 0.0 0.0 436.8 463.05 456.55 470.05 459.8 467.15 462.15 466.45 474.75 459.8 457.85 464.9 464.4 473.9 
264 0.0 0.0 0.0 0.0 0.0 0.0 0.0 412.35 469.3 468.15 466.8 457.75 467.7 472.2 456.45 464.6 462.95 466.9 463.95 462.15 460.35 
265 0.0 0.0 0.0 0.0 0.0 0.0 0.0 397.55 463.0 461.1 464.45 460.8 454.9 460.0 462.25 459.85 469.7 466.65 465.25 464.55 469.95 
266 0.0 0.0 0.0 0.0 0.0 0.0 0.0 367.95 461.75 465.7 465.0 473.15 465.2 463.15 459.05 469.35 463.0 464.35 465.0 455.2 459.3 
267 0.0 0.0 0.0 0.0 0.0 0.0 0.0 331.1 450.5 467.0 459.9 460.55 474.8 457.6 466.7 465.55 462.7 459.85 461.55 457.5 457.65 
268 0.0 0.0 0.0 0.0 0.0 0.0 0.0 236.1 462.5 466.9 464.6 462.7 463.4 467.7 468.25 465.35 470.45 463.55 469.45 469.3 462.35 
269 0.0 0.0 0.0 0.0 0.0 0.0 0.0 176.75 471.8 461.2 466.75 464.55 460.25 462.85 463.3 459.1 467.25 458.3 458.35 468.05 467.25 
270 0.0 0.0 0.0 0.0 0.0 0.0 0.0 140.15 467.3 459.9 469.35 470.35 465.4 462.3 464.35 468.15 459.6 459.75 452.55 471.45 459.9 
271 0.0 0.0 0.0 0.0 0.0 0.0 0.0 109.35 472.8 471.2 461.3 462.4 456.65 468.15 470.95 462.1 457.3 463.15 468.65 461.55 463.3 
272 0.0 0.0 0.0 0.0 0.0 0.0 0.0 78.3 469.35 466.6 463.5 466.3 463.8 462.7 469.85 461.8 456.55 464.25 470.95 464.5 465.6 
273 0.0 0.0 0.0 0.0 0.0 0.0 0.0 47.75 467.65 464.45 473.35 461.7 464.2 467.5 464.3 463.15 464.95 468.35 463.65 464.5 468.9 
274 0.0 0.0 0.0 0.0 0.0 0.0 0.0 26.75 465.4 476.2 465.95 461.4 467.5 457.85 461.7 461.85 465.1 463.7 462.6 462.9 469.3 
275 0.0 0.0 0.0 0.0 0.0 0.0 0.0 18.35 463.7 459.4 463.35 464.0 461.85 471.05 459.0 463.5 466.95 468.05 460.75 465.35 464.6 
276 0.0 0.0 0.0 0.0 0.0 0.0 0.0 4.0 462.95 468.2 463.9 464.85 464.4 454.3 462.4 458.55 467.1 455.1 461.5 466.45 468.85 
277 0.0 0.0 0.0 0.0 0.0 0.0 0.0 1.5 462.0 469.5 458.45 459.7 462.4 465.45 457.5 460.45 460.4 463.95 467.65 447.6 457.9 
278 0.0 0.0 0.0 0.0 0.0 0.0 0.0 0.05 460.15 458.3 463.15 470.45 461.25 455.2 457.4 462.45 467.4 462.6 462.5 470.35 461.7 
279 0.0 0.0 0.0 0.0 0.0 0.0 0.0 0.0 466.5 459.75 462.3 461.2 464.7 459.45 460.7 458.25 463.1 465.8 469.3 462.2 461.75 
280 0.0 0.0 0.0 0.0 0.0 0.0 0.0 0.0 460.2 461.5 459.35 472.45 463.35 463.5 458.15 469.3 462.15 461.75 467.95 471.55 459.3 
281 0.0 0.0 0.0 0.0 0.0 0.0 0.0 0.0 468.15 466.85 466.25 461.55 463.55 466.1 466.45 461.2 470.3 461.65 457.1 464.9 468.95 
282 0.0 0.0 0.0 0.0 0.0 0.0 0.0 0.0 463.1 460.5 462.55 464.2 470.65 470.45 465.5 468.5 454.0 461.95 464.8 461.35 461.95 
283 0.0 0.0 0.0 0.0 0.0 0.0 0.0 0.0 466.55 453.6 465.65 463.75 458.55 462.65 474.15 461.9 461.5 461.4 457.85 458.75 464.65 
284 0.0 0.0 0.0 0.0 0.0 0.0 0.0 0.0 463.15 470.55 460.2 461.9 468.1 476.9 472.2 468.35 465.85 466.2 465.85 468.65 466.05 
285 0.0 0.0 0.0 0.0 0.0 0.0 0.0 0.0 463.4 471.75 465.9 462.1 474.8 462.35 470.1 471.3 460.2 471.9 466.1 460.25 458.15 
286 0.0 0.0 0.0 0.0 0.0 0.0 0.0 0.0 470.3 464.55 468.9 457.5 469.75 482.35 466.6 464.1 459.95 457.55 462.3 462.75 459.85 
287 0.0 0.0 0.0 0.0 0.0 0.0 0.0 0.0 462.35 461.45 462.0 471.65 458.4 459.55 463.2 458.4 477.3 468.25 467.25 454.3 464.05 
288 0.0 0.0 0.0 0.0 0.0 0.0 0.0 0.0 463.75 470.25 463.55 473.35 471.3 462.9 468.65 473.95 468.15 462.1 461.5 469.3 465.5 
289 0.0 0.0 0.0 0.0 0.0 0.0 0.0 0.0 462.8 468.6 470.45 465.7 460.15 461.85 463.35 465.55 465.45 470.85 471.05 470.3 467.75 
290 0.0 0.0 0.0 0.0 0.0 0.0 0.0 0.0 460.5 466.35 458.2 464.75 468.35 469.3 466.25 479.5 469.55 465.95 467.35 464.95 469.05 
291 0.0 0.0 0.0 0.0 0.0 0.0 0.0 0.0 467.65 465.4 475.45 464.95 468.85 462.9 464.75 469.75 462.7 468.7 462.5 473.75 467.65 
292 0.0 0.0 0.0 0.0 0.0 0.0 0.0 0.0 473.75 469.3 465.95 475.05 464.75 463.7 466.3 468.65 472.85 470.8 474.8 467.75 465.45 
293 0.0 0.0 0.0 0.0 0.0 0.0 0.0 0.0 468.05 471.75 473.05 461.2 463.45 464.15 469.4 466.65 470.2 470.15 467.15 462.7 479.45 
294 0.0 0.0 0.0 0.0 0.0 0.0 0.0 0.0 469.45 472.35 465.5 474.3 461.8 470.4 468.25 459.85 468.85 471.7 465.4 465.75 466.7 
295 0.0 0.0 0.0 0.0 0.0 0.0 0.0 0.0 465.8 460.25 471.45 470.0 475.5 467.7 462.05 459.05 461.9 462.65 473.85 470.8 471.75 
296 0.0 0.0 0.0 0.0 0.0 0.0 0.0 0.0 467.3 468.55 464.35 459.05 464.0 460.95 467.55 466.4 465.15 471.55 472.9 461.05 460.0 
297 0.0 0.0 0.0 0.0 0.0 0.0 0.0 0.0 461.0 463.2 461.2 458.95 460.35 463.1 466.15 459.7 461.95 464.9 470.8 473.2 464.9 
298 0.0 0.0 0.0 0.0 0.0 0.0 0.0 0.0 459.2 462.25 462.95 460.6 467.6 471.7 454.25 466.55 466.25 466.6 462.5 476.4 468.85 
299 0.0 0.0 0.0 0.0 0.0 0.0 0.0 0.0 462.35 461.6 468.6 466.85 467.8 455.25 466.25 463.6 469.6 466.5 462.0 469.95 463.55 
300 0.0 0.0 0.0 0.0 0.0 0.0 0.0 0.0 448.85 466.45 465.85 457.2 460.4 461.25 459.55 462.95 459.35 465.15 469.0 467.75 475.8 
301 0.0 0.0 0.0 0.0 0.0 0.0 0.0 0.0 423.9 460.75 459.85 456.85 462.95 457.25 458.75 461.45 463.25 466.95 465.25 467.75 469.05 
302 0.0 0.0 0.0 0.0 0.0 0.0 0.0 0.0 417.0 460.9 457.9 466.1 466.85 458.85 456.65 462.6 464.35 453.0 462.25 469.85 468.1 
303 0.0 0.0 0.0 0.0 0.0 0.0 0.0 0.0 420.15 463.75 458.75 471.8 460.7 462.55 455.85 463.75 462.25 465.55 462.1 460.4 466.0 
304 0.0 0.0 0.0 0.0 0.0 0.0 0.0 0.0 394.1 458.65 465.35 454.05 464.6 473.9 466.5 466.45 462.55 460.5 463.4 462.5 456.8 
305 0.0 0.0 0.0 0.0 0.0 0.0 0.0 0.0 337.35 468.15 471.15 465.05 457.2 466.55 474.1 459.55 461.85 455.15 454.2 457.6 466.25 
306 0.0 0.0 0.0 0.0 0.0 0.0 0.0 0.0 281.55 468.15 459.3 467.65 460.05 457.05 462.75 460.65 459.45 459.1 465.25 453.75 456.2 
307 0.0 0.0 0.0 0.0 0.0 0.0 0.0 0.0 230.95 462.65 468.1 461.7 469.4 471.95 461.4 465.2 461.4 467.1 463.45 461.35 462.0 
308 0.0 0.0 0.0 0.0 0.0 0.0 0.0 0.0 150.35 464.55 470.4 476.15 462.25 457.55 472.6 469.5 461.85 466.2 454.65 465.45 463.8 
309 0.0 0.0 0.0 0.0 0.0 0.0 0.0 0.0 86.8 465.3 460.4 470.7 462.7 468.35 463.95 456.35 470.4 464.4 477.5 467.5 467.4 
310 0.0 0.0 0.0 0.0 0.0 0.0 0.0 0.0 65.0 470.15 465.0 461.15 473.15 466.8 470.0 464.9 468.9 469.3 465.7 466.4 466.05 
311 0.0 0.0 0.0 0.0 0.0 0.0 0.0 0.0 46.4 462.2 459.5 473.3 467.0 455.1 465.7 467.95 473.0 470.8 464.15 461.6 472.35 
312 0.0 0.0 0.0 0.0 0.0 0.0 0.0 0.0 29.25 463.25 466.15 465.35 463.8 466.3 466.95 461.65 462.95 469.5 469.2 479.0 458.45 
313 0.0 0.0 0.0 0.0 0.0 0.0 0.0 0.0 19.25 468.65 469.95 460.95 465.9 471.0 471.9 468.4 466.6 462.55 470.7 458.4 462.7 
314 0.0 0.0 0.0 0.0 0.0 0.0 0.0 0.0 4.0 463.4 466.3 465.3 464.05 473.8 463.7 471.45 461.55 462.7 467.15 470.4 464.05 
315 0.0 0.0 0.0 0.0 0.0 0.0 0.0 0.0 1.85 457.9 462.25 465.8 462.8 464.3 463.55 470.6 463.45 466.05 459.15 467.2 464.35 
316 0.0 0.0 0.0 0.0 0.0 0.0 0.0 0.0 0.45 472.05 462.95 468.35 468.9 467.35 454.45 454.1 467.3 463.15 461.8 462.85 461.55 
317 0.0 0.0 0.0 0.0 0.0 0.0 0.0 0.0 0.0 464.8 466.5 465.7 472.75 457.5 465.8 467.95 458.8 466.95 461.75 467.1 463.45 
318 0.0 0.0 0.0 0.0 0.0 0.0 0.0 0.0 0.0 467.9 467.1 461.9 466.25 467.9 463.55 464.95 469.3 463.85 457.6 455.5 455.9 
319 0.0 0.0 0.0 0.0 0.0 0.0 0.0 0.0 0.0 462.75 465.95 459.5 459.5 468.7 471.15 471.2 468.5 470.85 466.4 461.9 465.7 
320 0.0 0.0 0.0 0.0 0.0 0.0 0.0 0.0 0.0 460.7 459.85 467.2 461.85 457.65 464.8 456.05 469.0 458.4 468.0 462.2 458.05 
321 0.0 0.0 0.0 0.0 0.0 0.0 0.0 0.0 0.0 461.95 463.85 463.2 457.75 474.45 463.05 470.4 466.55 466.6 465.7 458.4 467.9 
322 0.0 0.0 0.0 0.0 0.0 0.0 0.0 0.0 0.0 467.1 468.25 467.55 462.8 464.4 461.1 462.1 457.35 466.7 462.25 465.0 465.7 
323 0.0 0.0 0.0 0.0 0.0 0.0 0.0 0.0 0.0 460.85 471.9 473.9 467.0 468.6 459.55 465.6 465.95 461.05 466.7 459.7 464.65 
324 0.0 0.0 0.0 0.0 0.0 0.0 0.0 0.0 0.0 472.15 460.25 464.0 462.9 461.3 469.8 464.45 463.8 464.45 454.45 467.05 460.85 
325 0.0 0.0 0.0 0.0 0.0 0.0 0.0 0.0 0.0 463.3 466.25 464.35 467.9 461.7 471.55 461.0 461.05 461.15 467.8 467.55 462.45 
326 0.0 0.0 0.0 0.0 0.0 0.0 0.0 0.0 0.0 475.9 471.75 461.55 465.75 459.3 463.9 460.85 458.35 462.65 463.35 463.0 472.9 
327 0.0 0.0 0.0 0.0 0.0 0.0 0.0 0.0 0.0 466.15 466.45 466.6 465.45 464.25 461.5 463.1 464.4 465.0 463.1 467.05 465.8 
328 0.0 0.0 0.0 0.0 0.0 0.0 0.0 0.0 0.0 466.75 463.1 459.9 458.75 469.05 455.65 470.4 462.55 459.1 467.3 462.9 471.9 
329 0.0 0.0 0.0 0.0 0.0 0.0 0.0 0.0 0.0 456.35 461.35 465.75 472.55 460.2 463.55 466.05 467.0 466.05 468.3 469.0 465.0 
330 0.0 0.0 0.0 0.0 0.0 0.0 0.0 0.0 0.0 458.65 460.9 462.05 467.85 465.05 474.95 467.85 469.2 463.9 469.1 466.3 462.25 
331 0.0 0.0 0.0 0.0 0.0 0.0 0.0 0.0 0.0 470.15 460.8 462.0 459.95 464.65 461.95 465.25 468.0 463.55 461.75 462.85 466.95 
332 0.0 0.0 0.0 0.0 0.0 0.0 0.0 0.0 0.0 466.0 464.05 466.05 462.2 462.3 470.0 466.0 465.05 466.95 455.75 471.3 461.4 
333 0.0 0.0 0.0 0.0 0.0 0.0 0.0 0.0 0.0 470.3 466.2 468.35 456.85 474.5 458.15 469.4 457.1 476.9 473.8 470.0 467.6 
334 0.0 0.0 0.0 0.0 0.0 0.0 0.0 0.0 0.0 458.45 462.05 459.2 472.85 466.0 464.4 456.15 460.4 463.1 467.65 465.35 468.35 
335 0.0 0.0 0.0 0.0 0.0 0.0 0.0 0.0 0.0 455.9 467.75 471.25 460.35 463.5 468.55 460.9 472.1 461.15 472.75 468.55 472.65 
336 0.0 0.0 0.0 0.0 0.0 0.0 0.0 0.0 0.0 469.95 458.5 463.6 465.9 463.05 463.2 467.95 461.9 466.15 470.15 471.75 463.2 
337 0.0 0.0 0.0 0.0 0.0 0.0 0.0 0.0 0.0 451.0 468.65 458.25 460.1 463.25 461.85 466.35 467.75 464.9 461.55 457.95 465.05 
338 0.0 0.0 0.0 0.0 0.0 0.0 0.0 0.0 0.0 430.9 458.95 473.1 468.0 478.1 477.6 465.8 468.15 462.65 460.15 462.35 465.95 
339 0.0 0.0 0.0 0.0 0.0 0.0 0.0 0.0 0.0 420.7 468.0 463.65 472.9 464.7 463.15 465.35 468.2 471.0 464.65 473.8 462.75 
340 0.0 0.0 0.0 0.0 0.0 0.0 0.0 0.0 0.0 422.05 474.55 468.95 474.4 464.2 466.55 462.85 460.3 473.15 467.75 458.45 465.25 
341 0.0 0.0 0.0 0.0 0.0 0.0 0.0 0.0 0.0 416.8 466.95 470.65 466.05 473.75 469.35 470.15 467.35 463.4 459.0 462.6 464.4 
342 0.0 0.0 0.0 0.0 0.0 0.0 0.0 0.0 0.0 418.1 474.55 466.65 475.2 470.7 468.0 462.65 470.1 463.15 464.85 460.5 457.7 
343 0.0 0.0 0.0 0.0 0.0 0.0 0.0 0.0 0.0 336.55 468.4 460.15 470.65 458.2 464.45 468.35 462.85 447.3 455.85 455.65 461.95 
344 0.0 0.0 0.0 0.0 0.0 0.0 0.0 0.0 0.0 277.4 461.7 475.4 461.05 465.35 469.95 472.9 469.25 462.95 461.3 457.05 463.0 
345 0.0 0.0 0.0 0.0 0.0 0.0 0.0 0.0 0.0 231.45 464.25 458.0 458.3 464.15 471.95 472.45 460.45 469.25 472.9 467.65 465.15 
346 0.0 0.0 0.0 0.0 0.0 0.0 0.0 0.0 0.0 181.55 468.0 460.9 464.0 464.85 458.65 464.3 461.6 467.05 461.1 467.9 465.55 
347 0.0 0.0 0.0 0.0 0.0 0.0 0.0 0.0 0.0 97.4 464.05 471.95 467.75 467.75 468.15 461.5 462.0 466.8 463.35 465.9 458.6 
348 0.0 0.0 0.0 0.0 0.0 0.0 0.0 0.0 0.0 75.85 466.85 467.7 469.35 468.45 471.5 470.6 474.5 464.3 464.45 465.85 458.1 
349 0.0 0.0 0.0 0.0 0.0 0.0 0.0 0.0 0.0 65.4 467.6 468.15 460.2 467.35 464.5 468.6 469.15 462.5 468.0 463.65 470.35 
350 0.0 0.0 0.0 0.0 0.0 0.0 0.0 0.0 0.0 52.55 465.35 460.55 466.25 467.35 468.5 461.35 468.55 463.5 461.45 461.5 468.2 
351 0.0 0.0 0.0 0.0 0.0 0.0 0.0 0.0 0.0 34.15 463.4 463.85 463.3 468.05 460.85 470.35 464.6 469.4 473.7 472.75 468.4 
352 0.0 0.0 0.0 0.0 0.0 0.0 0.0 0.0 0.0 7.0 464.45 463.7 464.4 469.05 464.6 462.8 458.95 469.3 467.85 473.25 468.1 
353 0.0 0.0 0.0 0.0 0.0 0.0 0.0 0.0 0.0 1.35 460.7 468.0 470.4 455.55 463.6 455.5 458.65 461.95 468.45 472.2 469.7 
354 0.0 0.0 0.0 0.0 0.0 0.0 0.0 0.0 0.0 0.0 465.75 465.55 461.85 468.8 467.8 473.3 465.9 469.65 470.5 465.9 476.3 
355 0.0 0.0 0.0 0.0 0.0 0.0 0.0 0.0 0.0 0.0 462.7 470.3 465.45 462.4 474.5 464.6 462.65 466.5 469.25 468.5 464.0 
356 0.0 0.0 0.0 0.0 0.0 0.0 0.0 0.0 0.0 0.0 466.9 465.8 469.0 467.2 465.8 465.15 472.55 466.6 465.95 464.45 474.35 
357 0.0 0.0 0.0 0.0 0.0 0.0 0.0 0.0 0.0 0.0 469.3 457.0 466.3 468.4 456.15 466.75 474.2 476.65 467.0 470.35 453.6 
358 0.0 0.0 0.0 0.0 0.0 0.0 0.0 0.0 0.0 0.0 457.5 471.45 467.9 466.15 459.95 467.05 477.15 472.95 476.8 459.4 462.95 
359 0.0 0.0 0.0 0.0 0.0 0.0 0.0 0.0 0.0 0.0 468.8 461.75 461.15 465.55 467.7 461.7 464.3 463.3 456.7 460.2 460.6 
360 0.0 0.0 0.0 0.0 0.0 0.0 0.0 0.0 0.0 0.0 460.75 468.45 472.0 459.5 466.8 460.7 467.0 468.2 463.8 464.65 467.75 
361 0.0 0.0 0.0 0.0 0.0 0.0 0.0 0.0 0.0 0.0 464.8 461.5 464.1 465.1 462.75 464.85 464.35 465.25 468.85 460.8 463.35 
362 0.0 0.0 0.0 0.0 0.0 0.0 0.0 0.0 0.0 0.0 463.45 461.7 452.0 462.25 464.05 473.1 457.0 457.65 460.6 468.4 466.95 
363 0.0 0.0 0.0 0.0 0.0 0.0 0.0 0.0 0.0 0.0 464.15 460.85 466.05 462.2 457.0 463.5 465.8 455.95 460.35 461.05 471.65 
364 0.0 0.0 0.0 0.0 0.0 0.0 0.0 0.0 0.0 0.0 465.25 452.35 465.4 458.7 466.8 471.1 464.5 469.5 461.4 462.45 466.55 
365 0.0 0.0 0.0 0.0 0.0 0.0 0.0 0.0 0.0 0.0 458.2 471.9 460.3 461.1 468.1 468.9 469.45 468.1 464.05 469.65 462.1 
366 0.0 0.0 0.0 0.0 0.0 0.0 0.0 0.0 0.0 0.0 469.15 470.05 469.05 466.6 463.75 464.3 454.4 460.8 462.25 472.6 470.2 
367 0.0 0.0 0.0 0.0 0.0 0.0 0.0 0.0 0.0 0.0 469.7 463.5 462.15 459.05 469.5 461.1 467.9 463.15 477.7 471.15 458.9 
368 0.0 0.0 0.0 0.0 0.0 0.0 0.0 0.0 0.0 0.0 463.35 464.25 468.2 461.0 467.5 466.15 469.0 464.95 467.2 461.6 462.3 
369 0.0 0.0 0.0 0.0 0.0 0.0 0.0 0.0 0.0 0.0 465.0 466.55 458.15 472.05 464.85 473.05 468.35 474.15 465.7 453.45 463.85 
370 0.0 0.0 0.0 0.0 0.0 0.0 0.0 0.0 0.0 0.0 466.2 471.5 466.55 472.95 466.6 459.25 462.1 464.85 466.25 470.9 467.8 
371 0.0 0.0 0.0 0.0 0.0 0.0 0.0 0.0 0.0 0.0 462.4 467.45 471.8 464.05 462.9 456.25 465.45 471.95 458.8 460.3 462.4 
372 0.0 0.0 0.0 0.0 0.0 0.0 0.0 0.0 0.0 0.0 463.65 472.15 465.85 469.95 467.65 467.35 463.5 466.6 471.0 466.6 467.65 
373 0.0 0.0 0.0 0.0 0.0 0.0 0.0 0.0 0.0 0.0 459.95 469.2 468.25 471.95 468.05 458.8 461.25 469.25 456.3 469.05 470.75 
374 0.0 0.0 0.0 0.0 0.0 0.0 0.0 0.0 0.0 0.0 476.8 459.75 473.0 468.5 464.9 472.8 476.6 461.85 466.25 463.55 461.05 
375 0.0 0.0 0.0 0.0 0.0 0.0 0.0 0.0 0.0 0.0 440.8 458.6 463.35 462.7 463.2 461.9 469.0 460.55 471.65 468.5 459.05 
376 0.0 0.0 0.0 0.0 0.0 0.0 0.0 0.0 0.0 0.0 441.55 469.3 466.15 466.35 464.25 468.6 467.15 457.7 459.45 462.45 460.25 
377 0.0 0.0 0.0 0.0 0.0 0.0 0.0 0.0 0.0 0.0 439.8 455.3 456.9 455.5 459.9 458.05 461.3 470.95 462.05 465.3 469.8 
378 0.0 0.0 0.0 0.0 0.0 0.0 0.0 0.0 0.0 0.0 444.75 464.25 453.2 457.55 463.8 468.5 455.5 463.5 462.1 471.65 467.6 
379 0.0 0.0 0.0 0.0 0.0 0.0 0.0 0.0 0.0 0.0 423.55 465.25 463.0 462.25 466.7 462.9 462.45 465.85 466.4 460.75 461.3 
380 0.0 0.0 0.0 0.0 0.0 0.0 0.0 0.0 0.0 0.0 407.25 461.45 464.9 463.4 462.85 470.6 463.75 461.35 468.55 468.35 473.2 
381 0.0 0.0 0.0 0.0 0.0 0.0 0.0 0.0 0.0 0.0 368.85 469.85 464.55 463.8 461.95 459.45 456.25 455.6 465.0 463.3 465.65 
382 0.0 0.0 0.0 0.0 0.0 0.0 0.0 0.0 0.0 0.0 324.9 458.3 474.65 468.6 464.3 471.85 467.95 466.3 460.7 458.65 463.15 
383 0.0 0.0 0.0 0.0 0.0 0.0 0.0 0.0 0.0 0.0 257.25 463.1 467.4 461.75 454.8 463.2 460.5 462.55 455.1 458.95 464.0 
384 0.0 0.0 0.0 0.0 0.0 0.0 0.0 0.0 0.0 0.0 171.6 465.95 464.6 471.15 465.65 454.7 468.65 462.15 459.45 461.9 455.95 
385 0.0 0.0 0.0 0.0 0.0 0.0 0.0 0.0 0.0 0.0 120.1 470.8 470.35 456.65 470.1 461.1 467.05 461.3 467.25 464.35 462.8 
386 0.0 0.0 0.0 0.0 0.0 0.0 0.0 0.0 0.0 0.0 89.95 465.4 458.4 466.9 458.95 456.8 447.1 467.6 459.85 461.65 459.95 
387 0.0 0.0 0.0 0.0 0.0 0.0 0.0 0.0 0.0 0.0 72.9 464.0 460.65 470.6 468.7 469.95 457.95 465.25 469.55 461.4 469.85 
388 0.0 0.0 0.0 0.0 0.0 0.0 0.0 0.0 0.0 0.0 66.7 467.8 456.05 460.6 459.15 463.65 472.35 459.7 459.95 464.55 467.15 
389 0.0 0.0 0.0 0.0 0.0 0.0 0.0 0.0 0.0 0.0 48.8 455.25 469.8 471.7 466.55 456.9 469.85 461.75 459.7 457.35 460.25 
390 0.0 0.0 0.0 0.0 0.0 0.0 0.0 0.0 0.0 0.0 38.1 455.45 466.05 460.3 463.5 461.35 465.7 457.2 458.1 465.75 470.0 
391 0.0 0.0 0.0 0.0 0.0 0.0 0.0 0.0 0.0 0.0 13.0 469.95 462.7 467.6 466.75 465.8 458.4 462.65 471.3 472.05 462.8 
392 0.0 0.0 0.0 0.0 0.0 0.0 0.0 0.0 0.0 0.0 1.15 465.8 461.0 456.75 465.3 473.8 461.5 468.35 468.45 462.55 463.55 
393 0.0 0.0 0.0 0.0 0.0 0.0 0.0 0.0 0.0 0.0 0.25 467.25 469.75 462.95 455.95 462.8 459.7 472.55 465.2 462.9 465.3 
394 0.0 0.0 0.0 0.0 0.0 0.0 0.0 0.0 0.0 0.0 0.05 470.05 459.35 465.1 461.05 465.75 461.95 463.55 462.2 465.15 459.45 
395 0.0 0.0 0.0 0.0 0.0 0.0 0.0 0.0 0.0 0.0 0.0 457.95 462.15 465.55 459.95 463.6 467.55 460.95 462.4 465.7 463.75 
396 0.0 0.0 0.0 0.0 0.0 0.0 0.0 0.0 0.0 0.0 0.0 460.85 459.8 461.3 473.5 466.15 466.15 468.4 471.8 470.8 474.75 
397 0.0 0.0 0.0 0.0 0.0 0.0 0.0 0.0 0.0 0.0 0.0 464.8 466.75 462.45 458.4 464.75 469.35 461.65 459.7 463.3 460.1 
398 0.0 0.0 0.0 0.0 0.0 0.0 0.0 0.0 0.0 0.0 0.0 464.6 462.8 468.35 470.2 464.2 473.9 464.5 456.9 458.9 459.15 
399 0.0 0.0 0.0 0.0 0.0 0.0 0.0 0.0 0.0 0.0 0.0 465.3 462.8 462.0 468.3 470.2 465.3 466.3 467.9 463.35 474.5 
400 0.0 0.0 0.0 0.0 0.0 0.0 0.0 0.0 0.0 0.0 0.0 466.65 479.85 467.8 473.5 463.55 468.6 467.1 468.85 478.4 460.8 
401 0.0 0.0 0.0 0.0 0.0 0.0 0.0 0.0 0.0 0.0 0.0 476.15 467.15 472.35 457.8 465.1 458.8 467.75 464.9 456.25 461.75 
402 0.0 0.0 0.0 0.0 0.0 0.0 0.0 0.0 0.0 0.0 0.0 461.8 464.4 465.8 460.85 460.4 462.65 460.95 465.75 464.75 467.75 
403 0.0 0.0 0.0 0.0 0.0 0.0 0.0 0.0 0.0 0.0 0.0 473.05 462.85 466.25 469.4 464.6 463.7 465.25 464.55 465.35 457.45 
404 0.0 0.0 0.0 0.0 0.0 0.0 0.0 0.0 0.0 0.0 0.0 460.6 463.9 466.4 467.3 460.1 462.1 461.05 474.65 471.15 466.3 
405 0.0 0.0 0.0 0.0 0.0 0.0 0.0 0.0 0.0 0.0 0.0 468.6 467.15 464.6 464.9 466.2 465.0 463.55 470.8 455.25 459.35 
406 0.0 0.0 0.0 0.0 0.0 0.0 0.0 0.0 0.0 0.0 0.0 460.0 469.95 460.35 460.5 465.75 463.0 457.5 463.55 464.1 462.65 
407 0.0 0.0 0.0 0.0 0.0 0.0 0.0 0.0 0.0 0.0 0.0 467.75 464.4 467.3 459.5 459.2 468.55 467.45 460.55 466.6 468.45 
408 0.0 0.0 0.0 0.0 0.0 0.0 0.0 0.0 0.0 0.0 0.0 462.8 460.2 462.55 461.5 466.85 461.45 467.4 462.5 463.55 470.9 
409 0.0 0.0 0.0 0.0 0.0 0.0 0.0 0.0 0.0 0.0 0.0 458.55 467.95 458.9 473.85 462.8 472.25 472.4 464.3 462.1 467.85 
410 0.0 0.0 0.0 0.0 0.0 0.0 0.0 0.0 0.0 0.0 0.0 464.1 469.45 464.6 456.5 463.0 464.45 466.15 456.65 468.1 465.0 
411 0.0 0.0 0.0 0.0 0.0 0.0 0.0 0.0 0.0 0.0 0.0 464.05 467.4 479.1 461.75 465.8 462.4 464.9 462.8 466.75 465.05 
412 0.0 0.0 0.0 0.0 0.0 0.0 0.0 0.0 0.0 0.0 0.0 461.85 464.4 459.25 464.4 462.25 467.65 466.15 468.0 469.2 465.4 
413 0.0 0.0 0.0 0.0 0.0 0.0 0.0 0.0 0.0 0.0 0.0 452.6 451.1 461.0 468.05 466.7 462.65 460.0 473.5 460.85 463.25 
414 0.0 0.0 0.0 0.0 0.0 0.0 0.0 0.0 0.0 0.0 0.0 449.9 465.0 453.85 472.55 471.1 466.0 458.8 465.45 464.05 467.15 
415 0.0 0.0 0.0 0.0 0.0 0.0 0.0 0.0 0.0 0.0 0.0 440.65 462.1 463.55 469.1 463.95 466.9 471.3 464.2 463.05 457.05 
416 0.0 0.0 0.0 0.0 0.0 0.0 0.0 0.0 0.0 0.0 0.0 417.45 467.65 467.15 463.05 470.35 460.85 473.2 468.35 467.75 463.45 
417 0.0 0.0 0.0 0.0 0.0 0.0 0.0 0.0 0.0 0.0 0.0 394.95 462.9 478.2 466.5 458.05 471.55 465.35 471.0 459.85 465.45 
418 0.0 0.0 0.0 0.0 0.0 0.0 0.0 0.0 0.0 0.0 0.0 384.15 466.0 465.95 470.55 470.95 467.5 462.35 454.3 465.8 467.65 
419 0.0 0.0 0.0 0.0 0.0 0.0 0.0 0.0 0.0 0.0 0.0 363.9 465.15 457.0 460.75 465.2 463.0 465.55 462.95 465.0 470.0 
420 0.0 0.0 0.0 0.0 0.0 0.0 0.0 0.0 0.0 0.0 0.0 307.75 472.25 461.5 461.75 469.75 463.95 472.55 470.45 467.65 459.25 
421 0.0 0.0 0.0 0.0 0.0 0.0 0.0 0.0 0.0 0.0 0.0 256.55 461.25 474.9 466.9 464.35 458.7 462.45 468.95 461.35 466.6 
422 0.0 0.0 0.0 0.0 0.0 0.0 0.0 0.0 0.0 0.0 0.0 178.35 467.95 467.65 453.15 463.2 466.7 469.45 466.6 469.15 466.1 
423 0.0 0.0 0.0 0.0 0.0 0.0 0.0 0.0 0.0 0.0 0.0 119.7 462.55 456.25 466.15 463.35 471.25 467.35 457.7 470.7 469.3 
424 0.0 0.0 0.0 0.0 0.0 0.0 0.0 0.0 0.0 0.0 0.0 79.8 464.9 472.75 470.15 454.25 456.7 457.55 470.0 465.2 462.55 
425 0.0 0.0 0.0 0.0 0.0 0.0 0.0 0.0 0.0 0.0 0.0 71.05 470.35 457.45 468.4 463.2 466.9 455.45 455.15 469.95 462.7 
426 0.0 0.0 0.0 0.0 0.0 0.0 0.0 0.0 0.0 0.0 0.0 63.85 463.8 471.65 464.45 462.9 460.85 467.0 470.4 472.85 472.55 
427 0.0 0.0 0.0 0.0 0.0 0.0 0.0 0.0 0.0 0.0 0.0 50.65 467.0 470.2 462.9 469.6 471.45 467.65 470.25 466.45 467.7 
428 0.0 0.0 0.0 0.0 0.0 0.0 0.0 0.0 0.0 0.0 0.0 40.8 458.3 458.05 472.45 461.0 459.65 463.45 471.5 459.15 455.4 
429 0.0 0.0 0.0 0.0 0.0 0.0 0.0 0.0 0.0 0.0 0.0 24.35 465.65 468.85 468.05 464.5 469.7 465.05 466.5 464.55 462.0 
430 0.0 0.0 0.0 0.0 0.0 0.0 0.0 0.0 0.0 0.0 0.0 14.25 471.9 461.6 467.85 471.55 468.7 474.05 471.05 459.55 465.95 
431 0.0 0.0 0.0 0.0 0.0 0.0 0.0 0.0 0.0 0.0 0.0 1.5 461.6 461.05 458.1 464.7 467.9 471.25 463.65 466.5 472.3 
432 0.0 0.0 0.0 0.0 0.0 0.0 0.0 0.0 0.0 0.0 0.0 0.15 467.55 469.05 466.65 471.95 468.95 460.05 462.95 462.4 468.95 
433 0.0 0.0 0.0 0.0 0.0 0.0 0.0 0.0 0.0 0.0 0.0 0.0 464.75 466.85 466.3 468.3 471.9 464.0 462.4 462.35 465.05 
434 0.0 0.0 0.0 0.0 0.0 0.0 0.0 0.0 0.0 0.0 0.0 0.0 468.6 460.65 466.35 464.4 457.8 468.35 469.7 476.1 468.45 
435 0.0 0.0 0.0 0.0 0.0 0.0 0.0 0.0 0.0 0.0 0.0 0.0 464.95 469.55 472.75 472.2 467.45 470.55 464.25 475.45 465.65 
436 0.0 0.0 0.0 0.0 0.0 0.0 0.0 0.0 0.0 0.0 0.0 0.0 459.25 470.55 456.45 470.75 470.45 463.9 463.6 459.95 467.5 
437 0.0 0.0 0.0 0.0 0.0 0.0 0.0 0.0 0.0 0.0 0.0 0.0 472.8 466.55 478.8 471.2 468.65 461.7 472.55 476.25 467.6 
438 0.0 0.0 0.0 0.0 0.0 0.0 0.0 0.0 0.0 0.0 0.0 0.0 462.5 458.6 462.35 462.3 466.15 459.4 459.3 461.4 467.55 
439 0.0 0.0 0.0 0.0 0.0 0.0 0.0 0.0 0.0 0.0 0.0 0.0 470.55 461.25 462.45 460.1 461.75 471.7 457.6 459.65 469.85 
440 0.0 0.0 0.0 0.0 0.0 0.0 0.0 0.0 0.0 0.0 0.0 0.0 460.45 466.9 465.5 459.4 462.75 462.75 467.6 466.0 460.75 
441 0.0 0.0 0.0 0.0 0.0 0.0 0.0 0.0 0.0 0.0 0.0 0.0 459.45 466.75 464.55 465.7 462.05 463.5 468.2 455.5 467.8 
442 0.0 0.0 0.0 0.0 0.0 0.0 0.0 0.0 0.0 0.0 0.0 0.0 464.75 473.45 467.05 464.3 464.25 467.65 458.5 460.85 466.6 
443 0.0 0.0 0.0 0.0 0.0 0.0 0.0 0.0 0.0 0.0 0.0 0.0 460.45 465.05 464.3 472.1 467.75 463.6 466.85 467.1 466.15 
444 0.0 0.0 0.0 0.0 0.0 0.0 0.0 0.0 0.0 0.0 0.0 0.0 470.3 466.35 463.55 466.35 465.45 469.0 472.0 470.15 461.7 
445 0.0 0.0 0.0 0.0 0.0 0.0 0.0 0.0 0.0 0.0 0.0 0.0 471.6 465.55 461.1 460.7 461.3 463.9 467.05 467.7 462.05 
446 0.0 0.0 0.0 0.0 0.0 0.0 0.0 0.0 0.0 0.0 0.0 0.0 466.15 461.25 463.05 459.2 463.45 469.4 466.05 467.15 464.55 
447 0.0 0.0 0.0 0.0 0.0 0.0 0.0 0.0 0.0 0.0 0.0 0.0 458.5 466.2 469.0 468.0 462.45 461.1 467.9 465.7 468.3 
448 0.0 0.0 0.0 0.0 0.0 0.0 0.0 0.0 0.0 0.0 0.0 0.0 461.85 466.3 468.4 465.0 471.95 467.45 458.5 468.6 463.05 
449 0.0 0.0 0.0 0.0 0.0 0.0 0.0 0.0 0.0 0.0 0.0 0.0 465.45 463.2 460.55 467.0 463.55 462.8 459.1 460.7 458.9 
450 0.0 0.0 0.0 0.0 0.0 0.0 0.0 0.0 0.0 0.0 0.0 0.0 466.4 466.7 467.95 462.85 463.85 462.05 467.05 468.0 467.6 
451 0.0 0.0 0.0 0.0 0.0 0.0 0.0 0.0 0.0 0.0 0.0 0.0 469.5 455.5 467.05 466.5 464.55 467.9 470.6 462.7 468.4 
452 0.0 0.0 0.0 0.0 0.0 0.0 0.0 0.0 0.0 0.0 0.0 0.0 454.7 470.2 463.45 469.45 464.8 461.45 461.75 459.15 467.5 
453 0.0 0.0 0.0 0.0 0.0 0.0 0.0 0.0 0.0 0.0 0.0 0.0 425.7 462.15 463.05 464.6 468.5 459.2 461.95 470.35 465.7 
454 0.0 0.0 0.0 0.0 0.0 0.0 0.0 0.0 0.0 0.0 0.0 0.0 393.9 463.1 461.35 461.3 457.6 461.85 464.8 468.1 461.9 
455 0.0 0.0 0.0 0.0 0.0 0.0 0.0 0.0 0.0 0.0 0.0 0.0 381.55 467.65 464.15 455.05 458.55 465.4 467.9 460.95 462.5 
456 0.0 0.0 0.0 0.0 0.0 0.0 0.0 0.0 0.0 0.0 0.0 0.0 372.1 466.3 470.2 467.65 461.15 457.7 456.85 458.9 462.85 
457 0.0 0.0 0.0 0.0 0.0 0.0 0.0 0.0 0.0 0.0 0.0 0.0 369.4 459.0 465.3 474.25 470.55 467.95 467.1 464.6 462.4 
458 0.0 0.0 0.0 0.0 0.0 0.0 0.0 0.0 0.0 0.0 0.0 0.0 332.05 464.6 463.0 456.95 463.2 467.85 460.45 468.0 454.55 
459 0.0 0.0 0.0 0.0 0.0 0.0 0.0 0.0 0.0 0.0 0.0 0.0 250.0 466.75 461.6 455.5 459.6 463.2 461.9 458.4 458.25 
460 0.0 0.0 0.0 0.0 0.0 0.0 0.0 0.0 0.0 0.0 0.0 0.0 200.15 463.4 469.8 466.5 468.6 470.8 464.6 470.35 469.4 
461 0.0 0.0 0.0 0.0 0.0 0.0 0.0 0.0 0.0 0.0 0.0 0.0 120.15 464.5 465.6 462.95 465.65 462.95 454.75 458.2 462.95 
462 0.0 0.0 0.0 0.0 0.0 0.0 0.0 0.0 0.0 0.0 0.0 0.0 96.15 459.85 461.2 468.9 465.05 463.1 469.05 459.15 462.8 
463 0.0 0.0 0.0 0.0 0.0 0.0 0.0 0.0 0.0 0.0 0.0 0.0 76.4 462.7 455.4 465.15 466.25 467.7 459.6 463.2 462.45 
464 0.0 0.0 0.0 0.0 0.0 0.0 0.0 0.0 0.0 0.0 0.0 0.0 59.95 464.95 464.1 468.5 468.0 463.0 469.5 459.15 467.6 
465 0.0 0.0 0.0 0.0 0.0 0.0 0.0 0.0 0.0 0.0 0.0 0.0 36.35 472.85 465.85 459.5 464.3 460.9 469.55 465.05 456.95 
466 0.0 0.0 0.0 0.0 0.0 0.0 0.0 0.0 0.0 0.0 0.0 0.0 24.35 470.55 467.4 470.05 470.0 461.6 460.7 462.15 463.6 
467 0.0 0.0 0.0 0.0 0.0 0.0 0.0 0.0 0.0 0.0 0.0 0.0 22.55 467.2 468.5 462.9 470.9 471.75 474.4 465.5 469.75 
468 0.0 0.0 0.0 0.0 0.0 0.0 0.0 0.0 0.0 0.0 0.0 0.0 23.8 467.2 459.7 463.2 466.45 465.05 459.65 468.9 457.35 
469 0.0 0.0 0.0 0.0 0.0 0.0 0.0 0.0 0.0 0.0 0.0 0.0 3.85 461.65 469.5 471.45 455.5 456.75 460.75 456.5 469.55 
470 0.0 0.0 0.0 0.0 0.0 0.0 0.0 0.0 0.0 0.0 0.0 0.0 0.1 460.15 463.0 465.4 463.15 461.95 453.35 462.75 472.4 
471 0.0 0.0 0.0 0.0 0.0 0.0 0.0 0.0 0.0 0.0 0.0 0.0 0.0 463.05 465.35 462.85 465.9 461.8 464.0 469.1 466.5 
472 0.0 0.0 0.0 0.0 0.0 0.0 0.0 0.0 0.0 0.0 0.0 0.0 0.0 458.65 466.55 457.85 455.9 463.9 467.8 460.8 464.6 
473 0.0 0.0 0.0 0.0 0.0 0.0 0.0 0.0 0.0 0.0 0.0 0.0 0.0 475.9 467.2 463.75 460.55 461.9 460.9 469.5 470.6 
474 0.0 0.0 0.0 0.0 0.0 0.0 0.0 0.0 0.0 0.0 0.0 0.0 0.0 461.8 475.1 471.65 466.4 469.1 465.85 472.5 460.95 
475 0.0 0.0 0.0 0.0 0.0 0.0 0.0 0.0 0.0 0.0 0.0 0.0 0.0 464.9 453.5 460.25 467.3 459.75 472.55 469.1 473.0 
476 0.0 0.0 0.0 0.0 0.0 0.0 0.0 0.0 0.0 0.0 0.0 0.0 0.0 466.45 462.75 468.0 469.1 466.0 473.35 474.45 465.15 
477 0.0 0.0 0.0 0.0 0.0 0.0 0.0 0.0 0.0 0.0 0.0 0.0 0.0 469.9 472.45 471.4 463.7 474.1 462.6 466.35 472.35 
478 0.0 0.0 0.0 0.0 0.0 0.0 0.0 0.0 0.0 0.0 0.0 0.0 0.0 462.4 466.35 465.2 467.7 468.95 470.1 462.95 465.45 
479 0.0 0.0 0.0 0.0 0.0 0.0 0.0 0.0 0.0 0.0 0.0 0.0 0.0 467.45 471.75 471.9 465.2 462.55 462.45 465.15 461.1 
480 0.0 0.0 0.0 0.0 0.0 0.0 0.0 0.0 0.0 0.0 0.0 0.0 0.0 466.95 459.0 467.05 459.15 468.9 463.9 466.6 459.2 
481 0.0 0.0 0.0 0.0 0.0 0.0 0.0 0.0 0.0 0.0 0.0 0.0 0.0 458.35 466.2 461.0 472.0 466.7 460.85 466.05 467.85 
482 0.0 0.0 0.0 0.0 0.0 0.0 0.0 0.0 0.0 0.0 0.0 0.0 0.0 461.6 463.4 465.85 467.3 470.75 469.55 464.2 470.5 
483 0.0 0.0 0.0 0.0 0.0 0.0 0.0 0.0 0.0 0.0 0.0 0.0 0.0 470.65 461.3 464.0 466.05 464.55 468.25 469.15 467.75 
484 0.0 0.0 0.0 0.0 0.0 0.0 0.0 0.0 0.0 0.0 0.0 0.0 0.0 464.85 467.3 463.8 465.55 476.65 468.1 463.65 479.3 
485 0.0 0.0 0.0 0.0 0.0 0.0 0.0 0.0 0.0 0.0 0.0 0.0 0.0 466.0 462.1 457.3 469.25 459.15 476.05 474.6 472.8 
486 0.0 0.0 0.0 0.0 0.0 0.0 0.0 0.0 0.0 0.0 0.0 0.0 0.0 465.55 468.5 466.95 461.05 473.55 472.2 474.7 481.1 
487 0.0 0.0 0.0 0.0 0.0 0.0 0.0 0.0 0.0 0.0 0.0 0.0 0.0 473.25 469.45 470.3 469.45 469.0 474.25 474.85 472.75 
488 0.0 0.0 0.0 0.0 0.0 0.0 0.0 0.0 0.0 0.0 0.0 0.0 0.0 459.45 468.85 460.9 471.1 466.65 480.0 482.65 473.4 
489 0.0 0.0 0.0 0.0 0.0 0.0 0.0 0.0 0.0 0.0 0.0 0.0 0.0 447.0 459.1 469.25 472.0 478.9 476.85 476.95 482.4 
490 0.0 0.0 0.0 0.0 0.0 0.0 0.0 0.0 0.0 0.0 0.0 0.0 0.0 438.05 459.3 474.5 474.15 481.5 473.55 485.45 482.2 
491 0.0 0.0 0.0 0.0 0.0 0.0 0.0 0.0 0.0 0.0 0.0 0.0 0.0 437.95 476.4 479.6 482.15 490.1 488.5 480.3 478.9 
492 0.0 0.0 0.0 0.0 0.0 0.0 0.0 0.0 0.0 0.0 0.0 0.0 0.0 412.8 479.3 480.6 487.65 485.45 486.35 480.3 476.0 
493 0.0 0.0 0.0 0.0 0.0 0.0 0.0 0.0 0.0 0.0 0.0 0.0 0.0 377.4 473.3 485.0 485.35 477.7 485.0 491.5 482.15 
494 0.0 0.0 0.0 0.0 0.0 0.0 0.0 0.0 0.0 0.0 0.0 0.0 0.0 370.35 475.85 486.3 500.7 486.55 488.1 493.55 490.05 
495 0.0 0.0 0.0 0.0 0.0 0.0 0.0 0.0 0.0 0.0 0.0 0.0 0.0 352.7 494.55 494.2 496.8 494.8 493.45 490.15 491.0 
496 0.0 0.0 0.0 0.0 0.0 0.0 0.0 0.0 0.0 0.0 0.0 0.0 0.0 302.05 512.55 508.9 503.0 499.45 498.7 495.3 499.2 
497 0.0 0.0 0.0 0.0 0.0 0.0 0.0 0.0 0.0 0.0 0.0 0.0 0.0 287.9 523.45 518.9 504.25 500.85 500.3 488.6 497.0 
498 0.0 0.0 0.0 0.0 0.0 0.0 0.0 0.0 0.0 0.0 0.0 0.0 0.0 257.5 542.75 524.8 510.55 509.25 499.0 493.4 492.65 
499 0.0 0.0 0.0 0.0 0.0 0.0 0.0 0.0 0.0 0.0 0.0 0.0 0.0 148.3 270.2 259.8 254.5 259.1 252.95 254.65 248.45 
