0 100.4 286.35 279.75 271.65 263.35 261.55 260.65 255.7 260.55 260.0 260.1 252.9 256.3 255.0 262.7 261.85 259.6 259.15 255.3 252.0 254.1 
1 0.2 563.5 550.1 528.8 526.3 514.4 522.1 521.95 511.75 523.4 518.5 520.35 515.35 520.8 512.55 521.1 520.05 514.85 512.55 509.75 519.05 
2 0.0 549.0 534.1 525.45 531.85 525.65 523.6 529.45 522.55 504.55 518.3 512.75 522.1 510.35 510.7 518.0 520.0 517.85 512.15 516.6 504.4 
3 0.0 537.9 528.6 529.5 520.35 523.05 516.95 512.75 513.1 518.95 508.3 520.25 516.7 517.25 505.5 513.95 508.25 517.45 520.9 511.0 506.5 
4 0.0 529.55 524.05 526.55 528.2 513.6 522.65 529.85 509.3 516.0 504.75 511.6 507.75 512.4 515.7 501.9 511.05 509.55 509.0 519.55 511.35 
5 0.0 510.05 514.85 522.8 521.8 529.4 515.15 515.3 519.35 507.75 506.65 510.7 506.1 515.75 517.25 506.5 515.45 513.45 505.85 501.75 505.45 
6 0.0 500.35 506.2 515.05 509.8 520.1 512.35 504.7 510.05 516.55 516.1 511.0 509.85 510.3 511.05 514.7 509.5 507.05 513.6 508.35 507.5 
7 0.0 508.8 511.8 509.55 507.3 508.3 511.3 510.4 514.8 505.5 518.15 508.9 509.85 510.15 507.25 512.85 497.2 509.5 509.7 506.5 510.65 
8 0.0 490.75 504.8 507.8 514.5 507.25 518.2 504.5 506.65 509.1 511.95 506.0 513.8 502.7 507.75 512.65 505.35 507.4 498.35 506.05 511.05 
9 0.0 486.7 501.3 511.7 502.0 506.0 502.1 507.7 508.8 503.75 506.1 507.25 511.2 508.95 505.45 505.8 504.35 498.6 500.3 514.9 508.85 
10 0.0 496.95 503.2 500.8 500.9 502.3 507.55 504.05 508.9 510.95 510.35 509.65 508.3 511.6 508.4 503.8 502.25 502.5 504.9 509.95 506.75 
11 0.0 492.15 493.1 498.5 495.8 500.35 499.9 504.8 502.4 501.75 509.15 504.4 500.95 493.1 504.35 503.25 516.0 498.6 513.2 502.7 505.45 
12 0.0 492.05 500.55 493.85 506.2 510.7 505.65 505.65 501.4 516.9 505.7 504.25 508.15 502.65 511.15 496.8 496.7 499.7 510.2 498.35 499.2 
13 0.0 492.5 495.5 489.2 492.75 498.05 506.8 500.15 500.9 510.9 499.05 515.45 506.75 503.45 501.0 501.35 508.25 506.3 503.85 511.5 507.7 
14 0.0 494.45 491.65 492.1 495.45 499.15 488.1 500.15 499.95 504.7 492.7 498.65 499.95 500.7 499.5 507.85 501.2 511.7 504.1 501.7 487.25 
15 0.0 490.15 490.65 501.1 500.75 507.0 503.7 506.95 505.05 500.05 507.8 504.7 499.05 511.8 502.7 497.55 499.75 504.95 492.9 504.7 505.75 
16 0.0 492.6 488.25 494.2 499.25 493.55 494.75 494.7 501.2 491.1 497.7 496.25 500.4 503.2 510.7 494.9 501.75 505.5 504.3 497.1 504.15 
17 0.0 488.85 486.45 486.95 487.05 495.45 499.75 485.75 491.15 498.25 499.95 496.65 490.85 500.65 492.4 495.75 500.05 497.3 501.05 479.9 496.2 
18 0.0 492.85 492.45 492.8 495.95 483.75 495.9 501.35 502.35 489.85 492.05 496.45 496.7 497.2 499.9 499.8 490.05 490.15 495.95 506.7 505.0 
19 0.0 493.8 499.2 487.0 490.7 497.6 491.15 495.1 494.4 488.8 501.05 502.35 505.9 497.0 492.85 495.2 501.6 502.5 490.25 497.15 483.4 
20 0.0 492.9 492.25 498.35 490.5 488.6 493.7 493.35 490.0 495.25 493.95 495.2 493.55 504.65 499.2 492.6 493.65 488.9 504.25 499.05 500.4 
21 0.0 500.1 489.45 498.85 497.95 489.85 491.8 493.9 498.7 496.7 489.9 492.05 496.3 491.95 490.55 498.1 496.15 490.5 490.25 493.1 498.2 
22 0.0 489.85 489.8 495.4 484.85 492.55 487.0 487.0 491.15 501.85 498.55 495.7 494.0 490.65 491.45 493.55 497.5 491.7 498.4 493.7 502.1 
23 0.0 486.0 492.3 494.2 496.4 501.85 493.75 497.55 495.65 491.55 496.45 489.8 489.55 492.6 495.85 488.75 490.1 497.3 495.6 499.85 498.0 
24 0.0 494.15 496.2 489.35 500.75 490.6 491.5 494.1 496.6 493.85 492.95 487.8 489.95 493.75 494.8 503.2 503.3 506.9 497.0 502.65 490.35 
25 0.0 495.05 490.75 491.9 495.0 489.9 493.7 488.4 484.9 485.5 488.75 495.3 497.55 488.8 503.65 495.5 493.7 498.75 497.85 490.5 504.1 
26 0.0 483.6 491.45 485.6 491.7 491.7 493.5 489.6 495.75 495.2 497.9 491.65 487.65 492.3 496.8 495.85 487.45 487.05 494.55 489.0 495.25 
27 0.0 486.6 488.85 489.3 484.5 496.3 494.45 493.65 491.2 491.65 491.85 503.25 498.5 494.15 483.95 505.95 493.65 494.7 500.2 498.8 496.7 
28 0.0 490.65 492.9 489.3 493.6 488.0 488.1 490.0 492.8 485.2 489.0 488.6 497.15 486.65 487.05 496.2 496.7 494.55 490.2 501.1 493.15 
29 0.0 491.4 489.15 494.7 489.35 490.0 481.35 500.55 487.45 487.3 482.7 488.05 487.15 492.85 485.75 489.7 492.2 483.0 495.35 490.45 487.3 
30 0.0 498.2 489.2 488.2 486.3 484.2 487.45 490.9 492.85 492.15 486.95 484.95 490.3 489.2 495.3 489.3 501.1 485.5 487.25 493.1 496.7 
31 0.0 486.9 491.2 488.1 493.15 487.5 491.0 478.0 497.05 493.7 493.85 498.55 496.85 496.55 501.5 488.05 490.15 504.25 498.3 492.5 496.6 
32 0.0 508.35 493.9 499.85 496.15 490.45 487.45 494.05 488.9 505.95 496.55 480.7 485.4 493.6 495.05 486.85 489.7 489.45 484.55 491.3 496.1 
33 0.0 486.65 492.95 496.5 488.65 494.55 499.1 494.35 497.05 491.05 496.3 497.65 488.55 492.2 484.6 489.95 491.05 496.85 495.5 500.65 485.6 
34 0.0 491.1 487.85 492.45 487.8 492.85 495.45 497.55 489.3 482.3 493.45 493.9 489.4 487.05 489.5 492.9 496.85 503.1 500.85 484.85 496.55 
35 0.0 486.15 502.2 482.0 492.55 494.2 491.9 492.35 489.05 487.0 493.4 492.4 494.9 489.6 492.35 496.7 490.85 495.45 493.9 490.6 491.3 
36 0.0 486.55 484.8 502.1 488.65 491.65 491.95 486.5 478.65 486.7 484.3 495.2 491.95 491.9 493.45 485.15 492.8 487.4 489.5 495.0 497.45 
37 0.0 496.3 491.45 490.2 499.05 490.4 499.0 493.3 495.65 498.55 496.3 481.45 478.95 494.65 484.25 494.3 493.45 494.75 491.45 494.2 492.7 
38 0.0 493.05 492.3 489.2 489.85 494.1 496.35 491.35 490.8 496.95 493.2 491.05 499.85 478.65 496.3 490.05 499.95 493.25 487.35 491.05 496.35 
39 0.0 502.45 493.0 490.5 492.35 487.05 487.35 488.75 491.05 496.9 492.65 486.6 491.85 498.45 499.6 499.65 488.2 484.05 486.9 492.8 491.65 
40 0.0 494.15 486.65 483.95 495.75 503.35 484.3 484.25 496.35 487.5 485.35 501.1 487.85 489.65 495.8 495.7 486.75 485.1 493.05 491.35 495.1 
41 0.0 488.85 497.8 493.2 486.45 486.0 492.25 497.7 491.45 495.65 496.45 497.9 506.15 486.35 489.65 488.8 485.9 480.75 485.65 494.3 495.95 
42 0.0 491.0 484.05 496.65 493.5 487.95 491.5 495.15 490.95 486.45 493.55 496.45 489.65 502.65 490.6 494.9 484.7 492.6 495.75 498.45 495.35 
43 0.0 489.6 495.55 489.2 484.45 491.7 489.85 495.7 500.2 493.4 495.05 492.5 490.55 494.55 481.65 489.15 495.1 497.5 489.2 489.25 479.6 
44 0.0 472.75 499.35 498.3 496.95 491.35 492.35 491.5 496.85 491.6 495.45 495.25 505.3 493.1 492.25 488.8 491.15 490.2 497.9 492.2 490.05 
45 0.0 442.05 491.1 488.75 499.8 492.4 498.9 497.1 492.4 500.2 483.55 490.05 492.1 491.9 496.5 491.05 493.55 486.45 495.75 484.3 486.45 
46 0.0 358.05 488.8 499.5 496.45 495.35 488.85 496.15 498.05 489.0 491.75 489.65 483.1 484.7 490.25 494.85 493.65 498.1 479.45 492.5 490.05 
47 0.0 261.1 500.7 497.55 490.15 491.55 496.75 496.7 496.45 495.8 494.2 481.85 495.2 497.35 486.5 484.4 494.75 493.65 482.85 486.75 486.6 
48 0.0 161.95 495.25 501.35 493.0 502.1 499.55 493.95 494.95 493.75 501.05 492.55 491.4 484.7 482.15 497.5 485.15 497.25 494.8 491.45 486.6 
49 0.0 52.75 494.35 491.0 487.1 495.45 491.9 501.9 495.65 494.7 493.8 494.75 495.45 497.8 491.15 494.15 490.5 490.2 484.55 484.65 488.5 
50 0.0 6.05 488.2 484.35 497.8 492.05 499.85 489.8 489.75 494.0 484.0 488.15 482.65 494.6 496.15 485.75 497.9 500.7 494.3 492.55 485.5 
51 0.0 0.05 496.3 489.85 488.45 489.9 492.65 487.05 494.85 487.55 491.2 494.0 494.4 493.75 497.9 492.6 490.65 492.45 496.0 493.6 498.2 
52 0.0 0.0 489.95 496.2 488.4 493.65 487.5 485.8 481.5 490.85 490.05 500.45 495.85 495.75 498.95 480.7 494.25 489.7 493.85 499.25 502.0 
53 0.0 0.0 491.75 486.4 495.35 496.9 491.3 492.0 493.05 486.7 491.6 489.1 484.7 495.95 491.6 503.15 490.9 480.5 500.15 493.15 498.15 
54 0.0 0.0 487.85 490.8 495.55 491.1 502.8 493.25 489.2 487.4 498.3 498.7 495.35 486.15 492.05 497.25 486.4 489.25 497.6 492.85 499.05 
55 0.0 0.0 485.55 492.4 497.2 492.4 483.7 486.45 483.6 498.35 484.6 487.65 488.65 494.95 500.05 489.45 494.2 487.5 487.85 499.95 502.7 
56 0.0 0.0 483.85 484.9 493.25 497.4 495.1 486.1 482.75 489.4 492.15 492.65 500.25 488.55 494.7 502.1 499.4 493.3 493.85 487.75 487.8 
57 0.0 0.0 497.05 485.1 486.25 494.0 491.95 494.0 492.35 491.8 493.0 489.75 489.6 490.4 484.7 492.5 487.85 499.6 493.3 494.25 492.8 
58 0.0 0.0 485.7 491.9 494.9 491.7 487.25 496.25 486.8 485.4 494.85 485.65 489.95 487.25 488.3 491.85 494.4 494.45 486.65 495.75 488.8 
59 0.0 0.0 495.55 496.45 485.85 482.65 488.35 490.9 496.9 484.5 491.9 503.5 491.9 496.55 495.35 493.4 486.9 493.15 484.9 485.3 491.0 
60 0.0 0.0 498.85 498.05 493.05 494.05 486.65 495.4 486.2 497.9 494.35 487.5 493.7 488.05 495.5 483.75 492.15 491.7 487.3 487.4 489.1 
61 0.0 0.0 496.4 493.05 490.4 488.2 488.25 495.85 490.65 499.0 488.5 494.7 489.4 495.75 490.35 493.45 494.05 494.9 499.6 492.8 488.5 
62 0.0 0.0 495.75 485.65 492.6 482.55 494.25 487.25 504.45 500.55 497.6 494.6 494.3 495.6 500.15 492.95 491.1 486.65 498.6 500.75 499.1 
63 0.0 0.0 486.6 492.05 497.1 486.6 490.0 484.8 497.8 491.3 494.45 491.7 498.05 492.6 492.95 496.6 496.5 482.35 498.7 492.3 493.45 
64 0.0 0.0 488.25 490.6 484.05 495.3 495.75 501.3 482.6 486.65 492.05 484.2 486.65 495.6 487.05 496.15 496.95 499.6 492.75 494.3 496.15 
65 0.0 0.0 487.55 492.4 492.35 492.65 489.05 476.85 487.95 491.65 490.85 493.95 489.15 497.5 488.75 490.55 498.15 495.4 493.95 490.5 490.7 
66 0.0 0.0 491.05 489.9 490.45 487.65 481.55 494.5 499.1 484.65 491.7 500.1 494.8 484.5 487.5 490.3 491.9 504.5 495.95 493.8 486.65 
67 0.0 0.0 493.4 497.85 492.0 497.35 495.2 493.3 494.35 489.15 481.7 490.2 489.75 481.4 497.45 494.9 495.2 488.1 497.2 496.7 496.35 
68 0.0 0.0 495.2 498.7 490.15 492.75 492.7 493.2 500.75 494.65 500.45 487.85 489.65 491.85 493.85 492.2 493.65 493.65 496.1 484.0 502.45 
69 0.0 0.0 486.0 492.9 498.5 497.15 497.9 490.55 488.25 495.0 492.45 486.55 488.45 489.9 484.1 496.15 489.6 491.7 487.85 499.8 495.1 
70 0.0 0.0 501.7 489.45 481.7 491.25 491.0 494.3 493.3 499.15 494.7 491.8 498.9 493.7 494.0 489.35 494.0 496.35 493.3 498.5 485.8 
71 0.0 0.0 495.65 488.9 495.85 492.15 490.55 488.65 496.35 495.1 485.85 504.5 498.5 494.2 493.7 498.55 497.95 499.6 495.8 495.55 493.65 
72 0.0 0.0 481.4 487.65 493.9 491.75 495.8 498.45 492.8 491.55 494.1 496.1 480.6 496.0 497.7 496.85 489.35 496.0 487.35 495.85 493.3 
73 0.0 0.0 489.1 488.2 502.55 492.4 494.6 488.8 492.85 491.15 494.95 488.95 497.25 491.95 497.55 496.3 492.65 498.9 484.05 482.75 496.85 
74 0.0 0.0 494.1 489.8 493.75 500.95 501.65 497.15 498.65 495.25 497.95 497.2 489.65 494.1 480.15 487.9 493.6 481.35 494.2 500.65 489.4 
75 0.0 0.0 495.6 499.65 492.6 496.55 490.9 489.65 484.0 496.6 490.85 494.1 488.4 496.1 498.8 481.9 485.25 487.55 492.2 484.9 494.7 
76 0.0 0.0 490.05 487.0 486.0 491.5 486.55 492.3 491.4 493.35 486.55 486.55 489.0 497.9 493.95 494.75 487.3 494.85 486.65 487.65 492.15 
77 0.0 0.0 497.35 497.15 495.45 487.8 492.2 493.1 495.25 492.75 493.15 486.45 500.4 489.95 484.6 487.75 493.25 489.3 498.0 486.65 498.4 
78 0.0 0.0 492.1 490.7 494.25 490.25 482.7 501.25 495.15 492.0 499.2 496.2 492.45 492.7 492.3 485.65 496.9 493.95 490.75 496.7 488.35 
79 0.0 0.0 490.45 496.25 490.0 490.85 487.3 492.65 489.3 494.75 493.2 484.6 495.35 488.0 490.7 488.2 487.65 481.1 495.25 491.7 483.9 
80 0.0 0.0 491.05 492.3 484.7 487.85 494.25 492.25 486.55 482.1 490.45 496.7 500.05 487.6 495.4 496.45 493.65 493.85 486.05 490.7 498.25 
81 0.0 0.0 489.55 488.85 489.75 494.5 496.7 485.4 487.6 485.05 498.6 495.25 484.8 488.6 484.7 492.25 488.5 490.65 491.6 488.95 490.15 
82 0.0 0.0 494.3 489.35 488.95 489.7 495.95 492.0 496.0 489.35 483.95 496.25 491.4 487.5 490.7 489.6 487.95 486.05 492.1 496.5 486.95 
83 0.0 0.0 493.4 486.35 488.65 488.7 485.6 487.05 488.45 487.55 475.45 486.6 493.35 500.6 492.0 487.3 492.6 496.45 483.95 485.4 485.6 
84 0.0 0.0 494.85 497.45 495.15 495.25 505.35 492.75 493.1 494.05 499.15 487.25 487.95 490.2 494.05 489.3 487.6 488.15 491.35 488.5 497.15 
85 0.0 0.0 487.35 499.4 484.9 484.1 492.35 497.6 487.65 492.55 494.75 481.5 485.2 494.7 493.3 491.2 488.05 493.55 492.1 484.95 482.0 
86 0.0 0.0 492.2 488.75 493.2 492.35 485.25 485.75 486.75 489.45 492.7 496.15 496.45 490.65 486.85 493.95 492.05 488.95 486.8 490.75 490.05 
87 0.0 0.0 490.85 491.55 505.25 492.35 489.55 492.5 493.85 499.55 490.05 490.4 494.6 489.65 495.75 490.2 492.25 489.75 485.05 489.75 489.25 
88 0.0 0.0 494.65 489.25 487.8 492.7 489.1 496.6 494.45 490.5 489.6 489.8 493.15 496.0 491.4 490.15 498.25 495.4 492.7 489.2 481.3 
89 0.0 0.0 486.9 496.7 496.0 492.2 493.6 491.75 494.35 489.95 489.8 495.7 487.8 483.15 485.4 496.5 494.35 493.55 495.65 493.75 486.75 
90 0.0 0.0 501.6 494.25 485.15 488.85 487.4 485.15 489.2 494.0 483.65 491.45 495.75 497.0 498.45 491.0 486.0 488.85 489.05 492.1 495.8 
91 0.0 0.0 488.15 494.0 487.65 501.3 491.3 488.45 492.9 489.95 489.55 486.85 487.55 488.05 494.1 490.1 488.35 487.5 492.1 488.3 489.65 
92 0.0 0.0 479.8 483.15 496.75 482.7 491.4 486.45 487.0 490.45 489.8 490.6 486.6 484.7 493.2 490.05 499.15 482.8 500.75 496.3 491.15 
93 0.0 0.0 410.05 497.6 488.8 494.6 498.1 491.1 492.65 486.7 492.4 488.55 492.9 495.95 484.65 495.05 489.15 490.95 484.1 491.6 482.05 
94 0.0 0.0 324.15 487.75 495.6 490.65 497.65 489.5 489.6 490.1 492.35 489.7 488.55 488.7 494.1 492.8 488.1 499.6 491.3 482.95 494.05 
95 0.0 0.0 186.95 494.1 485.6 492.5 490.75 484.95 481.6 490.85 489.95 495.05 499.35 494.4 489.5 492.55 489.25 496.15 488.6 485.6 492.8 
96 0.0 0.0 87.65 488.0 501.65 495.9 484.9 491.7 500.45 493.5 490.6 484.25 491.3 486.0 493.5 480.9 496.05 496.45 495.6 494.8 488.9 
97 0.0 0.0 12.15 490.65 489.8 491.75 489.15 495.5 496.1 492.55 493.45 499.5 485.6 501.65 487.85 494.35 495.45 495.5 490.75 492.05 489.7 
98 0.0 0.0 1.0 490.45 485.0 484.4 493.75 493.45 491.4 490.9 490.3 488.3 491.8 490.65 485.65 489.0 492.5 489.8 495.2 497.0 491.75 
99 0.0 0.0 0.0 487.95 492.0 480.4 488.25 485.2 492.45 500.95 493.05 498.6 488.5 488.2 493.15 491.15 487.9 486.65 491.3 488.45 502.65 
100 0.0 0.0 0.0 491.25 487.8 492.3 489.45 493.0 489.65 487.0 493.25 493.95 492.2 496.9 496.0 492.45 489.45 487.8 489.25 494.15 500.15 
101 0.0 0.0 0.0 493.9 497.5 495.8 498.95 494.05 491.25 497.3 492.1 489.95 496.2 478.6 495.2 493.75 488.95 491.4 497.9 499.0 485.65 
102 0.0 0.0 0.0 492.5 499.2 500.25 492.8 503.65 489.9 495.7 498.85 500.85 493.3 494.2 492.3 494.05 488.8 490.65 496.25 491.1 500.25 
103 0.0 0.0 0.0 491.45 487.9 492.95 487.35 491.2 501.8 498.35 498.0 486.15 489.4 499.15 491.2 489.85 489.7 498.35 489.45 484.8 483.55 
104 0.0 0.0 0.0 496.65 480.0 486.85 489.4 496.15 494.5 493.95 504.5 491.8 499.55 493.05 491.35 490.4 493.15 499.7 487.15 493.95 481.4 
105 0.0 0.0 0.0 491.55 497.15 497.45 494.4 485.55 497.65 485.95 490.2 495.95 495.25 490.9 491.85 494.0 497.3 487.65 495.8 495.8 485.1 
106 0.0 0.0 0.0 494.1 500.55 485.45 498.05 495.5 493.75 492.85 495.3 494.0 490.95 493.45 494.05 491.35 490.15 490.4 484.95 488.6 503.6 
107 0.0 0.0 0.0 495.55 494.95 488.6 493.0 494.6 497.0 489.0 486.95 495.25 481.95 488.1 492.85 489.55 492.35 489.9 495.7 490.1 490.25 
108 0.0 0.0 0.0 488.45 487.15 497.25 487.8 488.15 495.05 483.0 489.7 487.0 500.75 493.9 492.9 495.4 494.35 491.1 492.1 488.7 490.7 
109 0.0 0.0 0.0 479.4 492.1 491.5 490.95 494.95 493.55 498.65 492.4 480.6 491.15 499.4 489.05 493.55 499.45 496.8 494.8 494.55 497.65 
110 0.0 0.0 0.0 497.15 484.7 491.55 490.4 492.0 479.6 493.35 479.1 501.7 485.2 484.1 489.0 499.2 485.45 485.0 493.2 501.95 495.3 
111 0.0 0.0 0.0 492.85 500.75 489.6 489.8 494.25 488.55 493.1 494.25 487.45 495.35 499.35 491.4 482.9 489.45 492.05 495.6 490.4 489.85 
112 0.0 0.0 0.0 492.15 494.2 495.5 495.45 495.4 488.35 491.05 489.8 484.5 488.5 490.1 493.3 494.2 490.95 492.65 490.2 494.45 491.25 
113 0.0 0.0 0.0 492.45 484.2 499.0 502.3 486.0 495.15 491.0 492.65 488.2 487.95 496.7 496.65 495.0 493.1 492.8 488.3 493.8 494.35 
114 0.0 0.0 0.0 484.4 489.25 488.3 492.85 499.65 487.75 491.6 485.5 498.25 485.8 480.05 494.4 490.25 490.4 491.9 489.45 486.6 500.8 
115 0.0 0.0 0.0 498.9 485.55 496.25 486.8 494.75 491.05 490.4 480.7 494.85 497.2 497.25 491.2 491.6 497.2 490.6 491.35 494.45 493.6 
116 0.0 0.0 0.0 485.8 501.85 496.85 488.95 492.0 494.2 487.8 493.4 484.95 499.7 486.65 491.1 484.6 490.25 495.65 493.1 495.9 489.95 
117 0.0 0.0 0.0 490.4 496.25 478.75 498.75 484.6 487.25 489.35 502.95 483.95 485.6 501.45 493.25 492.25 487.3 489.45 496.65 497.15 492.9 
118 0.0 0.0 0.0 494.75 486.5 486.6 492.25 484.75 493.0 491.75 489.25 493.95 493.8 493.1 490.5 488.55 495.0 478.85 494.45 490.5 485.95 
119 0.0 0.0 0.0 491.75 495.55 493.1 490.75 497.9 495.95 494.15 497.2 498.7 493.0 492.8 493.2 493.35 493.2 498.95 489.65 491.9 498.95 
120 0.0 0.0 0.0 502.7 485.15 491.4 491.0 489.35 488.55 493.25 492.85 495.1 499.4 486.8 489.6 497.1 482.3 498.75 496.75 496.7 490.7 
121 0.0 0.0 0.0 494.7 491.6 499.65 495.15 489.15 486.9 491.05 498.25 499.1 493.2 487.85 490.45 495.35 493.15 493.95 497.2 491.6 492.55 
122 0.0 0.0 0.0 485.8 500.15 484.6 491.1 488.8 485.7 493.3 492.3 498.1 490.7 495.7 493.4 489.55 500.45 503.2 485.5 488.9 490.45 
123 0.0 0.0 0.0 495.4 482.2 501.5 483.25 486.95 486.35 490.55 493.05 490.75 492.8 498.3 498.2 501.15 496.25 489.85 488.75 484.4 485.2 
124 0.0 0.0 0.0 499.55 499.3 484.45 494.25 497.3 487.35 496.0 493.2 494.05 500.7 504.35 498.5 492.25 495.8 488.95 491.7 500.05 494.25 
125 0.0 0.0 0.0 489.75 499.75 496.0 477.65 493.3 490.15 493.1 488.95 494.95 490.05 485.05 496.75 487.05 500.15 488.35 492.65 495.45 499.35 
126 0.0 0.0 0.0 489.0 490.35 496.15 488.75 494.85 505.9 496.95 486.05 494.05 493.6 494.9 481.35 499.1 489.1 497.5 499.5 493.35 490.55 
127 0.0 0.0 0.0 486.0 485.95 502.4 504.35 490.4 497.35 486.9 492.6 496.4 494.95 491.15 491.05 496.35 495.0 498.9 496.55 492.75 499.7 
128 0.0 0.0 0.0 499.5 489.9 494.05 490.6 495.5 488.9 492.5 491.3 491.9 490.95 492.5 494.3 500.75 488.65 486.85 502.6 492.15 494.35 
129 0.0 0.0 0.0 492.85 491.85 484.65 493.7 488.2 494.7 490.35 500.9 490.85 490.75 488.55 491.1 484.15 495.95 494.15 479.6 488.65 492.25 
130 0.0 0.0 0.0 490.2 496.55 488.25 494.75 491.1 498.2 489.9 494.1 491.45 488.1 494.8 488.75 485.8 492.55 488.5 501.45 488.15 496.95 
131 0.0 0.0 0.0 482.95 502.4 495.25 493.05 494.25 492.1 492.8 491.75 485.55 490.25 496.15 491.0 489.2 493.65 495.45 481.25 488.8 493.4 
132 0.0 0.0 0.0 493.1 484.5 487.7 490.15 492.9 500.5 499.25 488.1 493.2 491.45 486.2 488.8 492.2 491.7 488.15 500.1 498.25 490.3 
133 0.0 0.0 0.0 496.65 492.35 492.9 491.3 487.35 482.65 486.7 492.6 489.4 498.15 484.0 488.4 488.85 487.65 503.15 487.1 491.15 484.6 
134 0.0 0.0 0.0 490.95 493.4 495.15 492.65 494.75 487.6 496.15 502.5 495.35 481.95 487.15 494.8 493.0 496.95 492.7 495.4 491.75 481.9 
135 0.0 0.0 0.0 490.85 495.4 495.45 498.2 487.6 498.75 492.05 489.5 493.65 498.3 494.35 485.65 492.95 483.35 485.25 494.6 492.0 491.65 
136 0.0 0.0 0.0 489.1 488.5 486.65 497.75 505.05 496.7 495.95 495.75 487.6 489.6 491.95 492.7 484.85 489.35 491.05 485.6 500.1 504.2 
137 0.0 0.0 0.0 492.2 482.25 487.6 496.35 494.55 489.5 489.95 483.85 491.45 495.95 502.3 490.9 489.9 481.35 486.15 487.2 488.95 489.3 
138 0.0 0.0 0.0 493.45 487.2 497.1 484.4 496.4 496.3 497.2 488.5 493.5 494.2 488.45 502.0 494.75 492.5 503.9 496.85 489.4 491.05 
139 0.0 0.0 0.0 487.0 501.85 492.5 488.2 492.1 488.65 486.95 491.85 492.25 487.0 488.4 489.65 498.2 503.05 496.4 490.4 495.8 490.15 
140 0.0 0.0 0.0 434.25 497.95 494.25 494.6 491.2 491.75 490.55 496.95 487.4 493.5 498.4 502.1 499.35 495.2 486.2 494.15 494.0 495.55 
141 0.0 0.0 0.0 354.95 491.45 490.5 491.4 483.55 497.2 492.25 493.75 499.75 489.05 483.7 492.35 493.5 494.65 487.9 494.0 486.65 498.95 
142 0.0 0.0 0.0 232.95 492.35 494.15 486.75 495.65 488.15 491.25 492.4 495.2 498.65 500.8 491.3 489.05 488.75 490.9 491.9 491.55 487.25 
143 0.0 0.0 0.0 97.9 488.5 486.8 505.15 493.25 494.2 492.65 491.9 486.8 493.5 487.1 493.4 491.95 489.3 492.55 489.9 487.4 485.3 
144 0.0 0.0 0.0 73.6 490.6 499.0 487.5 491.0 495.1 501.25 498.0 491.25 496.65 496.8 494.8 491.75 489.55 495.55 494.1 494.1 492.6 
145 0.0 0.0 0.0 21.4 495.55 495.3 488.9 491.0 496.0 491.1 488.6 494.3 484.2 496.5 491.1 490.6 502.65 488.75 482.85 494.05 498.45 
146 0.0 0.0 0.0 3.6 490.6 488.8 491.0 498.2 492.8 488.0 496.5 499.8 497.1 493.85 486.55 498.5 482.65 491.05 491.35 491.2 487.6 
147 0.0 0.0 0.0 0.45 490.25 489.5 491.3 499.35 490.15 495.95 477.6 491.5 497.85 493.2 488.65 498.4 496.65 496.0 493.05 500.45 489.45 
148 0.0 0.0 0.0 0.0 488.5 493.3 491.05 490.25 488.85 493.6 498.7 492.25 487.8 486.3 500.3 491.75 490.6 487.15 490.1 496.6 495.4 
149 0.0 0.0 0.0 0.0 492.05 489.9 496.7 488.65 495.95 495.65 492.0 486.1 485.35 487.2 490.35 488.05 486.85 492.0 496.15 487.8 491.5 
150 0.0 0.0 0.0 0.0 490.5 494.7 495.7 483.05 491.7 480.2 491.95 484.0 491.75 492.6 486.5 488.05 497.4 485.15 499.85 504.45 487.75 
151 0.0 0.0 0.0 0.0 484.2 489.55 483.45 482.95 482.8 487.35 491.65 487.0 491.0 498.55 496.25 483.8 487.55 496.45 498.25 486.05 501.35 
152 0.0 0.0 0.0 0.0 495.45 488.4 486.25 492.4 485.65 486.8 499.75 503.9 488.0 493.4 495.95 488.8 487.6 491.25 493.2 491.55 499.5 
153 0.0 0.0 0.0 0.0 496.3 483.4 488.55 487.95 495.05 489.45 481.65 500.1 483.65 481.3 489.45 490.45 492.55 503.15 490.4 489.6 494.9 
154 0.0 0.0 0.0 0.0 489.65 491.1 496.0 501.3 490.1 505.85 487.4 492.65 490.65 488.25 495.6 489.6 494.05 483.55 491.35 492.3 488.6 
155 0.0 0.0 0.0 0.0 497.85 496.55 494.8 485.25 492.25 491.7 494.3 487.05 498.2 489.25 489.0 504.0 492.7 491.3 482.25 488.75 492.2 
156 0.0 0.0 0.0 0.0 486.1 486.8 494.9 490.5 489.2 493.1 494.35 486.45 489.9 496.2 488.95 495.55 497.0 489.1 479.05 484.25 488.35 
157 0.0 0.0 0.0 0.0 493.2 499.25 489.7 493.65 495.2 493.1 491.75 491.15 488.05 494.7 489.65 497.2 498.65 491.2 494.8 492.45 495.85 
158 0.0 0.0 0.0 0.0 493.8 505.35 498.65 493.6 490.45 493.6 494.05 489.2 493.35 495.75 486.6 486.95 491.5 492.85 490.75 490.8 487.3 
159 0.0 0.0 0.0 0.0 493.65 488.8 485.25 487.5 496.4 487.8 488.0 488.5 493.65 492.8 500.1 491.05 488.8 485.45 491.0 481.1 486.55 
160 0.0 0.0 0.0 0.0 491.0 487.7 496.45 499.95 490.65 490.75 486.2 490.35 488.3 492.15 499.65 494.8 492.9 491.3 489.6 494.8 487.45 
161 0.0 0.0 0.0 0.0 489.05 495.65 495.9 490.85 492.95 492.0 486.9 495.05 500.05 493.75 499.3 494.6 493.5 490.15 494.8 497.75 493.3 
162 0.0 0.0 0.0 0.0 503.05 490.95 496.35 501.2 490.1 493.95 489.1 491.5 491.1 488.15 492.4 486.95 486.9 491.2 495.3 492.25 488.5 
163 0.0 0.0 0.0 0.0 491.6 492.1 483.7 494.3 487.65 489.95 490.5 494.55 495.7 492.5 489.9 499.5 490.55 494.8 499.15 486.7 503.75 
164 0.0 0.0 0.0 0.0 493.15 494.75 489.45 491.85 494.85 494.7 493.9 489.35 490.4 490.2 486.15 486.55 484.75 494.45 487.85 496.6 503.05 
165 0.0 0.0 0.0 0.0 497.0 495.3 486.55 495.15 486.75 495.7 491.45 487.0 490.2 493.25 485.95 492.95 489.7 490.85 498.2 489.7 479.45 
166 0.0 0.0 0.0 0.0 488.3 488.95 498.1 491.8 496.2 484.75 499.05 498.9 491.6 487.75 496.8 483.8 488.05 494.7 496.6 496.95 485.7 
167 0.0 0.0 0.0 0.0 490.05 497.1 486.0 499.1 503.45 488.7 497.85 486.05 489.85 495.7 487.6 495.4 493.7 490.1 486.5 491.85 487.3 
168 0.0 0.0 0.0 0.0 490.3 490.7 494.95 485.15 492.45 490.55 488.05 489.2 494.85 484.7 486.9 494.45 494.9 493.95 492.5 488.25 481.45 
169 0.0 0.0 0.0 0.0 489.0 492.9 500.65 495.1 488.1 490.8 498.2 488.55 491.5 489.75 487.4 491.45 500.85 493.45 498.35 490.75 494.25 
170 0.0 0.0 0.0 0.0 495.6 490.0 491.9 489.25 482.5 487.8 489.65 494.55 488.1 495.9 492.1 490.7 493.9 492.5 497.4 485.7 489.8 
171 0.0 0.0 0.0 0.0 495.4 487.1 497.45 487.35 496.45 492.7 489.6 487.5 483.1 491.35 494.9 494.0 492.6 491.6 484.45 495.25 495.8 
172 0.0 0.0 0.0 0.0 501.55 489.65 484.75 490.6 488.95 489.75 488.45 491.95 487.15 490.75 489.75 489.4 490.15 493.8 486.95 491.05 489.95 
173 0.0 0.0 0.0 0.0 479.85 487.05 489.2 484.35 487.45 494.1 489.25 484.5 493.45 492.35 492.6 482.75 485.2 493.0 492.05 492.4 494.0 
174 0.0 0.0 0.0 0.0 493.7 490.7 490.0 490.45 492.7 489.55 494.95 488.55 499.2 494.05 497.05 485.9 502.45 488.85 492.1 497.6 489.65 
175 0.0 0.0 0.0 0.0 491.25 491.95 488.9 492.45 493.6 496.75 485.95 491.0 486.75 491.05 489.0 494.2 486.85 494.05 483.95 487.05 488.75 
176 0.0 0.0 0.0 0.0 489.3 494.3 492.4 489.9 498.45 491.6 492.25 495.7 493.25 490.35 487.75 490.15 476.45 485.45 489.8 495.1 491.0 
177 0.0 0.0 0.0 0.0 485.35 487.95 484.7 486.85 484.8 488.7 488.65 493.6 498.35 489.55 488.5 492.0 492.95 489.85 495.85 490.95 487.15 
178 0.0 0.0 0.0 0.0 494.15 496.85 496.8 496.45 495.3 491.95 499.6 501.6 496.25 491.75 498.4 492.7 496.8 494.75 482.5 492.35 493.5 
179 0.0 0.0 0.0 0.0 490.45 495.0 494.15 495.8 492.35 497.35 487.5 492.75 486.95 496.75 492.25 485.55 486.65 485.85 495.05 481.05 500.3 
180 0.0 0.0 0.0 0.0 497.05 495.7 494.3 496.85 494.5 491.35 489.2 486.5 490.2 490.1 493.45 493.8 493.3 491.25 491.4 488.1 488.75 
181 0.0 0.0 0.0 0.0 488.0 491.4 486.75 490.3 493.9 496.7 492.5 498.7 494.55 497.1 488.85 489.4 490.4 492.9 498.0 486.45 490.0 
182 0.0 0.0 0.0 0.0 497.75 487.25 493.65 488.6 490.5 491.2 495.9 497.25 499.0 489.2 491.5 499.2 488.65 485.7 478.05 492.5 500.45 
183 0.0 0.0 0.0 0.0 493.75 490.6 489.8 494.45 491.4 491.35 498.6 496.2 491.6 496.75 491.7 493.2 493.9 493.3 490.0 493.85 492.9 
184 0.0 0.0 0.0 0.0 486.45 495.15 495.05 484.25 490.55 489.7 494.1 484.1 493.85 488.4 489.2 499.0 495.45 493.05 500.6 498.25 492.45 
185 0.0 0.0 0.0 0.0 478.25 489.2 495.05 498.15 493.3 497.7 497.45 494.25 500.1 498.95 499.6 492.6 503.8 491.25 497.1 498.15 485.25 
186 0.0 0.0 0.0 0.0 456.6 494.2 499.9 493.35 499.05 494.95 505.4 501.4 497.7 492.8 500.25 500.05 490.15 502.55 500.25 497.25 491.5 
187 0.0 0.0 0.0 0.0 418.4 498.1 496.6 501.75 498.65 503.15 485.7 491.45 493.75 492.25 487.2 495.6 499.0 495.5 492.8 492.1 493.2 
188 0.0 0.0 0.0 0.0 397.6 486.05 495.7 495.85 498.7 487.15 487.55 493.05 487.3 498.9 505.1 497.05 490.5 491.95 499.85 487.25 494.85 
189 0.0 0.0 0.0 0.0 328.05 489.2 493.6 500.55 496.35 494.25 499.55 493.05 500.0 495.35 494.45 491.55 500.35 501.95 501.0 498.7 490.2 
190 0.0 0.0 0.0 0.0 244.5 491.2 492.15 493.2 487.05 493.9 487.3 498.3 490.95 495.7 486.4 488.1 494.9 493.7 489.3 497.2 492.9 
191 0.0 0.0 0.0 0.0 187.4 494.25 494.25 494.65 494.75 485.45 488.95 498.0 491.85 495.9 501.4 493.0 496.05 494.9 489.85 492.7 492.45 
192 0.0 0.0 0.0 0.0 86.1 495.7 485.1 495.9 493.3 491.55 493.6 487.6 493.0 484.4 483.05 496.55 490.95 491.85 490.1 495.9 503.05 
193 0.0 0.0 0.0 0.0 16.35 489.15 494.8 497.8 488.4 496.35 498.8 501.1 488.05 495.15 490.9 499.1 491.9 494.5 492.5 484.7 489.15 
194 0.0 0.0 0.0 0.0 1.3 487.85 497.9 489.5 490.05 493.9 498.55 492.9 495.9 490.95 494.9 488.95 494.8 488.65 486.45 490.55 489.3 
195 0.0 0.0 0.0 0.0 0.0 500.95 481.95 476.7 492.7 491.3 491.75 482.3 483.95 493.95 500.45 492.2 488.5 492.95 482.1 483.0 489.95 
196 0.0 0.0 0.0 0.0 0.0 489.75 493.55 488.95 488.15 495.8 492.2 490.5 495.4 487.2 485.45 482.15 488.7 484.35 487.9 490.0 490.8 
197 0.0 0.0 0.0 0.0 0.0 490.4 485.05 488.55 493.25 498.15 491.4 486.7 491.8 490.85 488.65 487.85 486.5 490.1 490.9 491.8 489.1 
198 0.0 0.0 0.0 0.0 0.0 494.3 492.6 486.95 493.3 486.1 489.85 488.95 485.85 485.0 487.7 491.9 489.7 490.3 487.8 486.3 488.25 
199 0.0 0.0 0.0 0.0 0.0 495.25 494.9 494.15 492.05 484.1 482.65 479.15 489.2 492.7 488.2 489.05 482.8 494.4 491.0 497.1 495.75 
200 0.0 0.0 0.0 0.0 0.0 487.55 488.3 494.2 490.1 496.75 486.15 499.25 481.8 488.95 486.45 487.5 493.0 485.85 490.95 488.9 487.0 
201 0.0 0.0 0.0 0.0 0.0 486.9 485.5 497.0 490.8 497.2 495.25 493.75 496.3 484.55 484.8 481.45 493.5 487.35 486.6 492.65 495.35 
202 0.0 0.0 0.0 0.0 0.0 481.6 488.1 487.25 485.45 484.55 490.8 499.6 488.9 495.15 489.4 500.5 488.2 489.3 495.05 490.75 494.85 
203 0.0 0.0 0.0 0.0 0.0 489.85 489.45 481.25 481.95 480.0 486.65 487.45 493.6 483.4 498.1 486.25 485.45 485.05 497.95 497.35 496.55 
204 0.0 0.0 0.0 0.0 0.0 490.8 491.35 492.1 483.7 484.2 493.15 487.9 497.35 489.65 488.8 484.8 484.05 488.2 493.4 497.0 489.2 
205 0.0 0.0 0.0 0.0 0.0 498.6 490.3 495.8 490.6 491.5 486.5 490.45 490.7 489.55 490.45 484.65 477.55 499.45 484.85 487.65 496.35 
206 0.0 0.0 0.0 0.0 0.0 496.1 491.35 486.25 487.9 491.05 480.15 489.5 489.6 491.95 483.45 486.7 493.75 490.7 500.45 492.05 496.95 
207 0.0 0.0 0.0 0.0 0.0 492.6 487.7 486.85 491.25 483.95 489.75 490.3 492.45 499.55 484.1 490.85 494.95 493.0 495.3 496.55 486.7 
208 0.0 0.0 0.0 0.0 0.0 491.4 499.5 493.7 493.7 495.85 494.4 483.95 488.7 490.2 493.7 490.65 493.9 487.0 492.55 489.2 494.9 
209 0.0 0.0 0.0 0.0 0.0 498.65 499.4 492.8 495.65 495.15 497.35 491.65 490.3 481.1 497.0 493.45 495.65 486.0 482.55 496.15 497.35 
210 0.0 0.0 0.0 0.0 0.0 491.25 491.75 489.6 499.8 498.1 497.95 499.65 489.0 493.35 500.65 500.1 494.05 495.95 486.3 489.6 478.9 
211 0.0 0.0 0.0 0.0 0.0 494.95 492.55 496.95 490.55 492.65 499.35 492.45 494.85 494.85 495.3 496.85 488.25 485.9 485.65 490.35 488.85 
212 0.0 0.0 0.0 0.0 0.0 493.4 498.85 494.4 496.8 494.85 486.85 494.15 487.5 498.85 489.8 496.3 495.9 496.5 494.9 490.55 484.05 
213 0.0 0.0 0.0 0.0 0.0 491.8 488.5 494.55 492.75 494.4 499.3 489.3 491.85 493.7 490.9 495.1 497.35 492.15 495.3 493.9 488.65 
214 0.0 0.0 0.0 0.0 0.0 488.35 499.05 499.7 488.85 495.3 495.45 491.8 492.1 492.65 493.05 496.8 487.35 499.6 488.3 495.4 499.7 
215 0.0 0.0 0.0 0.0 0.0 492.2 489.1 484.35 500.0 487.85 494.2 491.75 489.0 497.7 491.3 490.2 487.6 493.05 494.1 484.55 497.45 
216 0.0 0.0 0.0 0.0 0.0 479.6 492.25 487.6 486.05 491.0 486.9 492.3 496.15 489.85 488.1 487.65 498.0 485.55 501.1 487.4 490.6 
217 0.0 0.0 0.0 0.0 0.0 495.85 488.95 492.55 491.1 490.35 486.75 498.65 493.6 490.4 498.7 491.75 493.75 490.8 484.7 485.75 489.7 
218 0.0 0.0 0.0 0.0 0.0 495.95 486.25 492.05 499.1 493.35 492.9 492.25 494.85 492.8 488.4 491.6 494.95 500.85 498.8 499.9 485.9 
219 0.0 0.0 0.0 0.0 0.0 487.1 489.6 495.3 492.5 484.6 492.45 496.0 499.3 497.25 489.1 489.5 492.85 488.5 496.05 486.85 490.75 
220 0.0 0.0 0.0 0.0 0.0 492.45 495.9 480.85 497.45 495.55 489.85 482.75 492.35 481.95 494.25 497.8 490.95 496.9 489.25 488.1 496.9 
221 0.0 0.0 0.0 0.0 0.0 494.35 492.1 496.5 481.1 486.9 482.35 493.05 487.55 489.4 490.7 488.85 506.0 494.05 489.25 493.35 491.6 
222 0.0 0.0 0.0 0.0 0.0 489.5 483.6 496.45 489.05 486.25 497.35 486.95 488.95 495.2 488.7 491.7 483.95 493.1 492.7 498.6 491.75 
223 0.0 0.0 0.0 0.0 0.0 492.3 495.45 497.75 494.05 490.15 484.0 495.5 487.95 496.95 491.75 489.95 494.95 490.6 500.45 485.55 489.75 
224 0.0 0.0 0.0 0.0 0.0 494.7 495.7 495.0 487.9 494.85 494.7 492.9 490.4 492.45 498.6 484.05 493.4 502.45 491.55 492.15 505.6 
225 0.0 0.0 0.0 0.0 0.0 499.65 487.7 489.3 489.75 501.65 498.05 497.05 494.35 499.4 494.6 496.3 480.6 492.2 487.7 499.7 492.7 
226 0.0 0.0 0.0 0.0 0.0 489.7 495.0 485.65 502.45 496.65 501.1 494.45 490.25 486.4 489.75 498.05 484.25 479.2 489.7 494.45 486.15 
227 0.0 0.0 0.0 0.0 0.0 488.75 494.6 496.15 492.3 491.2 483.5 491.4 493.15 497.2 495.4 496.6 497.6 488.45 497.25 490.8 503.95 
228 0.0 0.0 0.0 0.0 0.0 490.3 484.0 493.95 490.8 496.8 495.3 491.5 500.1 486.65 498.8 496.4 504.65 495.55 486.5 493.9 492.95 
229 0.0 0.0 0.0 0.0 0.0 496.8 498.35 490.05 485.0 485.9 494.1 490.9 490.4 493.5 498.7 494.95 494.4 495.35 490.4 491.3 490.65 
230 0.0 0.0 0.0 0.0 0.0 491.45 495.3 491.65 490.05 496.6 486.75 493.0 491.25 486.95 489.25 498.9 487.4 486.0 486.75 490.2 493.0 
231 0.0 0.0 0.0 0.0 0.0 496.05 490.9 498.1 493.75 483.95 495.0 490.3 488.45 491.55 491.6 486.25 491.9 488.85 492.4 492.55 499.95 
232 0.0 0.0 0.0 0.0 0.0 485.35 495.85 490.05 487.05 495.6 489.45 488.7 492.05 495.05 489.75 492.45 488.25 491.35 495.8 492.85 488.65 
233 0.0 0.0 0.0 0.0 0.0 446.2 489.05 489.0 494.0 491.85 497.6 497.65 502.0 492.45 487.9 499.2 496.45 488.6 496.05 499.9 491.2 
234 0.0 0.0 0.0 0.0 0.0 424.15 497.45 495.35 500.75 494.5 498.55 488.45 483.2 494.85 491.0 481.2 490.7 498.75 488.3 489.8 488.6 
235 0.0 0.0 0.0 0.0 0.0 418.2 488.05 496.3 495.9 489.85 486.65 483.55 487.95 483.95 484.5 494.0 495.35 497.9 488.85 492.4 491.5 
236 0.0 0.0 0.0 0.0 0.0 379.1 491.45 491.1 488.0 494.85 486.6 489.3 494.05 484.55 495.4 480.05 488.75 482.7 497.1 483.05 481.25 
237 0.0 0.0 0.0 0.0 0.0 334.0 499.25 494.0 490.55 489.95 489.75 502.15 497.15 496.3 485.55 502.65 489.7 495.95 498.1 487.05 489.15 
238 0.0 0.0 0.0 0.0 0.0 228.0 488.45 484.9 494.2 486.9 486.15 493.8 494.4 486.6 490.95 491.9 495.7 499.75 490.65 489.5 493.0 
239 0.0 0.0 0.0 0.0 0.0 161.35 481.3 491.1 494.3 485.0 491.8 492.4 488.15 494.5 484.75 487.95 495.1 498.0 491.95 486.4 482.35 
240 0.0 0.0 0.0 0.0 0.0 97.3 488.15 485.75 489.15 501.45 498.6 494.6 492.7 500.45 504.4 491.4 488.4 497.35 490.0 497.15 502.9 
241 0.0 0.0 0.0 0.0 0.0 25.6 499.2 488.35 500.35 489.6 501.95 489.45 489.7 495.6 497.65 495.25 495.05 485.1 495.35 503.5 494.9 
242 0.0 0.0 0.0 0.0 0.0 2.0 486.2 486.15 487.05 489.7 491.55 492.7 495.65 494.15 489.85 490.7 490.0 496.65 492.95 501.7 486.35 
243 0.0 0.0 0.0 0.0 0.0 0.15 488.9 493.7 492.5 496.1 490.4 490.45 501.5 490.45 500.05 499.45 490.45 486.9 499.3 495.1 491.85 
244 0.0 0.0 0.0 0.0 0.0 0.0 494.6 495.55 484.5 496.25 493.05 503.1 491.3 494.75 499.6 492.7 490.15 493.15 496.15 486.2 499.85 
245 0.0 0.0 0.0 0.0 0.0 0.0 493.4 493.8 493.65 494.85 491.95 490.4 488.85 490.6 487.4 489.35 499.9 493.65 493.05 502.5 500.45 
246 0.0 0.0 0.0 0.0 0.0 0.0 496.35 491.0 484.6 486.65 490.75 499.4 495.7 500.6 495.25 496.5 489.1 487.35 490.35 494.6 491.6 
247 0.0 0.0 0.0 0.0 0.0 0.0 499.2 495.85 503.4 482.2 496.35 486.3 495.85 490.3 492.1 492.6 496.25 496.05 486.35 491.15 489.85 
248 0.0 0.0 0.0 0.0 0.0 0.0 489.75 488.2 495.75 495.7 497.3 494.35 490.15 489.15 490.7 490.6 494.1 484.7 493.05 490.0 487.95 
249 0.0 0.0 0.0 0.0 0.0 0.0 499.8 492.1 494.35 498.35 484.65 496.3 497.2 483.15 488.0 484.7 491.75 490.3 500.4 488.45 487.15 
250 0.0 0.0 0.0 0.0 0.0 0.0 487.6 492.2 488.3 496.15 498.55 490.0 488.9 485.8 480.35 493.55 490.65 492.95 486.65 492.75 495.15 
251 0.0 0.0 0.0 0.0 0.0 0.0 483.3 487.95 486.75 493.2 491.0 494.6 492.95 498.5 496.0 493.55 490.25 493.2 495.05 492.4 487.4 
252 0.0 0.0 0.0 0.0 0.0 0.0 480.2 493.8 491.7 481.7 489.25 482.05 486.8 487.35 484.65 489.8 490.8 498.65 489.05 493.05 488.2 
253 0.0 0.0 0.0 0.0 0.0 0.0 489.45 492.0 489.15 490.65 482.35 486.55 486.05 489.25 497.8 484.1 493.5 486.9 483.4 483.45 488.8 
254 0.0 0.0 0.0 0.0 0.0 0.0 499.4 491.3 488.9 493.95 486.75 486.4 484.0 489.2 486.5 485.55 487.3 487.3 488.7 487.55 494.95 
255 0.0 0.0 0.0 0.0 0.0 0.0 484.45 490.85 490.8 487.3 491.25 489.25 486.95 492.4 489.35 490.15 487.85 487.45 481.65 491.45 482.45 
256 0.0 0.0 0.0 0.0 0.0 0.0 494.65 488.05 501.85 484.65 489.35 488.35 488.05 495.1 488.4 502.2 489.3 487.65 492.1 491.2 495.25 
257 0.0 0.0 0.0 0.0 0.0 0.0 495.1 493.95 495.45 489.45 496.5 492.65 491.5 490.75 492.4 492.65 490.4 487.3 488.7 490.25 483.25 
258 0.0 0.0 0.0 0.0 0.0 0.0 501.8 490.25 474.45 491.3 479.7 489.85 499.45 488.35 491.7 485.9 490.25 490.05 491.45 484.0 489.5 
259 0.0 0.0 0.0 0.0 0.0 0.0 489.3 487.75 491.45 491.6 492.5 484.3 485.85 476.5 493.35 490.7 483.45 487.95 481.4 490.5 497.7 
260 0.0 0.0 0.0 0.0 0.0 0.0 496.6 495.3 476.45 486.9 494.25 490.25 481.65 492.1 491.45 480.6 493.65 495.2 488.2 478.25 495.15 
261 0.0 0.0 0.0 0.0 0.0 0.0 488.6 502.15 491.55 494.7 490.1 489.3 492.85 487.3 480.1 493.1 486.75 494.3 491.9 483.35 487.35 
262 0.0 0.0 0.0 0.0 0.0 0.0 488.95 491.6 493.75 488.15 489.05 493.35 484.6 489.8 493.95 487.45 488.45 480.65 491.55 488.9 485.9 
263 0.0 0.0 0.0 0.0 0.0 0.0 492.05 488.5 494.05 494.35 486.6 490.15 489.6 500.7 492.15 486.75 482.6 494.9 485.0 487.45 485.7 
264 0.0 0.0 0.0 0.0 0.0 0.0 494.4 490.6 492.5 487.1 481.15 492.25 496.6 493.6 488.65 486.1 488.3 484.2 489.5 495.25 488.7 
265 0.0 0.0 0.0 0.0 0.0 0.0 491.7 489.0 497.2 492.35 501.45 494.5 493.9 479.85 492.85 496.9 488.25 491.2 487.7 490.95 496.55 
266 0.0 0.0 0.0 0.0 0.0 0.0 493.65 487.9 494.25 494.05 490.2 489.75 490.85 489.85 489.05 484.7 488.25 484.55 500.45 497.4 485.45 
267 0.0 0.0 0.0 0.0 0.0 0.0 493.35 487.2 492.55 488.2 495.9 490.35 488.35 485.7 488.95 504.2 505.05 502.25 492.4 497.3 497.8 
268 0.0 0.0 0.0 0.0 0.0 0.0 490.4 494.65 498.2 502.9 489.75 492.9 493.5 504.35 490.65 490.8 499.9 493.75 498.85 494.65 500.4 
269 0.0 0.0 0.0 0.0 0.0 0.0 487.25 500.5 484.3 489.95 491.6 483.95 495.55 501.2 490.45 497.4 496.45 495.15 499.0 499.1 489.7 
270 0.0 0.0 0.0 0.0 0.0 0.0 497.45 490.7 491.6 496.2 492.35 499.55 488.95 489.25 490.0 500.65 497.5 496.3 495.35 501.05 499.35 
271 0.0 0.0 0.0 0.0 0.0 0.0 494.55 493.0 498.95 493.2 499.45 499.75 497.95 495.35 494.35 489.2 492.85 491.65 501.3 488.95 495.65 
272 0.0 0.0 0.0 0.0 0.0 0.0 483.0 492.55 492.4 493.75 493.6 493.7 494.25 496.5 509.2 495.5 499.7 500.25 483.65 495.15 489.6 
273 0.0 0.0 0.0 0.0 0.0 0.0 485.15 487.4 496.65 488.15 492.2 488.8 492.75 494.55 486.05 494.35 497.9 498.1 493.5 499.0 498.35 
274 0.0 0.0 0.0 0.0 0.0 0.0 492.05 494.7 490.6 490.45 495.55 494.05 498.75 492.65 496.8 491.0 502.35 497.7 490.25 487.35 500.15 
275 0.0 0.0 0.0 0.0 0.0 0.0 494.75 495.35 485.1 502.2 493.8 489.95 494.0 493.55 494.55 505.75 497.4 492.0 495.45 488.9 490.2 
276 0.0 0.0 0.0 0.0 0.0 0.0 501.1 488.05 491.9 494.9 486.35 498.15 498.2 497.65 495.05 490.65 486.1 498.25 500.85 496.45 497.05 
277 0.0 0.0 0.0 0.0 0.0 0.0 498.35 496.6 492.85 489.8 496.65 501.4 494.45 495.65 502.0 496.15 489.1 499.5 492.95 486.15 492.4 
278 0.0 0.0 0.0 0.0 0.0 0.0 491.4 493.6 493.1 497.95 498.55 485.7 489.3 485.35 494.25 497.0 483.7 487.75 496.8 500.2 496.75 
279 0.0 0.0 0.0 0.0 0.0 0.0 493.65 497.65 493.3 498.4 497.15 485.45 490.1 491.7 488.6 493.8 502.3 491.8 487.5 488.35 488.6 
280 0.0 0.0 0.0 0.0 0.0 0.0 485.15 496.3 498.75 493.8 494.05 494.45 488.1 496.75 491.25 484.45 495.9 487.6 496.3 483.1 480.85 
281 0.0 0.0 0.0 0.0 0.0 0.0 476.9 495.5 487.7 485.3 496.45 492.2 488.65 486.5 498.95 488.8 482.65 497.25 496.25 499.3 488.9 
282 0.0 0.0 0.0 0.0 0.0 0.0 467.9 487.8 491.2 480.3 489.65 495.65 490.5 488.0 484.65 483.6 483.95 489.05 492.5 495.6 493.0 
283 0.0 0.0 0.0 0.0 0.0 0.0 407.75 493.55 498.1 493.95 493.65 498.05 496.1 497.8 488.9 492.75 488.95 483.45 491.3 495.8 493.5 
284 0.0 0.0 0.0 0.0 0.0 0.0 361.85 482.05 486.95 495.45 491.5 488.65 495.95 494.35 481.9 489.6 493.8 492.9 494.5 489.05 488.6 
285 0.0 0.0 0.0 0.0 0.0 0.0 238.1 491.4 491.1 486.15 487.9 501.1 496.15 495.25 493.55 485.0 490.8 483.05 488.2 491.35 492.55 
286 0.0 0.0 0.0 0.0 0.0 0.0 155.7 488.1 488.3 491.15 489.8 487.85 495.2 485.65 498.6 496.3 493.65 500.15 482.95 486.6 484.2 
287 0.0 0.0 0.0 0.0 0.0 0.0 141.95 481.75 494.25 491.55 496.05 483.85 499.25 493.45 486.8 487.65 486.45 494.25 489.1 485.7 484.25 
288 0.0 0.0 0.0 0.0 0.0 0.0 107.45 492.05 496.55 498.0 481.4 498.5 485.5 488.65 496.25 488.2 486.45 485.25 493.3 491.5 487.15 
289 0.0 0.0 0.0 0.0 0.0 0.0 55.15 499.8 485.4 493.55 491.95 480.5 487.5 492.95 492.95 500.95 487.75 494.75 485.05 484.9 490.3 
290 0.0 0.0 0.0 0.0 0.0 0.0 15.1 488.85 495.2 493.55 488.5 494.1 489.2 486.45 493.15 496.0 503.65 487.35 494.3 497.1 502.75 
291 0.0 0.0 0.0 0.0 0.0 0.0 1.55 499.7 495.85 499.6 492.0 488.3 498.4 491.45 494.75 495.9 497.35 493.15 491.4 490.75 495.85 
292 0.0 0.0 0.0 0.0 0.0 0.0 0.0 496.25 491.4 488.8 488.4 490.5 492.5 500.2 493.8 486.35 490.65 493.0 487.2 495.75 499.1 
293 0.0 0.0 0.0 0.0 0.0 0.0 0.0 499.2 500.15 496.3 499.15 487.65 488.8 487.25 493.65 494.8 492.6 483.9 496.2 497.2 486.0 
294 0.0 0.0 0.0 0.0 0.0 0.0 0.0 493.05 494.5 492.1 490.4 495.0 491.7 497.0 489.95 501.05 493.9 497.45 494.65 492.45 499.75 
295 0.0 0.0 0.0 0.0 0.0 0.0 0.0 481.1 489.0 487.85 489.9 503.55 493.25 493.05 486.55 487.65 493.05 493.05 494.4 493.2 489.7 
296 0.0 0.0 0.0 0.0 0.0 0.0 0.0 486.9 492.65 492.9 488.95 497.45 491.85 493.7 494.4 498.15 485.25 498.45 491.7 493.5 493.6 
297 0.0 0.0 0.0 0.0 0.0 0.0 0.0 495.1 490.25 493.45 496.45 494.15 494.8 491.3 497.1 481.65 498.25 492.75 495.35 496.45 488.25 
298 0.0 0.0 0.0 0.0 0.0 0.0 0.0 491.3 486.0 493.55 495.8 490.2 488.7 495.9 503.5 498.45 492.4 491.8 489.85 487.35 484.75 
299 0.0 0.0 0.0 0.0 0.0 0.0 0.0 492.65 497.35 484.5 491.85 498.4 489.05 481.75 486.45 480.4 495.2 490.6 489.35 495.75 492.25 
300 0.0 0.0 0.0 0.0 0.0 0.0 0.0 492.7 489.6 495.45 488.95 486.9 486.5 493.3 481.4 486.35 484.2 488.2 479.15 493.45 498.95 
301 0.0 0.0 0.0 0.0 0.0 0.0 0.0 498.9 493.55 491.55 486.75 491.6 489.15 488.3 481.8 499.8 488.85 486.7 503.1 487.35 492.5 
302 0.0 0.0 0.0 0.0 0.0 0.0 0.0 488.05 492.2 493.6 494.9 487.55 493.2 489.7 493.75 487.35 495.9 494.05 485.85 485.7 491.6 
303 0.0 0.0 0.0 0.0 0.0 0.0 0.0 492.25 492.35 491.3 490.35 481.5 494.3 487.25 490.25 495.25 487.1 486.0 491.0 484.65 484.4 
304 0.0 0.0 0.0 0.0 0.0 0.0 0.0 499.95 490.95 490.5 492.25 485.85 484.1 497.9 487.9 490.1 479.1 497.0 498.25 493.7 493.35 
305 0.0 0.0 0.0 0.0 0.0 0.0 0.0 487.85 486.75 488.4 490.15 497.85 493.8 496.85 496.4 490.4 495.15 486.95 494.6 499.05 492.6 
306 0.0 0.0 0.0 0.0 0.0 0.0 0.0 486.3 496.05 484.7 493.65 489.4 490.8 488.75 495.55 496.0 494.6 497.6 493.1 495.75 495.95 
307 0.0 0.0 0.0 0.0 0.0 0.0 0.0 492.15 493.7 498.55 491.7 491.65 496.35 492.75 494.05 496.35 489.05 492.6 491.4 495.1 486.85 
308 0.0 0.0 0.0 0.0 0.0 0.0 0.0 489.45 485.4 487.95 485.2 496.1 486.1 489.55 494.1 490.8 497.55 494.8 494.4 496.7 496.9 
309 0.0 0.0 0.0 0.0 0.0 0.0 0.0 492.5 486.9 483.6 495.25 491.8 496.65 492.55 495.55 486.05 490.95 486.3 481.55 481.1 487.55 
310 0.0 0.0 0.0 0.0 0.0 0.0 0.0 497.85 491.45 490.65 492.05 492.3 494.05 491.0 483.65 491.6 498.1 498.0 492.9 490.35 490.55 
311 0.0 0.0 0.0 0.0 0.0 0.0 0.0 497.15 496.5 490.65 489.3 490.5 492.45 501.05 487.8 490.0 485.25 486.45 491.4 491.9 490.2 
312 0.0 0.0 0.0 0.0 0.0 0.0 0.0 490.75 495.65 495.45 490.1 494.95 495.9 490.0 498.4 494.75 491.8 484.45 490.15 492.65 492.7 
313 0.0 0.0 0.0 0.0 0.0 0.0 0.0 492.45 492.65 492.35 499.8 499.05 494.6 489.4 492.15 483.25 492.3 492.95 492.2 492.9 490.15 
314 0.0 0.0 0.0 0.0 0.0 0.0 0.0 487.15 492.3 507.4 497.55 497.05 495.75 501.45 491.55 496.95 492.3 493.95 493.9 491.2 495.2 
315 0.0 0.0 0.0 0.0 0.0 0.0 0.0 489.3 495.0 483.95 492.25 494.7 495.95 497.6 493.95 495.15 485.65 494.35 496.4 485.7 492.6 
316 0.0 0.0 0.0 0.0 0.0 0.0 0.0 487.8 492.75 495.95 496.9 492.75 490.9 482.25 496.35 493.1 494.3 490.1 488.8 496.95 496.55 
317 0.0 0.0 0.0 0.0 0.0 0.0 0.0 500.25 494.7 499.1 495.6 490.1 491.15 490.1 490.8 487.35 494.25 498.0 488.45 500.8 487.0 
318 0.0 0.0 0.0 0.0 0.0 0.0 0.0 496.05 492.15 489.05 486.8 488.0 490.05 490.95 492.25 495.3 489.55 495.75 494.4 486.95 507.2 
319 0.0 0.0 0.0 0.0 0.0 0.0 0.0 488.45 487.35 489.85 491.2 488.55 489.95 495.05 487.2 488.55 496.1 490.3 495.6 496.4 491.05 
320 0.0 0.0 0.0 0.0 0.0 0.0 0.0 494.55 500.3 488.7 494.15 484.4 495.0 490.65 488.95 496.95 495.8 490.1 485.65 493.2 491.25 
321 0.0 0.0 0.0 0.0 0.0 0.0 0.0 486.95 481.45 488.35 489.2 497.95 475.35 492.8 499.1 486.45 490.65 487.3 493.9 489.5 493.75 
322 0.0 0.0 0.0 0.0 0.0 0.0 0.0 491.75 486.7 491.8 492.5 488.3 490.45 494.45 488.5 499.65 488.8 493.75 493.45 488.2 484.3 
323 0.0 0.0 0.0 0.0 0.0 0.0 0.0 496.55 494.65 491.6 488.45 495.35 503.55 487.55 496.95 486.6 493.85 482.6 502.35 485.95 502.65 
324 0.0 0.0 0.0 0.0 0.0 0.0 0.0 488.4 487.35 484.35 494.35 494.0 488.6 493.85 493.5 490.15 495.45 489.1 489.15 499.3 485.95 
325 0.0 0.0 0.0 0.0 0.0 0.0 0.0 487.95 489.75 490.95 486.95 489.1 494.35 487.55 487.75 489.85 489.75 503.5 488.5 494.0 493.25 
326 0.0 0.0 0.0 0.0 0.0 0.0 0.0 496.25 483.95 487.65 489.45 495.2 488.6 493.25 485.25 493.4 489.6 489.9 496.5 488.75 487.9 
327 0.0 0.0 0.0 0.0 0.0 0.0 0.0 493.1 487.45 488.85 491.85 489.65 483.1 486.1 494.0 496.6 483.95 481.3 495.3 501.5 495.75 
328 0.0 0.0 0.0 0.0 0.0 0.0 0.0 481.05 492.8 506.8 492.1 492.65 489.75 482.1 502.8 492.8 490.85 495.65 486.6 496.45 499.15 
329 0.0 0.0 0.0 0.0 0.0 0.0 0.0 488.5 498.6 495.45 490.05 486.0 495.4 494.7 495.45 494.3 486.35 503.15 485.9 486.15 496.35 
330 0.0 0.0 0.0 0.0 0.0 0.0 0.0 430.4 498.7 490.5 496.25 482.05 488.95 486.3 489.15 494.5 496.25 495.0 490.45 491.5 488.15 
331 0.0 0.0 0.0 0.0 0.0 0.0 0.0 348.3 492.5 493.05 491.3 488.25 493.45 497.65 480.9 483.8 499.3 493.3 501.8 491.1 487.95 
332 0.0 0.0 0.0 0.0 0.0 0.0 0.0 294.2 490.9 486.55 488.25 492.8 494.15 496.5 482.7 491.95 493.3 490.4 493.9 486.85 495.5 
333 0.0 0.0 0.0 0.0 0.0 0.0 0.0 232.65 490.5 501.35 488.6 494.25 497.75 496.05 492.3 486.9 499.15 482.85 484.9 502.0 490.0 
334 0.0 0.0 0.0 0.0 0.0 0.0 0.0 160.85 493.15 490.2 493.9 493.35 486.4 497.25 493.85 496.5 495.9 498.8 486.9 497.9 488.7 
335 0.0 0.0 0.0 0.0 0.0 0.0 0.0 90.55 493.45 493.2 492.45 491.4 496.15 494.15 490.1 496.5 493.4 495.8 497.75 489.25 488.7 
336 0.0 0.0 0.0 0.0 0.0 0.0 0.0 72.6 493.2 496.65 482.95 497.65 494.85 494.65 493.55 488.7 492.65 494.65 491.8 484.1 501.15 
337 0.0 0.0 0.0 0.0 0.0 0.0 0.0 13.4 489.55 488.8 496.85 494.0 488.7 486.1 498.55 493.7 491.05 494.1 496.65 495.35 488.15 
338 0.0 0.0 0.0 0.0 0.0 0.0 0.0 1.05 498.95 479.75 499.6 487.85 488.65 494.6 491.35 489.05 487.45 495.3 490.6 498.0 492.65 
339 0.0 0.0 0.0 0.0 0.0 0.0 0.0 0.0 486.5 497.05 499.6 492.05 493.4 487.1 491.45 492.0 494.4 490.25 511.35 495.55 502.3 
340 0.0 0.0 0.0 0.0 0.0 0.0 0.0 0.0 498.6 497.45 487.8 495.3 501.95 498.85 490.15 492.9 498.45 486.75 490.5 492.85 495.65 
341 0.0 0.0 0.0 0.0 0.0 0.0 0.0 0.0 491.3 492.55 491.0 499.3 491.25 498.3 499.35 494.75 491.1 493.65 482.7 486.9 497.15 
342 0.0 0.0 0.0 0.0 0.0 0.0 0.0 0.0 495.05 497.5 497.05 496.35 499.65 494.25 489.2 495.0 485.9 496.0 498.3 489.05 490.4 
343 0.0 0.0 0.0 0.0 0.0 0.0 0.0 0.0 492.35 487.8 485.55 493.05 492.35 490.75 494.9 492.45 498.35 491.8 496.75 492.15 485.95 
344 0.0 0.0 0.0 0.0 0.0 0.0 0.0 0.0 493.05 486.9 498.25 490.55 487.45 490.7 500.05 491.15 490.2 490.85 488.15 496.15 488.85 
345 0.0 0.0 0.0 0.0 0.0 0.0 0.0 0.0 492.25 492.15 486.0 488.15 496.3 498.1 484.85 486.55 494.45 500.35 484.45 495.4 483.95 
346 0.0 0.0 0.0 0.0 0.0 0.0 0.0 0.0 491.55 496.4 497.55 486.95 494.5 495.85 497.05 500.8 497.0 489.05 489.7 496.65 492.2 
347 0.0 0.0 0.0 0.0 0.0 0.0 0.0 0.0 494.65 490.15 498.15 498.1 490.0 482.7 496.8 490.85 491.8 494.0 492.6 496.9 492.8 
348 0.0 0.0 0.0 0.0 0.0 0.0 0.0 0.0 481.3 490.2 491.75 496.0 489.7 488.3 481.65 494.25 488.75 499.3 490.7 484.9 495.85 
349 0.0 0.0 0.0 0.0 0.0 0.0 0.0 0.0 495.85 496.55 487.45 502.65 490.15 487.0 492.25 486.15 487.55 490.75 496.5 486.75 492.95 
350 0.0 0.0 0.0 0.0 0.0 0.0 0.0 0.0 490.9 490.1 493.6 485.95 489.0 500.1 491.9 492.9 489.95 485.7 497.8 489.1 482.7 
351 0.0 0.0 0.0 0.0 0.0 0.0 0.0 0.0 488.3 491.75 490.95 494.05 495.9 493.3 496.8 499.95 489.25 484.1 490.85 486.85 493.15 
352 0.0 0.0 0.0 0.0 0.0 0.0 0.0 0.0 495.3 500.1 496.3 499.85 484.0 491.9 496.15 498.45 493.45 496.95 492.1 492.7 490.6 
353 0.0 0.0 0.0 0.0 0.0 0.0 0.0 0.0 494.8 498.15 484.8 492.55 488.95 492.15 490.7 484.8 497.6 494.05 487.7 496.65 496.0 
354 0.0 0.0 0.0 0.0 0.0 0.0 0.0 0.0 495.05 486.25 487.9 478.3 494.05 496.95 490.55 496.15 492.7 485.5 492.0 495.4 494.15 
355 0.0 0.0 0.0 0.0 0.0 0.0 0.0 0.0 490.5 490.7 498.3 492.15 495.3 478.5 494.75 492.0 495.45 490.95 485.3 490.85 496.2 
356 0.0 0.0 0.0 0.0 0.0 0.0 0.0 0.0 493.85 486.9 493.0 485.65 496.4 495.55 496.9 488.9 495.3 497.6 500.95 501.15 500.25 
357 0.0 0.0 0.0 0.0 0.0 0.0 0.0 0.0 486.15 493.85 480.7 489.9 491.9 483.6 490.25 489.75 485.2 494.3 496.3 493.95 491.45 
358 0.0 0.0 0.0 0.0 0.0 0.0 0.0 0.0 494.5 490.7 494.05 486.8 482.35 497.05 489.25 492.4 495.7 491.65 491.45 489.5 491.55 
359 0.0 0.0 0.0 0.0 0.0 0.0 0.0 0.0 489.9 486.05 494.7 487.7 491.05 487.35 486.8 495.85 500.4 493.85 491.0 488.35 489.35 
360 0.0 0.0 0.0 0.0 0.0 0.0 0.0 0.0 495.25 497.45 492.05 484.45 483.95 497.35 489.35 489.75 493.85 494.15 496.95 488.45 490.8 
361 0.0 0.0 0.0 0.0 0.0 0.0 0.0 0.0 494.3 490.3 496.8 489.7 498.3 481.75 491.85 494.75 490.55 498.15 488.65 488.8 481.0 
362 0.0 0.0 0.0 0.0 0.0 0.0 0.0 0.0 486.95 490.8 493.3 488.8 496.45 498.2 495.1 490.95 486.3 484.35 492.15 483.1 495.95 
363 0.0 0.0 0.0 0.0 0.0 0.0 0.0 0.0 493.1 495.65 496.55 505.75 491.4 496.85 484.75 497.05 495.15 496.15 490.4 495.35 485.7 
364 0.0 0.0 0.0 0.0 0.0 0.0 0.0 0.0 494.1 493.45 484.15 498.6 491.4 493.25 495.75 491.9 491.25 490.05 491.3 488.45 490.8 
365 0.0 0.0 0.0 0.0 0.0 0.0 0.0 0.0 496.0 491.15 499.75 494.85 498.05 490.95 495.75 488.2 492.5 482.05 480.75 497.6 488.65 
366 0.0 0.0 0.0 0.0 0.0 0.0 0.0 0.0 486.85 489.9 494.6 500.25 494.15 497.3 493.25 489.75 492.1 484.2 491.7 491.75 492.3 
367 0.0 0.0 0.0 0.0 0.0 0.0 0.0 0.0 494.6 494.9 490.65 494.9 498.65 494.05 494.6 490.55 477.45 496.55 489.35 484.15 497.5 
368 0.0 0.0 0.0 0.0 0.0 0.0 0.0 0.0 486.9 499.35 488.05 494.7 494.4 496.55 493.1 487.9 487.2 484.4 492.6 491.5 493.75 
369 0.0 0.0 0.0 0.0 0.0 0.0 0.0 0.0 493.4 490.15 498.0 486.65 492.25 497.8 493.05 488.9 495.2 497.0 492.65 490.2 498.0 
370 0.0 0.0 0.0 0.0 0.0 0.0 0.0 0.0 490.7 491.4 486.6 490.2 489.2 493.4 490.2 493.45 492.45 494.05 491.2 501.65 494.2 
371 0.0 0.0 0.0 0.0 0.0 0.0 0.0 0.0 487.6 486.1 491.0 494.0 494.85 487.75 497.5 497.8 486.95 490.9 494.1 495.8 491.4 
372 0.0 0.0 0.0 0.0 0.0 0.0 0.0 0.0 494.25 489.4 494.5 489.95 492.95 489.85 490.6 495.55 498.1 492.8 489.55 487.75 488.4 
373 0.0 0.0 0.0 0.0 0.0 0.0 0.0 0.0 486.65 492.25 484.95 499.5 489.55 487.4 495.85 487.5 490.9 493.4 491.7 486.6 483.2 
374 0.0 0.0 0.0 0.0 0.0 0.0 0.0 0.0 481.55 490.75 485.35 496.3 498.4 490.55 487.15 492.5 494.35 482.65 491.5 496.2 490.6 
375 0.0 0.0 0.0 0.0 0.0 0.0 0.0 0.0 460.3 493.4 498.05 488.05 481.25 499.55 488.9 491.85 488.8 503.4 499.55 495.3 494.25 
376 0.0 0.0 0.0 0.0 0.0 0.0 0.0 0.0 420.7 499.8 495.3 486.5 493.15 492.1 486.7 491.9 494.0 493.65 491.9 487.2 490.95 
377 0.0 0.0 0.0 0.0 0.0 0.0 0.0 0.0 381.35 492.8 494.45 491.2 493.3 486.55 492.9 489.45 494.35 493.95 489.5 485.25 497.1 
378 0.0 0.0 0.0 0.0 0.0 0.0 0.0 0.0 326.2 488.1 488.85 488.3 488.45 499.4 489.3 481.15 489.05 488.5 487.2 497.3 484.95 
379 0.0 0.0 0.0 0.0 0.0 0.0 0.0 0.0 263.3 494.45 503.5 498.05 490.05 482.3 489.95 490.65 489.6 488.0 495.2 495.55 491.85 
380 0.0 0.0 0.0 0.0 0.0 0.0 0.0 0.0 201.75 489.0 489.55 492.9 496.4 492.7 486.0 490.25 497.25 497.5 495.0 496.0 492.7 
381 0.0 0.0 0.0 0.0 0.0 0.0 0.0 0.0 119.05 495.8 484.5 486.7 491.75 490.1 491.25 498.65 488.0 489.1 486.3 493.5 495.15 
382 0.0 0.0 0.0 0.0 0.0 0.0 0.0 0.0 91.75 490.1 488.95 490.3 486.4 489.4 496.55 493.15 498.5 487.55 493.85 486.2 492.6 
383 0.0 0.0 0.0 0.0 0.0 0.0 0.0 0.0 41.8 491.7 501.2 490.4 486.6 494.35 498.95 498.85 502.45 489.3 494.1 495.25 497.5 
384 0.0 0.0 0.0 0.0 0.0 0.0 0.0 0.0 25.5 491.55 496.65 497.65 491.35 489.5 492.0 496.3 489.0 493.7 489.75 489.9 493.75 
385 0.0 0.0 0.0 0.0 0.0 0.0 0.0 0.0 14.2 497.55 496.1 496.9 494.3 492.75 495.45 486.4 499.25 499.75 493.55 492.0 489.15 
386 0.0 0.0 0.0 0.0 0.0 0.0 0.0 0.0 1.05 491.7 489.65 497.7 494.65 492.45 490.55 490.55 481.75 492.0 490.25 487.3 496.55 
387 0.0 0.0 0.0 0.0 0.0 0.0 0.0 0.0 0.0 485.4 492.15 495.1 506.9 496.75 499.0 490.35 493.6 495.0 491.05 494.35 490.35 
388 0.0 0.0 0.0 0.0 0.0 0.0 0.0 0.0 0.0 485.3 481.85 491.6 499.15 489.85 487.15 502.05 498.35 490.55 488.45 494.4 489.75 
389 0.0 0.0 0.0 0.0 0.0 0.0 0.0 0.0 0.0 495.4 490.6 487.0 489.25 488.4 495.8 495.3 484.05 490.4 487.9 492.55 483.5 
390 0.0 0.0 0.0 0.0 0.0 0.0 0.0 0.0 0.0 492.95 490.75 482.45 487.2 482.55 490.25 498.5 495.25 494.8 487.15 490.2 489.6 
391 0.0 0.0 0.0 0.0 0.0 0.0 0.0 0.0 0.0 496.1 490.5 494.25 482.35 496.7 490.0 489.2 491.0 485.5 496.4 488.15 492.15 
392 0.0 0.0 0.0 0.0 0.0 0.0 0.0 0.0 0.0 485.7 487.5 490.25 491.05 492.85 493.95 487.3 480.05 498.65 494.9 483.45 491.8 
393 0.0 0.0 0.0 0.0 0.0 0.0 0.0 0.0 0.0 488.85 495.85 490.9 489.6 493.25 489.85 483.7 495.3 487.4 485.45 491.8 500.25 
394 0.0 0.0 0.0 0.0 0.0 0.0 0.0 0.0 0.0 496.2 491.35 492.75 492.95 487.7 486.95 489.25 494.1 483.75 493.7 488.3 492.75 
395 0.0 0.0 0.0 0.0 0.0 0.0 0.0 0.0 0.0 488.35 491.75 486.75 492.15 498.15 490.65 487.6 484.5 496.6 497.45 492.4 481.6 
396 0.0 0.0 0.0 0.0 0.0 0.0 0.0 0.0 0.0 495.75 492.6 497.05 490.15 491.75 483.7 496.55 484.95 486.9 493.35 496.5 496.9 
397 0.0 0.0 0.0 0.0 0.0 0.0 0.0 0.0 0.0 485.55 491.7 487.6 494.5 491.3 498.55 488.9 484.15 492.85 485.45 502.1 499.65 
398 0.0 0.0 0.0 0.0 0.0 0.0 0.0 0.0 0.0 492.35 495.65 491.9 484.3 485.8 488.0 482.7 491.6 491.75 487.25 489.4 497.15 
399 0.0 0.0 0.0 0.0 0.0 0.0 0.0 0.0 0.0 495.15 493.15 492.15 492.65 492.3 491.2 494.25 494.75 484.55 489.9 483.9 486.8 
400 0.0 0.0 0.0 0.0 0.0 0.0 0.0 0.0 0.0 491.45 492.05 488.05 488.65 488.15 490.25 489.5 493.8 490.95 503.75 492.05 488.65 
401 0.0 0.0 0.0 0.0 0.0 0.0 0.0 0.0 0.0 494.1 492.1 489.9 485.4 485.2 484.9 495.25 488.05 489.0 485.15 492.1 495.7 
402 0.0 0.0 0.0 0.0 0.0 0.0 0.0 0.0 0.0 490.65 489.75 497.55 499.05 491.8 488.0 489.5 492.6 496.1 497.05 497.45 492.35 
403 0.0 0.0 0.0 0.0 0.0 0.0 0.0 0.0 0.0 495.9 495.4 493.45 494.75 495.75 499.95 492.7 493.9 494.2 495.25 493.85 485.7 
404 0.0 0.0 0.0 0.0 0.0 0.0 0.0 0.0 0.0 498.6 498.4 486.35 493.9 493.5 499.4 495.65 497.35 491.7 494.7 489.3 489.25 
405 0.0 0.0 0.0 0.0 0.0 0.0 0.0 0.0 0.0 493.6 489.95 490.25 489.6 494.65 492.7 495.75 501.35 501.45 489.65 488.45 497.3 
406 0.0 0.0 0.0 0.0 0.0 0.0 0.0 0.0 0.0 492.7 482.65 497.7 491.4 492.3 500.2 491.05 493.1 495.4 488.55 492.55 485.15 
407 0.0 0.0 0.0 0.0 0.0 0.0 0.0 0.0 0.0 484.2 497.25 491.1 491.95 486.85 489.8 495.85 493.85 490.85 485.8 484.3 485.75 
408 0.0 0.0 0.0 0.0 0.0 0.0 0.0 0.0 0.0 482.25 491.65 492.9 494.1 494.5 494.55 491.2 485.85 488.05 487.35 497.35 490.6 
409 0.0 0.0 0.0 0.0 0.0 0.0 0.0 0.0 0.0 498.05 481.95 487.55 484.45 492.9 483.2 493.95 492.45 493.55 486.4 491.05 489.65 
410 0.0 0.0 0.0 0.0 0.0 0.0 0.0 0.0 0.0 490.95 489.15 492.2 490.5 495.0 481.8 497.35 491.95 486.75 501.0 491.0 484.5 
411 0.0 0.0 0.0 0.0 0.0 0.0 0.0 0.0 0.0 487.55 495.3 484.25 484.9 491.0 492.85 483.5 489.95 491.55 491.65 497.3 495.75 
412 0.0 0.0 0.0 0.0 0.0 0.0 0.0 0.0 0.0 501.1 488.7 490.7 495.6 496.55 507.15 493.05 491.25 496.5 492.1 483.2 496.55 
413 0.0 0.0 0.0 0.0 0.0 0.0 0.0 0.0 0.0 491.15 483.6 493.15 492.7 493.8 497.35 493.25 493.2 480.5 489.95 491.55 495.9 
414 0.0 0.0 0.0 0.0 0.0 0.0 0.0 0.0 0.0 492.2 498.75 502.05 494.2 486.45 483.8 487.2 484.95 481.75 485.3 500.85 497.05 
415 0.0 0.0 0.0 0.0 0.0 0.0 0.0 0.0 0.0 488.35 487.65 494.3 492.7 488.95 486.95 492.6 496.6 505.75 493.1 490.15 496.15 
416 0.0 0.0 0.0 0.0 0.0 0.0 0.0 0.0 0.0 492.75 501.55 490.6 499.5 495.75 488.75 490.8 494.5 487.45 506.5 495.25 491.85 
417 0.0 0.0 0.0 0.0 0.0 0.0 0.0 0.0 0.0 496.2 491.0 493.75 494.55 493.25 499.35 499.0 491.45 486.5 494.8 496.6 498.9 
418 0.0 0.0 0.0 0.0 0.0 0.0 0.0 0.0 0.0 495.3 499.1 489.8 498.95 488.2 489.6 487.9 496.2 504.25 492.15 496.45 485.1 
419 0.0 0.0 0.0 0.0 0.0 0.0 0.0 0.0 0.0 489.75 494.7 497.55 493.7 497.95 490.0 490.45 494.4 490.15 492.05 492.7 490.35 
420 0.0 0.0 0.0 0.0 0.0 0.0 0.0 0.0 0.0 486.3 492.6 487.9 487.0 506.7 500.4 496.1 501.5 490.95 495.1 498.05 493.7 
421 0.0 0.0 0.0 0.0 0.0 0.0 0.0 0.0 0.0 471.65 490.05 494.25 497.9 488.05 502.05 484.15 489.7 502.95 498.2 488.2 494.1 
422 0.0 0.0 0.0 0.0 0.0 0.0 0.0 0.0 0.0 470.75 492.2 497.55 496.5 494.4 487.4 499.65 489.15 492.75 498.15 488.85 490.45 
423 0.0 0.0 0.0 0.0 0.0 0.0 0.0 0.0 0.0 434.05 501.8 498.45 493.1 493.45 497.2 500.05 492.05 503.1 495.65 492.55 489.85 
424 0.0 0.0 0.0 0.0 0.0 0.0 0.0 0.0 0.0 421.3 488.55 487.95 500.6 492.6 494.85 488.65 490.75 491.65 489.8 495.8 498.45 
425 0.0 0.0 0.0 0.0 0.0 0.0 0.0 0.0 0.0 390.1 497.75 497.15 484.5 495.85 495.1 493.5 491.55 491.9 490.7 487.9 483.95 
426 0.0 0.0 0.0 0.0 0.0 0.0 0.0 0.0 0.0 309.6 497.15 490.95 496.65 495.3 493.7 502.5 499.6 486.45 491.9 493.25 501.05 
427 0.0 0.0 0.0 0.0 0.0 0.0 0.0 0.0 0.0 223.6 486.0 491.95 486.9 491.8 487.25 500.55 501.45 491.6 500.55 493.9 494.2 
428 0.0 0.0 0.0 0.0 0.0 0.0 0.0 0.0 0.0 180.1 487.1 492.05 495.45 497.8 501.7 491.4 489.15 497.2 495.0 496.35 496.35 
429 0.0 0.0 0.0 0.0 0.0 0.0 0.0 0.0 0.0 101.1 486.95 493.75 489.0 495.35 495.6 491.7 492.2 499.45 498.9 501.0 498.0 
430 0.0 0.0 0.0 0.0 0.0 0.0 0.0 0.0 0.0 80.6 492.9 495.3 504.6 494.9 494.75 492.55 495.55 492.95 487.15 490.75 491.95 
431 0.0 0.0 0.0 0.0 0.0 0.0 0.0 0.0 0.0 59.85 482.95 493.75 491.8 487.2 485.55 494.75 493.65 503.65 487.9 497.65 502.35 
432 0.0 0.0 0.0 0.0 0.0 0.0 0.0 0.0 0.0 45.35 490.25 495.5 495.15 496.1 488.15 499.0 495.55 498.95 488.95 499.8 492.6 
433 0.0 0.0 0.0 0.0 0.0 0.0 0.0 0.0 0.0 27.25 491.55 483.8 491.2 489.1 496.15 492.85 500.7 489.15 492.25 490.25 497.6 
434 0.0 0.0 0.0 0.0 0.0 0.0 0.0 0.0 0.0 6.75 494.6 491.25 485.7 481.2 493.95 492.15 485.05 488.3 496.25 481.85 480.85 
435 0.0 0.0 0.0 0.0 0.0 0.0 0.0 0.0 0.0 0.95 500.75 486.7 493.55 494.6 485.6 492.3 494.0 488.15 494.45 500.3 494.3 
436 0.0 0.0 0.0 0.0 0.0 0.0 0.0 0.0 0.0 0.05 495.35 496.65 496.8 497.8 486.3 483.8 488.35 491.55 494.4 490.7 484.7 
437 0.0 0.0 0.0 0.0 0.0 0.0 0.0 0.0 0.0 0.0 492.55 490.8 481.05 489.1 491.65 485.85 494.65 488.75 487.25 484.2 491.4 
438 0.0 0.0 0.0 0.0 0.0 0.0 0.0 0.0 0.0 0.0 493.2 486.45 490.35 484.6 483.3 488.35 490.5 488.35 498.9 487.25 490.1 
439 0.0 0.0 0.0 0.0 0.0 0.0 0.0 0.0 0.0 0.0 485.55 488.85 487.6 479.35 486.45 489.6 487.05 493.7 488.35 488.7 481.35 
440 0.0 0.0 0.0 0.0 0.0 0.0 0.0 0.0 0.0 0.0 491.85 488.6 487.5 492.75 490.3 483.3 488.5 482.2 488.45 491.65 484.7 
441 0.0 0.0 0.0 0.0 0.0 0.0 0.0 0.0 0.0 0.0 492.65 495.9 489.35 491.95 490.55 489.45 485.4 482.8 484.85 492.8 491.95 
442 0.0 0.0 0.0 0.0 0.0 0.0 0.0 0.0 0.0 0.0 489.25 494.7 492.05 491.4 493.6 486.2 485.55 485.35 477.45 486.75 500.7 
443 0.0 0.0 0.0 0.0 0.0 0.0 0.0 0.0 0.0 0.0 490.35 490.4 495.15 494.3 489.4 488.3 488.2 495.3 494.4 491.35 482.05 
444 0.0 0.0 0.0 0.0 0.0 0.0 0.0 0.0 0.0 0.0 486.9 496.35 489.2 490.9 489.6 484.8 483.95 491.6 493.35 492.3 494.25 
445 0.0 0.0 0.0 0.0 0.0 0.0 0.0 0.0 0.0 0.0 499.1 488.8 491.05 487.2 499.6 497.95 494.1 498.65 485.8 489.5 491.6 
446 0.0 0.0 0.0 0.0 0.0 0.0 0.0 0.0 0.0 0.0 484.35 480.5 492.45 490.9 489.8 498.3 487.45 487.4 494.9 496.15 493.7 
447 0.0 0.0 0.0 0.0 0.0 0.0 0.0 0.0 0.0 0.0 489.5 498.75 476.65 494.25 493.7 490.65 485.4 487.1 494.9 490.5 491.05 
448 0.0 0.0 0.0 0.0 0.0 0.0 0.0 0.0 0.0 0.0 498.3 487.4 488.8 489.0 495.4 494.2 499.8 486.75 486.7 489.65 485.45 
449 0.0 0.0 0.0 0.0 0.0 0.0 0.0 0.0 0.0 0.0 489.55 491.55 497.05 501.95 491.6 498.45 495.85 501.65 492.7 486.9 494.8 
450 0.0 0.0 0.0 0.0 0.0 0.0 0.0 0.0 0.0 0.0 490.8 493.9 501.5 491.85 495.95 496.25 490.35 492.9 502.05 486.25 493.55 
451 0.0 0.0 0.0 0.0 0.0 0.0 0.0 0.0 0.0 0.0 492.15 490.1 489.4 489.6 494.55 491.35 500.4 487.55 482.1 495.4 488.45 
452 0.0 0.0 0.0 0.0 0.0 0.0 0.0 0.0 0.0 0.0 498.1 490.9 492.6 494.25 493.55 494.85 482.9 495.6 488.85 492.5 493.0 
453 0.0 0.0 0.0 0.0 0.0 0.0 0.0 0.0 0.0 0.0 492.3 492.85 494.85 498.55 493.2 484.9 499.0 485.35 485.6 489.9 489.05 
454 0.0 0.0 0.0 0.0 0.0 0.0 0.0 0.0 0.0 0.0 493.9 493.15 494.5 489.05 487.55 498.2 496.4 485.85 486.75 484.35 494.45 
455 0.0 0.0 0.0 0.0 0.0 0.0 0.0 0.0 0.0 0.0 488.5 497.6 496.1 486.5 498.4 484.6 490.65 499.1 493.95 492.6 492.6 
456 0.0 0.0 0.0 0.0 0.0 0.0 0.0 0.0 0.0 0.0 493.65 493.35 496.2 496.95 491.4 493.05 493.05 499.15 487.4 497.95 487.3 
457 0.0 0.0 0.0 0.0 0.0 0.0 0.0 0.0 0.0 0.0 489.2 496.4 492.7 493.0 490.9 490.7 488.5 491.05 495.5 493.85 500.05 
458 0.0 0.0 0.0 0.0 0.0 0.0 0.0 0.0 0.0 0.0 487.55 489.9 493.3 492.25 483.05 496.7 487.5 485.35 486.9 493.85 490.6 
459 0.0 0.0 0.0 0.0 0.0 0.0 0.0 0.0 0.0 0.0 497.6 491.4 481.1 486.1 491.75 489.0 484.8 494.9 498.75 486.75 498.45 
460 0.0 0.0 0.0 0.0 0.0 0.0 0.0 0.0 0.0 0.0 491.8 487.8 486.1 495.65 477.6 491.45 498.6 490.5 490.6 494.75 487.0 
461 0.0 0.0 0.0 0.0 0.0 0.0 0.0 0.0 0.0 0.0 487.4 492.9 493.45 485.4 497.3 489.55 492.15 495.45 491.7 489.2 492.55 
462 0.0 0.0 0.0 0.0 0.0 0.0 0.0 0.0 0.0 0.0 495.55 493.65 490.55 490.65 490.3 484.4 500.65 493.0 497.5 494.65 487.85 
463 0.0 0.0 0.0 0.0 0.0 0.0 0.0 0.0 0.0 0.0 497.4 486.8 490.95 494.6 495.1 493.1 483.95 494.55 496.3 494.4 499.6 
464 0.0 0.0 0.0 0.0 0.0 0.0 0.0 0.0 0.0 0.0 488.1 492.05 498.7 486.15 491.95 496.05 497.2 494.1 498.35 488.55 498.6 
465 0.0 0.0 0.0 0.0 0.0 0.0 0.0 0.0 0.0 0.0 498.35 485.75 491.75 489.8 490.6 492.65 485.7 494.2 484.75 500.25 487.85 
466 0.0 0.0 0.0 0.0 0.0 0.0 0.0 0.0 0.0 0.0 494.4 494.05 499.2 494.4 496.45 489.0 482.75 494.5 486.55 490.65 490.4 
467 0.0 0.0 0.0 0.0 0.0 0.0 0.0 0.0 0.0 0.0 488.7 493.85 490.5 493.8 494.0 491.9 492.0 490.3 499.65 499.25 497.7 
468 0.0 0.0 0.0 0.0 0.0 0.0 0.0 0.0 0.0 0.0 487.15 496.1 498.15 493.25 493.5 493.85 496.15 492.75 501.15 497.65 483.25 
469 0.0 0.0 0.0 0.0 0.0 0.0 0.0 0.0 0.0 0.0 484.65 501.15 492.15 496.6 485.8 491.75 494.6 490.5 492.35 486.7 503.15 
470 0.0 0.0 0.0 0.0 0.0 0.0 0.0 0.0 0.0 0.0 442.3 491.4 489.5 499.75 497.9 495.35 498.4 493.0 486.5 494.1 484.5 
471 0.0 0.0 0.0 0.0 0.0 0.0 0.0 0.0 0.0 0.0 408.45 488.3 493.05 495.5 492.5 492.75 495.05 493.85 486.2 487.25 489.25 
472 0.0 0.0 0.0 0.0 0.0 0.0 0.0 0.0 0.0 0.0 365.7 489.1 494.3 486.85 489.65 488.9 487.05 481.8 494.65 488.2 493.55 
473 0.0 0.0 0.0 0.0 0.0 0.0 0.0 0.0 0.0 0.0 351.85 487.65 496.7 486.55 499.25 498.85 485.05 491.4 495.85 487.8 488.25 
474 0.0 0.0 0.0 0.0 0.0 0.0 0.0 0.0 0.0 0.0 323.45 492.3 488.55 492.2 489.55 487.2 495.95 503.95 489.6 494.05 495.3 
475 0.0 0.0 0.0 0.0 0.0 0.0 0.0 0.0 0.0 0.0 288.65 493.1 481.1 490.8 489.45 481.95 495.35 493.05 493.75 496.75 488.15 
476 0.0 0.0 0.0 0.0 0.0 0.0 0.0 0.0 0.0 0.0 199.9 492.9 491.1 489.85 501.7 501.6 492.3 491.05 497.25 491.2 495.4 
477 0.0 0.0 0.0 0.0 0.0 0.0 0.0 0.0 0.0 0.0 127.95 485.95 479.1 494.9 488.05 493.85 488.3 486.95 502.1 486.05 491.75 
478 0.0 0.0 0.0 0.0 0.0 0.0 0.0 0.0 0.0 0.0 76.6 492.85 488.3 490.4 495.2 492.45 494.5 496.35 489.7 494.75 500.05 
479 0.0 0.0 0.0 0.0 0.0 0.0 0.0 0.0 0.0 0.0 50.45 489.5 497.3 492.3 501.25 492.55 501.1 491.45 489.9 510.45 485.2 
480 0.0 0.0 0.0 0.0 0.0 0.0 0.0 0.0 0.0 0.0 34.05 494.65 485.25 492.5 496.05 497.9 496.0 498.3 494.55 486.6 494.0 
481 0.0 0.0 0.0 0.0 0.0 0.0 0.0 0.0 0.0 0.0 5.3 497.4 496.35 491.4 489.25 489.45 493.2 495.95 495.2 490.45 500.25 
482 0.0 0.0 0.0 0.0 0.0 0.0 0.0 0.0 0.0 0.0 0.55 486.9 495.45 488.35 484.45 487.7 498.7 495.25 499.45 500.05 497.25 
483 0.0 0.0 0.0 0.0 0.0 0.0 0.0 0.0 0.0 0.0 0.0 493.05 495.8 493.3 480.7 491.0 493.35 498.95 495.9 505.25 495.0 
484 0.0 0.0 0.0 0.0 0.0 0.0 0.0 0.0 0.0 0.0 0.0 493.3 505.7 498.15 487.75 497.55 494.55 495.8 499.95 495.05 502.4 
485 0.0 0.0 0.0 0.0 0.0 0.0 0.0 0.0 0.0 0.0 0.0 494.25 495.95 487.5 492.35 499.35 497.25 491.0 491.15 499.4 501.95 
486 0.0 0.0 0.0 0.0 0.0 0.0 0.0 0.0 0.0 0.0 0.0 500.0 493.8 497.35 500.2 493.5 500.45 499.05 500.95 503.45 511.45 
487 0.0 0.0 0.0 0.0 0.0 0.0 0.0 0.0 0.0 0.0 0.0 487.1 488.2 488.35 499.45 503.85 496.9 498.85 498.15 500.05 514.35 
488 0.0 0.0 0.0 0.0 0.0 0.0 0.0 0.0 0.0 0.0 0.0 496.3 499.75 500.25 502.7 507.05 507.3 508.95 506.75 506.75 505.25 
489 0.0 0.0 0.0 0.0 0.0 0.0 0.0 0.0 0.0 0.0 0.0 493.2 491.7 507.25 508.25 501.8 507.75 513.55 512.2 511.15 506.7 
490 0.0 0.0 0.0 0.0 0.0 0.0 0.0 0.0 0.0 0.0 0.0 488.95 488.3 500.55 508.05 505.6 505.05 507.1 507.7 504.9 511.7 
491 0.0 0.0 0.0 0.0 0.0 0.0 0.0 0.0 0.0 0.0 0.0 492.95 495.8 497.1 498.3 511.7 506.7 505.1 506.95 507.2 499.55 
492 0.0 0.0 0.0 0.0 0.0 0.0 0.0 0.0 0.0 0.0 0.0 494.3 495.25 508.75 507.8 519.35 513.3 506.8 507.65 505.45 506.2 
493 0.0 0.0 0.0 0.0 0.0 0.0 0.0 0.0 0.0 0.0 0.0 485.9 506.2 515.95 514.75 517.05 514.45 513.0 511.6 516.85 515.55 
494 0.0 0.0 0.0 0.0 0.0 0.0 0.0 0.0 0.0 0.0 0.0 495.5 521.25 518.1 522.75 517.95 508.1 512.95 513.4 513.0 506.7 
495 0.0 0.0 0.0 0.0 0.0 0.0 0.0 0.0 0.0 0.0 0.0 507.35 533.45 528.85 519.4 512.35 524.95 517.35 514.45 500.85 511.6 
496 0.0 0.0 0.0 0.0 0.0 0.0 0.0 0.0 0.0 0.0 0.0 535.4 539.9 534.9 521.75 513.05 519.6 519.5 515.15 520.95 522.05 
497 0.0 0.0 0.0 0.0 0.0 0.0 0.0 0.0 0.0 0.0 0.0 564.35 549.15 531.6 535.05 531.05 519.4 524.6 521.6 519.5 508.9 
498 0.0 0.0 0.0 0.0 0.0 0.0 0.0 0.0 0.0 0.0 0.0 599.9 552.6 537.05 537.5 529.5 530.65 519.45 528.55 525.8 522.85 
499 0.0 0.0 0.0 0.0 0.0 0.0 0.0 0.0 0.0 0.0 0.0 299.6 270.25 272.05 266.4 263.7 259.4 264.2 262.3 262.4 258.8 
