0 100.45 289.25 273.05 272.45 268.05 269.85 268.4 269.5 261.2 260.75 263.9 262.9 265.95 261.1 257.55 257.15 258.5 259.75 259.6 265.6 264.45 
1 0.2 576.4 556.0 541.45 541.15 538.3 533.5 536.6 529.9 527.8 522.65 516.9 521.15 516.25 523.55 524.2 520.45 528.35 519.7 507.65 517.6 
2 0.0 566.05 556.0 549.6 542.1 534.3 535.3 523.35 532.65 525.95 523.45 521.3 521.7 512.65 516.7 519.75 516.2 516.0 514.55 518.45 517.5 
3 0.0 550.25 549.1 538.5 538.15 534.35 530.6 526.0 522.6 525.8 512.7 525.3 525.7 519.3 520.45 512.1 514.85 520.0 518.6 524.55 517.6 
4 0.0 527.35 534.2 538.85 535.0 526.5 530.35 530.9 521.8 518.65 526.4 509.9 517.65 525.2 518.7 515.0 519.85 515.85 523.35 522.35 508.15 
5 0.0 523.2 534.9 532.1 524.6 528.1 526.9 529.55 522.7 518.95 513.95 533.35 515.05 518.2 509.65 513.85 519.75 512.15 524.85 518.3 521.85 
6 0.0 517.4 520.1 530.25 521.5 523.1 520.3 523.55 526.9 522.35 527.75 526.45 515.9 523.9 519.85 523.5 518.8 510.25 509.75 504.45 515.7 
7 0.0 505.85 519.0 518.4 523.7 521.8 521.8 511.7 526.3 523.9 516.6 516.35 513.35 521.85 518.65 520.4 517.25 517.9 504.05 510.25 510.2 
8 0.0 507.95 508.15 519.5 521.95 524.1 521.8 514.65 510.85 515.3 518.35 522.95 510.75 506.5 513.4 520.35 518.35 508.95 514.05 513.55 510.9 
9 0.0 499.65 506.2 509.6 527.2 514.25 516.3 510.3 509.2 515.65 516.85 518.5 514.8 511.25 512.65 502.7 507.0 514.1 506.25 515.05 513.85 
10 0.0 498.5 507.75 511.4 510.35 519.3 503.45 499.3 510.55 510.4 513.45 503.35 521.3 511.8 520.1 513.85 507.7 511.75 513.05 510.25 514.6 
11 0.0 495.25 505.9 500.0 501.5 510.7 509.75 518.3 509.65 506.8 516.1 513.95 502.85 511.2 517.65 507.65 514.7 511.6 509.35 520.75 509.3 
12 0.0 491.45 494.25 509.4 501.0 504.75 499.5 520.35 508.6 512.4 506.25 515.75 510.85 513.6 512.9 516.95 507.65 511.85 519.85 506.95 503.1 
13 0.0 498.85 501.95 493.05 487.8 498.6 503.75 502.3 516.2 508.25 517.25 510.45 517.55 513.5 502.35 517.2 513.15 503.9 506.25 502.85 512.65 
14 0.0 504.5 502.75 491.9 500.8 497.3 509.25 508.6 518.2 514.35 507.45 504.75 506.3 519.95 510.1 512.4 514.35 516.95 511.2 513.45 512.5 
15 0.0 507.4 494.9 504.7 500.3 504.5 499.6 511.5 508.3 512.45 503.25 492.95 517.45 499.75 502.2 502.75 505.35 511.35 511.55 515.7 512.35 
16 0.0 495.85 498.75 493.85 495.65 498.05 507.4 502.1 504.75 511.05 504.05 501.3 503.65 505.2 507.6 511.65 514.05 510.75 510.8 501.1 506.7 
17 0.0 498.45 493.0 498.05 498.4 499.65 504.65 500.3 506.65 507.7 508.2 514.15 509.35 515.35 511.8 503.7 509.0 505.5 516.85 515.85 504.8 
18 0.0 494.15 494.85 495.1 501.1 506.25 509.05 511.95 498.4 506.55 513.75 504.15 509.55 508.65 511.35 516.1 510.35 515.55 506.2 506.7 512.6 
19 0.0 501.4 494.85 503.65 501.55 500.9 508.0 507.3 508.85 503.5 499.2 511.65 507.85 508.9 506.7 509.95 497.1 513.15 506.0 504.4 507.2 
20 0.0 503.2 509.25 500.2 504.25 493.85 501.05 507.5 499.6 499.15 504.1 509.6 495.7 506.55 509.2 506.95 507.9 507.75 502.3 504.55 511.45 
21 0.0 496.7 498.8 501.6 498.45 505.4 505.3 501.5 496.8 504.55 506.65 501.0 506.0 503.7 506.55 506.5 506.05 499.7 499.15 500.15 499.55 
22 0.0 512.05 495.5 502.8 506.05 502.95 501.75 499.25 498.15 497.1 504.7 500.8 505.7 509.55 506.4 497.55 505.85 505.9 502.0 505.5 501.8 
23 0.0 493.05 497.65 499.95 502.55 496.35 497.3 495.4 501.55 499.1 501.6 504.55 507.1 504.3 512.9 510.3 506.75 493.7 502.7 500.85 505.6 
24 0.0 501.55 505.8 497.8 501.0 501.15 496.6 502.75 501.85 509.95 500.7 504.35 507.8 508.2 502.6 508.8 502.2 499.35 501.05 498.85 497.85 
25 0.0 499.2 501.5 496.5 503.6 498.55 496.5 498.9 506.35 497.0 503.9 502.15 504.25 502.2 500.05 500.35 500.35 510.75 506.3 510.9 503.4 
26 0.0 496.85 492.35 501.25 498.0 499.25 509.9 495.8 498.75 498.5 506.1 507.4 503.05 504.7 500.2 499.85 503.95 506.8 505.7 497.1 506.6 
27 0.0 502.1 499.95 501.4 500.2 507.35 500.8 500.5 499.55 507.05 505.3 500.4 497.85 496.7 499.65 494.7 502.15 496.2 505.8 510.9 510.5 
28 0.0 498.7 496.05 488.1 496.65 500.25 497.6 502.9 508.95 507.1 507.05 500.45 503.35 493.6 500.25 502.2 505.4 506.25 499.95 502.85 504.95 
29 0.0 492.1 495.4 499.1 493.85 498.95 491.15 499.55 490.4 500.0 495.1 503.15 506.7 495.1 498.55 504.1 504.25 507.15 504.2 503.25 500.15 
30 0.0 499.35 508.55 501.15 498.45 496.3 493.9 496.8 502.95 502.6 500.4 505.1 493.55 497.8 500.1 498.05 500.45 495.85 506.45 507.2 507.45 
31 0.0 502.95 502.4 498.55 499.55 492.65 496.2 493.1 503.05 495.6 494.3 497.65 492.95 496.2 497.05 496.4 497.25 500.85 505.65 507.25 495.2 
32 0.0 501.8 500.55 496.4 505.0 502.7 505.3 497.5 505.1 498.15 505.25 498.5 506.45 503.7 499.2 509.65 507.0 510.75 505.25 496.0 504.35 
33 0.0 493.9 499.5 495.95 496.75 500.9 501.25 495.15 497.15 500.8 501.1 496.7 495.05 499.35 504.2 498.8 505.8 514.25 513.4 507.05 499.7 
34 0.0 512.45 503.2 508.6 504.2 500.35 502.45 500.65 489.1 495.25 491.85 501.6 505.0 502.75 498.4 500.25 502.05 493.25 496.05 506.8 510.25 
35 0.0 497.85 491.8 505.95 496.3 499.55 498.25 501.8 506.15 499.4 499.95 499.75 499.35 498.6 507.6 498.9 500.45 502.25 498.25 500.4 502.0 
36 0.0 504.0 502.45 502.2 503.1 500.6 495.4 492.75 488.2 501.4 498.95 501.4 495.55 505.85 502.45 505.3 503.95 504.35 497.95 497.3 498.75 
37 0.0 494.7 491.5 506.85 496.4 498.25 501.2 493.75 501.05 501.65 498.35 500.7 505.35 501.4 502.2 499.2 500.95 492.9 498.8 502.8 501.45 
38 0.0 498.9 499.55 491.15 495.85 496.05 494.65 503.3 497.35 498.25 500.2 501.1 493.15 516.75 500.95 501.7 499.75 489.45 500.4 498.1 500.3 
39 0.0 504.25 503.0 501.1 506.9 503.2 502.5 510.05 503.2 497.25 506.8 491.95 500.05 491.65 490.35 494.9 499.45 507.8 501.9 497.65 504.0 
40 0.0 497.6 503.4 508.8 499.85 499.3 497.0 500.35 499.9 499.65 492.65 500.25 504.95 497.35 498.8 504.1 495.6 492.6 500.1 498.4 496.0 
41 0.0 498.7 501.9 493.55 501.6 495.9 501.5 509.7 500.35 491.15 496.05 505.6 503.3 494.7 500.95 494.55 502.05 493.4 490.35 500.7 497.35 
42 0.0 494.9 502.35 499.8 497.8 501.6 491.5 498.35 504.9 502.25 501.8 497.65 498.5 510.1 492.15 504.85 500.45 511.75 503.95 506.05 506.1 
43 0.0 502.55 501.15 496.95 501.0 506.25 508.3 493.95 498.75 499.7 495.65 495.45 496.0 495.5 513.25 499.45 493.3 502.35 498.05 495.6 503.2 
44 0.0 498.25 493.0 499.15 498.25 504.05 502.05 502.1 500.6 501.2 510.4 494.7 499.3 493.5 498.6 497.95 496.7 489.9 499.8 500.35 507.15 
45 0.0 500.75 509.05 501.25 497.6 500.25 496.75 504.15 495.4 496.4 493.4 494.55 494.5 499.0 495.25 496.95 499.35 506.6 499.0 492.75 494.25 
46 0.0 505.85 501.0 504.6 503.55 495.3 500.9 501.55 503.0 500.35 496.7 497.8 493.0 495.15 497.3 496.15 491.4 495.1 504.15 498.5 491.5 
47 0.0 476.25 502.2 497.6 495.35 499.2 490.1 502.4 494.75 492.1 494.6 503.75 499.0 498.7 492.9 504.8 505.25 490.55 498.0 503.25 500.9 
48 0.0 424.3 504.45 502.15 503.15 494.5 512.3 501.3 500.6 501.6 499.9 490.35 488.95 498.6 496.45 501.55 501.35 501.2 503.5 496.9 497.3 
49 0.0 346.6 497.55 502.2 503.1 498.65 503.05 490.85 500.7 499.65 493.3 505.55 500.15 505.35 504.0 495.4 506.25 504.35 500.9 495.05 498.4 
50 0.0 243.75 494.55 498.85 491.3 500.0 497.5 491.95 498.35 504.6 508.55 503.2 508.55 493.65 499.95 500.5 504.2 504.05 500.2 501.1 503.45 
51 0.0 161.05 501.3 502.55 507.05 498.1 496.35 505.1 507.0 503.35 499.85 504.1 503.9 507.6 517.0 502.05 490.65 501.45 497.25 504.8 492.95 
52 0.0 71.9 498.4 503.2 505.4 502.5 502.1 502.15 497.3 506.25 503.5 504.65 502.1 503.55 496.5 495.2 494.4 499.1 505.8 505.8 498.55 
53 0.0 12.05 496.05 494.25 499.4 508.3 490.45 504.2 507.75 508.9 497.65 501.6 497.9 500.95 501.1 492.15 502.25 493.3 495.35 498.3 496.2 
54 0.0 1.2 497.2 499.8 497.25 502.2 509.0 496.35 498.95 496.7 504.5 500.65 503.95 504.5 496.7 495.0 500.7 501.95 493.05 502.7 505.25 
55 0.0 0.0 497.05 491.9 495.2 499.2 512.3 497.2 498.5 500.8 501.95 493.05 505.7 491.4 491.35 499.9 499.6 500.7 497.25 501.35 499.3 
56 0.0 0.0 496.75 501.25 504.85 498.8 504.65 503.85 499.15 495.1 504.55 501.55 506.35 501.9 505.15 503.2 493.45 490.85 499.1 502.5 512.25 
57 0.0 0.0 505.35 502.0 497.1 499.75 496.5 504.35 501.85 510.75 499.5 505.1 497.1 493.2 501.45 505.85 506.8 504.95 505.05 496.65 501.45 
58 0.0 0.0 494.75 505.4 505.9 495.65 510.0 500.45 498.35 497.35 501.7 504.0 494.1 508.2 499.75 503.5 502.9 503.4 497.7 496.9 502.0 
59 0.0 0.0 503.65 491.65 499.65 502.9 491.85 498.3 506.35 488.6 500.2 495.65 500.85 503.7 500.8 501.8 499.55 501.7 494.5 507.75 493.1 
60 0.0 0.0 503.45 502.05 506.85 501.55 492.05 498.8 491.65 492.9 491.85 500.9 495.3 498.9 504.45 494.75 497.4 496.45 495.3 500.25 501.25 
61 0.0 0.0 500.95 499.15 489.45 499.6 493.95 509.05 499.3 497.4 485.45 494.45 499.6 495.9 498.5 501.3 500.35 496.05 500.4 496.95 496.45 
62 0.0 0.0 506.9 499.5 497.05 503.75 506.9 497.05 500.25 498.65 498.75 500.6 503.9 500.5 496.65 505.85 501.15 501.55 505.65 489.05 501.9 
63 0.0 0.0 499.8 498.9 493.3 500.55 497.75 500.7 495.25 499.7 501.45 503.05 507.35 504.95 502.5 498.65 493.85 505.35 506.25 497.1 501.55 
64 0.0 0.0 491.4 508.45 496.8 490.3 502.65 497.9 501.0 502.1 503.35 487.0 503.1 504.3 496.55 502.85 493.6 502.9 502.7 500.75 506.1 
65 0.0 0.0 499.75 497.6 505.4 500.3 500.4 498.3 498.7 497.9 496.9 497.75 489.3 498.8 500.55 497.75 506.25 493.0 492.45 498.25 492.6 
66 0.0 0.0 506.55 490.75 501.7 504.3 491.6 493.9 501.25 503.35 496.45 502.95 495.15 498.85 507.95 502.15 513.3 499.4 493.65 504.95 495.5 
67 0.0 0.0 506.1 513.05 502.05 505.25 500.85 499.7 502.6 509.85 502.8 500.0 496.9 489.0 496.5 505.8 500.5 507.85 510.4 508.55 500.4 
68 0.0 0.0 500.8 497.85 499.1 498.3 500.1 503.45 503.25 499.55 504.5 497.6 498.0 499.1 493.8 496.4 501.95 500.45 497.3 508.05 491.9 
69 0.0 0.0 499.3 502.4 498.6 501.95 500.1 490.5 505.4 499.25 494.9 499.25 498.35 493.9 506.95 496.4 500.65 496.35 495.1 500.65 499.85 
70 0.0 0.0 498.85 505.85 499.45 490.45 503.15 502.4 492.7 497.35 504.45 502.6 509.55 503.9 503.0 502.8 496.65 501.5 507.55 499.7 511.3 
71 0.0 0.0 511.6 489.05 493.25 496.0 495.35 501.7 497.7 503.8 507.0 504.1 492.6 508.2 497.5 497.1 505.35 496.5 499.8 496.3 491.55 
72 0.0 0.0 496.05 498.5 507.65 506.25 506.15 498.5 501.0 501.5 501.4 505.35 506.9 497.85 497.45 495.0 485.55 495.75 500.35 501.4 503.6 
73 0.0 0.0 499.4 507.8 502.55 497.8 495.1 495.45 493.2 499.35 503.55 502.2 505.3 501.85 501.35 499.45 494.65 499.55 502.8 495.85 496.25 
74 0.0 0.0 501.55 497.15 505.55 505.45 503.85 495.4 505.2 496.95 500.2 502.05 498.55 497.95 498.2 499.95 501.8 499.55 497.8 494.3 496.3 
75 0.0 0.0 493.8 492.0 504.05 502.65 501.25 496.55 506.8 496.55 504.0 493.75 500.95 499.9 499.25 501.7 496.9 500.0 496.35 495.15 500.7 
76 0.0 0.0 486.5 504.1 499.95 503.3 499.05 508.9 495.4 496.15 495.15 496.35 494.1 496.0 492.5 506.1 501.05 500.45 505.1 508.7 507.0 
77 0.0 0.0 511.35 505.2 494.8 503.95 503.2 500.1 501.45 498.1 500.05 498.0 499.15 501.25 497.15 494.75 502.45 501.1 496.2 499.55 499.9 
78 0.0 0.0 503.75 500.15 503.15 494.25 489.95 508.25 498.9 502.95 499.3 503.85 497.65 491.75 499.5 500.1 503.95 501.1 499.9 496.45 501.7 
79 0.0 0.0 497.7 503.35 499.85 495.1 503.95 507.9 504.85 497.05 501.15 498.7 506.35 502.5 501.4 502.3 500.75 503.4 498.2 503.25 497.3 
80 0.0 0.0 502.45 504.3 499.3 491.65 500.45 495.8 495.8 508.0 502.2 505.4 490.05 507.5 510.2 499.0 498.45 507.1 509.35 496.75 492.0 
81 0.0 0.0 489.8 496.85 504.0 497.7 505.4 497.7 500.5 502.15 499.95 496.3 515.3 504.7 506.6 507.55 496.2 494.55 499.55 495.85 497.25 
82 0.0 0.0 495.25 500.5 500.3 504.4 503.0 512.65 499.7 505.1 497.1 501.8 500.0 507.9 504.2 502.65 504.85 503.15 496.75 494.9 505.2 
83 0.0 0.0 496.7 492.2 498.85 506.1 497.6 500.1 500.35 490.3 502.35 496.55 504.95 495.7 500.5 500.35 504.8 495.85 502.45 498.95 496.1 
84 0.0 0.0 500.7 492.25 495.75 505.5 501.2 497.1 501.5 505.15 506.3 503.05 497.65 495.85 497.1 492.65 505.15 497.55 492.9 503.45 505.9 
85 0.0 0.0 505.6 499.35 497.95 493.95 497.55 496.95 500.4 496.45 492.25 498.8 498.75 501.55 508.4 498.3 498.2 498.8 494.0 490.5 501.4 
86 0.0 0.0 498.65 499.7 504.55 497.4 499.75 491.5 493.65 500.6 497.85 499.4 502.4 497.0 494.65 504.2 499.75 506.4 500.35 498.75 494.7 
87 0.0 0.0 509.25 508.05 487.6 496.4 497.95 489.9 505.3 496.55 497.85 500.15 500.5 501.35 503.45 503.65 494.8 492.6 504.45 505.3 501.65 
88 0.0 0.0 495.65 507.8 498.1 493.5 493.4 500.8 493.05 492.3 495.65 502.7 502.05 508.3 497.25 491.9 500.85 495.35 502.35 505.35 506.6 
89 0.0 0.0 502.45 498.95 507.3 501.0 499.0 495.25 493.15 501.9 512.4 495.5 493.9 495.75 495.95 497.9 501.35 507.5 504.2 503.5 503.7 
90 0.0 0.0 497.65 505.35 496.85 500.95 497.9 505.15 508.65 498.2 498.65 503.35 497.1 499.7 502.55 500.45 499.55 496.25 494.9 513.1 506.45 
91 0.0 0.0 503.0 503.65 499.4 501.65 500.8 512.2 501.45 504.15 506.4 502.35 502.2 503.4 489.05 504.95 501.3 497.5 500.85 500.0 505.25 
92 0.0 0.0 491.25 495.0 495.0 501.3 508.5 503.0 496.95 501.6 493.6 503.95 495.6 502.45 504.6 502.05 501.4 504.4 505.75 494.05 501.95 
93 0.0 0.0 504.1 500.55 497.75 508.95 502.8 492.15 494.0 497.75 506.05 503.1 506.2 497.7 489.85 504.85 491.8 502.75 501.1 497.6 498.2 
94 0.0 0.0 496.7 491.0 512.6 499.55 503.3 500.8 498.0 500.9 491.9 503.05 505.75 498.4 500.55 490.35 499.15 501.5 501.25 505.8 499.95 
95 0.0 0.0 502.7 498.0 508.55 495.7 497.05 505.6 491.65 493.7 495.55 501.05 488.45 483.6 497.95 498.7 506.25 506.2 501.9 496.8 496.85 
96 0.0 0.0 475.05 490.55 503.35 505.05 504.9 496.25 500.95 507.15 495.65 492.45 496.05 496.2 502.1 494.95 504.55 502.65 502.8 496.65 498.2 
97 0.0 0.0 460.8 495.9 500.65 499.5 504.55 503.7 501.15 486.8 500.8 495.8 497.25 499.5 493.2 501.75 499.2 491.95 505.6 496.3 491.5 
98 0.0 0.0 439.75 503.5 489.3 503.65 497.5 502.75 500.95 493.85 504.3 503.95 490.7 497.05 491.75 490.65 496.35 507.3 491.45 506.15 503.1 
99 0.0 0.0 339.6 503.65 501.75 500.65 497.9 492.35 501.05 501.65 496.85 497.95 499.95 490.6 496.05 504.3 489.3 501.45 495.45 505.3 501.7 
100 0.0 0.0 265.3 503.05 497.4 501.9 490.45 495.0 504.25 501.85 492.65 492.0 497.45 506.25 497.15 501.65 511.05 493.6 503.05 509.85 500.25 
101 0.0 0.0 183.5 503.9 499.85 496.85 502.3 495.9 501.95 500.25 494.6 500.25 496.6 493.95 502.8 497.8 502.3 492.7 493.9 501.85 501.45 
102 0.0 0.0 121.95 499.05 495.8 493.15 491.25 499.35 501.5 501.8 493.8 497.4 491.25 506.15 497.75 495.95 494.1 502.45 502.55 500.2 502.1 
103 0.0 0.0 101.8 498.05 504.8 500.15 504.7 508.75 495.75 508.55 505.15 486.5 503.05 495.75 502.15 507.9 494.55 498.1 495.65 491.1 502.45 
104 0.0 0.0 81.9 497.8 493.6 502.85 489.8 497.15 505.5 490.2 505.5 503.0 501.65 514.75 500.55 498.4 502.05 496.95 501.5 498.6 497.8 
105 0.0 0.0 55.85 512.05 499.0 488.65 501.6 498.5 497.6 500.65 496.9 488.8 505.05 498.3 503.65 497.1 501.3 499.8 499.25 500.05 489.0 
106 0.0 0.0 29.15 499.2 497.95 497.75 500.5 495.3 499.1 509.25 503.4 503.8 504.45 498.45 506.35 492.9 510.95 506.4 500.4 495.5 494.7 
107 0.0 0.0 2.05 495.25 496.75 502.15 492.55 492.85 490.8 499.75 495.4 504.8 505.6 501.75 503.8 507.35 497.25 500.45 495.2 495.1 510.1 
108 0.0 0.0 0.05 501.4 510.05 505.05 501.25 511.0 503.65 493.95 496.9 508.4 501.45 500.55 499.7 506.55 493.75 506.0 503.45 494.2 499.25 
109 0.0 0.0 0.0 499.25 503.55 497.85 508.45 497.15 504.05 499.75 502.9 504.9 501.75 510.3 502.8 504.3 501.05 496.45 497.4 494.75 497.5 
110 0.0 0.0 0.0 498.2 502.8 500.0 500.15 506.8 497.15 505.35 495.65 494.65 498.1 494.0 500.5 503.25 503.45 496.55 500.3 503.15 503.95 
111 0.0 0.0 0.0 495.5 502.55 500.9 496.55 505.8 506.7 494.9 499.0 498.75 498.15 495.7 506.25 495.4 496.55 502.4 498.0 500.85 498.0 
112 0.0 0.0 0.0 502.55 493.2 494.35 508.75 498.45 500.55 496.1 509.65 503.55 505.25 496.05 502.95 501.5 497.0 505.4 499.6 501.25 500.05 
113 0.0 0.0 0.0 496.45 494.15 502.8 509.65 493.15 500.5 507.4 504.2 501.8 507.85 501.0 492.8 499.7 504.45 491.6 509.85 501.45 503.6 
114 0.0 0.0 0.0 494.35 500.8 502.55 497.4 503.7 509.45 507.25 503.3 496.95 501.8 503.75 502.45 497.1 503.4 503.9 509.15 500.7 493.5 
115 0.0 0.0 0.0 497.45 498.95 503.5 496.0 500.55 501.2 495.7 492.8 499.6 497.15 504.2 497.4 502.7 494.7 505.55 490.2 509.15 502.2 
116 0.0 0.0 0.0 505.5 495.35 497.9 493.05 498.9 494.35 501.9 492.45 503.75 494.85 497.65 507.75 501.8 495.1 503.95 504.6 501.0 501.15 
117 0.0 0.0 0.0 506.65 502.45 501.6 496.95 496.95 501.7 508.7 496.9 498.1 495.25 505.25 499.15 502.8 507.6 502.15 505.55 500.05 501.65 
118 0.0 0.0 0.0 509.95 501.15 503.85 495.6 501.15 492.85 491.9 504.4 491.8 503.75 501.9 503.75 499.95 502.65 489.5 501.4 485.6 501.0 
119 0.0 0.0 0.0 498.1 494.45 494.75 502.65 502.85 505.6 502.2 504.9 508.45 505.3 498.6 493.9 504.55 505.9 493.75 490.95 502.0 500.2 
120 0.0 0.0 0.0 503.95 499.6 487.2 500.5 505.15 504.85 501.5 504.9 503.05 499.55 496.15 509.5 506.4 495.55 504.9 495.15 502.85 496.2 
121 0.0 0.0 0.0 494.3 509.1 509.8 506.05 499.8 500.3 495.05 512.3 506.5 492.35 499.35 498.45 500.75 503.35 508.35 497.8 499.95 499.85 
122 0.0 0.0 0.0 495.8 499.8 506.55 507.1 500.0 499.8 504.6 493.35 499.95 502.65 505.45 494.4 496.6 491.0 501.4 499.9 502.25 502.95 
123 0.0 0.0 0.0 491.95 499.15 506.0 506.45 507.85 507.05 503.45 496.2 512.35 508.55 499.35 503.9 497.15 498.9 500.15 508.15 503.85 507.2 
124 0.0 0.0 0.0 500.7 502.7 505.55 502.2 489.55 495.65 504.5 505.15 498.5 510.2 503.55 510.1 497.7 505.0 490.1 500.75 505.45 500.25 
125 0.0 0.0 0.0 506.45 505.6 500.3 495.55 500.35 502.2 501.7 497.65 500.9 504.1 497.15 499.6 499.2 499.8 498.6 490.3 497.1 494.05 
126 0.0 0.0 0.0 504.3 497.9 503.65 502.15 509.1 509.85 505.8 503.6 498.25 508.55 498.65 492.9 506.5 492.2 504.2 502.45 493.95 500.6 
127 0.0 0.0 0.0 500.0 500.0 502.7 506.05 507.15 490.85 498.95 498.7 510.05 489.5 504.35 497.2 503.05 503.1 495.4 499.0 506.45 493.25 
128 0.0 0.0 0.0 499.45 502.5 498.75 505.85 496.75 504.55 493.85 506.75 499.45 498.05 506.4 497.65 492.85 502.65 500.65 495.55 501.5 500.3 
129 0.0 0.0 0.0 495.7 509.95 508.2 496.05 495.15 496.6 501.75 505.8 496.95 495.3 494.6 510.3 491.5 503.85 502.4 500.95 488.65 495.4 
130 0.0 0.0 0.0 497.25 499.8 489.95 501.25 506.15 499.6 499.3 496.5 497.3 494.55 503.35 497.0 495.8 497.05 492.85 495.05 497.3 495.6 
131 0.0 0.0 0.0 503.65 496.3 497.85 493.35 499.95 500.8 496.15 506.4 501.0 496.65 493.7 496.35 503.2 501.85 494.55 502.25 496.55 500.35 
132 0.0 0.0 0.0 497.8 498.05 502.85 499.65 492.55 498.95 504.65 496.4 495.5 498.15 503.7 493.55 496.8 504.15 499.95 509.4 506.6 502.9 
133 0.0 0.0 0.0 500.65 494.2 501.2 502.35 503.9 503.0 502.85 510.3 498.9 505.25 500.25 496.35 505.25 501.8 507.7 499.8 503.15 499.75 
134 0.0 0.0 0.0 500.8 502.8 493.05 500.4 507.25 494.8 492.5 498.35 504.3 498.8 496.35 497.4 500.5 491.25 499.45 499.85 499.55 494.35 
135 0.0 0.0 0.0 501.35 499.0 500.05 493.45 492.5 496.15 501.5 486.0 503.85 503.3 499.5 506.25 496.15 498.55 504.4 498.35 496.05 503.9 
136 0.0 0.0 0.0 499.95 489.55 499.9 490.5 492.0 501.3 503.85 500.0 501.4 501.1 498.15 494.25 496.95 501.6 499.95 495.6 505.3 506.35 
137 0.0 0.0 0.0 502.05 499.0 494.7 508.45 502.25 502.1 493.85 496.85 496.6 511.6 505.5 506.75 500.5 499.75 503.4 502.25 499.4 496.75 
138 0.0 0.0 0.0 499.85 505.7 491.65 498.5 507.8 501.4 498.95 496.0 499.85 494.85 499.65 501.6 496.75 496.4 501.55 501.85 505.1 503.05 
139 0.0 0.0 0.0 493.55 491.9 501.65 492.3 497.55 495.8 501.4 498.25 496.45 502.65 509.1 501.4 508.1 500.05 497.45 507.1 490.8 497.25 
140 0.0 0.0 0.0 503.4 503.65 500.35 506.6 492.55 503.3 499.25 502.95 498.2 497.6 502.1 501.95 505.7 493.55 494.8 511.9 503.3 497.65 
141 0.0 0.0 0.0 499.6 499.35 497.5 505.7 495.35 505.0 507.65 507.6 497.9 497.05 498.5 500.2 494.35 505.25 506.05 496.95 498.4 499.55 
142 0.0 0.0 0.0 502.9 501.65 500.65 497.85 499.05 486.6 495.3 494.45 493.6 507.45 499.55 502.05 494.9 512.15 498.3 493.95 503.7 495.7 
143 0.0 0.0 0.0 504.1 497.6 502.6 496.8 503.1 500.15 501.75 508.2 500.05 500.25 499.9 502.75 508.15 497.5 497.25 499.8 504.1 502.65 
144 0.0 0.0 0.0 482.1 504.55 504.8 500.95 501.1 500.8 495.25 494.95 492.7 492.3 497.1 504.6 500.1 495.05 503.2 491.85 495.9 497.3 
145 0.0 0.0 0.0 465.55 508.6 497.4 496.3 502.5 500.65 495.35 496.8 501.95 491.85 490.0 493.05 494.8 497.4 496.5 493.8 494.8 507.1 
146 0.0 0.0 0.0 471.75 499.4 498.75 498.8 498.5 491.3 496.0 494.7 501.35 493.1 502.25 493.05 501.2 500.15 501.8 500.0 498.55 499.15 
147 0.0 0.0 0.0 468.55 494.5 501.4 502.15 498.35 498.9 494.45 503.4 501.95 494.9 499.75 495.4 499.1 491.0 503.65 500.95 502.1 498.1 
148 0.0 0.0 0.0 450.2 504.05 504.85 501.8 497.55 508.15 499.85 505.75 503.2 502.9 504.65 494.3 500.0 502.0 489.6 503.75 498.3 491.85 
149 0.0 0.0 0.0 396.0 499.6 502.55 499.95 502.15 496.1 501.65 497.6 500.8 500.7 491.4 505.0 498.95 504.3 490.9 495.2 491.05 501.85 
150 0.0 0.0 0.0 310.85 505.2 497.3 494.15 496.3 495.4 496.6 500.3 498.55 498.3 494.3 503.1 502.6 500.8 502.5 504.65 497.15 503.65 
151 0.0 0.0 0.0 238.3 500.1 497.15 493.8 498.8 505.25 510.05 497.2 501.6 501.7 504.55 494.65 504.15 489.15 495.95 490.1 500.35 502.4 
152 0.0 0.0 0.0 148.15 494.1 493.25 496.85 499.45 496.75 500.5 491.9 497.3 505.05 507.75 499.45 495.6 507.7 494.45 504.6 504.25 503.45 
153 0.0 0.0 0.0 126.6 499.75 509.0 507.55 501.0 500.65 502.9 499.05 500.5 502.0 497.8 499.85 495.95 497.75 506.35 498.95 501.2 492.55 
154 0.0 0.0 0.0 125.75 500.3 495.1 498.35 501.7 502.6 495.9 504.4 509.25 508.9 505.7 504.5 496.0 509.7 508.3 501.4 506.55 492.6 
155 0.0 0.0 0.0 111.3 501.85 497.85 497.85 502.75 506.0 500.35 506.6 500.1 498.05 499.1 508.75 500.0 501.7 511.2 503.55 496.55 503.4 
156 0.0 0.0 0.0 62.15 497.15 498.4 498.4 494.15 498.25 504.05 506.8 502.6 505.05 502.6 491.45 501.1 508.95 503.3 496.5 504.1 503.0 
157 0.0 0.0 0.0 9.75 488.35 502.15 507.4 501.95 504.95 503.1 500.85 502.85 498.3 504.4 498.45 500.5 496.5 492.55 503.9 498.65 508.15 
158 0.0 0.0 0.0 0.35 500.1 498.75 492.15 492.35 489.0 495.2 500.2 494.65 497.6 494.65 501.7 502.55 504.4 500.05 501.85 498.4 502.7 
159 0.0 0.0 0.0 0.0 503.4 496.5 505.2 498.9 496.4 497.6 493.8 501.9 496.95 497.3 507.15 506.7 499.15 511.1 499.7 500.15 505.8 
160 0.0 0.0 0.0 0.0 501.75 494.85 497.0 498.7 493.75 499.2 502.7 494.85 497.25 497.45 496.05 495.65 494.5 502.0 499.75 500.3 491.15 
161 0.0 0.0 0.0 0.0 503.15 504.0 497.7 501.15 502.35 509.65 503.05 502.6 497.0 494.4 490.35 499.3 501.4 496.95 500.95 500.5 499.1 
162 0.0 0.0 0.0 0.0 502.3 501.15 500.45 493.35 512.8 499.35 502.7 502.3 501.9 504.6 504.55 507.0 506.45 495.3 498.85 503.1 501.3 
163 0.0 0.0 0.0 0.0 497.35 496.7 497.85 500.1 496.15 497.15 491.8 499.95 503.95 504.7 504.05 500.35 496.35 499.55 496.3 503.95 494.8 
164 0.0 0.0 0.0 0.0 496.8 515.45 505.05 507.6 498.6 498.8 499.05 492.6 499.05 500.0 501.85 501.9 493.3 500.6 497.05 491.0 498.5 
165 0.0 0.0 0.0 0.0 494.65 496.0 490.9 502.75 500.75 496.9 493.2 494.5 501.65 498.4 495.3 500.95 492.5 492.9 488.05 500.45 501.9 
166 0.0 0.0 0.0 0.0 505.5 500.05 512.7 503.5 502.5 496.75 503.35 502.95 498.45 502.25 503.35 497.4 499.85 496.95 514.85 499.75 500.15 
167 0.0 0.0 0.0 0.0 506.0 496.1 500.55 503.8 502.95 510.5 503.4 500.85 497.95 497.45 501.7 487.35 500.05 496.05 499.2 501.0 505.25 
168 0.0 0.0 0.0 0.0 503.85 502.25 500.8 492.7 496.4 500.65 506.35 502.9 505.0 493.25 494.7 500.7 495.7 503.75 493.3 489.85 497.75 
169 0.0 0.0 0.0 0.0 501.5 494.95 501.4 500.15 501.9 504.05 502.2 506.9 502.2 496.3 496.15 499.85 502.8 496.6 499.45 502.95 496.85 
170 0.0 0.0 0.0 0.0 499.15 493.8 507.0 498.65 502.15 506.75 498.6 498.55 500.55 508.65 500.75 495.8 490.95 498.2 503.75 501.7 496.25 
171 0.0 0.0 0.0 0.0 495.45 504.6 495.05 500.25 498.3 502.55 494.75 503.5 499.1 505.65 496.45 497.5 505.35 501.95 512.15 499.65 496.0 
172 0.0 0.0 0.0 0.0 497.85 513.05 503.15 513.1 502.2 495.7 500.75 502.1 495.85 495.85 493.15 500.55 502.7 498.45 495.5 498.35 498.9 
173 0.0 0.0 0.0 0.0 496.85 501.15 499.4 493.75 498.05 495.75 504.6 486.65 498.75 496.25 509.5 506.65 498.65 509.15 497.25 499.2 501.15 
174 0.0 0.0 0.0 0.0 511.15 493.2 509.35 498.2 507.65 500.3 495.15 500.75 498.65 494.9 500.5 506.6 511.8 501.75 498.4 500.2 497.65 
175 0.0 0.0 0.0 0.0 491.5 501.5 504.35 500.9 494.95 497.1 497.9 497.9 504.55 497.35 506.3 496.1 496.45 488.15 497.5 491.4 506.55 
176 0.0 0.0 0.0 0.0 500.45 500.35 493.0 498.6 504.85 501.05 499.55 506.6 505.6 495.55 501.55 498.3 497.0 500.45 498.0 507.65 501.8 
177 0.0 0.0 0.0 0.0 503.6 502.1 494.55 505.75 506.95 500.2 499.4 498.8 495.15 498.75 502.15 497.2 501.3 508.45 496.0 506.7 498.15 
178 0.0 0.0 0.0 0.0 504.45 498.2 494.15 504.35 498.45 494.55 513.95 496.1 492.5 506.75 495.9 497.95 496.45 504.4 498.1 501.2 503.1 
179 0.0 0.0 0.0 0.0 503.45 505.0 499.7 499.4 491.8 499.0 494.55 498.35 506.4 509.0 489.55 495.75 495.95 496.4 503.15 494.7 511.0 
180 0.0 0.0 0.0 0.0 496.85 499.35 497.5 496.4 487.4 496.25 495.5 504.65 494.25 497.7 508.65 497.75 505.0 497.6 501.9 491.05 495.15 
181 0.0 0.0 0.0 0.0 499.5 496.1 495.7 489.95 489.85 491.25 498.9 494.45 504.3 492.45 495.35 491.35 498.65 508.8 507.1 504.5 498.9 
182 0.0 0.0 0.0 0.0 499.95 497.15 507.85 499.65 499.55 499.65 495.2 498.3 497.75 498.5 497.5 505.15 499.6 486.3 496.75 503.6 496.3 
183 0.0 0.0 0.0 0.0 489.6 500.9 497.45 488.6 505.35 495.75 493.5 508.45 500.65 503.95 503.15 501.05 501.15 496.05 499.0 498.35 494.2 
184 0.0 0.0 0.0 0.0 497.85 499.05 498.65 504.45 496.3 496.5 498.6 492.15 503.1 502.3 504.0 491.45 498.15 494.1 503.3 498.15 506.85 
185 0.0 0.0 0.0 0.0 507.6 498.1 491.0 503.75 498.65 503.1 497.65 499.1 489.75 503.7 497.1 501.05 498.7 502.3 498.8 496.95 500.35 
186 0.0 0.0 0.0 0.0 503.55 494.7 495.7 504.65 505.6 493.6 496.9 499.2 497.1 497.45 496.95 516.85 505.55 513.8 503.6 507.15 492.15 
187 0.0 0.0 0.0 0.0 495.75 501.9 503.95 502.15 491.55 502.95 502.85 500.0 507.45 504.15 498.9 506.95 498.55 499.0 500.15 497.0 501.15 
188 0.0 0.0 0.0 0.0 497.7 502.55 499.4 500.6 501.55 509.85 494.65 494.2 497.95 489.25 506.7 494.9 506.45 495.65 504.75 512.9 508.75 
189 0.0 0.0 0.0 0.0 506.1 501.15 498.55 501.75 499.9 509.45 505.75 501.25 503.9 501.6 500.55 498.2 491.45 501.05 501.75 490.45 499.4 
190 0.0 0.0 0.0 0.0 495.9 499.6 509.15 490.1 503.2 503.1 502.9 505.4 491.45 505.85 493.65 498.2 498.1 505.0 490.15 504.85 504.25 
191 0.0 0.0 0.0 0.0 498.55 497.8 499.5 500.85 504.0 494.55 499.8 500.2 505.45 495.1 496.15 498.5 494.4 496.25 498.5 507.75 504.45 
192 0.0 0.0 0.0 0.0 502.1 499.55 501.4 499.45 499.55 491.7 508.15 506.5 505.1 496.8 494.6 503.3 504.4 504.75 501.3 499.05 507.7 
193 0.0 0.0 0.0 0.0 498.05 509.15 492.5 500.1 499.3 493.45 488.6 500.15 498.6 499.15 505.35 498.4 497.9 496.8 499.45 495.95 492.95 
194 0.0 0.0 0.0 0.0 507.55 490.8 495.9 495.9 505.9 499.15 501.55 495.75 503.4 510.0 502.1 493.75 503.65 499.0 507.45 505.8 506.65 
195 0.0 0.0 0.0 0.0 488.85 506.4 503.3 511.4 497.6 503.15 508.95 501.45 497.8 494.5 504.75 503.95 497.15 498.8 496.3 507.9 496.3 
196 0.0 0.0 0.0 0.0 478.6 503.5 500.85 517.95 499.35 505.2 499.25 498.55 494.65 494.15 495.85 498.8 503.75 497.2 502.85 497.55 495.9 
197 0.0 0.0 0.0 0.0 446.65 491.65 505.85 490.2 505.25 501.9 501.45 501.15 502.55 492.75 493.85 496.0 496.55 505.0 498.25 505.45 494.75 
198 0.0 0.0 0.0 0.0 434.2 501.6 496.8 490.1 507.25 514.0 499.4 505.7 494.15 500.0 502.8 499.9 504.9 498.5 505.15 500.05 500.9 
199 0.0 0.0 0.0 0.0 362.55 499.85 499.65 495.05 495.05 496.25 502.4 497.25 493.5 501.45 505.35 497.15 498.95 505.4 500.15 499.5 507.05 
200 0.0 0.0 0.0 0.0 301.25 498.55 501.3 496.9 498.8 499.1 503.45 497.05 498.6 506.05 498.25 504.55 503.4 498.45 504.85 502.65 501.1 
201 0.0 0.0 0.0 0.0 265.95 497.85 508.0 512.7 499.85 501.6 492.1 500.1 503.55 507.15 507.25 513.65 505.7 508.75 507.15 488.65 492.85 
202 0.0 0.0 0.0 0.0 206.45 499.2 504.6 500.45 500.5 498.85 502.6 495.25 502.3 504.6 499.0 503.95 504.8 508.2 498.7 501.65 499.15 
203 0.0 0.0 0.0 0.0 149.45 500.85 503.1 499.65 494.1 491.1 493.15 488.65 504.2 494.3 499.7 501.05 498.5 501.85 501.2 499.9 506.75 
204 0.0 0.0 0.0 0.0 108.6 501.9 489.1 492.75 502.5 496.8 497.95 503.6 494.15 509.95 501.8 508.8 492.2 497.2 499.05 508.25 494.05 
205 0.0 0.0 0.0 0.0 81.0 502.85 494.85 503.65 504.75 503.85 499.0 502.75 495.8 496.2 496.0 508.1 507.6 496.5 488.4 500.0 503.3 
206 0.0 0.0 0.0 0.0 56.8 492.15 497.45 496.2 502.75 498.95 500.1 500.1 501.45 498.45 500.95 495.0 504.15 507.5 505.95 495.05 499.95 
207 0.0 0.0 0.0 0.0 30.25 503.0 502.15 494.8 498.3 505.45 501.55 503.2 508.2 496.05 496.95 494.85 503.25 496.8 501.85 495.55 502.5 
208 0.0 0.0 0.0 0.0 24.45 510.95 509.8 500.3 502.35 499.1 504.4 502.55 498.15 495.1 506.5 498.25 491.75 494.35 496.7 498.9 499.8 
209 0.0 0.0 0.0 0.0 12.7 496.3 502.6 500.55 490.35 499.35 499.85 503.25 501.55 496.0 501.95 506.7 507.65 500.5 503.4 498.6 498.95 
210 0.0 0.0 0.0 0.0 1.15 501.2 497.65 502.0 489.5 501.8 508.1 496.25 510.5 498.05 503.6 495.95 498.25 492.85 501.35 499.05 496.45 
211 0.0 0.0 0.0 0.0 0.0 492.75 498.05 501.3 503.0 488.3 496.25 506.8 493.8 493.55 499.05 503.8 492.2 498.4 500.9 497.5 499.85 
212 0.0 0.0 0.0 0.0 0.0 495.3 502.4 493.85 501.5 506.75 494.5 492.9 498.45 504.45 499.65 497.0 495.25 506.15 497.8 497.8 504.1 
213 0.0 0.0 0.0 0.0 0.0 499.95 492.85 508.45 500.25 506.1 505.55 502.95 508.75 501.1 494.5 492.8 499.65 497.2 495.15 496.4 499.85 
214 0.0 0.0 0.0 0.0 0.0 498.75 492.8 496.75 498.75 489.25 501.3 500.65 488.9 506.75 495.4 495.55 502.5 495.8 494.05 495.2 500.45 
215 0.0 0.0 0.0 0.0 0.0 496.2 508.35 500.65 500.7 490.7 496.35 502.65 501.35 495.9 499.9 500.05 497.85 497.9 496.05 505.1 495.2 
216 0.0 0.0 0.0 0.0 0.0 503.8 504.1 498.4 497.95 502.25 498.75 492.45 487.65 501.6 497.7 488.95 502.35 502.45 503.7 502.0 499.9 
217 0.0 0.0 0.0 0.0 0.0 506.85 504.2 503.15 505.75 497.7 492.35 497.5 500.1 499.8 506.95 503.65 507.25 504.15 498.65 507.7 505.45 
218 0.0 0.0 0.0 0.0 0.0 504.8 493.1 496.35 496.0 494.55 491.8 497.6 498.85 497.65 495.9 506.0 500.75 505.45 498.2 506.6 503.9 
219 0.0 0.0 0.0 0.0 0.0 505.75 504.6 502.2 498.2 504.45 502.45 501.3 502.8 502.55 497.0 496.9 494.5 499.65 510.95 501.2 500.3 
220 0.0 0.0 0.0 0.0 0.0 498.8 501.7 498.65 500.3 498.2 497.7 505.5 502.3 501.55 502.5 488.25 502.85 492.2 503.2 494.35 500.65 
221 0.0 0.0 0.0 0.0 0.0 500.0 505.35 504.3 500.45 497.45 503.6 501.5 500.85 494.05 500.3 493.75 495.65 497.8 498.75 496.0 495.7 
222 0.0 0.0 0.0 0.0 0.0 496.9 495.8 504.65 503.3 504.2 505.85 501.25 509.15 505.85 503.8 500.35 496.55 491.85 506.3 499.4 494.45 
223 0.0 0.0 0.0 0.0 0.0 499.3 492.5 493.15 499.75 507.2 508.25 502.9 502.05 498.9 505.45 500.4 498.45 500.6 496.5 502.9 501.55 
224 0.0 0.0 0.0 0.0 0.0 493.8 494.2 503.6 511.45 503.2 506.4 498.65 505.95 498.55 490.45 504.6 506.2 502.65 494.05 493.0 496.45 
225 0.0 0.0 0.0 0.0 0.0 494.55 497.8 498.05 502.95 506.4 502.4 499.4 508.55 506.65 498.15 509.1 501.05 503.05 495.55 501.0 501.6 
226 0.0 0.0 0.0 0.0 0.0 499.05 497.4 498.7 503.1 505.25 499.4 501.45 496.45 502.95 501.7 495.95 498.5 499.8 500.25 495.6 499.3 
227 0.0 0.0 0.0 0.0 0.0 506.85 497.45 502.3 495.95 510.2 501.65 497.4 492.65 502.4 498.7 504.45 492.35 496.55 492.55 501.5 498.8 
228 0.0 0.0 0.0 0.0 0.0 509.75 513.6 501.15 492.7 500.2 499.9 498.7 495.2 499.8 502.55 493.45 504.15 499.15 494.5 503.35 494.9 
229 0.0 0.0 0.0 0.0 0.0 503.05 497.05 508.8 504.15 490.15 494.6 498.25 497.75 500.8 506.45 506.0 497.15 506.55 501.05 489.1 494.05 
230 0.0 0.0 0.0 0.0 0.0 493.95 502.8 501.45 498.8 500.2 502.8 505.7 496.05 502.7 497.45 506.65 494.15 499.9 503.55 503.15 502.15 
231 0.0 0.0 0.0 0.0 0.0 507.5 502.1 493.25 499.7 496.4 499.95 502.45 503.2 504.15 498.3 497.95 504.55 497.4 499.2 498.15 499.25 
232 0.0 0.0 0.0 0.0 0.0 491.95 499.75 502.8 496.95 499.5 492.0 495.4 499.95 495.95 497.7 509.25 498.5 503.3 507.35 504.0 500.75 
233 0.0 0.0 0.0 0.0 0.0 499.5 503.45 500.1 494.9 500.45 491.8 499.95 501.45 493.15 496.8 500.0 498.65 489.7 498.8 503.45 506.2 
234 0.0 0.0 0.0 0.0 0.0 499.0 501.8 493.9 498.5 492.25 503.3 498.25 495.5 487.85 505.35 498.65 500.2 497.2 495.6 511.7 502.6 
235 0.0 0.0 0.0 0.0 0.0 489.05 502.3 497.6 500.35 500.75 494.35 494.65 500.55 496.55 500.3 495.4 501.9 509.2 500.85 498.0 509.85 
236 0.0 0.0 0.0 0.0 0.0 504.95 498.35 500.1 498.5 504.85 498.55 497.6 499.6 508.8 504.15 500.45 506.8 502.1 508.2 494.8 503.75 
237 0.0 0.0 0.0 0.0 0.0 509.4 496.05 496.7 498.6 498.35 498.8 490.65 498.9 502.9 500.0 503.4 498.85 505.3 502.55 503.4 498.25 
238 0.0 0.0 0.0 0.0 0.0 500.45 494.2 496.75 497.3 491.55 498.15 508.6 501.25 503.4 500.4 492.5 511.45 500.85 505.8 503.25 497.25 
239 0.0 0.0 0.0 0.0 0.0 499.05 494.05 503.15 493.3 506.75 507.05 498.7 501.45 495.35 499.4 493.6 500.3 503.2 501.1 503.5 500.25 
240 0.0 0.0 0.0 0.0 0.0 490.5 495.75 496.4 510.8 500.0 502.95 498.5 500.5 504.7 492.7 500.85 498.0 507.55 494.0 494.55 501.35 
241 0.0 0.0 0.0 0.0 0.0 501.8 502.65 499.75 496.8 501.3 502.75 505.55 503.7 498.3 497.65 507.5 493.0 491.7 503.25 509.95 497.55 
242 0.0 0.0 0.0 0.0 0.0 497.35 502.6 498.05 499.5 496.6 502.65 499.7 496.2 497.5 499.8 498.8 491.1 499.7 500.15 500.35 509.55 
243 0.0 0.0 0.0 0.0 0.0 502.45 494.05 496.65 505.15 505.85 497.25 498.5 493.15 500.3 497.7 498.75 504.8 494.45 497.8 500.0 494.8 
244 0.0 0.0 0.0 0.0 0.0 498.0 499.75 506.2 492.0 494.5 501.55 493.7 501.45 495.85 503.85 500.4 492.5 494.9 500.85 503.2 497.5 
245 0.0 0.0 0.0 0.0 0.0 507.7 499.0 504.4 497.4 495.95 494.5 511.65 502.25 502.35 499.25 495.4 500.5 501.2 493.1 493.7 507.95 
246 0.0 0.0 0.0 0.0 0.0 493.85 515.05 494.8 495.7 500.85 491.3 502.35 506.5 502.95 505.75 501.45 502.65 501.15 495.4 499.15 499.05 
247 0.0 0.0 0.0 0.0 0.0 460.55 494.85 492.75 512.45 498.05 504.6 497.65 496.4 495.3 502.2 502.3 506.1 502.35 505.4 502.05 494.5 
248 0.0 0.0 0.0 0.0 0.0 403.25 501.75 498.8 504.75 497.45 500.35 504.75 500.25 504.05 492.35 501.4 499.65 500.7 502.05 503.3 501.35 
249 0.0 0.0 0.0 0.0 0.0 339.3 500.65 499.95 492.55 503.8 499.15 497.35 501.2 502.75 503.8 504.15 500.95 499.35 493.8 491.25 496.25 
250 0.0 0.0 0.0 0.0 0.0 326.3 501.5 504.4 502.9 498.5 496.55 496.35 497.3 490.3 498.2 507.65 492.6 498.3 499.45 502.0 495.65 
251 0.0 0.0 0.0 0.0 0.0 307.75 505.15 498.4 496.05 504.15 502.2 494.55 497.45 504.65 488.6 491.85 499.1 498.75 501.4 502.45 502.6 
252 0.0 0.0 0.0 0.0 0.0 227.5 492.75 501.9 505.0 495.95 501.55 506.35 500.55 501.25 503.65 503.8 501.9 503.15 505.25 499.35 507.45 
253 0.0 0.0 0.0 0.0 0.0 179.4 499.55 511.45 502.2 504.8 504.05 498.65 506.35 500.6 502.0 494.2 505.05 499.85 504.05 499.1 494.3 
254 0.0 0.0 0.0 0.0 0.0 148.15 496.0 507.95 503.1 504.35 500.45 499.15 501.95 500.9 504.8 501.5 494.9 497.8 500.3 499.75 498.8 
255 0.0 0.0 0.0 0.0 0.0 85.7 500.2 498.6 505.15 494.15 504.4 495.3 496.85 503.85 503.6 489.75 504.8 507.6 495.6 504.1 497.25 
256 0.0 0.0 0.0 0.0 0.0 54.0 502.45 502.15 497.3 506.9 495.75 498.15 501.0 500.25 505.0 507.7 492.65 506.6 495.7 495.25 499.05 
257 0.0 0.0 0.0 0.0 0.0 51.8 499.05 498.1 504.45 499.4 497.15 501.5 499.1 494.5 500.95 493.15 490.6 487.15 502.85 494.75 496.1 
258 0.0 0.0 0.0 0.0 0.0 18.0 502.2 502.9 493.35 495.1 497.45 499.3 494.4 500.85 495.1 501.25 510.5 503.2 509.15 499.45 501.25 
259 0.0 0.0 0.0 0.0 0.0 2.1 499.35 496.6 504.65 507.0 503.5 508.05 501.45 498.65 508.4 505.05 501.7 505.35 493.75 499.15 499.9 
260 0.0 0.0 0.0 0.0 0.0 0.1 492.5 496.0 497.75 503.55 498.3 497.05 503.55 505.55 499.1 504.9 494.25 495.05 503.15 510.55 506.4 
261 0.0 0.0 0.0 0.0 0.0 0.0 507.55 506.2 502.4 501.1 505.4 510.7 501.1 504.3 499.6 499.85 507.0 495.35 498.0 488.55 503.8 
262 0.0 0.0 0.0 0.0 0.0 0.0 504.4 494.7 505.9 499.25 498.65 504.35 506.25 494.1 497.35 505.2 499.05 504.65 494.35 499.5 503.4 
263 0.0 0.0 0.0 0.0 0.0 0.0 497.05 496.6 502.2 500.9 503.3 503.3 495.6 502.8 495.5 504.45 501.6 494.55 497.55 501.1 501.1 
264 0.0 0.0 0.0 0.0 0.0 0.0 505.4 497.7 507.6 504.0 503.8 499.65 497.4 498.2 496.9 501.85 505.6 499.6 492.9 503.15 492.45 
265 0.0 0.0 0.0 0.0 0.0 0.0 502.3 506.45 500.85 505.5 505.2 504.95 506.4 495.05 501.45 496.95 501.4 501.55 505.05 491.95 496.0 
266 0.0 0.0 0.0 0.0 0.0 0.0 500.9 498.65 500.3 499.8 510.75 500.1 495.4 511.25 498.85 501.15 508.4 504.85 508.25 501.55 499.95 
267 0.0 0.0 0.0 0.0 0.0 0.0 498.25 501.3 502.65 508.9 501.05 492.25 501.85 502.05 504.15 495.55 494.4 500.8 501.65 511.45 507.3 
268 0.0 0.0 0.0 0.0 0.0 0.0 503.25 504.8 497.4 498.5 500.65 501.9 499.8 505.05 499.4 494.5 502.55 507.4 495.95 498.0 496.3 
269 0.0 0.0 0.0 0.0 0.0 0.0 496.35 504.1 498.35 498.05 495.05 501.25 504.75 495.5 501.85 499.6 505.55 500.5 503.85 493.35 500.05 
270 0.0 0.0 0.0 0.0 0.0 0.0 505.55 493.75 500.25 492.95 498.8 494.7 496.55 492.15 495.15 502.1 499.55 494.3 498.95 500.7 498.4 
271 0.0 0.0 0.0 0.0 0.0 0.0 497.7 503.3 503.45 501.65 494.7 497.55 500.65 500.8 498.75 498.25 501.5 499.0 493.95 495.85 495.8 
272 0.0 0.0 0.0 0.0 0.0 0.0 498.3 504.5 503.55 497.6 505.65 504.3 504.95 493.1 509.2 506.75 493.5 505.1 504.4 500.55 506.1 
273 0.0 0.0 0.0 0.0 0.0 0.0 496.6 500.1 483.55 499.4 498.8 498.6 496.6 497.35 500.1 493.3 495.15 499.3 499.95 507.4 504.25 
274 0.0 0.0 0.0 0.0 0.0 0.0 501.9 496.25 502.25 498.1 495.8 498.6 499.0 500.6 500.8 505.2 496.95 494.3 506.95 503.35 500.95 
275 0.0 0.0 0.0 0.0 0.0 0.0 499.75 503.25 504.35 506.2 499.95 502.3 506.5 501.55 497.0 502.25 491.2 505.15 498.8 499.25 499.1 
276 0.0 0.0 0.0 0.0 0.0 0.0 498.75 495.3 501.55 494.1 497.6 497.3 496.45 511.7 498.25 501.8 505.8 500.35 499.05 509.65 497.6 
277 0.0 0.0 0.0 0.0 0.0 0.0 505.4 502.5 506.6 503.6 501.9 502.3 495.7 499.75 492.2 502.0 502.1 504.0 501.3 503.4 499.1 
278 0.0 0.0 0.0 0.0 0.0 0.0 503.95 499.45 499.45 495.35 495.95 489.15 496.95 500.95 508.35 499.35 502.95 499.1 502.85 490.4 499.05 
279 0.0 0.0 0.0 0.0 0.0 0.0 490.15 496.6 501.7 501.65 497.1 505.55 501.85 498.9 497.05 503.55 504.2 494.65 501.3 496.55 502.35 
280 0.0 0.0 0.0 0.0 0.0 0.0 494.9 497.4 495.25 496.55 508.0 499.3 504.95 504.25 508.8 490.6 507.2 503.8 499.5 505.05 496.7 
281 0.0 0.0 0.0 0.0 0.0 0.0 501.1 499.1 491.95 499.4 495.7 506.7 498.5 500.9 506.95 494.95 497.7 505.0 500.75 504.9 499.0 
282 0.0 0.0 0.0 0.0 0.0 0.0 511.05 496.25 494.3 499.75 506.95 504.2 497.55 501.1 499.8 507.0 493.1 501.05 496.15 494.55 503.2 
283 0.0 0.0 0.0 0.0 0.0 0.0 497.3 498.7 501.2 498.0 497.55 501.95 506.6 496.45 499.45 502.5 496.05 503.5 505.25 500.2 502.0 
284 0.0 0.0 0.0 0.0 0.0 0.0 502.55 498.75 505.0 500.55 506.25 500.5 506.1 500.05 500.5 499.85 512.7 501.85 503.75 510.25 504.25 
285 0.0 0.0 0.0 0.0 0.0 0.0 500.8 503.45 489.95 508.35 494.8 495.55 505.45 498.05 502.2 503.25 500.7 497.8 495.3 500.45 493.3 
286 0.0 0.0 0.0 0.0 0.0 0.0 492.3 507.75 503.85 500.3 498.7 506.75 499.7 507.0 500.3 502.95 504.85 494.9 503.1 489.6 502.85 
287 0.0 0.0 0.0 0.0 0.0 0.0 500.6 501.65 507.45 498.7 504.7 498.6 496.1 498.9 511.45 507.25 500.25 503.7 503.15 500.6 500.9 
288 0.0 0.0 0.0 0.0 0.0 0.0 499.7 497.9 498.6 502.6 498.8 497.2 495.2 499.8 498.25 500.1 497.05 494.85 506.6 500.75 500.05 
289 0.0 0.0 0.0 0.0 0.0 0.0 505.45 493.85 500.15 499.45 501.8 504.15 508.9 504.05 495.45 500.95 490.8 496.4 498.2 497.5 500.8 
290 0.0 0.0 0.0 0.0 0.0 0.0 491.4 496.35 497.85 495.3 503.2 502.9 498.7 502.8 502.4 501.95 500.65 498.5 496.1 500.25 497.2 
291 0.0 0.0 0.0 0.0 0.0 0.0 508.35 505.85 504.95 507.85 500.25 499.75 501.4 502.8 495.25 500.7 500.55 502.95 495.25 492.85 499.35 
292 0.0 0.0 0.0 0.0 0.0 0.0 497.05 506.15 500.85 500.55 504.55 498.85 494.45 494.65 492.5 489.2 495.65 488.25 493.95 511.25 500.65 
293 0.0 0.0 0.0 0.0 0.0 0.0 498.65 504.65 497.9 498.25 500.55 499.1 496.7 501.85 496.9 495.25 505.8 502.5 490.2 490.5 497.7 
294 0.0 0.0 0.0 0.0 0.0 0.0 501.25 502.05 497.45 498.65 493.6 491.35 504.25 497.45 498.9 496.85 493.25 500.65 502.35 502.35 500.2 
295 0.0 0.0 0.0 0.0 0.0 0.0 490.1 493.55 496.85 493.55 492.1 498.9 495.0 497.7 498.1 500.15 501.2 499.65 498.0 497.1 498.0 
296 0.0 0.0 0.0 0.0 0.0 0.0 485.1 499.8 506.95 497.65 494.05 496.25 493.3 496.0 503.65 498.0 497.2 492.75 499.8 494.8 496.95 
297 0.0 0.0 0.0 0.0 0.0 0.0 443.3 491.15 498.7 502.05 498.1 496.85 496.9 499.15 487.55 496.75 493.9 491.05 500.0 495.15 498.55 
298 0.0 0.0 0.0 0.0 0.0 0.0 371.15 496.7 494.0 493.95 495.15 495.85 498.8 496.0 493.75 497.9 491.95 508.35 494.5 492.7 496.2 
299 0.0 0.0 0.0 0.0 0.0 0.0 353.35 501.25 498.55 495.65 498.55 495.5 502.25 494.85 499.45 490.95 497.2 494.7 492.85 495.85 500.7 
300 0.0 0.0 0.0 0.0 0.0 0.0 339.3 500.9 498.05 506.55 496.85 502.8 496.35 494.95 498.5 492.8 495.7 493.9 500.85 496.9 497.0 
301 0.0 0.0 0.0 0.0 0.0 0.0 303.95 508.45 494.7 506.25 497.4 499.3 505.6 498.45 497.6 501.3 501.05 503.75 496.65 505.4 497.25 
302 0.0 0.0 0.0 0.0 0.0 0.0 240.35 494.55 502.1 500.6 506.25 501.2 495.6 494.55 494.7 501.85 497.85 500.3 497.55 501.7 500.2 
303 0.0 0.0 0.0 0.0 0.0 0.0 221.65 499.65 506.6 499.5 500.5 501.6 499.55 497.1 495.1 500.2 502.2 494.95 496.15 503.2 496.95 
304 0.0 0.0 0.0 0.0 0.0 0.0 172.75 503.2 501.75 497.55 503.05 505.15 503.25 495.95 503.15 498.0 496.75 502.85 499.85 502.0 500.9 
305 0.0 0.0 0.0 0.0 0.0 0.0 113.3 499.45 506.9 498.65 502.85 504.2 493.05 501.3 500.5 497.6 503.4 488.9 500.15 503.8 493.95 
306 0.0 0.0 0.0 0.0 0.0 0.0 82.95 501.2 497.75 491.15 512.75 500.2 501.4 509.25 495.35 502.35 495.35 501.8 505.5 498.9 507.05 
307 0.0 0.0 0.0 0.0 0.0 0.0 63.6 504.7 499.05 497.25 495.35 501.65 507.8 502.55 503.85 495.25 496.7 503.15 502.1 498.15 491.0 
308 0.0 0.0 0.0 0.0 0.0 0.0 30.9 495.3 496.8 499.05 501.55 501.7 504.55 494.3 508.95 491.95 503.05 502.95 496.55 497.35 495.2 
309 0.0 0.0 0.0 0.0 0.0 0.0 3.7 498.75 500.95 514.65 489.05 505.8 506.4 506.35 505.35 504.55 504.35 503.35 505.1 495.65 505.5 
310 0.0 0.0 0.0 0.0 0.0 0.0 0.45 507.8 490.2 499.3 509.2 505.05 500.25 506.1 501.1 509.55 498.6 503.05 498.9 498.7 510.35 
311 0.0 0.0 0.0 0.0 0.0 0.0 0.05 498.6 497.6 506.75 500.5 501.4 508.65 500.95 499.3 495.6 500.45 499.7 497.15 506.8 505.25 
312 0.0 0.0 0.0 0.0 0.0 0.0 0.0 509.95 507.6 497.7 505.55 500.55 495.65 502.9 499.9 502.0 503.35 500.05 506.5 503.8 504.95 
313 0.0 0.0 0.0 0.0 0.0 0.0 0.0 500.05 504.75 501.85 511.85 499.1 498.45 494.7 502.8 506.15 499.3 506.65 502.25 509.3 507.35 
314 0.0 0.0 0.0 0.0 0.0 0.0 0.0 495.9 501.0 496.3 491.65 505.85 499.45 504.9 500.45 497.7 499.25 506.55 496.95 504.15 494.0 
315 0.0 0.0 0.0 0.0 0.0 0.0 0.0 498.3 502.5 498.5 496.2 492.9 488.4 500.25 501.35 502.3 503.25 498.0 504.95 491.35 499.9 
316 0.0 0.0 0.0 0.0 0.0 0.0 0.0 494.05 503.85 497.45 497.1 500.35 498.5 500.2 499.2 495.0 502.25 503.25 501.95 502.15 500.25 
317 0.0 0.0 0.0 0.0 0.0 0.0 0.0 499.9 505.85 502.5 499.25 501.6 504.15 498.9 497.4 502.8 491.3 499.5 499.5 501.8 494.55 
318 0.0 0.0 0.0 0.0 0.0 0.0 0.0 500.25 498.25 507.0 503.05 488.75 499.9 499.8 496.8 503.65 503.6 497.5 495.75 495.15 502.65 
319 0.0 0.0 0.0 0.0 0.0 0.0 0.0 506.55 494.95 501.0 494.3 500.65 493.05 496.2 494.3 500.35 510.35 500.7 497.75 496.35 501.95 
320 0.0 0.0 0.0 0.0 0.0 0.0 0.0 497.3 500.3 497.45 500.6 488.0 506.15 501.1 503.35 499.65 501.55 495.25 498.0 498.9 503.0 
321 0.0 0.0 0.0 0.0 0.0 0.0 0.0 505.15 498.25 493.75 496.2 498.85 501.45 488.3 503.85 500.45 499.2 498.55 499.45 498.9 493.45 
322 0.0 0.0 0.0 0.0 0.0 0.0 0.0 504.85 496.35 493.4 497.5 506.2 497.25 506.05 498.05 500.2 493.65 501.15 503.55 496.35 503.1 
323 0.0 0.0 0.0 0.0 0.0 0.0 0.0 494.6 500.55 502.4 503.15 502.95 496.9 500.85 502.95 497.8 499.65 498.8 507.7 497.45 497.65 
324 0.0 0.0 0.0 0.0 0.0 0.0 0.0 497.15 506.8 502.4 498.65 499.35 501.2 499.55 498.85 496.9 495.2 496.4 487.0 499.45 485.05 
325 0.0 0.0 0.0 0.0 0.0 0.0 0.0 499.45 495.3 503.35 501.7 496.9 497.4 502.0 496.5 498.5 500.25 502.6 501.55 490.65 484.75 
326 0.0 0.0 0.0 0.0 0.0 0.0 0.0 493.95 493.45 491.2 506.55 495.25 494.9 496.1 507.25 507.65 499.15 501.95 500.05 494.55 503.5 
327 0.0 0.0 0.0 0.0 0.0 0.0 0.0 494.4 496.5 503.0 491.1 498.8 499.45 500.8 495.8 506.4 500.7 494.95 495.4 510.85 499.7 
328 0.0 0.0 0.0 0.0 0.0 0.0 0.0 501.5 496.5 501.6 488.85 509.2 497.15 504.55 507.8 496.8 498.65 496.5 498.0 496.4 503.05 
329 0.0 0.0 0.0 0.0 0.0 0.0 0.0 496.65 502.0 497.15 501.1 493.5 510.65 504.65 500.3 492.3 501.0 506.25 502.1 490.8 504.15 
330 0.0 0.0 0.0 0.0 0.0 0.0 0.0 500.4 501.8 499.25 496.7 494.65 506.25 498.15 497.1 504.95 511.5 502.85 499.3 499.5 502.85 
331 0.0 0.0 0.0 0.0 0.0 0.0 0.0 501.65 494.6 496.6 503.45 512.1 494.25 498.2 498.3 499.35 501.25 494.25 499.15 504.0 499.85 
332 0.0 0.0 0.0 0.0 0.0 0.0 0.0 500.75 503.15 499.85 497.5 504.7 499.25 500.55 499.75 501.4 504.45 499.1 501.7 495.6 497.15 
333 0.0 0.0 0.0 0.0 0.0 0.0 0.0 508.0 507.85 506.0 508.45 499.9 505.65 499.35 494.05 501.3 492.85 505.4 500.35 499.7 497.1 
334 0.0 0.0 0.0 0.0 0.0 0.0 0.0 496.45 500.3 500.8 498.6 492.15 492.8 497.25 493.85 504.8 497.25 504.85 506.15 506.6 497.35 
335 0.0 0.0 0.0 0.0 0.0 0.0 0.0 499.9 502.2 491.45 498.55 503.7 497.85 510.3 496.4 493.2 502.25 502.8 501.25 510.7 510.45 
336 0.0 0.0 0.0 0.0 0.0 0.0 0.0 493.1 503.7 510.05 499.95 502.4 495.4 493.8 503.55 508.0 500.05 494.8 503.75 504.05 500.6 
337 0.0 0.0 0.0 0.0 0.0 0.0 0.0 504.6 499.8 505.05 507.0 499.3 504.0 508.5 511.5 499.5 503.15 501.05 495.15 503.8 504.45 
338 0.0 0.0 0.0 0.0 0.0 0.0 0.0 498.3 501.05 492.0 503.0 492.5 502.75 502.65 508.35 502.4 490.3 491.75 498.55 501.3 497.6 
339 0.0 0.0 0.0 0.0 0.0 0.0 0.0 498.0 495.65 501.65 500.85 496.5 501.05 496.85 499.9 496.2 505.75 504.15 499.1 499.05 509.15 
340 0.0 0.0 0.0 0.0 0.0 0.0 0.0 511.25 498.7 505.35 497.4 496.55 497.9 500.4 494.1 501.15 507.75 497.35 504.35 499.05 501.65 
341 0.0 0.0 0.0 0.0 0.0 0.0 0.0 500.65 498.35 497.7 501.75 503.35 498.0 502.5 499.4 494.95 498.65 503.9 506.15 499.25 503.25 
342 0.0 0.0 0.0 0.0 0.0 0.0 0.0 493.4 501.95 501.55 498.95 500.55 495.35 494.45 486.9 502.25 496.5 503.55 497.55 503.8 491.4 
343 0.0 0.0 0.0 0.0 0.0 0.0 0.0 501.45 492.5 493.95 494.25 507.65 506.45 499.4 502.15 498.35 497.2 502.45 502.0 501.65 496.5 
344 0.0 0.0 0.0 0.0 0.0 0.0 0.0 504.8 506.3 498.2 500.65 499.05 498.55 499.9 508.9 501.5 503.15 497.3 501.75 497.65 506.6 
345 0.0 0.0 0.0 0.0 0.0 0.0 0.0 491.05 487.55 502.45 501.6 502.0 498.95 490.3 499.2 502.3 502.0 508.2 495.75 499.05 502.55 
346 0.0 0.0 0.0 0.0 0.0 0.0 0.0 499.05 500.6 495.25 505.25 495.6 510.95 500.0 496.9 500.0 506.35 500.0 506.55 498.95 502.75 
347 0.0 0.0 0.0 0.0 0.0 0.0 0.0 464.55 497.7 498.7 499.45 496.75 497.05 500.55 502.25 488.85 502.3 494.7 500.4 501.85 503.9 
348 0.0 0.0 0.0 0.0 0.0 0.0 0.0 449.4 506.0 499.95 497.5 500.3 494.7 496.4 499.8 505.0 499.65 501.7 495.8 502.45 505.7 
349 0.0 0.0 0.0 0.0 0.0 0.0 0.0 404.1 498.8 498.95 506.05 504.4 501.1 502.0 496.3 500.95 499.45 491.0 502.0 499.4 507.15 
350 0.0 0.0 0.0 0.0 0.0 0.0 0.0 377.25 500.55 510.2 498.85 505.05 500.5 507.85 509.65 500.15 495.0 503.75 499.3 501.6 493.7 
351 0.0 0.0 0.0 0.0 0.0 0.0 0.0 300.75 502.15 498.3 507.9 501.3 503.9 497.8 496.85 498.05 497.3 503.7 500.75 495.1 495.3 
352 0.0 0.0 0.0 0.0 0.0 0.0 0.0 249.95 504.85 503.45 511.5 498.05 492.85 500.9 492.3 503.25 497.6 495.95 496.65 493.15 493.35 
353 0.0 0.0 0.0 0.0 0.0 0.0 0.0 200.15 506.45 504.8 505.2 502.5 495.1 496.2 500.15 494.75 494.05 499.2 500.55 504.7 497.4 
354 0.0 0.0 0.0 0.0 0.0 0.0 0.0 181.35 501.7 509.25 490.8 509.0 505.0 498.0 501.8 496.9 498.55 505.8 497.7 499.75 498.65 
355 0.0 0.0 0.0 0.0 0.0 0.0 0.0 138.45 497.15 493.7 498.25 502.7 494.05 500.9 506.05 504.25 500.25 496.5 508.65 508.8 498.95 
356 0.0 0.0 0.0 0.0 0.0 0.0 0.0 108.5 504.75 490.7 494.35 496.6 498.45 493.45 499.2 496.85 493.55 499.05 500.4 499.4 497.1 
357 0.0 0.0 0.0 0.0 0.0 0.0 0.0 67.8 495.85 498.05 495.35 490.7 501.65 499.2 499.65 495.2 502.95 504.4 495.95 493.65 504.6 
358 0.0 0.0 0.0 0.0 0.0 0.0 0.0 33.15 492.2 500.15 493.55 497.1 492.8 508.75 490.7 490.25 503.35 502.15 500.3 500.75 501.85 
359 0.0 0.0 0.0 0.0 0.0 0.0 0.0 21.2 509.7 502.5 501.65 500.95 504.9 493.05 507.35 495.35 499.75 500.1 504.55 497.2 492.1 
360 0.0 0.0 0.0 0.0 0.0 0.0 0.0 5.75 490.65 501.15 494.7 496.05 503.35 501.2 498.85 505.85 503.3 500.05 501.3 507.15 514.45 
361 0.0 0.0 0.0 0.0 0.0 0.0 0.0 0.1 498.1 503.45 497.6 499.8 500.3 500.6 496.95 507.5 496.85 509.1 500.85 502.5 499.55 
362 0.0 0.0 0.0 0.0 0.0 0.0 0.0 0.0 497.85 493.35 498.8 500.3 500.7 486.85 502.0 506.3 503.05 494.5 498.95 507.4 504.15 
363 0.0 0.0 0.0 0.0 0.0 0.0 0.0 0.0 499.95 499.75 502.3 500.55 504.9 503.4 493.55 500.65 503.15 499.05 512.15 502.25 507.2 
364 0.0 0.0 0.0 0.0 0.0 0.0 0.0 0.0 496.3 508.65 496.9 500.6 503.35 505.9 503.25 505.4 504.25 496.85 491.65 501.75 509.15 
365 0.0 0.0 0.0 0.0 0.0 0.0 0.0 0.0 501.2 484.5 504.15 494.95 501.1 501.15 504.55 503.8 504.75 496.55 509.85 497.25 499.05 
366 0.0 0.0 0.0 0.0 0.0 0.0 0.0 0.0 501.35 503.35 503.8 502.9 496.1 510.8 502.45 505.45 502.25 504.3 496.45 497.0 490.5 
367 0.0 0.0 0.0 0.0 0.0 0.0 0.0 0.0 500.75 499.9 504.15 504.35 502.15 506.75 499.75 510.35 497.9 510.35 493.85 508.35 496.55 
368 0.0 0.0 0.0 0.0 0.0 0.0 0.0 0.0 503.65 496.45 496.55 494.1 492.3 496.45 513.9 499.1 505.2 500.85 496.2 502.75 500.5 
369 0.0 0.0 0.0 0.0 0.0 0.0 0.0 0.0 506.8 500.85 496.8 516.45 506.65 497.15 505.95 492.9 499.3 498.55 497.05 499.6 492.75 
370 0.0 0.0 0.0 0.0 0.0 0.0 0.0 0.0 493.55 505.2 510.05 496.5 497.9 503.95 493.55 502.5 503.45 498.6 492.9 493.25 499.7 
371 0.0 0.0 0.0 0.0 0.0 0.0 0.0 0.0 496.8 501.85 500.2 504.7 503.35 500.75 501.75 504.4 500.25 487.8 515.3 492.15 506.3 
372 0.0 0.0 0.0 0.0 0.0 0.0 0.0 0.0 496.55 499.3 497.15 497.8 497.6 503.05 503.45 497.2 503.85 497.45 502.65 508.1 501.85 
373 0.0 0.0 0.0 0.0 0.0 0.0 0.0 0.0 500.6 501.3 497.3 501.5 505.9 501.8 501.65 501.7 495.1 499.2 500.0 496.5 498.9 
374 0.0 0.0 0.0 0.0 0.0 0.0 0.0 0.0 502.4 496.0 504.7 500.8 503.65 497.2 496.75 500.4 491.4 494.4 491.25 504.3 502.7 
375 0.0 0.0 0.0 0.0 0.0 0.0 0.0 0.0 502.25 508.05 495.25 487.45 501.4 496.5 492.8 500.25 497.6 499.55 502.45 493.4 493.75 
376 0.0 0.0 0.0 0.0 0.0 0.0 0.0 0.0 500.3 488.2 497.35 496.15 491.8 492.3 501.2 491.7 491.4 498.85 498.45 502.35 496.25 
377 0.0 0.0 0.0 0.0 0.0 0.0 0.0 0.0 503.5 496.9 491.45 492.55 497.55 507.0 499.15 498.8 503.15 499.9 498.3 505.45 501.35 
378 0.0 0.0 0.0 0.0 0.0 0.0 0.0 0.0 499.7 497.0 495.7 497.95 510.15 485.55 493.65 497.8 499.1 500.35 504.45 493.0 492.05 
379 0.0 0.0 0.0 0.0 0.0 0.0 0.0 0.0 497.45 502.25 498.9 502.15 494.1 496.05 490.2 489.4 491.65 499.1 496.7 503.95 502.35 
380 0.0 0.0 0.0 0.0 0.0 0.0 0.0 0.0 497.5 503.35 494.15 501.05 488.6 503.85 502.15 495.9 496.25 498.9 494.9 492.45 491.0 
381 0.0 0.0 0.0 0.0 0.0 0.0 0.0 0.0 503.3 499.15 502.8 501.45 505.0 500.2 498.4 501.8 507.3 502.65 503.15 498.2 492.25 
382 0.0 0.0 0.0 0.0 0.0 0.0 0.0 0.0 500.45 504.7 505.35 498.6 492.8 502.85 503.5 501.25 501.7 497.15 500.75 490.8 506.5 
383 0.0 0.0 0.0 0.0 0.0 0.0 0.0 0.0 506.7 499.8 507.1 501.6 498.7 502.55 505.9 502.3 504.45 500.75 496.35 489.95 497.3 
384 0.0 0.0 0.0 0.0 0.0 0.0 0.0 0.0 504.4 502.2 503.55 508.4 491.1 508.2 496.25 494.55 502.95 501.2 503.9 495.9 506.85 
385 0.0 0.0 0.0 0.0 0.0 0.0 0.0 0.0 502.7 496.8 503.45 502.1 505.6 492.25 495.4 497.35 499.2 501.65 494.65 505.9 501.8 
386 0.0 0.0 0.0 0.0 0.0 0.0 0.0 0.0 490.45 506.5 504.2 501.45 499.65 494.85 497.95 501.45 498.85 504.35 499.95 504.7 497.0 
387 0.0 0.0 0.0 0.0 0.0 0.0 0.0 0.0 495.3 494.3 502.1 501.2 514.4 511.95 504.85 504.55 497.85 503.1 495.15 503.65 504.6 
388 0.0 0.0 0.0 0.0 0.0 0.0 0.0 0.0 497.5 500.55 498.05 502.65 502.9 496.15 503.6 505.15 501.45 499.85 508.45 501.35 494.1 
389 0.0 0.0 0.0 0.0 0.0 0.0 0.0 0.0 500.0 496.45 488.25 499.45 504.25 500.65 502.2 495.65 502.4 501.9 491.3 502.4 497.65 
390 0.0 0.0 0.0 0.0 0.0 0.0 0.0 0.0 498.85 501.05 502.9 492.4 493.75 493.2 495.45 499.0 499.5 499.6 494.75 492.85 499.8 
391 0.0 0.0 0.0 0.0 0.0 0.0 0.0 0.0 500.5 506.7 502.1 494.35 498.6 506.5 499.05 511.75 494.6 494.55 502.2 499.15 502.9 
392 0.0 0.0 0.0 0.0 0.0 0.0 0.0 0.0 499.55 500.9 504.95 508.85 502.0 499.4 496.8 493.7 514.1 508.95 503.5 501.8 500.7 
393 0.0 0.0 0.0 0.0 0.0 0.0 0.0 0.0 499.5 502.9 494.95 488.95 498.2 492.45 507.7 500.55 495.45 495.7 500.0 494.3 498.9 
394 0.0 0.0 0.0 0.0 0.0 0.0 0.0 0.0 505.65 501.1 498.45 507.45 506.7 504.25 499.35 503.85 496.5 495.2 508.0 503.65 500.25 
395 0.0 0.0 0.0 0.0 0.0 0.0 0.0 0.0 498.8 487.85 500.3 509.15 500.2 513.65 496.35 489.65 502.65 495.95 495.0 499.4 494.9 
396 0.0 0.0 0.0 0.0 0.0 0.0 0.0 0.0 503.3 503.05 504.45 500.2 499.8 498.7 499.35 505.1 498.6 500.8 504.05 496.3 499.2 
397 0.0 0.0 0.0 0.0 0.0 0.0 0.0 0.0 474.35 501.65 502.15 489.6 499.8 495.3 491.4 499.55 492.85 506.1 505.9 500.25 505.7 
398 0.0 0.0 0.0 0.0 0.0 0.0 0.0 0.0 440.7 500.5 499.25 498.55 500.05 496.5 501.7 497.3 506.95 506.35 501.45 509.05 500.8 
399 0.0 0.0 0.0 0.0 0.0 0.0 0.0 0.0 408.4 496.9 487.15 501.05 488.65 499.95 505.15 506.3 494.75 495.7 491.15 500.35 500.35 
400 0.0 0.0 0.0 0.0 0.0 0.0 0.0 0.0 370.0 501.3 504.5 505.7 511.1 499.05 507.15 503.55 503.7 503.1 502.5 488.6 501.7 
401 0.0 0.0 0.0 0.0 0.0 0.0 0.0 0.0 340.6 497.5 498.05 501.8 500.05 496.7 505.2 498.2 500.75 505.35 503.35 510.3 488.55 
402 0.0 0.0 0.0 0.0 0.0 0.0 0.0 0.0 316.4 507.0 492.9 498.7 497.85 504.5 500.25 503.65 505.9 499.15 499.65 509.3 504.4 
403 0.0 0.0 0.0 0.0 0.0 0.0 0.0 0.0 302.5 492.95 505.95 491.6 500.95 506.8 506.85 507.0 499.95 507.75 496.1 493.55 508.55 
404 0.0 0.0 0.0 0.0 0.0 0.0 0.0 0.0 224.1 497.35 501.55 503.85 501.55 499.7 507.4 497.95 506.0 495.3 502.6 506.0 490.75 
405 0.0 0.0 0.0 0.0 0.0 0.0 0.0 0.0 173.75 509.35 503.6 496.0 504.7 504.35 498.25 506.15 500.0 496.65 497.65 502.6 508.35 
406 0.0 0.0 0.0 0.0 0.0 0.0 0.0 0.0 132.4 499.05 502.45 510.0 498.1 499.15 489.3 495.6 505.05 500.1 504.05 510.3 497.3 
407 0.0 0.0 0.0 0.0 0.0 0.0 0.0 0.0 127.55 498.75 503.0 506.3 503.35 495.1 499.4 499.15 500.7 496.45 496.3 496.0 507.7 
408 0.0 0.0 0.0 0.0 0.0 0.0 0.0 0.0 98.3 497.35 499.2 490.5 492.65 496.4 499.65 505.4 498.15 494.95 496.0 501.15 498.15 
409 0.0 0.0 0.0 0.0 0.0 0.0 0.0 0.0 44.1 500.8 505.65 503.55 496.7 501.45 495.65 494.45 505.2 501.35 497.55 492.3 501.3 
410 0.0 0.0 0.0 0.0 0.0 0.0 0.0 0.0 8.65 513.15 500.1 501.55 501.7 507.45 504.2 501.45 494.85 498.15 498.6 500.35 494.85 
411 0.0 0.0 0.0 0.0 0.0 0.0 0.0 0.0 0.5 503.6 505.3 497.3 491.5 498.6 500.25 500.3 487.55 495.25 495.75 501.75 503.3 
412 0.0 0.0 0.0 0.0 0.0 0.0 0.0 0.0 0.0 483.95 497.2 494.25 503.2 490.65 496.85 485.85 485.4 496.65 493.7 492.0 496.0 
413 0.0 0.0 0.0 0.0 0.0 0.0 0.0 0.0 0.0 508.5 499.7 490.1 499.0 496.6 496.4 500.15 508.95 499.8 494.7 490.85 499.1 
414 0.0 0.0 0.0 0.0 0.0 0.0 0.0 0.0 0.0 501.45 490.85 499.45 502.55 495.8 498.75 498.9 492.35 499.05 503.6 500.95 504.3 
415 0.0 0.0 0.0 0.0 0.0 0.0 0.0 0.0 0.0 495.9 496.15 506.05 490.6 493.95 491.75 488.55 498.85 485.4 497.1 498.2 499.55 
416 0.0 0.0 0.0 0.0 0.0 0.0 0.0 0.0 0.0 499.4 499.3 488.25 492.85 498.5 499.8 493.7 499.65 501.1 495.95 501.4 502.1 
417 0.0 0.0 0.0 0.0 0.0 0.0 0.0 0.0 0.0 493.3 510.05 496.5 501.05 508.85 500.15 504.2 510.0 504.6 504.0 501.75 495.7 
418 0.0 0.0 0.0 0.0 0.0 0.0 0.0 0.0 0.0 493.4 495.15 503.2 501.75 503.4 494.1 504.15 505.2 497.95 499.8 501.05 498.2 
419 0.0 0.0 0.0 0.0 0.0 0.0 0.0 0.0 0.0 500.15 496.15 501.7 495.7 494.9 502.05 497.1 513.35 505.35 498.45 494.25 500.7 
420 0.0 0.0 0.0 0.0 0.0 0.0 0.0 0.0 0.0 503.5 496.35 496.2 499.1 509.2 501.5 511.15 494.7 505.3 504.8 498.55 491.45 
421 0.0 0.0 0.0 0.0 0.0 0.0 0.0 0.0 0.0 503.55 507.25 500.2 508.4 497.0 501.85 507.8 496.4 503.15 502.65 503.5 502.65 
422 0.0 0.0 0.0 0.0 0.0 0.0 0.0 0.0 0.0 493.0 496.7 504.9 505.0 498.5 505.0 498.2 496.7 501.0 498.8 501.4 505.35 
423 0.0 0.0 0.0 0.0 0.0 0.0 0.0 0.0 0.0 501.5 492.35 497.2 503.55 502.6 501.6 505.75 498.0 505.25 495.55 501.1 504.7 
424 0.0 0.0 0.0 0.0 0.0 0.0 0.0 0.0 0.0 495.95 495.4 504.05 499.2 499.0 499.9 505.25 497.4 494.6 499.85 499.3 507.9 
425 0.0 0.0 0.0 0.0 0.0 0.0 0.0 0.0 0.0 507.3 503.6 502.95 498.8 493.35 507.85 494.55 503.25 499.35 510.9 504.15 508.25 
426 0.0 0.0 0.0 0.0 0.0 0.0 0.0 0.0 0.0 499.8 497.65 502.4 498.05 500.45 500.4 500.75 504.7 497.65 505.65 506.85 495.05 
427 0.0 0.0 0.0 0.0 0.0 0.0 0.0 0.0 0.0 496.65 498.5 509.9 501.15 502.4 500.4 504.1 499.2 498.05 502.85 490.8 498.0 
428 0.0 0.0 0.0 0.0 0.0 0.0 0.0 0.0 0.0 497.8 505.05 491.0 507.75 507.1 497.0 499.35 496.55 508.05 506.8 506.25 507.85 
429 0.0 0.0 0.0 0.0 0.0 0.0 0.0 0.0 0.0 503.8 505.2 494.1 497.1 500.45 500.25 499.7 504.4 504.45 500.05 506.7 496.85 
430 0.0 0.0 0.0 0.0 0.0 0.0 0.0 0.0 0.0 499.4 501.45 502.5 502.25 503.05 499.0 503.25 504.8 499.75 497.6 506.55 496.45 
431 0.0 0.0 0.0 0.0 0.0 0.0 0.0 0.0 0.0 496.25 500.6 507.95 507.35 506.75 506.4 495.85 504.7 504.8 501.95 497.45 492.9 
432 0.0 0.0 0.0 0.0 0.0 0.0 0.0 0.0 0.0 515.45 501.55 502.55 503.75 497.1 500.5 497.95 499.25 504.55 501.35 498.65 493.9 
433 0.0 0.0 0.0 0.0 0.0 0.0 0.0 0.0 0.0 505.2 501.25 495.6 495.25 508.3 499.3 505.7 503.1 498.3 507.5 503.65 507.8 
434 0.0 0.0 0.0 0.0 0.0 0.0 0.0 0.0 0.0 498.2 499.0 502.85 500.5 502.2 507.5 500.05 491.75 495.2 501.05 507.6 501.15 
435 0.0 0.0 0.0 0.0 0.0 0.0 0.0 0.0 0.0 501.1 501.7 505.55 500.8 501.2 498.85 499.25 500.05 507.5 499.25 500.35 502.45 
436 0.0 0.0 0.0 0.0 0.0 0.0 0.0 0.0 0.0 495.6 492.95 509.1 503.65 494.25 496.6 496.3 502.05 506.6 499.95 500.6 499.6 
437 0.0 0.0 0.0 0.0 0.0 0.0 0.0 0.0 0.0 497.85 511.8 502.2 505.4 489.95 495.55 501.45 497.8 502.1 504.15 498.25 503.25 
438 0.0 0.0 0.0 0.0 0.0 0.0 0.0 0.0 0.0 501.7 499.55 503.05 505.55 502.45 500.65 500.6 504.55 494.8 505.05 495.45 503.95 
439 0.0 0.0 0.0 0.0 0.0 0.0 0.0 0.0 0.0 496.6 501.55 496.6 490.8 499.55 499.7 497.9 500.55 505.2 495.8 503.75 503.65 
440 0.0 0.0 0.0 0.0 0.0 0.0 0.0 0.0 0.0 499.85 492.95 497.95 489.9 501.85 498.6 497.65 498.55 505.55 495.05 497.5 497.45 
441 0.0 0.0 0.0 0.0 0.0 0.0 0.0 0.0 0.0 497.6 495.5 491.9 502.05 499.9 502.4 505.85 491.4 481.25 497.25 498.55 501.8 
442 0.0 0.0 0.0 0.0 0.0 0.0 0.0 0.0 0.0 495.15 504.4 493.95 500.65 500.75 498.15 501.4 506.25 495.0 501.55 500.45 505.15 
443 0.0 0.0 0.0 0.0 0.0 0.0 0.0 0.0 0.0 506.35 505.05 504.3 499.1 493.9 501.7 503.45 497.6 495.35 498.2 497.25 493.5 
444 0.0 0.0 0.0 0.0 0.0 0.0 0.0 0.0 0.0 499.2 495.4 494.05 500.4 499.65 491.5 498.6 511.9 505.2 486.8 490.75 492.1 
445 0.0 0.0 0.0 0.0 0.0 0.0 0.0 0.0 0.0 502.3 496.15 488.2 499.65 504.05 496.0 489.2 493.0 496.15 496.0 499.75 497.55 
446 0.0 0.0 0.0 0.0 0.0 0.0 0.0 0.0 0.0 488.35 492.15 501.65 499.55 497.45 499.45 491.0 488.85 501.9 499.8 500.3 495.15 
447 0.0 0.0 0.0 0.0 0.0 0.0 0.0 0.0 0.0 475.55 503.85 503.3 493.2 501.05 510.55 493.6 501.6 493.45 506.35 499.65 496.55 
448 0.0 0.0 0.0 0.0 0.0 0.0 0.0 0.0 0.0 467.65 513.6 500.85 505.65 501.0 503.1 497.05 491.45 506.15 491.65 496.2 504.3 
449 0.0 0.0 0.0 0.0 0.0 0.0 0.0 0.0 0.0 439.6 500.65 505.5 497.2 495.9 499.05 504.6 493.35 498.6 511.3 498.75 501.4 
450 0.0 0.0 0.0 0.0 0.0 0.0 0.0 0.0 0.0 411.05 498.45 502.9 493.5 503.85 496.15 498.95 496.9 498.75 499.35 502.7 496.0 
451 0.0 0.0 0.0 0.0 0.0 0.0 0.0 0.0 0.0 337.3 500.05 494.75 509.0 497.4 500.1 501.8 499.95 493.25 495.0 503.15 510.9 
452 0.0 0.0 0.0 0.0 0.0 0.0 0.0 0.0 0.0 314.45 500.0 508.4 499.65 495.35 503.7 498.4 497.8 500.05 503.4 501.0 495.9 
453 0.0 0.0 0.0 0.0 0.0 0.0 0.0 0.0 0.0 269.05 502.1 506.55 498.6 509.9 497.9 499.1 507.0 504.65 501.4 492.65 500.15 
454 0.0 0.0 0.0 0.0 0.0 0.0 0.0 0.0 0.0 220.35 503.6 498.55 495.15 495.65 498.8 504.15 501.75 503.25 496.25 497.95 496.65 
455 0.0 0.0 0.0 0.0 0.0 0.0 0.0 0.0 0.0 203.05 493.95 491.05 501.5 498.75 501.85 500.6 503.65 507.45 501.0 504.5 494.4 
456 0.0 0.0 0.0 0.0 0.0 0.0 0.0 0.0 0.0 179.3 499.5 499.25 493.25 496.1 497.15 494.9 499.5 497.7 496.6 498.8 496.7 
457 0.0 0.0 0.0 0.0 0.0 0.0 0.0 0.0 0.0 131.8 493.6 496.25 499.4 501.95 499.25 502.05 493.35 500.05 508.95 501.9 497.45 
458 0.0 0.0 0.0 0.0 0.0 0.0 0.0 0.0 0.0 110.25 498.1 493.1 504.6 494.4 499.2 499.7 503.05 496.1 500.7 501.95 499.95 
459 0.0 0.0 0.0 0.0 0.0 0.0 0.0 0.0 0.0 102.45 497.9 507.95 495.1 499.3 493.0 493.3 490.65 504.6 498.55 493.85 491.9 
460 0.0 0.0 0.0 0.0 0.0 0.0 0.0 0.0 0.0 62.95 496.1 496.75 495.0 496.05 496.7 494.15 498.35 495.05 501.5 502.6 501.45 
461 0.0 0.0 0.0 0.0 0.0 0.0 0.0 0.0 0.0 11.15 498.6 501.0 502.5 504.8 500.55 512.5 501.75 495.35 501.05 498.5 501.15 
462 0.0 0.0 0.0 0.0 0.0 0.0 0.0 0.0 0.0 0.45 495.85 500.65 499.1 492.95 506.7 499.05 499.0 505.5 496.8 488.5 504.85 
463 0.0 0.0 0.0 0.0 0.0 0.0 0.0 0.0 0.0 0.0 508.45 495.75 502.7 500.05 496.35 503.15 506.65 493.05 503.3 499.9 496.35 
464 0.0 0.0 0.0 0.0 0.0 0.0 0.0 0.0 0.0 0.0 502.35 498.85 502.05 506.5 505.15 493.95 498.3 497.35 497.35 511.95 497.4 
465 0.0 0.0 0.0 0.0 0.0 0.0 0.0 0.0 0.0 0.0 504.2 499.4 502.5 506.95 498.85 501.15 500.95 499.45 491.75 502.15 507.9 
466 0.0 0.0 0.0 0.0 0.0 0.0 0.0 0.0 0.0 0.0 492.85 502.75 501.2 501.6 496.1 509.4 507.1 493.95 504.45 498.2 496.15 
467 0.0 0.0 0.0 0.0 0.0 0.0 0.0 0.0 0.0 0.0 504.2 498.2 497.75 499.7 496.15 492.3 494.05 509.3 499.6 495.95 504.0 
468 0.0 0.0 0.0 0.0 0.0 0.0 0.0 0.0 0.0 0.0 495.0 496.8 500.7 504.4 507.2 499.8 495.25 490.2 487.65 501.0 495.8 
469 0.0 0.0 0.0 0.0 0.0 0.0 0.0 0.0 0.0 0.0 503.45 506.3 500.7 501.25 502.4 500.35 496.4 500.45 493.8 503.7 498.3 
470 0.0 0.0 0.0 0.0 0.0 0.0 0.0 0.0 0.0 0.0 499.95 501.95 503.35 504.6 504.4 505.0 501.45 500.0 497.85 498.2 497.75 
471 0.0 0.0 0.0 0.0 0.0 0.0 0.0 0.0 0.0 0.0 502.65 501.25 504.2 485.7 495.6 499.25 493.65 505.85 500.35 507.2 505.25 
472 0.0 0.0 0.0 0.0 0.0 0.0 0.0 0.0 0.0 0.0 495.5 499.75 491.05 504.95 497.15 506.8 502.65 493.05 510.6 499.6 500.5 
473 0.0 0.0 0.0 0.0 0.0 0.0 0.0 0.0 0.0 0.0 498.25 499.7 508.95 497.3 505.35 493.9 496.95 499.4 497.45 495.4 503.45 
474 0.0 0.0 0.0 0.0 0.0 0.0 0.0 0.0 0.0 0.0 496.45 501.05 501.25 505.4 503.25 501.9 505.1 499.85 501.3 501.2 503.25 
475 0.0 0.0 0.0 0.0 0.0 0.0 0.0 0.0 0.0 0.0 505.95 502.9 498.7 500.1 498.75 499.0 502.0 506.35 508.25 490.1 498.7 
476 0.0 0.0 0.0 0.0 0.0 0.0 0.0 0.0 0.0 0.0 501.05 498.55 494.05 491.75 489.7 504.15 510.95 505.15 504.05 503.3 506.8 
477 0.0 0.0 0.0 0.0 0.0 0.0 0.0 0.0 0.0 0.0 505.65 500.95 497.9 498.75 503.55 496.8 510.15 501.05 502.75 499.3 503.75 
478 0.0 0.0 0.0 0.0 0.0 0.0 0.0 0.0 0.0 0.0 494.35 502.2 502.45 506.8 495.7 494.0 495.55 502.65 504.85 504.05 499.05 
479 0.0 0.0 0.0 0.0 0.0 0.0 0.0 0.0 0.0 0.0 500.15 501.95 502.15 500.85 501.85 501.8 500.5 505.0 501.35 502.95 504.2 
480 0.0 0.0 0.0 0.0 0.0 0.0 0.0 0.0 0.0 0.0 501.3 498.35 497.05 491.65 498.8 500.1 498.05 497.35 505.3 496.5 501.25 
481 0.0 0.0 0.0 0.0 0.0 0.0 0.0 0.0 0.0 0.0 503.25 496.55 492.9 502.85 505.05 498.1 502.15 512.5 503.45 506.3 507.5 
482 0.0 0.0 0.0 0.0 0.0 0.0 0.0 0.0 0.0 0.0 496.7 500.45 503.65 496.95 501.45 504.75 503.55 511.55 506.9 507.3 502.9 
483 0.0 0.0 0.0 0.0 0.0 0.0 0.0 0.0 0.0 0.0 502.75 492.3 495.75 495.55 492.1 504.9 512.25 500.85 500.35 517.5 505.8 
484 0.0 0.0 0.0 0.0 0.0 0.0 0.0 0.0 0.0 0.0 502.65 503.25 502.4 499.65 504.55 502.75 501.0 506.9 502.05 501.3 516.0 
485 0.0 0.0 0.0 0.0 0.0 0.0 0.0 0.0 0.0 0.0 500.0 504.1 507.75 495.05 503.65 500.7 494.8 505.85 508.15 521.75 507.0 
486 0.0 0.0 0.0 0.0 0.0 0.0 0.0 0.0 0.0 0.0 502.7 500.6 503.15 508.4 501.95 513.2 510.25 503.15 513.8 503.7 510.7 
487 0.0 0.0 0.0 0.0 0.0 0.0 0.0 0.0 0.0 0.0 498.9 503.6 507.3 511.7 516.0 507.75 515.35 508.35 509.05 512.9 514.6 
488 0.0 0.0 0.0 0.0 0.0 0.0 0.0 0.0 0.0 0.0 491.7 490.65 500.95 507.3 514.65 505.15 508.7 517.4 509.35 516.0 509.45 
489 0.0 0.0 0.0 0.0 0.0 0.0 0.0 0.0 0.0 0.0 501.1 505.75 501.05 511.65 506.45 510.45 513.6 513.25 509.9 511.95 513.8 
490 0.0 0.0 0.0 0.0 0.0 0.0 0.0 0.0 0.0 0.0 505.05 505.2 510.9 511.2 513.7 521.35 512.2 507.25 520.7 527.1 521.85 
491 0.0 0.0 0.0 0.0 0.0 0.0 0.0 0.0 0.0 0.0 490.85 509.75 513.4 519.8 517.0 524.75 524.6 523.85 526.6 516.25 518.4 
492 0.0 0.0 0.0 0.0 0.0 0.0 0.0 0.0 0.0 0.0 498.95 510.05 511.35 525.0 522.65 525.55 524.8 524.4 516.9 520.35 521.4 
493 0.0 0.0 0.0 0.0 0.0 0.0 0.0 0.0 0.0 0.0 505.65 512.5 522.6 519.05 522.9 525.0 527.1 527.85 520.6 521.35 528.1 
494 0.0 0.0 0.0 0.0 0.0 0.0 0.0 0.0 0.0 0.0 500.3 521.1 525.5 530.7 533.9 522.85 530.55 526.4 524.9 519.35 519.2 
495 0.0 0.0 0.0 0.0 0.0 0.0 0.0 0.0 0.0 0.0 479.75 532.0 538.1 528.0 529.8 535.45 527.8 520.2 516.15 514.05 520.45 
496 0.0 0.0 0.0 0.0 0.0 0.0 0.0 0.0 0.0 0.0 483.25 537.65 541.5 536.65 537.0 534.65 528.75 534.9 529.65 522.7 521.75 
497 0.0 0.0 0.0 0.0 0.0 0.0 0.0 0.0 0.0 0.0 500.6 565.1 547.85 539.55 531.2 531.45 529.3 524.95 526.1 522.4 513.2 
498 0.0 0.0 0.0 0.0 0.0 0.0 0.0 0.0 0.0 0.0 576.55 575.05 546.9 543.0 531.1 524.3 525.55 517.9 524.05 524.95 524.35 
499 0.0 0.0 0.0 0.0 0.0 0.0 0.0 0.0 0.0 0.0 329.6 277.25 275.85 270.95 270.6 262.2 258.5 260.45 264.35 266.45 263.1 
