0 0.9376353987760065 0.0 0.0 0.0 0.0 0.0 0.0 0.0 0.0 0.0 0.0 0.0 0.0 0.0 0.0 0.0 0.0 0.0 0.0 0.0 0.0 
1 0.9377110694183864 0.0 0.0 0.0 0.0 0.0 0.0 0.0 0.0 0.0 0.0 0.0 0.0 0.0 0.0 0.0 0.0 0.0 0.0 0.0 0.0 
2 0.9377110694183864 0.0 0.0 0.0 0.0 0.0 0.0 0.0 0.0 0.0 0.0 0.0 0.0 0.0 0.0 0.0 0.0 0.0 0.0 0.0 0.0 
3 0.9377110694183864 0.0 0.0 0.0 0.0 0.0 0.0 0.0 0.0 0.0 0.0 0.0 0.0 0.0 0.0 0.0 0.0 0.0 0.0 0.0 0.0 
4 0.9377110694183864 0.0 0.0 0.0 0.0 0.0 0.0 0.0 0.0 0.0 0.0 0.0 0.0 0.0 0.0 0.0 0.0 0.0 0.0 0.0 0.0 
5 0.9377110694183864 0.0 0.0 0.0 0.0 0.0 0.0 0.0 0.0 0.0 0.0 0.0 0.0 0.0 0.0 0.0 0.0 0.0 0.0 0.0 0.0 
6 0.9377110694183864 0.0 0.0 0.0 0.0 0.0 0.0 0.0 0.0 0.0 0.0 0.0 0.0 0.0 0.0 0.0 0.0 0.0 0.0 0.0 0.0 
7 0.9377110694183864 0.0 0.0 0.0 0.0 0.0 0.0 0.0 0.0 0.0 0.0 0.0 0.0 0.0 0.0 0.0 0.0 0.0 0.0 0.0 0.0 
8 0.9377110694183864 0.0 0.0 0.0 0.0 0.0 0.0 0.0 0.0 0.0 0.0 0.0 0.0 0.0 0.0 0.0 0.0 0.0 0.0 0.0 0.0 
9 0.9377110694183864 0.0 0.0 0.0 0.0 0.0 0.0 0.0 0.0 0.0 0.0 0.0 0.0 0.0 0.0 0.0 0.0 0.0 0.0 0.0 0.0 
10 0.9377110694183864 0.0 0.0 0.0 0.0 0.0 0.0 0.0 0.0 0.0 0.0 0.0 0.0 0.0 0.0 0.0 0.0 0.0 0.0 0.0 0.0 
11 0.9377110694183864 0.0 0.0 0.0 0.0 0.0 0.0 0.0 0.0 0.0 0.0 0.0 0.0 0.0 0.0 0.0 0.0 0.0 0.0 0.0 0.0 
12 0.9377110694183864 0.0 0.0 0.0 0.0 0.0 0.0 0.0 0.0 0.0 0.0 0.0 0.0 0.0 0.0 0.0 0.0 0.0 0.0 0.0 0.0 
13 0.9377110694183864 0.0 0.0 0.0 0.0 0.0 0.0 0.0 0.0 0.0 0.0 0.0 0.0 0.0 0.0 0.0 0.0 0.0 0.0 0.0 0.0 
14 0.9377110694183864 0.0 0.0 0.0 0.0 0.0 0.0 0.0 0.0 0.0 0.0 0.0 0.0 0.0 0.0 0.0 0.0 0.0 0.0 0.0 0.0 
15 0.9377110694183864 0.0 0.0 0.0 0.0 0.0 0.0 0.0 0.0 0.0 0.0 0.0 0.0 0.0 0.0 0.0 0.0 0.0 0.0 0.0 0.0 
16 0.9377110694183864 0.0 0.0 0.0 0.0 0.0 0.0 0.0 0.0 0.0 0.0 0.0 0.0 0.0 0.0 0.0 0.0 0.0 0.0 0.0 0.0 
17 0.9377110694183864 0.0 0.0 0.0 0.0 0.0 0.0 0.0 0.0 0.0 0.0 0.0 0.0 0.0 0.0 0.0 0.0 0.0 0.0 0.0 0.0 
18 0.9377110694183864 0.0 0.0 0.0 0.0 0.0 0.0 0.0 0.0 0.0 0.0 0.0 0.0 0.0 0.0 0.0 0.0 0.0 0.0 0.0 0.0 
19 0.9377110694183864 0.0 0.0 0.0 0.0 0.0 0.0 0.0 0.0 0.0 0.0 0.0 0.0 0.0 0.0 0.0 0.0 0.0 0.0 0.0 0.0 
20 0.9377110694183864 0.0 0.0 0.0 0.0 0.0 0.0 0.0 0.0 0.0 0.0 0.0 0.0 0.0 0.0 0.0 0.0 0.0 0.0 0.0 0.0 
21 0.9377110694183864 0.0 0.0 0.0 0.0 0.0 0.0 0.0 0.0 0.0 0.0 0.0 0.0 0.0 0.0 0.0 0.0 0.0 0.0 0.0 0.0 
22 0.9377110694183864 0.0 0.0 0.0 0.0 0.0 0.0 0.0 0.0 0.0 0.0 0.0 0.0 0.0 0.0 0.0 0.0 0.0 0.0 0.0 0.0 
23 0.9377110694183864 0.0 0.0 0.0 0.0 0.0 0.0 0.0 0.0 0.0 0.0 0.0 0.0 0.0 0.0 0.0 0.0 0.0 0.0 0.0 0.0 
24 0.9377110694183864 0.0 0.0 0.0 0.0 0.0 0.0 0.0 0.0 0.0 0.0 0.0 0.0 0.0 0.0 0.0 0.0 0.0 0.0 0.0 0.0 
25 0.9377110694183864 0.0 0.0 0.0 0.0 0.0 0.0 0.0 0.0 0.0 0.0 0.0 0.0 0.0 0.0 0.0 0.0 0.0 0.0 0.0 0.0 
26 0.9377110694183864 0.0 0.0 0.0 0.0 0.0 0.0 0.0 0.0 0.0 0.0 0.0 0.0 0.0 0.0 0.0 0.0 0.0 0.0 0.0 0.0 
27 0.9377110694183864 0.0 0.0 0.0 0.0 0.0 0.0 0.0 0.0 0.0 0.0 0.0 0.0 0.0 0.0 0.0 0.0 0.0 0.0 0.0 0.0 
28 0.9377110694183864 0.0 0.0 0.0 0.0 0.0 0.0 0.0 0.0 0.0 0.0 0.0 0.0 0.0 0.0 0.0 0.0 0.0 0.0 0.0 0.0 
29 0.9377110694183864 0.0 0.0 0.0 0.0 0.0 0.0 0.0 0.0 0.0 0.0 0.0 0.0 0.0 0.0 0.0 0.0 0.0 0.0 0.0 0.0 
30 0.9377110694183864 0.0 0.0 0.0 0.0 0.0 0.0 0.0 0.0 0.0 0.0 0.0 0.0 0.0 0.0 0.0 0.0 0.0 0.0 0.0 0.0 
31 0.9377110694183864 0.0 0.0 0.0 0.0 0.0 0.0 0.0 0.0 0.0 0.0 0.0 0.0 0.0 0.0 0.0 0.0 0.0 0.0 0.0 0.0 
32 0.9377110694183864 0.0 0.0 0.0 0.0 0.0 0.0 0.0 0.0 0.0 0.0 0.0 0.0 0.0 0.0 0.0 0.0 0.0 0.0 0.0 0.0 
33 0.9377110694183864 0.0 0.0 0.0 0.0 0.0 0.0 0.0 0.0 0.0 0.0 0.0 0.0 0.0 0.0 0.0 0.0 0.0 0.0 0.0 0.0 
34 0.9377110694183864 0.0 0.0 0.0 0.0 0.0 0.0 0.0 0.0 0.0 0.0 0.0 0.0 0.0 0.0 0.0 0.0 0.0 0.0 0.0 0.0 
35 0.9377110694183864 0.0 0.0 0.0 0.0 0.0 0.0 0.0 0.0 0.0 0.0 0.0 0.0 0.0 0.0 0.0 0.0 0.0 0.0 0.0 0.0 
36 0.9377110694183864 0.0 0.0 0.0 0.0 0.0 0.0 0.0 0.0 0.0 0.0 0.0 0.0 0.0 0.0 0.0 0.0 0.0 0.0 0.0 0.0 
37 0.9377110694183864 0.0 0.0 0.0 0.0 0.0 0.0 0.0 0.0 0.0 0.0 0.0 0.0 0.0 0.0 0.0 0.0 0.0 0.0 0.0 0.0 
38 0.9377110694183864 0.0 0.0 0.0 0.0 0.0 0.0 0.0 0.0 0.0 0.0 0.0 0.0 0.0 0.0 0.0 0.0 0.0 0.0 0.0 0.0 
39 0.9377110694183864 0.0 0.0 0.0 0.0 0.0 0.0 0.0 0.0 0.0 0.0 0.0 0.0 0.0 0.0 0.0 0.0 0.0 0.0 0.0 0.0 
40 0.9377110694183864 0.0 0.0 0.0 0.0 0.0 0.0 0.0 0.0 0.0 0.0 0.0 0.0 0.0 0.0 0.0 0.0 0.0 0.0 0.0 0.0 
41 0.9377110694183864 0.0 0.0 0.0 0.0 0.0 0.0 0.0 0.0 0.0 0.0 0.0 0.0 0.0 0.0 0.0 0.0 0.0 0.0 0.0 0.0 
42 0.9377110694183864 0.0 0.0 0.0 0.0 0.0 0.0 0.0 0.0 0.0 0.0 0.0 0.0 0.0 0.0 0.0 0.0 0.0 0.0 0.0 0.0 
43 0.9377110694183864 0.0 0.0 0.0 0.0 0.0 0.0 0.0 0.0 0.0 0.0 0.0 0.0 0.0 0.0 0.0 0.0 0.0 0.0 0.0 0.0 
44 0.9377110694183864 0.0 0.0 0.0 0.0 0.0 0.0 0.0 0.0 0.0 0.0 0.0 0.0 0.0 0.0 0.0 0.0 0.0 0.0 0.0 0.0 
45 0.9377110694183864 0.0 0.0 0.0 0.0 0.0 0.0 0.0 0.0 0.0 0.0 0.0 0.0 0.0 0.0 0.0 0.0 0.0 0.0 0.0 0.0 
46 0.9377110694183864 0.0 0.0 0.0 0.0 0.0 0.0 0.0 0.0 0.0 0.0 0.0 0.0 0.0 0.0 0.0 0.0 0.0 0.0 0.0 0.0 
47 0.9377110694183864 0.08925409725594945 0.0 0.0 0.0 0.0 0.0 0.0 0.0 0.0 0.0 0.0 0.0 0.0 0.0 0.0 0.0 0.0 0.0 0.0 0.0 
48 0.9377110694183864 0.2114303109219599 0.0 0.0 0.0 0.0 0.0 0.0 0.0 0.0 0.0 0.0 0.0 0.0 0.0 0.0 0.0 0.0 0.0 0.0 0.0 
49 0.9377110694183864 0.424759712117722 0.0 0.0 0.0 0.0 0.0 0.0 0.0 0.0 0.0 0.0 0.0 0.0 0.0 0.0 0.0 0.0 0.0 0.0 0.0 
50 0.9377110694183864 0.5555095551503676 0.0 0.0 0.0 0.0 0.0 0.0 0.0 0.0 0.0 0.0 0.0 0.0 0.0 0.0 0.0 0.0 0.0 0.0 0.0 
51 0.9377110694183864 0.7433885039502635 0.0 0.0 0.0 0.0 0.0 0.0 0.0 0.0 0.0 0.0 0.0 0.0 0.0 0.0 0.0 0.0 0.0 0.0 0.0 
52 0.9377110694183864 0.8904006673735483 0.0 0.0 0.0 0.0 0.0 0.0 0.0 0.0 0.0 0.0 0.0 0.0 0.0 0.0 0.0 0.0 0.0 0.0 0.0 
53 0.9377110694183864 0.9364729405792674 0.0 0.0 0.0 0.0 0.0 0.0 0.0 0.0 0.0 0.0 0.0 0.0 0.0 0.0 0.0 0.0 0.0 0.0 0.0 
54 0.9377110694183864 0.9376048282072474 0.0 0.0 0.0 0.0 0.0 0.0 0.0 0.0 0.0 0.0 0.0 0.0 0.0 0.0 0.0 0.0 0.0 0.0 0.0 
55 0.9377110694183864 0.9377110694183864 0.0 0.0 0.0 0.0 0.0 0.0 0.0 0.0 0.0 0.0 0.0 0.0 0.0 0.0 0.0 0.0 0.0 0.0 0.0 
56 0.9377110694183864 0.9377110694183864 0.0 0.0 0.0 0.0 0.0 0.0 0.0 0.0 0.0 0.0 0.0 0.0 0.0 0.0 0.0 0.0 0.0 0.0 0.0 
57 0.9377110694183864 0.9377110694183864 0.0 0.0 0.0 0.0 0.0 0.0 0.0 0.0 0.0 0.0 0.0 0.0 0.0 0.0 0.0 0.0 0.0 0.0 0.0 
58 0.9377110694183864 0.9377110694183864 0.0 0.0 0.0 0.0 0.0 0.0 0.0 0.0 0.0 0.0 0.0 0.0 0.0 0.0 0.0 0.0 0.0 0.0 0.0 
59 0.9377110694183864 0.9377110694183864 0.0 0.0 0.0 0.0 0.0 0.0 0.0 0.0 0.0 0.0 0.0 0.0 0.0 0.0 0.0 0.0 0.0 0.0 0.0 
60 0.9377110694183864 0.9377110694183864 0.0 0.0 0.0 0.0 0.0 0.0 0.0 0.0 0.0 0.0 0.0 0.0 0.0 0.0 0.0 0.0 0.0 0.0 0.0 
61 0.9377110694183864 0.9377110694183864 0.0 0.0 0.0 0.0 0.0 0.0 0.0 0.0 0.0 0.0 0.0 0.0 0.0 0.0 0.0 0.0 0.0 0.0 0.0 
62 0.9377110694183864 0.9377110694183864 0.0 0.0 0.0 0.0 0.0 0.0 0.0 0.0 0.0 0.0 0.0 0.0 0.0 0.0 0.0 0.0 0.0 0.0 0.0 
63 0.9377110694183864 0.9377110694183864 0.0 0.0 0.0 0.0 0.0 0.0 0.0 0.0 0.0 0.0 0.0 0.0 0.0 0.0 0.0 0.0 0.0 0.0 0.0 
64 0.9377110694183864 0.9377110694183864 0.0 0.0 0.0 0.0 0.0 0.0 0.0 0.0 0.0 0.0 0.0 0.0 0.0 0.0 0.0 0.0 0.0 0.0 0.0 
65 0.9377110694183864 0.9377110694183864 0.0 0.0 0.0 0.0 0.0 0.0 0.0 0.0 0.0 0.0 0.0 0.0 0.0 0.0 0.0 0.0 0.0 0.0 0.0 
66 0.9377110694183864 0.9377110694183864 0.0 0.0 0.0 0.0 0.0 0.0 0.0 0.0 0.0 0.0 0.0 0.0 0.0 0.0 0.0 0.0 0.0 0.0 0.0 
67 0.9377110694183864 0.9377110694183864 0.0 0.0 0.0 0.0 0.0 0.0 0.0 0.0 0.0 0.0 0.0 0.0 0.0 0.0 0.0 0.0 0.0 0.0 0.0 
68 0.9377110694183864 0.9377110694183864 0.0 0.0 0.0 0.0 0.0 0.0 0.0 0.0 0.0 0.0 0.0 0.0 0.0 0.0 0.0 0.0 0.0 0.0 0.0 
69 0.9377110694183864 0.9377110694183864 0.0 0.0 0.0 0.0 0.0 0.0 0.0 0.0 0.0 0.0 0.0 0.0 0.0 0.0 0.0 0.0 0.0 0.0 0.0 
70 0.9377110694183864 0.9377110694183864 0.0 0.0 0.0 0.0 0.0 0.0 0.0 0.0 0.0 0.0 0.0 0.0 0.0 0.0 0.0 0.0 0.0 0.0 0.0 
71 0.9377110694183864 0.9377110694183864 0.0 0.0 0.0 0.0 0.0 0.0 0.0 0.0 0.0 0.0 0.0 0.0 0.0 0.0 0.0 0.0 0.0 0.0 0.0 
72 0.9377110694183864 0.9377110694183864 0.0 0.0 0.0 0.0 0.0 0.0 0.0 0.0 0.0 0.0 0.0 0.0 0.0 0.0 0.0 0.0 0.0 0.0 0.0 
73 0.9377110694183864 0.9377110694183864 0.0 0.0 0.0 0.0 0.0 0.0 0.0 0.0 0.0 0.0 0.0 0.0 0.0 0.0 0.0 0.0 0.0 0.0 0.0 
74 0.9377110694183864 0.9377110694183864 0.0 0.0 0.0 0.0 0.0 0.0 0.0 0.0 0.0 0.0 0.0 0.0 0.0 0.0 0.0 0.0 0.0 0.0 0.0 
75 0.9377110694183864 0.9377110694183864 0.0 0.0 0.0 0.0 0.0 0.0 0.0 0.0 0.0 0.0 0.0 0.0 0.0 0.0 0.0 0.0 0.0 0.0 0.0 
76 0.9377110694183864 0.9377110694183864 0.0 0.0 0.0 0.0 0.0 0.0 0.0 0.0 0.0 0.0 0.0 0.0 0.0 0.0 0.0 0.0 0.0 0.0 0.0 
77 0.9377110694183864 0.9377110694183864 0.0 0.0 0.0 0.0 0.0 0.0 0.0 0.0 0.0 0.0 0.0 0.0 0.0 0.0 0.0 0.0 0.0 0.0 0.0 
78 0.9377110694183864 0.9377110694183864 0.0 0.0 0.0 0.0 0.0 0.0 0.0 0.0 0.0 0.0 0.0 0.0 0.0 0.0 0.0 0.0 0.0 0.0 0.0 
79 0.9377110694183864 0.9377110694183864 0.0 0.0 0.0 0.0 0.0 0.0 0.0 0.0 0.0 0.0 0.0 0.0 0.0 0.0 0.0 0.0 0.0 0.0 0.0 
80 0.9377110694183864 0.9377110694183864 0.0 0.0 0.0 0.0 0.0 0.0 0.0 0.0 0.0 0.0 0.0 0.0 0.0 0.0 0.0 0.0 0.0 0.0 0.0 
81 0.9377110694183864 0.9377110694183864 0.0 0.0 0.0 0.0 0.0 0.0 0.0 0.0 0.0 0.0 0.0 0.0 0.0 0.0 0.0 0.0 0.0 0.0 0.0 
82 0.9377110694183864 0.9377110694183864 0.0 0.0 0.0 0.0 0.0 0.0 0.0 0.0 0.0 0.0 0.0 0.0 0.0 0.0 0.0 0.0 0.0 0.0 0.0 
83 0.9377110694183864 0.9377110694183864 0.0 0.0 0.0 0.0 0.0 0.0 0.0 0.0 0.0 0.0 0.0 0.0 0.0 0.0 0.0 0.0 0.0 0.0 0.0 
84 0.9377110694183864 0.9377110694183864 0.0 0.0 0.0 0.0 0.0 0.0 0.0 0.0 0.0 0.0 0.0 0.0 0.0 0.0 0.0 0.0 0.0 0.0 0.0 
85 0.9377110694183864 0.9377110694183864 0.0 0.0 0.0 0.0 0.0 0.0 0.0 0.0 0.0 0.0 0.0 0.0 0.0 0.0 0.0 0.0 0.0 0.0 0.0 
86 0.9377110694183864 0.9377110694183864 0.0 0.0 0.0 0.0 0.0 0.0 0.0 0.0 0.0 0.0 0.0 0.0 0.0 0.0 0.0 0.0 0.0 0.0 0.0 
87 0.9377110694183864 0.9377110694183864 0.0 0.0 0.0 0.0 0.0 0.0 0.0 0.0 0.0 0.0 0.0 0.0 0.0 0.0 0.0 0.0 0.0 0.0 0.0 
88 0.9377110694183864 0.9377110694183864 0.0 0.0 0.0 0.0 0.0 0.0 0.0 0.0 0.0 0.0 0.0 0.0 0.0 0.0 0.0 0.0 0.0 0.0 0.0 
89 0.9377110694183864 0.9377110694183864 0.0 0.0 0.0 0.0 0.0 0.0 0.0 0.0 0.0 0.0 0.0 0.0 0.0 0.0 0.0 0.0 0.0 0.0 0.0 
90 0.9377110694183864 0.9377110694183864 0.0 0.0 0.0 0.0 0.0 0.0 0.0 0.0 0.0 0.0 0.0 0.0 0.0 0.0 0.0 0.0 0.0 0.0 0.0 
91 0.9377110694183864 0.9377110694183864 0.0 0.0 0.0 0.0 0.0 0.0 0.0 0.0 0.0 0.0 0.0 0.0 0.0 0.0 0.0 0.0 0.0 0.0 0.0 
92 0.9377110694183864 0.9377110694183864 0.0 0.0 0.0 0.0 0.0 0.0 0.0 0.0 0.0 0.0 0.0 0.0 0.0 0.0 0.0 0.0 0.0 0.0 0.0 
93 0.9377110694183864 0.9377110694183864 0.0 0.0 0.0 0.0 0.0 0.0 0.0 0.0 0.0 0.0 0.0 0.0 0.0 0.0 0.0 0.0 0.0 0.0 0.0 
94 0.9377110694183864 0.9377110694183864 0.0 0.0 0.0 0.0 0.0 0.0 0.0 0.0 0.0 0.0 0.0 0.0 0.0 0.0 0.0 0.0 0.0 0.0 0.0 
95 0.9377110694183864 0.9377110694183864 0.04189125950124074 0.0 0.0 0.0 0.0 0.0 0.0 0.0 0.0 0.0 0.0 0.0 0.0 0.0 0.0 0.0 0.0 0.0 0.0 
96 0.9377110694183864 0.9377110694183864 0.04666124673056739 0.0 0.0 0.0 0.0 0.0 0.0 0.0 0.0 0.0 0.0 0.0 0.0 0.0 0.0 0.0 0.0 0.0 0.0 
97 0.9377110694183864 0.9377110694183864 0.0905919532482921 0.0 0.0 0.0 0.0 0.0 0.0 0.0 0.0 0.0 0.0 0.0 0.0 0.0 0.0 0.0 0.0 0.0 0.0 
98 0.9377110694183864 0.9377110694183864 0.20172790579221803 0.0 0.0 0.0 0.0 0.0 0.0 0.0 0.0 0.0 0.0 0.0 0.0 0.0 0.0 0.0 0.0 0.0 0.0 
99 0.9377110694183864 0.9377110694183864 0.38104831665472044 0.0 0.0 0.0 0.0 0.0 0.0 0.0 0.0 0.0 0.0 0.0 0.0 0.0 0.0 0.0 0.0 0.0 0.0 
100 0.9377110694183864 0.9377110694183864 0.5099948491812134 0.0 0.0 0.0 0.0 0.0 0.0 0.0 0.0 0.0 0.0 0.0 0.0 0.0 0.0 0.0 0.0 0.0 0.0 
101 0.9377110694183864 0.9377110694183864 0.6509685599219996 0.0 0.0 0.0 0.0 0.0 0.0 0.0 0.0 0.0 0.0 0.0 0.0 0.0 0.0 0.0 0.0 0.0 0.0 
102 0.9377110694183864 0.9377110694183864 0.7471850305741929 0.0 0.0 0.0 0.0 0.0 0.0 0.0 0.0 0.0 0.0 0.0 0.0 0.0 0.0 0.0 0.0 0.0 0.0 
103 0.9377110694183864 0.9377110694183864 0.7499977969477278 0.0 0.0 0.0 0.0 0.0 0.0 0.0 0.0 0.0 0.0 0.0 0.0 0.0 0.0 0.0 0.0 0.0 0.0 
104 0.9377110694183864 0.9377110694183864 0.7964252854407363 0.0 0.0 0.0 0.0 0.0 0.0 0.0 0.0 0.0 0.0 0.0 0.0 0.0 0.0 0.0 0.0 0.0 0.0 
105 0.9377110694183864 0.9377110694183864 0.8449480186916734 0.0 0.0 0.0 0.0 0.0 0.0 0.0 0.0 0.0 0.0 0.0 0.0 0.0 0.0 0.0 0.0 0.0 0.0 
106 0.9377110694183864 0.9377110694183864 0.9289917373043807 0.0 0.0 0.0 0.0 0.0 0.0 0.0 0.0 0.0 0.0 0.0 0.0 0.0 0.0 0.0 0.0 0.0 0.0 
107 0.9377110694183864 0.9377110694183864 0.9376100083574274 0.0 0.0 0.0 0.0 0.0 0.0 0.0 0.0 0.0 0.0 0.0 0.0 0.0 0.0 0.0 0.0 0.0 0.0 
108 0.9377110694183864 0.9377110694183864 0.9377110694183864 0.0 0.0 0.0 0.0 0.0 0.0 0.0 0.0 0.0 0.0 0.0 0.0 0.0 0.0 0.0 0.0 0.0 0.0 
109 0.9377110694183864 0.9377110694183864 0.9377110694183864 0.0 0.0 0.0 0.0 0.0 0.0 0.0 0.0 0.0 0.0 0.0 0.0 0.0 0.0 0.0 0.0 0.0 0.0 
110 0.9377110694183864 0.9377110694183864 0.9377110694183864 0.0 0.0 0.0 0.0 0.0 0.0 0.0 0.0 0.0 0.0 0.0 0.0 0.0 0.0 0.0 0.0 0.0 0.0 
111 0.9377110694183864 0.9377110694183864 0.9377110694183864 0.0 0.0 0.0 0.0 0.0 0.0 0.0 0.0 0.0 0.0 0.0 0.0 0.0 0.0 0.0 0.0 0.0 0.0 
112 0.9377110694183864 0.9377110694183864 0.9377110694183864 0.0 0.0 0.0 0.0 0.0 0.0 0.0 0.0 0.0 0.0 0.0 0.0 0.0 0.0 0.0 0.0 0.0 0.0 
113 0.9377110694183864 0.9377110694183864 0.9377110694183864 0.0 0.0 0.0 0.0 0.0 0.0 0.0 0.0 0.0 0.0 0.0 0.0 0.0 0.0 0.0 0.0 0.0 0.0 
114 0.9377110694183864 0.9377110694183864 0.9377110694183864 0.0 0.0 0.0 0.0 0.0 0.0 0.0 0.0 0.0 0.0 0.0 0.0 0.0 0.0 0.0 0.0 0.0 0.0 
115 0.9377110694183864 0.9377110694183864 0.9377110694183864 0.0 0.0 0.0 0.0 0.0 0.0 0.0 0.0 0.0 0.0 0.0 0.0 0.0 0.0 0.0 0.0 0.0 0.0 
116 0.9377110694183864 0.9377110694183864 0.9377110694183864 0.0 0.0 0.0 0.0 0.0 0.0 0.0 0.0 0.0 0.0 0.0 0.0 0.0 0.0 0.0 0.0 0.0 0.0 
117 0.9377110694183864 0.9377110694183864 0.9377110694183864 0.0 0.0 0.0 0.0 0.0 0.0 0.0 0.0 0.0 0.0 0.0 0.0 0.0 0.0 0.0 0.0 0.0 0.0 
118 0.9377110694183864 0.9377110694183864 0.9377110694183864 0.0 0.0 0.0 0.0 0.0 0.0 0.0 0.0 0.0 0.0 0.0 0.0 0.0 0.0 0.0 0.0 0.0 0.0 
119 0.9377110694183864 0.9377110694183864 0.9377110694183864 0.0 0.0 0.0 0.0 0.0 0.0 0.0 0.0 0.0 0.0 0.0 0.0 0.0 0.0 0.0 0.0 0.0 0.0 
120 0.9377110694183864 0.9377110694183864 0.9377110694183864 0.0 0.0 0.0 0.0 0.0 0.0 0.0 0.0 0.0 0.0 0.0 0.0 0.0 0.0 0.0 0.0 0.0 0.0 
121 0.9377110694183864 0.9377110694183864 0.9377110694183864 0.0 0.0 0.0 0.0 0.0 0.0 0.0 0.0 0.0 0.0 0.0 0.0 0.0 0.0 0.0 0.0 0.0 0.0 
122 0.9377110694183864 0.9377110694183864 0.9377110694183864 0.0 0.0 0.0 0.0 0.0 0.0 0.0 0.0 0.0 0.0 0.0 0.0 0.0 0.0 0.0 0.0 0.0 0.0 
123 0.9377110694183864 0.9377110694183864 0.9377110694183864 0.0 0.0 0.0 0.0 0.0 0.0 0.0 0.0 0.0 0.0 0.0 0.0 0.0 0.0 0.0 0.0 0.0 0.0 
124 0.9377110694183864 0.9377110694183864 0.9377110694183864 0.0 0.0 0.0 0.0 0.0 0.0 0.0 0.0 0.0 0.0 0.0 0.0 0.0 0.0 0.0 0.0 0.0 0.0 
125 0.9377110694183864 0.9377110694183864 0.9377110694183864 0.0 0.0 0.0 0.0 0.0 0.0 0.0 0.0 0.0 0.0 0.0 0.0 0.0 0.0 0.0 0.0 0.0 0.0 
126 0.9377110694183864 0.9377110694183864 0.9377110694183864 0.0 0.0 0.0 0.0 0.0 0.0 0.0 0.0 0.0 0.0 0.0 0.0 0.0 0.0 0.0 0.0 0.0 0.0 
127 0.9377110694183864 0.9377110694183864 0.9377110694183864 0.0 0.0 0.0 0.0 0.0 0.0 0.0 0.0 0.0 0.0 0.0 0.0 0.0 0.0 0.0 0.0 0.0 0.0 
128 0.9377110694183864 0.9377110694183864 0.9377110694183864 0.0 0.0 0.0 0.0 0.0 0.0 0.0 0.0 0.0 0.0 0.0 0.0 0.0 0.0 0.0 0.0 0.0 0.0 
129 0.9377110694183864 0.9377110694183864 0.9377110694183864 0.0 0.0 0.0 0.0 0.0 0.0 0.0 0.0 0.0 0.0 0.0 0.0 0.0 0.0 0.0 0.0 0.0 0.0 
130 0.9377110694183864 0.9377110694183864 0.9377110694183864 0.0 0.0 0.0 0.0 0.0 0.0 0.0 0.0 0.0 0.0 0.0 0.0 0.0 0.0 0.0 0.0 0.0 0.0 
131 0.9377110694183864 0.9377110694183864 0.9377110694183864 0.0 0.0 0.0 0.0 0.0 0.0 0.0 0.0 0.0 0.0 0.0 0.0 0.0 0.0 0.0 0.0 0.0 0.0 
132 0.9377110694183864 0.9377110694183864 0.9377110694183864 0.0 0.0 0.0 0.0 0.0 0.0 0.0 0.0 0.0 0.0 0.0 0.0 0.0 0.0 0.0 0.0 0.0 0.0 
133 0.9377110694183864 0.9377110694183864 0.9377110694183864 0.0 0.0 0.0 0.0 0.0 0.0 0.0 0.0 0.0 0.0 0.0 0.0 0.0 0.0 0.0 0.0 0.0 0.0 
134 0.9377110694183864 0.9377110694183864 0.9377110694183864 0.0 0.0 0.0 0.0 0.0 0.0 0.0 0.0 0.0 0.0 0.0 0.0 0.0 0.0 0.0 0.0 0.0 0.0 
135 0.9377110694183864 0.9377110694183864 0.9377110694183864 0.0 0.0 0.0 0.0 0.0 0.0 0.0 0.0 0.0 0.0 0.0 0.0 0.0 0.0 0.0 0.0 0.0 0.0 
136 0.9377110694183864 0.9377110694183864 0.9377110694183864 0.0 0.0 0.0 0.0 0.0 0.0 0.0 0.0 0.0 0.0 0.0 0.0 0.0 0.0 0.0 0.0 0.0 0.0 
137 0.9377110694183864 0.9377110694183864 0.9377110694183864 0.0 0.0 0.0 0.0 0.0 0.0 0.0 0.0 0.0 0.0 0.0 0.0 0.0 0.0 0.0 0.0 0.0 0.0 
138 0.9377110694183864 0.9377110694183864 0.9377110694183864 0.0 0.0 0.0 0.0 0.0 0.0 0.0 0.0 0.0 0.0 0.0 0.0 0.0 0.0 0.0 0.0 0.0 0.0 
139 0.9377110694183864 0.9377110694183864 0.9377110694183864 0.0 0.0 0.0 0.0 0.0 0.0 0.0 0.0 0.0 0.0 0.0 0.0 0.0 0.0 0.0 0.0 0.0 0.0 
140 0.9377110694183864 0.9377110694183864 0.9377110694183864 0.0 0.0 0.0 0.0 0.0 0.0 0.0 0.0 0.0 0.0 0.0 0.0 0.0 0.0 0.0 0.0 0.0 0.0 
141 0.9377110694183864 0.9377110694183864 0.9377110694183864 0.0 0.0 0.0 0.0 0.0 0.0 0.0 0.0 0.0 0.0 0.0 0.0 0.0 0.0 0.0 0.0 0.0 0.0 
142 0.9377110694183864 0.9377110694183864 0.9377110694183864 0.0 0.0 0.0 0.0 0.0 0.0 0.0 0.0 0.0 0.0 0.0 0.0 0.0 0.0 0.0 0.0 0.0 0.0 
143 0.9377110694183864 0.9377110694183864 0.9377110694183864 0.0 0.0 0.0 0.0 0.0 0.0 0.0 0.0 0.0 0.0 0.0 0.0 0.0 0.0 0.0 0.0 0.0 0.0 
144 0.9377110694183864 0.9377110694183864 0.9377110694183864 0.04639412323799678 0.0 0.0 0.0 0.0 0.0 0.0 0.0 0.0 0.0 0.0 0.0 0.0 0.0 0.0 0.0 0.0 0.0 
145 0.9377110694183864 0.9377110694183864 0.9377110694183864 0.04685622888843879 0.0 0.0 0.0 0.0 0.0 0.0 0.0 0.0 0.0 0.0 0.0 0.0 0.0 0.0 0.0 0.0 0.0 
146 0.9377110694183864 0.9377110694183864 0.9377110694183864 0.04688555347091933 0.0 0.0 0.0 0.0 0.0 0.0 0.0 0.0 0.0 0.0 0.0 0.0 0.0 0.0 0.0 0.0 0.0 
147 0.9377110694183864 0.9377110694183864 0.9377110694183864 0.09088756158982306 0.0 0.0 0.0 0.0 0.0 0.0 0.0 0.0 0.0 0.0 0.0 0.0 0.0 0.0 0.0 0.0 0.0 
148 0.9377110694183864 0.9377110694183864 0.9377110694183864 0.1380549605661729 0.0 0.0 0.0 0.0 0.0 0.0 0.0 0.0 0.0 0.0 0.0 0.0 0.0 0.0 0.0 0.0 0.0 
149 0.9377110694183864 0.9377110694183864 0.9377110694183864 0.2990931374367343 0.0 0.0 0.0 0.0 0.0 0.0 0.0 0.0 0.0 0.0 0.0 0.0 0.0 0.0 0.0 0.0 0.0 
150 0.9377110694183864 0.9377110694183864 0.9377110694183864 0.4156344380507827 0.0 0.0 0.0 0.0 0.0 0.0 0.0 0.0 0.0 0.0 0.0 0.0 0.0 0.0 0.0 0.0 0.0 
151 0.9377110694183864 0.9377110694183864 0.9377110694183864 0.5862332110484224 0.0 0.0 0.0 0.0 0.0 0.0 0.0 0.0 0.0 0.0 0.0 0.0 0.0 0.0 0.0 0.0 0.0 
152 0.9377110694183864 0.9377110694183864 0.9377110694183864 0.7009980399765661 0.0 0.0 0.0 0.0 0.0 0.0 0.0 0.0 0.0 0.0 0.0 0.0 0.0 0.0 0.0 0.0 0.0 
153 0.9377110694183864 0.9377110694183864 0.9377110694183864 0.703157540331959 0.0 0.0 0.0 0.0 0.0 0.0 0.0 0.0 0.0 0.0 0.0 0.0 0.0 0.0 0.0 0.0 0.0 
154 0.9377110694183864 0.9377110694183864 0.9377110694183864 0.7032833020637898 0.0 0.0 0.0 0.0 0.0 0.0 0.0 0.0 0.0 0.0 0.0 0.0 0.0 0.0 0.0 0.0 0.0 
155 0.9377110694183864 0.9377110694183864 0.9377110694183864 0.7489672730487491 0.0 0.0 0.0 0.0 0.0 0.0 0.0 0.0 0.0 0.0 0.0 0.0 0.0 0.0 0.0 0.0 0.0 
156 0.9377110694183864 0.9377110694183864 0.9377110694183864 0.8846377330863721 0.0 0.0 0.0 0.0 0.0 0.0 0.0 0.0 0.0 0.0 0.0 0.0 0.0 0.0 0.0 0.0 0.0 
157 0.9377110694183864 0.9377110694183864 0.9377110694183864 0.936693921786221 0.0 0.0 0.0 0.0 0.0 0.0 0.0 0.0 0.0 0.0 0.0 0.0 0.0 0.0 0.0 0.0 0.0 
158 0.9377110694183864 0.9377110694183864 0.9377110694183864 0.9377052485997419 0.0 0.0 0.0 0.0 0.0 0.0 0.0 0.0 0.0 0.0 0.0 0.0 0.0 0.0 0.0 0.0 0.0 
159 0.9377110694183864 0.9377110694183864 0.9377110694183864 0.9377110694183864 0.0 0.0 0.0 0.0 0.0 0.0 0.0 0.0 0.0 0.0 0.0 0.0 0.0 0.0 0.0 0.0 0.0 
160 0.9377110694183864 0.9377110694183864 0.9377110694183864 0.9377110694183864 0.0 0.0 0.0 0.0 0.0 0.0 0.0 0.0 0.0 0.0 0.0 0.0 0.0 0.0 0.0 0.0 0.0 
161 0.9377110694183864 0.9377110694183864 0.9377110694183864 0.9377110694183864 0.0 0.0 0.0 0.0 0.0 0.0 0.0 0.0 0.0 0.0 0.0 0.0 0.0 0.0 0.0 0.0 0.0 
162 0.9377110694183864 0.9377110694183864 0.9377110694183864 0.9377110694183864 0.0 0.0 0.0 0.0 0.0 0.0 0.0 0.0 0.0 0.0 0.0 0.0 0.0 0.0 0.0 0.0 0.0 
163 0.9377110694183864 0.9377110694183864 0.9377110694183864 0.9377110694183864 0.0 0.0 0.0 0.0 0.0 0.0 0.0 0.0 0.0 0.0 0.0 0.0 0.0 0.0 0.0 0.0 0.0 
164 0.9377110694183864 0.9377110694183864 0.9377110694183864 0.9377110694183864 0.0 0.0 0.0 0.0 0.0 0.0 0.0 0.0 0.0 0.0 0.0 0.0 0.0 0.0 0.0 0.0 0.0 
165 0.9377110694183864 0.9377110694183864 0.9377110694183864 0.9377110694183864 0.0 0.0 0.0 0.0 0.0 0.0 0.0 0.0 0.0 0.0 0.0 0.0 0.0 0.0 0.0 0.0 0.0 
166 0.9377110694183864 0.9377110694183864 0.9377110694183864 0.9377110694183864 0.0 0.0 0.0 0.0 0.0 0.0 0.0 0.0 0.0 0.0 0.0 0.0 0.0 0.0 0.0 0.0 0.0 
167 0.9377110694183864 0.9377110694183864 0.9377110694183864 0.9377110694183864 0.0 0.0 0.0 0.0 0.0 0.0 0.0 0.0 0.0 0.0 0.0 0.0 0.0 0.0 0.0 0.0 0.0 
168 0.9377110694183864 0.9377110694183864 0.9377110694183864 0.9377110694183864 0.0 0.0 0.0 0.0 0.0 0.0 0.0 0.0 0.0 0.0 0.0 0.0 0.0 0.0 0.0 0.0 0.0 
169 0.9377110694183864 0.9377110694183864 0.9377110694183864 0.9377110694183864 0.0 0.0 0.0 0.0 0.0 0.0 0.0 0.0 0.0 0.0 0.0 0.0 0.0 0.0 0.0 0.0 0.0 
170 0.9377110694183864 0.9377110694183864 0.9377110694183864 0.9377110694183864 0.0 0.0 0.0 0.0 0.0 0.0 0.0 0.0 0.0 0.0 0.0 0.0 0.0 0.0 0.0 0.0 0.0 
171 0.9377110694183864 0.9377110694183864 0.9377110694183864 0.9377110694183864 0.0 0.0 0.0 0.0 0.0 0.0 0.0 0.0 0.0 0.0 0.0 0.0 0.0 0.0 0.0 0.0 0.0 
172 0.9377110694183864 0.9377110694183864 0.9377110694183864 0.9377110694183864 0.0 0.0 0.0 0.0 0.0 0.0 0.0 0.0 0.0 0.0 0.0 0.0 0.0 0.0 0.0 0.0 0.0 
173 0.9377110694183864 0.9377110694183864 0.9377110694183864 0.9377110694183864 0.0 0.0 0.0 0.0 0.0 0.0 0.0 0.0 0.0 0.0 0.0 0.0 0.0 0.0 0.0 0.0 0.0 
174 0.9377110694183864 0.9377110694183864 0.9377110694183864 0.9377110694183864 0.0 0.0 0.0 0.0 0.0 0.0 0.0 0.0 0.0 0.0 0.0 0.0 0.0 0.0 0.0 0.0 0.0 
175 0.9377110694183864 0.9377110694183864 0.9377110694183864 0.9377110694183864 0.0 0.0 0.0 0.0 0.0 0.0 0.0 0.0 0.0 0.0 0.0 0.0 0.0 0.0 0.0 0.0 0.0 
176 0.9377110694183864 0.9377110694183864 0.9377110694183864 0.9377110694183864 0.0 0.0 0.0 0.0 0.0 0.0 0.0 0.0 0.0 0.0 0.0 0.0 0.0 0.0 0.0 0.0 0.0 
177 0.9377110694183864 0.9377110694183864 0.9377110694183864 0.9377110694183864 0.0 0.0 0.0 0.0 0.0 0.0 0.0 0.0 0.0 0.0 0.0 0.0 0.0 0.0 0.0 0.0 0.0 
178 0.9377110694183864 0.9377110694183864 0.9377110694183864 0.9377110694183864 0.0 0.0 0.0 0.0 0.0 0.0 0.0 0.0 0.0 0.0 0.0 0.0 0.0 0.0 0.0 0.0 0.0 
179 0.9377110694183864 0.9377110694183864 0.9377110694183864 0.9377110694183864 0.0 0.0 0.0 0.0 0.0 0.0 0.0 0.0 0.0 0.0 0.0 0.0 0.0 0.0 0.0 0.0 0.0 
180 0.9377110694183864 0.9377110694183864 0.9377110694183864 0.9377110694183864 0.0 0.0 0.0 0.0 0.0 0.0 0.0 0.0 0.0 0.0 0.0 0.0 0.0 0.0 0.0 0.0 0.0 
181 0.9377110694183864 0.9377110694183864 0.9377110694183864 0.9377110694183864 0.0 0.0 0.0 0.0 0.0 0.0 0.0 0.0 0.0 0.0 0.0 0.0 0.0 0.0 0.0 0.0 0.0 
182 0.9377110694183864 0.9377110694183864 0.9377110694183864 0.9377110694183864 0.0 0.0 0.0 0.0 0.0 0.0 0.0 0.0 0.0 0.0 0.0 0.0 0.0 0.0 0.0 0.0 0.0 
183 0.9377110694183864 0.9377110694183864 0.9377110694183864 0.9377110694183864 0.0 0.0 0.0 0.0 0.0 0.0 0.0 0.0 0.0 0.0 0.0 0.0 0.0 0.0 0.0 0.0 0.0 
184 0.9377110694183864 0.9377110694183864 0.9377110694183864 0.9377110694183864 0.0 0.0 0.0 0.0 0.0 0.0 0.0 0.0 0.0 0.0 0.0 0.0 0.0 0.0 0.0 0.0 0.0 
185 0.9377110694183864 0.9377110694183864 0.9377110694183864 0.9377110694183864 0.0 0.0 0.0 0.0 0.0 0.0 0.0 0.0 0.0 0.0 0.0 0.0 0.0 0.0 0.0 0.0 0.0 
186 0.9377110694183864 0.9377110694183864 0.9377110694183864 0.9377110694183864 0.0 0.0 0.0 0.0 0.0 0.0 0.0 0.0 0.0 0.0 0.0 0.0 0.0 0.0 0.0 0.0 0.0 
187 0.9377110694183864 0.9377110694183864 0.9377110694183864 0.9377110694183864 0.0 0.0 0.0 0.0 0.0 0.0 0.0 0.0 0.0 0.0 0.0 0.0 0.0 0.0 0.0 0.0 0.0 
188 0.9377110694183864 0.9377110694183864 0.9377110694183864 0.9377110694183864 0.0 0.0 0.0 0.0 0.0 0.0 0.0 0.0 0.0 0.0 0.0 0.0 0.0 0.0 0.0 0.0 0.0 
189 0.9377110694183864 0.9377110694183864 0.9377110694183864 0.9377110694183864 0.0 0.0 0.0 0.0 0.0 0.0 0.0 0.0 0.0 0.0 0.0 0.0 0.0 0.0 0.0 0.0 0.0 
190 0.9377110694183864 0.9377110694183864 0.9377110694183864 0.9377110694183864 0.0 0.0 0.0 0.0 0.0 0.0 0.0 0.0 0.0 0.0 0.0 0.0 0.0 0.0 0.0 0.0 0.0 
191 0.9377110694183864 0.9377110694183864 0.9377110694183864 0.9377110694183864 0.0 0.0 0.0 0.0 0.0 0.0 0.0 0.0 0.0 0.0 0.0 0.0 0.0 0.0 0.0 0.0 0.0 
192 0.9377110694183864 0.9377110694183864 0.9377110694183864 0.9377110694183864 0.0 0.0 0.0 0.0 0.0 0.0 0.0 0.0 0.0 0.0 0.0 0.0 0.0 0.0 0.0 0.0 0.0 
193 0.9377110694183864 0.9377110694183864 0.9377110694183864 0.9377110694183864 0.0 0.0 0.0 0.0 0.0 0.0 0.0 0.0 0.0 0.0 0.0 0.0 0.0 0.0 0.0 0.0 0.0 
194 0.9377110694183864 0.9377110694183864 0.9377110694183864 0.9377110694183864 0.0 0.0 0.0 0.0 0.0 0.0 0.0 0.0 0.0 0.0 0.0 0.0 0.0 0.0 0.0 0.0 0.0 
195 0.9377110694183864 0.9377110694183864 0.9377110694183864 0.9377110694183864 0.0405503998913279 0.0 0.0 0.0 0.0 0.0 0.0 0.0 0.0 0.0 0.0 0.0 0.0 0.0 0.0 0.0 0.0 
196 0.9377110694183864 0.9377110694183864 0.9377110694183864 0.9377110694183864 0.04663430157502119 0.0 0.0 0.0 0.0 0.0 0.0 0.0 0.0 0.0 0.0 0.0 0.0 0.0 0.0 0.0 0.0 
197 0.9377110694183864 0.9377110694183864 0.9377110694183864 0.9377110694183864 0.1361266117149807 0.0 0.0 0.0 0.0 0.0 0.0 0.0 0.0 0.0 0.0 0.0 0.0 0.0 0.0 0.0 0.0 
198 0.9377110694183864 0.9377110694183864 0.9377110694183864 0.9377110694183864 0.17729706955846813 0.0 0.0 0.0 0.0 0.0 0.0 0.0 0.0 0.0 0.0 0.0 0.0 0.0 0.0 0.0 0.0 
199 0.9377110694183864 0.9377110694183864 0.9377110694183864 0.9377110694183864 0.3212987791058273 0.0 0.0 0.0 0.0 0.0 0.0 0.0 0.0 0.0 0.0 0.0 0.0 0.0 0.0 0.0 0.0 
200 0.9377110694183864 0.9377110694183864 0.9377110694183864 0.9377110694183864 0.41891004973908536 0.0 0.0 0.0 0.0 0.0 0.0 0.0 0.0 0.0 0.0 0.0 0.0 0.0 0.0 0.0 0.0 
201 0.9377110694183864 0.9377110694183864 0.9377110694183864 0.9377110694183864 0.46549629204516696 0.0 0.0 0.0 0.0 0.0 0.0 0.0 0.0 0.0 0.0 0.0 0.0 0.0 0.0 0.0 0.0 
202 0.9377110694183864 0.9377110694183864 0.9377110694183864 0.9377110694183864 0.6471654990410858 0.0 0.0 0.0 0.0 0.0 0.0 0.0 0.0 0.0 0.0 0.0 0.0 0.0 0.0 0.0 0.0 
203 0.9377110694183864 0.9377110694183864 0.9377110694183864 0.9377110694183864 0.6998732488346306 0.0 0.0 0.0 0.0 0.0 0.0 0.0 0.0 0.0 0.0 0.0 0.0 0.0 0.0 0.0 0.0 
204 0.9377110694183864 0.9377110694183864 0.9377110694183864 0.9377110694183864 0.7822632006564764 0.0 0.0 0.0 0.0 0.0 0.0 0.0 0.0 0.0 0.0 0.0 0.0 0.0 0.0 0.0 0.0 
205 0.9377110694183864 0.9377110694183864 0.9377110694183864 0.9377110694183864 0.7965007285019785 0.0 0.0 0.0 0.0 0.0 0.0 0.0 0.0 0.0 0.0 0.0 0.0 0.0 0.0 0.0 0.0 
206 0.9377110694183864 0.9377110694183864 0.9377110694183864 0.9377110694183864 0.8433755582563751 0.0 0.0 0.0 0.0 0.0 0.0 0.0 0.0 0.0 0.0 0.0 0.0 0.0 0.0 0.0 0.0 
207 0.9377110694183864 0.9377110694183864 0.9377110694183864 0.9377110694183864 0.8904488740098067 0.0 0.0 0.0 0.0 0.0 0.0 0.0 0.0 0.0 0.0 0.0 0.0 0.0 0.0 0.0 0.0 
208 0.9377110694183864 0.9377110694183864 0.9377110694183864 0.9377110694183864 0.8908255159474671 0.0 0.0 0.0 0.0 0.0 0.0 0.0 0.0 0.0 0.0 0.0 0.0 0.0 0.0 0.0 0.0 
209 0.9377110694183864 0.9377110694183864 0.9377110694183864 0.9377110694183864 0.9356818586159455 0.0 0.0 0.0 0.0 0.0 0.0 0.0 0.0 0.0 0.0 0.0 0.0 0.0 0.0 0.0 0.0 
210 0.9377110694183864 0.9377110694183864 0.9377110694183864 0.9377110694183864 0.937651859544437 0.0 0.0 0.0 0.0 0.0 0.0 0.0 0.0 0.0 0.0 0.0 0.0 0.0 0.0 0.0 0.0 
211 0.9377110694183864 0.9377110694183864 0.9377110694183864 0.9377110694183864 0.9377110694183864 0.0 0.0 0.0 0.0 0.0 0.0 0.0 0.0 0.0 0.0 0.0 0.0 0.0 0.0 0.0 0.0 
212 0.9377110694183864 0.9377110694183864 0.9377110694183864 0.9377110694183864 0.9377110694183864 0.0 0.0 0.0 0.0 0.0 0.0 0.0 0.0 0.0 0.0 0.0 0.0 0.0 0.0 0.0 0.0 
213 0.9377110694183864 0.9377110694183864 0.9377110694183864 0.9377110694183864 0.9377110694183864 0.0 0.0 0.0 0.0 0.0 0.0 0.0 0.0 0.0 0.0 0.0 0.0 0.0 0.0 0.0 0.0 
214 0.9377110694183864 0.9377110694183864 0.9377110694183864 0.9377110694183864 0.9377110694183864 0.0 0.0 0.0 0.0 0.0 0.0 0.0 0.0 0.0 0.0 0.0 0.0 0.0 0.0 0.0 0.0 
215 0.9377110694183864 0.9377110694183864 0.9377110694183864 0.9377110694183864 0.9377110694183864 0.0 0.0 0.0 0.0 0.0 0.0 0.0 0.0 0.0 0.0 0.0 0.0 0.0 0.0 0.0 0.0 
216 0.9377110694183864 0.9377110694183864 0.9377110694183864 0.9377110694183864 0.9377110694183864 0.0 0.0 0.0 0.0 0.0 0.0 0.0 0.0 0.0 0.0 0.0 0.0 0.0 0.0 0.0 0.0 
217 0.9377110694183864 0.9377110694183864 0.9377110694183864 0.9377110694183864 0.9377110694183864 0.0 0.0 0.0 0.0 0.0 0.0 0.0 0.0 0.0 0.0 0.0 0.0 0.0 0.0 0.0 0.0 
218 0.9377110694183864 0.9377110694183864 0.9377110694183864 0.9377110694183864 0.9377110694183864 0.0 0.0 0.0 0.0 0.0 0.0 0.0 0.0 0.0 0.0 0.0 0.0 0.0 0.0 0.0 0.0 
219 0.9377110694183864 0.9377110694183864 0.9377110694183864 0.9377110694183864 0.9377110694183864 0.0 0.0 0.0 0.0 0.0 0.0 0.0 0.0 0.0 0.0 0.0 0.0 0.0 0.0 0.0 0.0 
220 0.9377110694183864 0.9377110694183864 0.9377110694183864 0.9377110694183864 0.9377110694183864 0.0 0.0 0.0 0.0 0.0 0.0 0.0 0.0 0.0 0.0 0.0 0.0 0.0 0.0 0.0 0.0 
221 0.9377110694183864 0.9377110694183864 0.9377110694183864 0.9377110694183864 0.9377110694183864 0.0 0.0 0.0 0.0 0.0 0.0 0.0 0.0 0.0 0.0 0.0 0.0 0.0 0.0 0.0 0.0 
222 0.9377110694183864 0.9377110694183864 0.9377110694183864 0.9377110694183864 0.9377110694183864 0.0 0.0 0.0 0.0 0.0 0.0 0.0 0.0 0.0 0.0 0.0 0.0 0.0 0.0 0.0 0.0 
223 0.9377110694183864 0.9377110694183864 0.9377110694183864 0.9377110694183864 0.9377110694183864 0.0 0.0 0.0 0.0 0.0 0.0 0.0 0.0 0.0 0.0 0.0 0.0 0.0 0.0 0.0 0.0 
224 0.9377110694183864 0.9377110694183864 0.9377110694183864 0.9377110694183864 0.9377110694183864 0.0 0.0 0.0 0.0 0.0 0.0 0.0 0.0 0.0 0.0 0.0 0.0 0.0 0.0 0.0 0.0 
225 0.9377110694183864 0.9377110694183864 0.9377110694183864 0.9377110694183864 0.9377110694183864 0.0 0.0 0.0 0.0 0.0 0.0 0.0 0.0 0.0 0.0 0.0 0.0 0.0 0.0 0.0 0.0 
226 0.9377110694183864 0.9377110694183864 0.9377110694183864 0.9377110694183864 0.9377110694183864 0.0 0.0 0.0 0.0 0.0 0.0 0.0 0.0 0.0 0.0 0.0 0.0 0.0 0.0 0.0 0.0 
227 0.9377110694183864 0.9377110694183864 0.9377110694183864 0.9377110694183864 0.9377110694183864 0.0 0.0 0.0 0.0 0.0 0.0 0.0 0.0 0.0 0.0 0.0 0.0 0.0 0.0 0.0 0.0 
228 0.9377110694183864 0.9377110694183864 0.9377110694183864 0.9377110694183864 0.9377110694183864 0.0 0.0 0.0 0.0 0.0 0.0 0.0 0.0 0.0 0.0 0.0 0.0 0.0 0.0 0.0 0.0 
229 0.9377110694183864 0.9377110694183864 0.9377110694183864 0.9377110694183864 0.9377110694183864 0.0 0.0 0.0 0.0 0.0 0.0 0.0 0.0 0.0 0.0 0.0 0.0 0.0 0.0 0.0 0.0 
230 0.9377110694183864 0.9377110694183864 0.9377110694183864 0.9377110694183864 0.9377110694183864 0.0 0.0 0.0 0.0 0.0 0.0 0.0 0.0 0.0 0.0 0.0 0.0 0.0 0.0 0.0 0.0 
231 0.9377110694183864 0.9377110694183864 0.9377110694183864 0.9377110694183864 0.9377110694183864 0.0 0.0 0.0 0.0 0.0 0.0 0.0 0.0 0.0 0.0 0.0 0.0 0.0 0.0 0.0 0.0 
232 0.9377110694183864 0.9377110694183864 0.9377110694183864 0.9377110694183864 0.9377110694183864 0.0 0.0 0.0 0.0 0.0 0.0 0.0 0.0 0.0 0.0 0.0 0.0 0.0 0.0 0.0 0.0 
233 0.9377110694183864 0.9377110694183864 0.9377110694183864 0.9377110694183864 0.9377110694183864 0.0 0.0 0.0 0.0 0.0 0.0 0.0 0.0 0.0 0.0 0.0 0.0 0.0 0.0 0.0 0.0 
234 0.9377110694183864 0.9377110694183864 0.9377110694183864 0.9377110694183864 0.9377110694183864 0.0 0.0 0.0 0.0 0.0 0.0 0.0 0.0 0.0 0.0 0.0 0.0 0.0 0.0 0.0 0.0 
235 0.9377110694183864 0.9377110694183864 0.9377110694183864 0.9377110694183864 0.9377110694183864 0.0 0.0 0.0 0.0 0.0 0.0 0.0 0.0 0.0 0.0 0.0 0.0 0.0 0.0 0.0 0.0 
236 0.9377110694183864 0.9377110694183864 0.9377110694183864 0.9377110694183864 0.9377110694183864 0.0 0.0 0.0 0.0 0.0 0.0 0.0 0.0 0.0 0.0 0.0 0.0 0.0 0.0 0.0 0.0 
237 0.9377110694183864 0.9377110694183864 0.9377110694183864 0.9377110694183864 0.9377110694183864 0.0 0.0 0.0 0.0 0.0 0.0 0.0 0.0 0.0 0.0 0.0 0.0 0.0 0.0 0.0 0.0 
238 0.9377110694183864 0.9377110694183864 0.9377110694183864 0.9377110694183864 0.9377110694183864 0.0 0.0 0.0 0.0 0.0 0.0 0.0 0.0 0.0 0.0 0.0 0.0 0.0 0.0 0.0 0.0 
239 0.9377110694183864 0.9377110694183864 0.9377110694183864 0.9377110694183864 0.9377110694183864 0.0 0.0 0.0 0.0 0.0 0.0 0.0 0.0 0.0 0.0 0.0 0.0 0.0 0.0 0.0 0.0 
240 0.9377110694183864 0.9377110694183864 0.9377110694183864 0.9377110694183864 0.9377110694183864 0.0 0.0 0.0 0.0 0.0 0.0 0.0 0.0 0.0 0.0 0.0 0.0 0.0 0.0 0.0 0.0 
241 0.9377110694183864 0.9377110694183864 0.9377110694183864 0.9377110694183864 0.9377110694183864 0.0 0.0 0.0 0.0 0.0 0.0 0.0 0.0 0.0 0.0 0.0 0.0 0.0 0.0 0.0 0.0 
242 0.9377110694183864 0.9377110694183864 0.9377110694183864 0.9377110694183864 0.9377110694183864 0.0 0.0 0.0 0.0 0.0 0.0 0.0 0.0 0.0 0.0 0.0 0.0 0.0 0.0 0.0 0.0 
243 0.9377110694183864 0.9377110694183864 0.9377110694183864 0.9377110694183864 0.9377110694183864 0.0 0.0 0.0 0.0 0.0 0.0 0.0 0.0 0.0 0.0 0.0 0.0 0.0 0.0 0.0 0.0 
244 0.9377110694183864 0.9377110694183864 0.9377110694183864 0.9377110694183864 0.9377110694183864 0.0 0.0 0.0 0.0 0.0 0.0 0.0 0.0 0.0 0.0 0.0 0.0 0.0 0.0 0.0 0.0 
245 0.9377110694183864 0.9377110694183864 0.9377110694183864 0.9377110694183864 0.9377110694183864 0.0 0.0 0.0 0.0 0.0 0.0 0.0 0.0 0.0 0.0 0.0 0.0 0.0 0.0 0.0 0.0 
246 0.9377110694183864 0.9377110694183864 0.9377110694183864 0.9377110694183864 0.9377110694183864 0.04329985595133428 0.0 0.0 0.0 0.0 0.0 0.0 0.0 0.0 0.0 0.0 0.0 0.0 0.0 0.0 0.0 
247 0.9377110694183864 0.9377110694183864 0.9377110694183864 0.9377110694183864 0.9377110694183864 0.09290592606768182 0.0 0.0 0.0 0.0 0.0 0.0 0.0 0.0 0.0 0.0 0.0 0.0 0.0 0.0 0.0 
248 0.9377110694183864 0.9377110694183864 0.9377110694183864 0.9377110694183864 0.9377110694183864 0.2298131012251869 0.0 0.0 0.0 0.0 0.0 0.0 0.0 0.0 0.0 0.0 0.0 0.0 0.0 0.0 0.0 
249 0.9377110694183864 0.9377110694183864 0.9377110694183864 0.9377110694183864 0.9377110694183864 0.3264107141097319 0.0 0.0 0.0 0.0 0.0 0.0 0.0 0.0 0.0 0.0 0.0 0.0 0.0 0.0 0.0 
250 0.9377110694183864 0.9377110694183864 0.9377110694183864 0.9377110694183864 0.9377110694183864 0.32805922020185163 0.0 0.0 0.0 0.0 0.0 0.0 0.0 0.0 0.0 0.0 0.0 0.0 0.0 0.0 0.0 
251 0.9377110694183864 0.9377110694183864 0.9377110694183864 0.9377110694183864 0.9377110694183864 0.4197689599338793 0.0 0.0 0.0 0.0 0.0 0.0 0.0 0.0 0.0 0.0 0.0 0.0 0.0 0.0 0.0 
252 0.9377110694183864 0.9377110694183864 0.9377110694183864 0.9377110694183864 0.9377110694183864 0.5991422049555586 0.0 0.0 0.0 0.0 0.0 0.0 0.0 0.0 0.0 0.0 0.0 0.0 0.0 0.0 0.0 
253 0.9377110694183864 0.9377110694183864 0.9377110694183864 0.9377110694183864 0.9377110694183864 0.6463105691987708 0.0 0.0 0.0 0.0 0.0 0.0 0.0 0.0 0.0 0.0 0.0 0.0 0.0 0.0 0.0 
254 0.9377110694183864 0.9377110694183864 0.9377110694183864 0.9377110694183864 0.9377110694183864 0.7075620738381396 0.0 0.0 0.0 0.0 0.0 0.0 0.0 0.0 0.0 0.0 0.0 0.0 0.0 0.0 0.0 
255 0.9377110694183864 0.9377110694183864 0.9377110694183864 0.9377110694183864 0.9377110694183864 0.8353305664817275 0.0 0.0 0.0 0.0 0.0 0.0 0.0 0.0 0.0 0.0 0.0 0.0 0.0 0.0 0.0 
256 0.9377110694183864 0.9377110694183864 0.9377110694183864 0.9377110694183864 0.9377110694183864 0.8434769838533145 0.0 0.0 0.0 0.0 0.0 0.0 0.0 0.0 0.0 0.0 0.0 0.0 0.0 0.0 0.0 
257 0.9377110694183864 0.9377110694183864 0.9377110694183864 0.9377110694183864 0.9377110694183864 0.8439106378940672 0.0 0.0 0.0 0.0 0.0 0.0 0.0 0.0 0.0 0.0 0.0 0.0 0.0 0.0 0.0 
258 0.9377110694183864 0.9377110694183864 0.9377110694183864 0.9377110694183864 0.9377110694183864 0.9352195067422994 0.0 0.0 0.0 0.0 0.0 0.0 0.0 0.0 0.0 0.0 0.0 0.0 0.0 0.0 0.0 
259 0.9377110694183864 0.9377110694183864 0.9377110694183864 0.9377110694183864 0.9377110694183864 0.9375744426266628 0.0 0.0 0.0 0.0 0.0 0.0 0.0 0.0 0.0 0.0 0.0 0.0 0.0 0.0 0.0 
260 0.9377110694183864 0.9377110694183864 0.9377110694183864 0.9377110694183864 0.9377110694183864 0.9377052485997419 0.0 0.0 0.0 0.0 0.0 0.0 0.0 0.0 0.0 0.0 0.0 0.0 0.0 0.0 0.0 
261 0.9377110694183864 0.9377110694183864 0.9377110694183864 0.9377110694183864 0.9377110694183864 0.9377110694183864 0.0 0.0 0.0 0.0 0.0 0.0 0.0 0.0 0.0 0.0 0.0 0.0 0.0 0.0 0.0 
262 0.9377110694183864 0.9377110694183864 0.9377110694183864 0.9377110694183864 0.9377110694183864 0.9377110694183864 0.0 0.0 0.0 0.0 0.0 0.0 0.0 0.0 0.0 0.0 0.0 0.0 0.0 0.0 0.0 
263 0.9377110694183864 0.9377110694183864 0.9377110694183864 0.9377110694183864 0.9377110694183864 0.9377110694183864 0.0 0.0 0.0 0.0 0.0 0.0 0.0 0.0 0.0 0.0 0.0 0.0 0.0 0.0 0.0 
264 0.9377110694183864 0.9377110694183864 0.9377110694183864 0.9377110694183864 0.9377110694183864 0.9377110694183864 0.0 0.0 0.0 0.0 0.0 0.0 0.0 0.0 0.0 0.0 0.0 0.0 0.0 0.0 0.0 
265 0.9377110694183864 0.9377110694183864 0.9377110694183864 0.9377110694183864 0.9377110694183864 0.9377110694183864 0.0 0.0 0.0 0.0 0.0 0.0 0.0 0.0 0.0 0.0 0.0 0.0 0.0 0.0 0.0 
266 0.9377110694183864 0.9377110694183864 0.9377110694183864 0.9377110694183864 0.9377110694183864 0.9377110694183864 0.0 0.0 0.0 0.0 0.0 0.0 0.0 0.0 0.0 0.0 0.0 0.0 0.0 0.0 0.0 
267 0.9377110694183864 0.9377110694183864 0.9377110694183864 0.9377110694183864 0.9377110694183864 0.9377110694183864 0.0 0.0 0.0 0.0 0.0 0.0 0.0 0.0 0.0 0.0 0.0 0.0 0.0 0.0 0.0 
268 0.9377110694183864 0.9377110694183864 0.9377110694183864 0.9377110694183864 0.9377110694183864 0.9377110694183864 0.0 0.0 0.0 0.0 0.0 0.0 0.0 0.0 0.0 0.0 0.0 0.0 0.0 0.0 0.0 
269 0.9377110694183864 0.9377110694183864 0.9377110694183864 0.9377110694183864 0.9377110694183864 0.9377110694183864 0.0 0.0 0.0 0.0 0.0 0.0 0.0 0.0 0.0 0.0 0.0 0.0 0.0 0.0 0.0 
270 0.9377110694183864 0.9377110694183864 0.9377110694183864 0.9377110694183864 0.9377110694183864 0.9377110694183864 0.0 0.0 0.0 0.0 0.0 0.0 0.0 0.0 0.0 0.0 0.0 0.0 0.0 0.0 0.0 
271 0.9377110694183864 0.9377110694183864 0.9377110694183864 0.9377110694183864 0.9377110694183864 0.9377110694183864 0.0 0.0 0.0 0.0 0.0 0.0 0.0 0.0 0.0 0.0 0.0 0.0 0.0 0.0 0.0 
272 0.9377110694183864 0.9377110694183864 0.9377110694183864 0.9377110694183864 0.9377110694183864 0.9377110694183864 0.0 0.0 0.0 0.0 0.0 0.0 0.0 0.0 0.0 0.0 0.0 0.0 0.0 0.0 0.0 
273 0.9377110694183864 0.9377110694183864 0.9377110694183864 0.9377110694183864 0.9377110694183864 0.9377110694183864 0.0 0.0 0.0 0.0 0.0 0.0 0.0 0.0 0.0 0.0 0.0 0.0 0.0 0.0 0.0 
274 0.9377110694183864 0.9377110694183864 0.9377110694183864 0.9377110694183864 0.9377110694183864 0.9377110694183864 0.0 0.0 0.0 0.0 0.0 0.0 0.0 0.0 0.0 0.0 0.0 0.0 0.0 0.0 0.0 
275 0.9377110694183864 0.9377110694183864 0.9377110694183864 0.9377110694183864 0.9377110694183864 0.9377110694183864 0.0 0.0 0.0 0.0 0.0 0.0 0.0 0.0 0.0 0.0 0.0 0.0 0.0 0.0 0.0 
276 0.9377110694183864 0.9377110694183864 0.9377110694183864 0.9377110694183864 0.9377110694183864 0.9377110694183864 0.0 0.0 0.0 0.0 0.0 0.0 0.0 0.0 0.0 0.0 0.0 0.0 0.0 0.0 0.0 
277 0.9377110694183864 0.9377110694183864 0.9377110694183864 0.9377110694183864 0.9377110694183864 0.9377110694183864 0.0 0.0 0.0 0.0 0.0 0.0 0.0 0.0 0.0 0.0 0.0 0.0 0.0 0.0 0.0 
278 0.9377110694183864 0.9377110694183864 0.9377110694183864 0.9377110694183864 0.9377110694183864 0.9377110694183864 0.0 0.0 0.0 0.0 0.0 0.0 0.0 0.0 0.0 0.0 0.0 0.0 0.0 0.0 0.0 
279 0.9377110694183864 0.9377110694183864 0.9377110694183864 0.9377110694183864 0.9377110694183864 0.9377110694183864 0.0 0.0 0.0 0.0 0.0 0.0 0.0 0.0 0.0 0.0 0.0 0.0 0.0 0.0 0.0 
280 0.9377110694183864 0.9377110694183864 0.9377110694183864 0.9377110694183864 0.9377110694183864 0.9377110694183864 0.0 0.0 0.0 0.0 0.0 0.0 0.0 0.0 0.0 0.0 0.0 0.0 0.0 0.0 0.0 
281 0.9377110694183864 0.9377110694183864 0.9377110694183864 0.9377110694183864 0.9377110694183864 0.9377110694183864 0.0 0.0 0.0 0.0 0.0 0.0 0.0 0.0 0.0 0.0 0.0 0.0 0.0 0.0 0.0 
282 0.9377110694183864 0.9377110694183864 0.9377110694183864 0.9377110694183864 0.9377110694183864 0.9377110694183864 0.0 0.0 0.0 0.0 0.0 0.0 0.0 0.0 0.0 0.0 0.0 0.0 0.0 0.0 0.0 
283 0.9377110694183864 0.9377110694183864 0.9377110694183864 0.9377110694183864 0.9377110694183864 0.9377110694183864 0.0 0.0 0.0 0.0 0.0 0.0 0.0 0.0 0.0 0.0 0.0 0.0 0.0 0.0 0.0 
284 0.9377110694183864 0.9377110694183864 0.9377110694183864 0.9377110694183864 0.9377110694183864 0.9377110694183864 0.0 0.0 0.0 0.0 0.0 0.0 0.0 0.0 0.0 0.0 0.0 0.0 0.0 0.0 0.0 
285 0.9377110694183864 0.9377110694183864 0.9377110694183864 0.9377110694183864 0.9377110694183864 0.9377110694183864 0.0 0.0 0.0 0.0 0.0 0.0 0.0 0.0 0.0 0.0 0.0 0.0 0.0 0.0 0.0 
286 0.9377110694183864 0.9377110694183864 0.9377110694183864 0.9377110694183864 0.9377110694183864 0.9377110694183864 0.0 0.0 0.0 0.0 0.0 0.0 0.0 0.0 0.0 0.0 0.0 0.0 0.0 0.0 0.0 
287 0.9377110694183864 0.9377110694183864 0.9377110694183864 0.9377110694183864 0.9377110694183864 0.9377110694183864 0.0 0.0 0.0 0.0 0.0 0.0 0.0 0.0 0.0 0.0 0.0 0.0 0.0 0.0 0.0 
288 0.9377110694183864 0.9377110694183864 0.9377110694183864 0.9377110694183864 0.9377110694183864 0.9377110694183864 0.0 0.0 0.0 0.0 0.0 0.0 0.0 0.0 0.0 0.0 0.0 0.0 0.0 0.0 0.0 
289 0.9377110694183864 0.9377110694183864 0.9377110694183864 0.9377110694183864 0.9377110694183864 0.9377110694183864 0.0 0.0 0.0 0.0 0.0 0.0 0.0 0.0 0.0 0.0 0.0 0.0 0.0 0.0 0.0 
290 0.9377110694183864 0.9377110694183864 0.9377110694183864 0.9377110694183864 0.9377110694183864 0.9377110694183864 0.0 0.0 0.0 0.0 0.0 0.0 0.0 0.0 0.0 0.0 0.0 0.0 0.0 0.0 0.0 
291 0.9377110694183864 0.9377110694183864 0.9377110694183864 0.9377110694183864 0.9377110694183864 0.9377110694183864 0.0 0.0 0.0 0.0 0.0 0.0 0.0 0.0 0.0 0.0 0.0 0.0 0.0 0.0 0.0 
292 0.9377110694183864 0.9377110694183864 0.9377110694183864 0.9377110694183864 0.9377110694183864 0.9377110694183864 0.0 0.0 0.0 0.0 0.0 0.0 0.0 0.0 0.0 0.0 0.0 0.0 0.0 0.0 0.0 
293 0.9377110694183864 0.9377110694183864 0.9377110694183864 0.9377110694183864 0.9377110694183864 0.9377110694183864 0.0 0.0 0.0 0.0 0.0 0.0 0.0 0.0 0.0 0.0 0.0 0.0 0.0 0.0 0.0 
294 0.9377110694183864 0.9377110694183864 0.9377110694183864 0.9377110694183864 0.9377110694183864 0.9377110694183864 0.0 0.0 0.0 0.0 0.0 0.0 0.0 0.0 0.0 0.0 0.0 0.0 0.0 0.0 0.0 
295 0.9377110694183864 0.9377110694183864 0.9377110694183864 0.9377110694183864 0.9377110694183864 0.9377110694183864 0.0 0.0 0.0 0.0 0.0 0.0 0.0 0.0 0.0 0.0 0.0 0.0 0.0 0.0 0.0 
296 0.9377110694183864 0.9377110694183864 0.9377110694183864 0.9377110694183864 0.9377110694183864 0.9377110694183864 0.07131093230681493 0.0 0.0 0.0 0.0 0.0 0.0 0.0 0.0 0.0 0.0 0.0 0.0 0.0 0.0 
297 0.9377110694183864 0.9377110694183864 0.9377110694183864 0.9377110694183864 0.9377110694183864 0.9377110694183864 0.1780084442307827 0.0 0.0 0.0 0.0 0.0 0.0 0.0 0.0 0.0 0.0 0.0 0.0 0.0 0.0 
298 0.9377110694183864 0.9377110694183864 0.9377110694183864 0.9377110694183864 0.9377110694183864 0.9377110694183864 0.278928625788183 0.0 0.0 0.0 0.0 0.0 0.0 0.0 0.0 0.0 0.0 0.0 0.0 0.0 0.0 
299 0.9377110694183864 0.9377110694183864 0.9377110694183864 0.9377110694183864 0.9377110694183864 0.9377110694183864 0.28112126119426406 0.0 0.0 0.0 0.0 0.0 0.0 0.0 0.0 0.0 0.0 0.0 0.0 0.0 0.0 
300 0.9377110694183864 0.9377110694183864 0.9377110694183864 0.9377110694183864 0.9377110694183864 0.9377110694183864 0.3283871355656273 0.0 0.0 0.0 0.0 0.0 0.0 0.0 0.0 0.0 0.0 0.0 0.0 0.0 0.0 
301 0.9377110694183864 0.9377110694183864 0.9377110694183864 0.9377110694183864 0.9377110694183864 0.9377110694183864 0.41763992408083217 0.0 0.0 0.0 0.0 0.0 0.0 0.0 0.0 0.0 0.0 0.0 0.0 0.0 0.0 
302 0.9377110694183864 0.9377110694183864 0.9377110694183864 0.9377110694183864 0.9377110694183864 0.9377110694183864 0.5132949993527505 0.0 0.0 0.0 0.0 0.0 0.0 0.0 0.0 0.0 0.0 0.0 0.0 0.0 0.0 
303 0.9377110694183864 0.9377110694183864 0.9377110694183864 0.9377110694183864 0.9377110694183864 0.9377110694183864 0.5577825265478732 0.0 0.0 0.0 0.0 0.0 0.0 0.0 0.0 0.0 0.0 0.0 0.0 0.0 0.0 
304 0.9377110694183864 0.9377110694183864 0.9377110694183864 0.9377110694183864 0.9377110694183864 0.9377110694183864 0.6688630694141416 0.0 0.0 0.0 0.0 0.0 0.0 0.0 0.0 0.0 0.0 0.0 0.0 0.0 0.0 
305 0.9377110694183864 0.9377110694183864 0.9377110694183864 0.9377110694183864 0.9377110694183864 0.9377110694183864 0.7854183299685051 0.0 0.0 0.0 0.0 0.0 0.0 0.0 0.0 0.0 0.0 0.0 0.0 0.0 0.0 
306 0.9377110694183864 0.9377110694183864 0.9377110694183864 0.9377110694183864 0.9377110694183864 0.9377110694183864 0.7961246139026614 0.0 0.0 0.0 0.0 0.0 0.0 0.0 0.0 0.0 0.0 0.0 0.0 0.0 0.0 
307 0.9377110694183864 0.9377110694183864 0.9377110694183864 0.9377110694183864 0.9377110694183864 0.9377110694183864 0.8815811487050054 0.0 0.0 0.0 0.0 0.0 0.0 0.0 0.0 0.0 0.0 0.0 0.0 0.0 0.0 
308 0.9377110694183864 0.9377110694183864 0.9377110694183864 0.9377110694183864 0.9377110694183864 0.9377110694183864 0.8970253358933211 0.0 0.0 0.0 0.0 0.0 0.0 0.0 0.0 0.0 0.0 0.0 0.0 0.0 0.0 
309 0.9377110694183864 0.9377110694183864 0.9377110694183864 0.9377110694183864 0.9377110694183864 0.9377110694183864 0.9374345167457132 0.0 0.0 0.0 0.0 0.0 0.0 0.0 0.0 0.0 0.0 0.0 0.0 0.0 0.0 
310 0.9377110694183864 0.9377110694183864 0.9377110694183864 0.9377110694183864 0.9377110694183864 0.9377110694183864 0.9376638819714179 0.0 0.0 0.0 0.0 0.0 0.0 0.0 0.0 0.0 0.0 0.0 0.0 0.0 0.0 
311 0.9377110694183864 0.9377110694183864 0.9377110694183864 0.9377110694183864 0.9377110694183864 0.9377110694183864 0.9377110694183864 0.0 0.0 0.0 0.0 0.0 0.0 0.0 0.0 0.0 0.0 0.0 0.0 0.0 0.0 
312 0.9377110694183864 0.9377110694183864 0.9377110694183864 0.9377110694183864 0.9377110694183864 0.9377110694183864 0.9377110694183864 0.0 0.0 0.0 0.0 0.0 0.0 0.0 0.0 0.0 0.0 0.0 0.0 0.0 0.0 
313 0.9377110694183864 0.9377110694183864 0.9377110694183864 0.9377110694183864 0.9377110694183864 0.9377110694183864 0.9377110694183864 0.0 0.0 0.0 0.0 0.0 0.0 0.0 0.0 0.0 0.0 0.0 0.0 0.0 0.0 
314 0.9377110694183864 0.9377110694183864 0.9377110694183864 0.9377110694183864 0.9377110694183864 0.9377110694183864 0.9377110694183864 0.0 0.0 0.0 0.0 0.0 0.0 0.0 0.0 0.0 0.0 0.0 0.0 0.0 0.0 
315 0.9377110694183864 0.9377110694183864 0.9377110694183864 0.9377110694183864 0.9377110694183864 0.9377110694183864 0.9377110694183864 0.0 0.0 0.0 0.0 0.0 0.0 0.0 0.0 0.0 0.0 0.0 0.0 0.0 0.0 
316 0.9377110694183864 0.9377110694183864 0.9377110694183864 0.9377110694183864 0.9377110694183864 0.9377110694183864 0.9377110694183864 0.0 0.0 0.0 0.0 0.0 0.0 0.0 0.0 0.0 0.0 0.0 0.0 0.0 0.0 
317 0.9377110694183864 0.9377110694183864 0.9377110694183864 0.9377110694183864 0.9377110694183864 0.9377110694183864 0.9377110694183864 0.0 0.0 0.0 0.0 0.0 0.0 0.0 0.0 0.0 0.0 0.0 0.0 0.0 0.0 
318 0.9377110694183864 0.9377110694183864 0.9377110694183864 0.9377110694183864 0.9377110694183864 0.9377110694183864 0.9377110694183864 0.0 0.0 0.0 0.0 0.0 0.0 0.0 0.0 0.0 0.0 0.0 0.0 0.0 0.0 
319 0.9377110694183864 0.9377110694183864 0.9377110694183864 0.9377110694183864 0.9377110694183864 0.9377110694183864 0.9377110694183864 0.0 0.0 0.0 0.0 0.0 0.0 0.0 0.0 0.0 0.0 0.0 0.0 0.0 0.0 
320 0.9377110694183864 0.9377110694183864 0.9377110694183864 0.9377110694183864 0.9377110694183864 0.9377110694183864 0.9377110694183864 0.0 0.0 0.0 0.0 0.0 0.0 0.0 0.0 0.0 0.0 0.0 0.0 0.0 0.0 
321 0.9377110694183864 0.9377110694183864 0.9377110694183864 0.9377110694183864 0.9377110694183864 0.9377110694183864 0.9377110694183864 0.0 0.0 0.0 0.0 0.0 0.0 0.0 0.0 0.0 0.0 0.0 0.0 0.0 0.0 
322 0.9377110694183864 0.9377110694183864 0.9377110694183864 0.9377110694183864 0.9377110694183864 0.9377110694183864 0.9377110694183864 0.0 0.0 0.0 0.0 0.0 0.0 0.0 0.0 0.0 0.0 0.0 0.0 0.0 0.0 
323 0.9377110694183864 0.9377110694183864 0.9377110694183864 0.9377110694183864 0.9377110694183864 0.9377110694183864 0.9377110694183864 0.0 0.0 0.0 0.0 0.0 0.0 0.0 0.0 0.0 0.0 0.0 0.0 0.0 0.0 
324 0.9377110694183864 0.9377110694183864 0.9377110694183864 0.9377110694183864 0.9377110694183864 0.9377110694183864 0.9377110694183864 0.0 0.0 0.0 0.0 0.0 0.0 0.0 0.0 0.0 0.0 0.0 0.0 0.0 0.0 
325 0.9377110694183864 0.9377110694183864 0.9377110694183864 0.9377110694183864 0.9377110694183864 0.9377110694183864 0.9377110694183864 0.0 0.0 0.0 0.0 0.0 0.0 0.0 0.0 0.0 0.0 0.0 0.0 0.0 0.0 
326 0.9377110694183864 0.9377110694183864 0.9377110694183864 0.9377110694183864 0.9377110694183864 0.9377110694183864 0.9377110694183864 0.0 0.0 0.0 0.0 0.0 0.0 0.0 0.0 0.0 0.0 0.0 0.0 0.0 0.0 
327 0.9377110694183864 0.9377110694183864 0.9377110694183864 0.9377110694183864 0.9377110694183864 0.9377110694183864 0.9377110694183864 0.0 0.0 0.0 0.0 0.0 0.0 0.0 0.0 0.0 0.0 0.0 0.0 0.0 0.0 
328 0.9377110694183864 0.9377110694183864 0.9377110694183864 0.9377110694183864 0.9377110694183864 0.9377110694183864 0.9377110694183864 0.0 0.0 0.0 0.0 0.0 0.0 0.0 0.0 0.0 0.0 0.0 0.0 0.0 0.0 
329 0.9377110694183864 0.9377110694183864 0.9377110694183864 0.9377110694183864 0.9377110694183864 0.9377110694183864 0.9377110694183864 0.0 0.0 0.0 0.0 0.0 0.0 0.0 0.0 0.0 0.0 0.0 0.0 0.0 0.0 
330 0.9377110694183864 0.9377110694183864 0.9377110694183864 0.9377110694183864 0.9377110694183864 0.9377110694183864 0.9377110694183864 0.0 0.0 0.0 0.0 0.0 0.0 0.0 0.0 0.0 0.0 0.0 0.0 0.0 0.0 
331 0.9377110694183864 0.9377110694183864 0.9377110694183864 0.9377110694183864 0.9377110694183864 0.9377110694183864 0.9377110694183864 0.0 0.0 0.0 0.0 0.0 0.0 0.0 0.0 0.0 0.0 0.0 0.0 0.0 0.0 
332 0.9377110694183864 0.9377110694183864 0.9377110694183864 0.9377110694183864 0.9377110694183864 0.9377110694183864 0.9377110694183864 0.0 0.0 0.0 0.0 0.0 0.0 0.0 0.0 0.0 0.0 0.0 0.0 0.0 0.0 
333 0.9377110694183864 0.9377110694183864 0.9377110694183864 0.9377110694183864 0.9377110694183864 0.9377110694183864 0.9377110694183864 0.0 0.0 0.0 0.0 0.0 0.0 0.0 0.0 0.0 0.0 0.0 0.0 0.0 0.0 
334 0.9377110694183864 0.9377110694183864 0.9377110694183864 0.9377110694183864 0.9377110694183864 0.9377110694183864 0.9377110694183864 0.0 0.0 0.0 0.0 0.0 0.0 0.0 0.0 0.0 0.0 0.0 0.0 0.0 0.0 
335 0.9377110694183864 0.9377110694183864 0.9377110694183864 0.9377110694183864 0.9377110694183864 0.9377110694183864 0.9377110694183864 0.0 0.0 0.0 0.0 0.0 0.0 0.0 0.0 0.0 0.0 0.0 0.0 0.0 0.0 
336 0.9377110694183864 0.9377110694183864 0.9377110694183864 0.9377110694183864 0.9377110694183864 0.9377110694183864 0.9377110694183864 0.0 0.0 0.0 0.0 0.0 0.0 0.0 0.0 0.0 0.0 0.0 0.0 0.0 0.0 
337 0.9377110694183864 0.9377110694183864 0.9377110694183864 0.9377110694183864 0.9377110694183864 0.9377110694183864 0.9377110694183864 0.0 0.0 0.0 0.0 0.0 0.0 0.0 0.0 0.0 0.0 0.0 0.0 0.0 0.0 
338 0.9377110694183864 0.9377110694183864 0.9377110694183864 0.9377110694183864 0.9377110694183864 0.9377110694183864 0.9377110694183864 0.0 0.0 0.0 0.0 0.0 0.0 0.0 0.0 0.0 0.0 0.0 0.0 0.0 0.0 
339 0.9377110694183864 0.9377110694183864 0.9377110694183864 0.9377110694183864 0.9377110694183864 0.9377110694183864 0.9377110694183864 0.0 0.0 0.0 0.0 0.0 0.0 0.0 0.0 0.0 0.0 0.0 0.0 0.0 0.0 
340 0.9377110694183864 0.9377110694183864 0.9377110694183864 0.9377110694183864 0.9377110694183864 0.9377110694183864 0.9377110694183864 0.0 0.0 0.0 0.0 0.0 0.0 0.0 0.0 0.0 0.0 0.0 0.0 0.0 0.0 
341 0.9377110694183864 0.9377110694183864 0.9377110694183864 0.9377110694183864 0.9377110694183864 0.9377110694183864 0.9377110694183864 0.0 0.0 0.0 0.0 0.0 0.0 0.0 0.0 0.0 0.0 0.0 0.0 0.0 0.0 
342 0.9377110694183864 0.9377110694183864 0.9377110694183864 0.9377110694183864 0.9377110694183864 0.9377110694183864 0.9377110694183864 0.0 0.0 0.0 0.0 0.0 0.0 0.0 0.0 0.0 0.0 0.0 0.0 0.0 0.0 
343 0.9377110694183864 0.9377110694183864 0.9377110694183864 0.9377110694183864 0.9377110694183864 0.9377110694183864 0.9377110694183864 0.0 0.0 0.0 0.0 0.0 0.0 0.0 0.0 0.0 0.0 0.0 0.0 0.0 0.0 
344 0.9377110694183864 0.9377110694183864 0.9377110694183864 0.9377110694183864 0.9377110694183864 0.9377110694183864 0.9377110694183864 0.0 0.0 0.0 0.0 0.0 0.0 0.0 0.0 0.0 0.0 0.0 0.0 0.0 0.0 
345 0.9377110694183864 0.9377110694183864 0.9377110694183864 0.9377110694183864 0.9377110694183864 0.9377110694183864 0.9377110694183864 0.0 0.0 0.0 0.0 0.0 0.0 0.0 0.0 0.0 0.0 0.0 0.0 0.0 0.0 
346 0.9377110694183864 0.9377110694183864 0.9377110694183864 0.9377110694183864 0.9377110694183864 0.9377110694183864 0.9377110694183864 0.0 0.0 0.0 0.0 0.0 0.0 0.0 0.0 0.0 0.0 0.0 0.0 0.0 0.0 
347 0.9377110694183864 0.9377110694183864 0.9377110694183864 0.9377110694183864 0.9377110694183864 0.9377110694183864 0.9377110694183864 0.09207652067506646 0.0 0.0 0.0 0.0 0.0 0.0 0.0 0.0 0.0 0.0 0.0 0.0 0.0 
348 0.9377110694183864 0.9377110694183864 0.9377110694183864 0.9377110694183864 0.9377110694183864 0.9377110694183864 0.9377110694183864 0.11104486542507139 0.0 0.0 0.0 0.0 0.0 0.0 0.0 0.0 0.0 0.0 0.0 0.0 0.0 
349 0.9377110694183864 0.9377110694183864 0.9377110694183864 0.9377110694183864 0.9377110694183864 0.9377110694183864 0.9377110694183864 0.22553471053168214 0.0 0.0 0.0 0.0 0.0 0.0 0.0 0.0 0.0 0.0 0.0 0.0 0.0 
350 0.9377110694183864 0.9377110694183864 0.9377110694183864 0.9377110694183864 0.9377110694183864 0.9377110694183864 0.9377110694183864 0.2702503706919629 0.0 0.0 0.0 0.0 0.0 0.0 0.0 0.0 0.0 0.0 0.0 0.0 0.0 
351 0.9377110694183864 0.9377110694183864 0.9377110694183864 0.9377110694183864 0.9377110694183864 0.9377110694183864 0.9377110694183864 0.46171328862801353 0.0 0.0 0.0 0.0 0.0 0.0 0.0 0.0 0.0 0.0 0.0 0.0 0.0 
352 0.9377110694183864 0.9377110694183864 0.9377110694183864 0.9377110694183864 0.9377110694183864 0.9377110694183864 0.9377110694183864 0.506904550346756 0.0 0.0 0.0 0.0 0.0 0.0 0.0 0.0 0.0 0.0 0.0 0.0 0.0 
353 0.9377110694183864 0.9377110694183864 0.9377110694183864 0.9377110694183864 0.9377110694183864 0.9377110694183864 0.9377110694183864 0.6058313607226229 0.0 0.0 0.0 0.0 0.0 0.0 0.0 0.0 0.0 0.0 0.0 0.0 0.0 
354 0.9377110694183864 0.9377110694183864 0.9377110694183864 0.9377110694183864 0.9377110694183864 0.9377110694183864 0.9377110694183864 0.6092953416544773 0.0 0.0 0.0 0.0 0.0 0.0 0.0 0.0 0.0 0.0 0.0 0.0 0.0 
355 0.9377110694183864 0.9377110694183864 0.9377110694183864 0.9377110694183864 0.9377110694183864 0.9377110694183864 0.9377110694183864 0.7367413165787856 0.0 0.0 0.0 0.0 0.0 0.0 0.0 0.0 0.0 0.0 0.0 0.0 0.0 
356 0.9377110694183864 0.9377110694183864 0.9377110694183864 0.9377110694183864 0.9377110694183864 0.9377110694183864 0.9377110694183864 0.7495643590024187 0.0 0.0 0.0 0.0 0.0 0.0 0.0 0.0 0.0 0.0 0.0 0.0 0.0 
357 0.9377110694183864 0.9377110694183864 0.9377110694183864 0.9377110694183864 0.9377110694183864 0.9377110694183864 0.9377110694183864 0.841490227022969 0.0 0.0 0.0 0.0 0.0 0.0 0.0 0.0 0.0 0.0 0.0 0.0 0.0 
358 0.9377110694183864 0.9377110694183864 0.9377110694183864 0.9377110694183864 0.9377110694183864 0.9377110694183864 0.9377110694183864 0.890323607716091 0.0 0.0 0.0 0.0 0.0 0.0 0.0 0.0 0.0 0.0 0.0 0.0 0.0 
359 0.9377110694183864 0.9377110694183864 0.9377110694183864 0.9377110694183864 0.9377110694183864 0.9377110694183864 0.9377110694183864 0.9287127382982499 0.0 0.0 0.0 0.0 0.0 0.0 0.0 0.0 0.0 0.0 0.0 0.0 0.0 
360 0.9377110694183864 0.9377110694183864 0.9377110694183864 0.9377110694183864 0.9377110694183864 0.9377110694183864 0.9377110694183864 0.9370565425153309 0.0 0.0 0.0 0.0 0.0 0.0 0.0 0.0 0.0 0.0 0.0 0.0 0.0 
361 0.9377110694183864 0.9377110694183864 0.9377110694183864 0.9377110694183864 0.9377110694183864 0.9377110694183864 0.9377110694183864 0.9377110694183864 0.0 0.0 0.0 0.0 0.0 0.0 0.0 0.0 0.0 0.0 0.0 0.0 0.0 
362 0.9377110694183864 0.9377110694183864 0.9377110694183864 0.9377110694183864 0.9377110694183864 0.9377110694183864 0.9377110694183864 0.9377110694183864 0.0 0.0 0.0 0.0 0.0 0.0 0.0 0.0 0.0 0.0 0.0 0.0 0.0 
363 0.9377110694183864 0.9377110694183864 0.9377110694183864 0.9377110694183864 0.9377110694183864 0.9377110694183864 0.9377110694183864 0.9377110694183864 0.0 0.0 0.0 0.0 0.0 0.0 0.0 0.0 0.0 0.0 0.0 0.0 0.0 
364 0.9377110694183864 0.9377110694183864 0.9377110694183864 0.9377110694183864 0.9377110694183864 0.9377110694183864 0.9377110694183864 0.9377110694183864 0.0 0.0 0.0 0.0 0.0 0.0 0.0 0.0 0.0 0.0 0.0 0.0 0.0 
365 0.9377110694183864 0.9377110694183864 0.9377110694183864 0.9377110694183864 0.9377110694183864 0.9377110694183864 0.9377110694183864 0.9377110694183864 0.0 0.0 0.0 0.0 0.0 0.0 0.0 0.0 0.0 0.0 0.0 0.0 0.0 
366 0.9377110694183864 0.9377110694183864 0.9377110694183864 0.9377110694183864 0.9377110694183864 0.9377110694183864 0.9377110694183864 0.9377110694183864 0.0 0.0 0.0 0.0 0.0 0.0 0.0 0.0 0.0 0.0 0.0 0.0 0.0 
367 0.9377110694183864 0.9377110694183864 0.9377110694183864 0.9377110694183864 0.9377110694183864 0.9377110694183864 0.9377110694183864 0.9377110694183864 0.0 0.0 0.0 0.0 0.0 0.0 0.0 0.0 0.0 0.0 0.0 0.0 0.0 
368 0.9377110694183864 0.9377110694183864 0.9377110694183864 0.9377110694183864 0.9377110694183864 0.9377110694183864 0.9377110694183864 0.9377110694183864 0.0 0.0 0.0 0.0 0.0 0.0 0.0 0.0 0.0 0.0 0.0 0.0 0.0 
369 0.9377110694183864 0.9377110694183864 0.9377110694183864 0.9377110694183864 0.9377110694183864 0.9377110694183864 0.9377110694183864 0.9377110694183864 0.0 0.0 0.0 0.0 0.0 0.0 0.0 0.0 0.0 0.0 0.0 0.0 0.0 
370 0.9377110694183864 0.9377110694183864 0.9377110694183864 0.9377110694183864 0.9377110694183864 0.9377110694183864 0.9377110694183864 0.9377110694183864 0.0 0.0 0.0 0.0 0.0 0.0 0.0 0.0 0.0 0.0 0.0 0.0 0.0 
371 0.9377110694183864 0.9377110694183864 0.9377110694183864 0.9377110694183864 0.9377110694183864 0.9377110694183864 0.9377110694183864 0.9377110694183864 0.0 0.0 0.0 0.0 0.0 0.0 0.0 0.0 0.0 0.0 0.0 0.0 0.0 
372 0.9377110694183864 0.9377110694183864 0.9377110694183864 0.9377110694183864 0.9377110694183864 0.9377110694183864 0.9377110694183864 0.9377110694183864 0.0 0.0 0.0 0.0 0.0 0.0 0.0 0.0 0.0 0.0 0.0 0.0 0.0 
373 0.9377110694183864 0.9377110694183864 0.9377110694183864 0.9377110694183864 0.9377110694183864 0.9377110694183864 0.9377110694183864 0.9377110694183864 0.0 0.0 0.0 0.0 0.0 0.0 0.0 0.0 0.0 0.0 0.0 0.0 0.0 
374 0.9377110694183864 0.9377110694183864 0.9377110694183864 0.9377110694183864 0.9377110694183864 0.9377110694183864 0.9377110694183864 0.9377110694183864 0.0 0.0 0.0 0.0 0.0 0.0 0.0 0.0 0.0 0.0 0.0 0.0 0.0 
375 0.9377110694183864 0.9377110694183864 0.9377110694183864 0.9377110694183864 0.9377110694183864 0.9377110694183864 0.9377110694183864 0.9377110694183864 0.0 0.0 0.0 0.0 0.0 0.0 0.0 0.0 0.0 0.0 0.0 0.0 0.0 
376 0.9377110694183864 0.9377110694183864 0.9377110694183864 0.9377110694183864 0.9377110694183864 0.9377110694183864 0.9377110694183864 0.9377110694183864 0.0 0.0 0.0 0.0 0.0 0.0 0.0 0.0 0.0 0.0 0.0 0.0 0.0 
377 0.9377110694183864 0.9377110694183864 0.9377110694183864 0.9377110694183864 0.9377110694183864 0.9377110694183864 0.9377110694183864 0.9377110694183864 0.0 0.0 0.0 0.0 0.0 0.0 0.0 0.0 0.0 0.0 0.0 0.0 0.0 
378 0.9377110694183864 0.9377110694183864 0.9377110694183864 0.9377110694183864 0.9377110694183864 0.9377110694183864 0.9377110694183864 0.9377110694183864 0.0 0.0 0.0 0.0 0.0 0.0 0.0 0.0 0.0 0.0 0.0 0.0 0.0 
379 0.9377110694183864 0.9377110694183864 0.9377110694183864 0.9377110694183864 0.9377110694183864 0.9377110694183864 0.9377110694183864 0.9377110694183864 0.0 0.0 0.0 0.0 0.0 0.0 0.0 0.0 0.0 0.0 0.0 0.0 0.0 
380 0.9377110694183864 0.9377110694183864 0.9377110694183864 0.9377110694183864 0.9377110694183864 0.9377110694183864 0.9377110694183864 0.9377110694183864 0.0 0.0 0.0 0.0 0.0 0.0 0.0 0.0 0.0 0.0 0.0 0.0 0.0 
381 0.9377110694183864 0.9377110694183864 0.9377110694183864 0.9377110694183864 0.9377110694183864 0.9377110694183864 0.9377110694183864 0.9377110694183864 0.0 0.0 0.0 0.0 0.0 0.0 0.0 0.0 0.0 0.0 0.0 0.0 0.0 
382 0.9377110694183864 0.9377110694183864 0.9377110694183864 0.9377110694183864 0.9377110694183864 0.9377110694183864 0.9377110694183864 0.9377110694183864 0.0 0.0 0.0 0.0 0.0 0.0 0.0 0.0 0.0 0.0 0.0 0.0 0.0 
383 0.9377110694183864 0.9377110694183864 0.9377110694183864 0.9377110694183864 0.9377110694183864 0.9377110694183864 0.9377110694183864 0.9377110694183864 0.0 0.0 0.0 0.0 0.0 0.0 0.0 0.0 0.0 0.0 0.0 0.0 0.0 
384 0.9377110694183864 0.9377110694183864 0.9377110694183864 0.9377110694183864 0.9377110694183864 0.9377110694183864 0.9377110694183864 0.9377110694183864 0.0 0.0 0.0 0.0 0.0 0.0 0.0 0.0 0.0 0.0 0.0 0.0 0.0 
385 0.9377110694183864 0.9377110694183864 0.9377110694183864 0.9377110694183864 0.9377110694183864 0.9377110694183864 0.9377110694183864 0.9377110694183864 0.0 0.0 0.0 0.0 0.0 0.0 0.0 0.0 0.0 0.0 0.0 0.0 0.0 
386 0.9377110694183864 0.9377110694183864 0.9377110694183864 0.9377110694183864 0.9377110694183864 0.9377110694183864 0.9377110694183864 0.9377110694183864 0.0 0.0 0.0 0.0 0.0 0.0 0.0 0.0 0.0 0.0 0.0 0.0 0.0 
387 0.9377110694183864 0.9377110694183864 0.9377110694183864 0.9377110694183864 0.9377110694183864 0.9377110694183864 0.9377110694183864 0.9377110694183864 0.0 0.0 0.0 0.0 0.0 0.0 0.0 0.0 0.0 0.0 0.0 0.0 0.0 
388 0.9377110694183864 0.9377110694183864 0.9377110694183864 0.9377110694183864 0.9377110694183864 0.9377110694183864 0.9377110694183864 0.9377110694183864 0.0 0.0 0.0 0.0 0.0 0.0 0.0 0.0 0.0 0.0 0.0 0.0 0.0 
389 0.9377110694183864 0.9377110694183864 0.9377110694183864 0.9377110694183864 0.9377110694183864 0.9377110694183864 0.9377110694183864 0.9377110694183864 0.0 0.0 0.0 0.0 0.0 0.0 0.0 0.0 0.0 0.0 0.0 0.0 0.0 
390 0.9377110694183864 0.9377110694183864 0.9377110694183864 0.9377110694183864 0.9377110694183864 0.9377110694183864 0.9377110694183864 0.9377110694183864 0.0 0.0 0.0 0.0 0.0 0.0 0.0 0.0 0.0 0.0 0.0 0.0 0.0 
391 0.9377110694183864 0.9377110694183864 0.9377110694183864 0.9377110694183864 0.9377110694183864 0.9377110694183864 0.9377110694183864 0.9377110694183864 0.0 0.0 0.0 0.0 0.0 0.0 0.0 0.0 0.0 0.0 0.0 0.0 0.0 
392 0.9377110694183864 0.9377110694183864 0.9377110694183864 0.9377110694183864 0.9377110694183864 0.9377110694183864 0.9377110694183864 0.9377110694183864 0.0 0.0 0.0 0.0 0.0 0.0 0.0 0.0 0.0 0.0 0.0 0.0 0.0 
393 0.9377110694183864 0.9377110694183864 0.9377110694183864 0.9377110694183864 0.9377110694183864 0.9377110694183864 0.9377110694183864 0.9377110694183864 0.0 0.0 0.0 0.0 0.0 0.0 0.0 0.0 0.0 0.0 0.0 0.0 0.0 
394 0.9377110694183864 0.9377110694183864 0.9377110694183864 0.9377110694183864 0.9377110694183864 0.9377110694183864 0.9377110694183864 0.9377110694183864 0.0 0.0 0.0 0.0 0.0 0.0 0.0 0.0 0.0 0.0 0.0 0.0 0.0 
395 0.9377110694183864 0.9377110694183864 0.9377110694183864 0.9377110694183864 0.9377110694183864 0.9377110694183864 0.9377110694183864 0.9377110694183864 0.0 0.0 0.0 0.0 0.0 0.0 0.0 0.0 0.0 0.0 0.0 0.0 0.0 
396 0.9377110694183864 0.9377110694183864 0.9377110694183864 0.9377110694183864 0.9377110694183864 0.9377110694183864 0.9377110694183864 0.9377110694183864 0.028544230656647622 0.0 0.0 0.0 0.0 0.0 0.0 0.0 0.0 0.0 0.0 0.0 0.0 
397 0.9377110694183864 0.9377110694183864 0.9377110694183864 0.9377110694183864 0.9377110694183864 0.9377110694183864 0.9377110694183864 0.9377110694183864 0.08533137587961641 0.0 0.0 0.0 0.0 0.0 0.0 0.0 0.0 0.0 0.0 0.0 0.0 
398 0.9377110694183864 0.9377110694183864 0.9377110694183864 0.9377110694183864 0.9377110694183864 0.9377110694183864 0.9377110694183864 0.9377110694183864 0.13716958379496352 0.0 0.0 0.0 0.0 0.0 0.0 0.0 0.0 0.0 0.0 0.0 0.0 
399 0.9377110694183864 0.9377110694183864 0.9377110694183864 0.9377110694183864 0.9377110694183864 0.9377110694183864 0.9377110694183864 0.9377110694183864 0.18612997313823784 0.0 0.0 0.0 0.0 0.0 0.0 0.0 0.0 0.0 0.0 0.0 0.0 
400 0.9377110694183864 0.9377110694183864 0.9377110694183864 0.9377110694183864 0.9377110694183864 0.9377110694183864 0.9377110694183864 0.9377110694183864 0.2755107041631173 0.0 0.0 0.0 0.0 0.0 0.0 0.0 0.0 0.0 0.0 0.0 0.0 
401 0.9377110694183864 0.9377110694183864 0.9377110694183864 0.9377110694183864 0.9377110694183864 0.9377110694183864 0.9377110694183864 0.9377110694183864 0.32715179075069845 0.0 0.0 0.0 0.0 0.0 0.0 0.0 0.0 0.0 0.0 0.0 0.0 
402 0.9377110694183864 0.9377110694183864 0.9377110694183864 0.9377110694183864 0.9377110694183864 0.9377110694183864 0.9377110694183864 0.9377110694183864 0.37090659016609356 0.0 0.0 0.0 0.0 0.0 0.0 0.0 0.0 0.0 0.0 0.0 0.0 
403 0.9377110694183864 0.9377110694183864 0.9377110694183864 0.9377110694183864 0.9377110694183864 0.9377110694183864 0.9377110694183864 0.9377110694183864 0.41354689000698885 0.0 0.0 0.0 0.0 0.0 0.0 0.0 0.0 0.0 0.0 0.0 0.0 
404 0.9377110694183864 0.9377110694183864 0.9377110694183864 0.9377110694183864 0.9377110694183864 0.9377110694183864 0.9377110694183864 0.9377110694183864 0.598180160875995 0.0 0.0 0.0 0.0 0.0 0.0 0.0 0.0 0.0 0.0 0.0 0.0 
405 0.9377110694183864 0.9377110694183864 0.9377110694183864 0.9377110694183864 0.9377110694183864 0.9377110694183864 0.9377110694183864 0.9377110694183864 0.6503726009135113 0.0 0.0 0.0 0.0 0.0 0.0 0.0 0.0 0.0 0.0 0.0 0.0 
406 0.9377110694183864 0.9377110694183864 0.9377110694183864 0.9377110694183864 0.9377110694183864 0.9377110694183864 0.9377110694183864 0.9377110694183864 0.7026480008909849 0.0 0.0 0.0 0.0 0.0 0.0 0.0 0.0 0.0 0.0 0.0 0.0 
407 0.9377110694183864 0.9377110694183864 0.9377110694183864 0.9377110694183864 0.9377110694183864 0.9377110694183864 0.9377110694183864 0.9377110694183864 0.7181368892657175 0.0 0.0 0.0 0.0 0.0 0.0 0.0 0.0 0.0 0.0 0.0 0.0 
408 0.9377110694183864 0.9377110694183864 0.9377110694183864 0.9377110694183864 0.9377110694183864 0.9377110694183864 0.9377110694183864 0.9377110694183864 0.8264763886025364 0.0 0.0 0.0 0.0 0.0 0.0 0.0 0.0 0.0 0.0 0.0 0.0 
409 0.9377110694183864 0.9377110694183864 0.9377110694183864 0.9377110694183864 0.9377110694183864 0.9377110694183864 0.9377110694183864 0.9377110694183864 0.8883184358216895 0.0 0.0 0.0 0.0 0.0 0.0 0.0 0.0 0.0 0.0 0.0 0.0 
410 0.9377110694183864 0.9377110694183864 0.9377110694183864 0.9377110694183864 0.9377110694183864 0.9377110694183864 0.9377110694183864 0.9377110694183864 0.9368733179291127 0.0 0.0 0.0 0.0 0.0 0.0 0.0 0.0 0.0 0.0 0.0 0.0 
411 0.9377110694183864 0.9377110694183864 0.9377110694183864 0.9377110694183864 0.9377110694183864 0.9377110694183864 0.9377110694183864 0.9377110694183864 0.9376876541003403 0.0 0.0 0.0 0.0 0.0 0.0 0.0 0.0 0.0 0.0 0.0 0.0 
412 0.9377110694183864 0.9377110694183864 0.9377110694183864 0.9377110694183864 0.9377110694183864 0.9377110694183864 0.9377110694183864 0.9377110694183864 0.9377110694183864 0.0 0.0 0.0 0.0 0.0 0.0 0.0 0.0 0.0 0.0 0.0 0.0 
413 0.9377110694183864 0.9377110694183864 0.9377110694183864 0.9377110694183864 0.9377110694183864 0.9377110694183864 0.9377110694183864 0.9377110694183864 0.9377110694183864 0.0 0.0 0.0 0.0 0.0 0.0 0.0 0.0 0.0 0.0 0.0 0.0 
414 0.9377110694183864 0.9377110694183864 0.9377110694183864 0.9377110694183864 0.9377110694183864 0.9377110694183864 0.9377110694183864 0.9377110694183864 0.9377110694183864 0.0 0.0 0.0 0.0 0.0 0.0 0.0 0.0 0.0 0.0 0.0 0.0 
415 0.9377110694183864 0.9377110694183864 0.9377110694183864 0.9377110694183864 0.9377110694183864 0.9377110694183864 0.9377110694183864 0.9377110694183864 0.9377110694183864 0.0 0.0 0.0 0.0 0.0 0.0 0.0 0.0 0.0 0.0 0.0 0.0 
416 0.9377110694183864 0.9377110694183864 0.9377110694183864 0.9377110694183864 0.9377110694183864 0.9377110694183864 0.9377110694183864 0.9377110694183864 0.9377110694183864 0.0 0.0 0.0 0.0 0.0 0.0 0.0 0.0 0.0 0.0 0.0 0.0 
417 0.9377110694183864 0.9377110694183864 0.9377110694183864 0.9377110694183864 0.9377110694183864 0.9377110694183864 0.9377110694183864 0.9377110694183864 0.9377110694183864 0.0 0.0 0.0 0.0 0.0 0.0 0.0 0.0 0.0 0.0 0.0 0.0 
418 0.9377110694183864 0.9377110694183864 0.9377110694183864 0.9377110694183864 0.9377110694183864 0.9377110694183864 0.9377110694183864 0.9377110694183864 0.9377110694183864 0.0 0.0 0.0 0.0 0.0 0.0 0.0 0.0 0.0 0.0 0.0 0.0 
419 0.9377110694183864 0.9377110694183864 0.9377110694183864 0.9377110694183864 0.9377110694183864 0.9377110694183864 0.9377110694183864 0.9377110694183864 0.9377110694183864 0.0 0.0 0.0 0.0 0.0 0.0 0.0 0.0 0.0 0.0 0.0 0.0 
420 0.9377110694183864 0.9377110694183864 0.9377110694183864 0.9377110694183864 0.9377110694183864 0.9377110694183864 0.9377110694183864 0.9377110694183864 0.9377110694183864 0.0 0.0 0.0 0.0 0.0 0.0 0.0 0.0 0.0 0.0 0.0 0.0 
421 0.9377110694183864 0.9377110694183864 0.9377110694183864 0.9377110694183864 0.9377110694183864 0.9377110694183864 0.9377110694183864 0.9377110694183864 0.9377110694183864 0.0 0.0 0.0 0.0 0.0 0.0 0.0 0.0 0.0 0.0 0.0 0.0 
422 0.9377110694183864 0.9377110694183864 0.9377110694183864 0.9377110694183864 0.9377110694183864 0.9377110694183864 0.9377110694183864 0.9377110694183864 0.9377110694183864 0.0 0.0 0.0 0.0 0.0 0.0 0.0 0.0 0.0 0.0 0.0 0.0 
423 0.9377110694183864 0.9377110694183864 0.9377110694183864 0.9377110694183864 0.9377110694183864 0.9377110694183864 0.9377110694183864 0.9377110694183864 0.9377110694183864 0.0 0.0 0.0 0.0 0.0 0.0 0.0 0.0 0.0 0.0 0.0 0.0 
424 0.9377110694183864 0.9377110694183864 0.9377110694183864 0.9377110694183864 0.9377110694183864 0.9377110694183864 0.9377110694183864 0.9377110694183864 0.9377110694183864 0.0 0.0 0.0 0.0 0.0 0.0 0.0 0.0 0.0 0.0 0.0 0.0 
425 0.9377110694183864 0.9377110694183864 0.9377110694183864 0.9377110694183864 0.9377110694183864 0.9377110694183864 0.9377110694183864 0.9377110694183864 0.9377110694183864 0.0 0.0 0.0 0.0 0.0 0.0 0.0 0.0 0.0 0.0 0.0 0.0 
426 0.9377110694183864 0.9377110694183864 0.9377110694183864 0.9377110694183864 0.9377110694183864 0.9377110694183864 0.9377110694183864 0.9377110694183864 0.9377110694183864 0.0 0.0 0.0 0.0 0.0 0.0 0.0 0.0 0.0 0.0 0.0 0.0 
427 0.9377110694183864 0.9377110694183864 0.9377110694183864 0.9377110694183864 0.9377110694183864 0.9377110694183864 0.9377110694183864 0.9377110694183864 0.9377110694183864 0.0 0.0 0.0 0.0 0.0 0.0 0.0 0.0 0.0 0.0 0.0 0.0 
428 0.9377110694183864 0.9377110694183864 0.9377110694183864 0.9377110694183864 0.9377110694183864 0.9377110694183864 0.9377110694183864 0.9377110694183864 0.9377110694183864 0.0 0.0 0.0 0.0 0.0 0.0 0.0 0.0 0.0 0.0 0.0 0.0 
429 0.9377110694183864 0.9377110694183864 0.9377110694183864 0.9377110694183864 0.9377110694183864 0.9377110694183864 0.9377110694183864 0.9377110694183864 0.9377110694183864 0.0 0.0 0.0 0.0 0.0 0.0 0.0 0.0 0.0 0.0 0.0 0.0 
430 0.9377110694183864 0.9377110694183864 0.9377110694183864 0.9377110694183864 0.9377110694183864 0.9377110694183864 0.9377110694183864 0.9377110694183864 0.9377110694183864 0.0 0.0 0.0 0.0 0.0 0.0 0.0 0.0 0.0 0.0 0.0 0.0 
431 0.9377110694183864 0.9377110694183864 0.9377110694183864 0.9377110694183864 0.9377110694183864 0.9377110694183864 0.9377110694183864 0.9377110694183864 0.9377110694183864 0.0 0.0 0.0 0.0 0.0 0.0 0.0 0.0 0.0 0.0 0.0 0.0 
432 0.9377110694183864 0.9377110694183864 0.9377110694183864 0.9377110694183864 0.9377110694183864 0.9377110694183864 0.9377110694183864 0.9377110694183864 0.9377110694183864 0.0 0.0 0.0 0.0 0.0 0.0 0.0 0.0 0.0 0.0 0.0 0.0 
433 0.9377110694183864 0.9377110694183864 0.9377110694183864 0.9377110694183864 0.9377110694183864 0.9377110694183864 0.9377110694183864 0.9377110694183864 0.9377110694183864 0.0 0.0 0.0 0.0 0.0 0.0 0.0 0.0 0.0 0.0 0.0 0.0 
434 0.9377110694183864 0.9377110694183864 0.9377110694183864 0.9377110694183864 0.9377110694183864 0.9377110694183864 0.9377110694183864 0.9377110694183864 0.9377110694183864 0.0 0.0 0.0 0.0 0.0 0.0 0.0 0.0 0.0 0.0 0.0 0.0 
435 0.9377110694183864 0.9377110694183864 0.9377110694183864 0.9377110694183864 0.9377110694183864 0.9377110694183864 0.9377110694183864 0.9377110694183864 0.9377110694183864 0.0 0.0 0.0 0.0 0.0 0.0 0.0 0.0 0.0 0.0 0.0 0.0 
436 0.9377110694183864 0.9377110694183864 0.9377110694183864 0.9377110694183864 0.9377110694183864 0.9377110694183864 0.9377110694183864 0.9377110694183864 0.9377110694183864 0.0 0.0 0.0 0.0 0.0 0.0 0.0 0.0 0.0 0.0 0.0 0.0 
437 0.9377110694183864 0.9377110694183864 0.9377110694183864 0.9377110694183864 0.9377110694183864 0.9377110694183864 0.9377110694183864 0.9377110694183864 0.9377110694183864 0.0 0.0 0.0 0.0 0.0 0.0 0.0 0.0 0.0 0.0 0.0 0.0 
438 0.9377110694183864 0.9377110694183864 0.9377110694183864 0.9377110694183864 0.9377110694183864 0.9377110694183864 0.9377110694183864 0.9377110694183864 0.9377110694183864 0.0 0.0 0.0 0.0 0.0 0.0 0.0 0.0 0.0 0.0 0.0 0.0 
439 0.9377110694183864 0.9377110694183864 0.9377110694183864 0.9377110694183864 0.9377110694183864 0.9377110694183864 0.9377110694183864 0.9377110694183864 0.9377110694183864 0.0 0.0 0.0 0.0 0.0 0.0 0.0 0.0 0.0 0.0 0.0 0.0 
440 0.9377110694183864 0.9377110694183864 0.9377110694183864 0.9377110694183864 0.9377110694183864 0.9377110694183864 0.9377110694183864 0.9377110694183864 0.9377110694183864 0.0 0.0 0.0 0.0 0.0 0.0 0.0 0.0 0.0 0.0 0.0 0.0 
441 0.9377110694183864 0.9377110694183864 0.9377110694183864 0.9377110694183864 0.9377110694183864 0.9377110694183864 0.9377110694183864 0.9377110694183864 0.9377110694183864 0.0 0.0 0.0 0.0 0.0 0.0 0.0 0.0 0.0 0.0 0.0 0.0 
442 0.9377110694183864 0.9377110694183864 0.9377110694183864 0.9377110694183864 0.9377110694183864 0.9377110694183864 0.9377110694183864 0.9377110694183864 0.9377110694183864 0.0 0.0 0.0 0.0 0.0 0.0 0.0 0.0 0.0 0.0 0.0 0.0 
443 0.9377110694183864 0.9377110694183864 0.9377110694183864 0.9377110694183864 0.9377110694183864 0.9377110694183864 0.9377110694183864 0.9377110694183864 0.9377110694183864 0.0 0.0 0.0 0.0 0.0 0.0 0.0 0.0 0.0 0.0 0.0 0.0 
444 0.9377110694183864 0.9377110694183864 0.9377110694183864 0.9377110694183864 0.9377110694183864 0.9377110694183864 0.9377110694183864 0.9377110694183864 0.9377110694183864 0.0 0.0 0.0 0.0 0.0 0.0 0.0 0.0 0.0 0.0 0.0 0.0 
445 0.9377110694183864 0.9377110694183864 0.9377110694183864 0.9377110694183864 0.9377110694183864 0.9377110694183864 0.9377110694183864 0.9377110694183864 0.9377110694183864 0.0 0.0 0.0 0.0 0.0 0.0 0.0 0.0 0.0 0.0 0.0 0.0 
446 0.9377110694183864 0.9377110694183864 0.9377110694183864 0.9377110694183864 0.9377110694183864 0.9377110694183864 0.9377110694183864 0.9377110694183864 0.9377110694183864 0.04419086178583997 0.0 0.0 0.0 0.0 0.0 0.0 0.0 0.0 0.0 0.0 0.0 
447 0.9377110694183864 0.9377110694183864 0.9377110694183864 0.9377110694183864 0.9377110694183864 0.9377110694183864 0.9377110694183864 0.9377110694183864 0.9377110694183864 0.046739541155523874 0.0 0.0 0.0 0.0 0.0 0.0 0.0 0.0 0.0 0.0 0.0 
448 0.9377110694183864 0.9377110694183864 0.9377110694183864 0.9377110694183864 0.9377110694183864 0.9377110694183864 0.9377110694183864 0.9377110694183864 0.9377110694183864 0.10619678739118579 0.0 0.0 0.0 0.0 0.0 0.0 0.0 0.0 0.0 0.0 0.0 
449 0.9377110694183864 0.9377110694183864 0.9377110694183864 0.9377110694183864 0.9377110694183864 0.9377110694183864 0.9377110694183864 0.9377110694183864 0.9377110694183864 0.1400577139929123 0.0 0.0 0.0 0.0 0.0 0.0 0.0 0.0 0.0 0.0 0.0 
450 0.9377110694183864 0.9377110694183864 0.9377110694183864 0.9377110694183864 0.9377110694183864 0.9377110694183864 0.9377110694183864 0.9377110694183864 0.9377110694183864 0.22925016809035462 0.0 0.0 0.0 0.0 0.0 0.0 0.0 0.0 0.0 0.0 0.0 
451 0.9377110694183864 0.9377110694183864 0.9377110694183864 0.9377110694183864 0.9377110694183864 0.9377110694183864 0.9377110694183864 0.9377110694183864 0.9377110694183864 0.32603887526607733 0.0 0.0 0.0 0.0 0.0 0.0 0.0 0.0 0.0 0.0 0.0 
452 0.9377110694183864 0.9377110694183864 0.9377110694183864 0.9377110694183864 0.9377110694183864 0.9377110694183864 0.9377110694183864 0.9377110694183864 0.9377110694183864 0.39999618061613956 0.0 0.0 0.0 0.0 0.0 0.0 0.0 0.0 0.0 0.0 0.0 
453 0.9377110694183864 0.9377110694183864 0.9377110694183864 0.9377110694183864 0.9377110694183864 0.9377110694183864 0.9377110694183864 0.9377110694183864 0.9377110694183864 0.4751667017565584 0.0 0.0 0.0 0.0 0.0 0.0 0.0 0.0 0.0 0.0 0.0 
454 0.9377110694183864 0.9377110694183864 0.9377110694183864 0.9377110694183864 0.9377110694183864 0.9377110694183864 0.9377110694183864 0.9377110694183864 0.9377110694183864 0.5604164290880806 0.0 0.0 0.0 0.0 0.0 0.0 0.0 0.0 0.0 0.0 0.0 
455 0.9377110694183864 0.9377110694183864 0.9377110694183864 0.9377110694183864 0.9377110694183864 0.9377110694183864 0.9377110694183864 0.9377110694183864 0.9377110694183864 0.5624811667378036 0.0 0.0 0.0 0.0 0.0 0.0 0.0 0.0 0.0 0.0 0.0 
456 0.9377110694183864 0.9377110694183864 0.9377110694183864 0.9377110694183864 0.9377110694183864 0.9377110694183864 0.9377110694183864 0.9377110694183864 0.9377110694183864 0.6834980699666136 0.0 0.0 0.0 0.0 0.0 0.0 0.0 0.0 0.0 0.0 0.0 
457 0.9377110694183864 0.9377110694183864 0.9377110694183864 0.9377110694183864 0.9377110694183864 0.9377110694183864 0.9377110694183864 0.9377110694183864 0.9377110694183864 0.7027303215537415 0.0 0.0 0.0 0.0 0.0 0.0 0.0 0.0 0.0 0.0 0.0 
458 0.9377110694183864 0.9377110694183864 0.9377110694183864 0.9377110694183864 0.9377110694183864 0.9377110694183864 0.9377110694183864 0.9377110694183864 0.9377110694183864 0.7492883508294701 0.0 0.0 0.0 0.0 0.0 0.0 0.0 0.0 0.0 0.0 0.0 
459 0.9377110694183864 0.9377110694183864 0.9377110694183864 0.9377110694183864 0.9377110694183864 0.9377110694183864 0.9377110694183864 0.9377110694183864 0.9377110694183864 0.7501630347160645 0.0 0.0 0.0 0.0 0.0 0.0 0.0 0.0 0.0 0.0 0.0 
460 0.9377110694183864 0.9377110694183864 0.9377110694183864 0.9377110694183864 0.9377110694183864 0.9377110694183864 0.9377110694183864 0.9377110694183864 0.9377110694183864 0.8633049779044679 0.0 0.0 0.0 0.0 0.0 0.0 0.0 0.0 0.0 0.0 0.0 
461 0.9377110694183864 0.9377110694183864 0.9377110694183864 0.9377110694183864 0.9377110694183864 0.9377110694183864 0.9377110694183864 0.9377110694183864 0.9377110694183864 0.9367812779851621 0.0 0.0 0.0 0.0 0.0 0.0 0.0 0.0 0.0 0.0 0.0 
462 0.9377110694183864 0.9377110694183864 0.9377110694183864 0.9377110694183864 0.9377110694183864 0.9377110694183864 0.9377110694183864 0.9377110694183864 0.9377110694183864 0.9376876541003403 0.0 0.0 0.0 0.0 0.0 0.0 0.0 0.0 0.0 0.0 0.0 
463 0.9377110694183864 0.9377110694183864 0.9377110694183864 0.9377110694183864 0.9377110694183864 0.9377110694183864 0.9377110694183864 0.9377110694183864 0.9377110694183864 0.9377110694183864 0.0 0.0 0.0 0.0 0.0 0.0 0.0 0.0 0.0 0.0 0.0 
464 0.9377110694183864 0.9377110694183864 0.9377110694183864 0.9377110694183864 0.9377110694183864 0.9377110694183864 0.9377110694183864 0.9377110694183864 0.9377110694183864 0.9377110694183864 0.0 0.0 0.0 0.0 0.0 0.0 0.0 0.0 0.0 0.0 0.0 
465 0.9377110694183864 0.9377110694183864 0.9377110694183864 0.9377110694183864 0.9377110694183864 0.9377110694183864 0.9377110694183864 0.9377110694183864 0.9377110694183864 0.9377110694183864 0.0 0.0 0.0 0.0 0.0 0.0 0.0 0.0 0.0 0.0 0.0 
466 0.9377110694183864 0.9377110694183864 0.9377110694183864 0.9377110694183864 0.9377110694183864 0.9377110694183864 0.9377110694183864 0.9377110694183864 0.9377110694183864 0.9377110694183864 0.0 0.0 0.0 0.0 0.0 0.0 0.0 0.0 0.0 0.0 0.0 
467 0.9377110694183864 0.9377110694183864 0.9377110694183864 0.9377110694183864 0.9377110694183864 0.9377110694183864 0.9377110694183864 0.9377110694183864 0.9377110694183864 0.9377110694183864 0.0 0.0 0.0 0.0 0.0 0.0 0.0 0.0 0.0 0.0 0.0 
468 0.9377110694183864 0.9377110694183864 0.9377110694183864 0.9377110694183864 0.9377110694183864 0.9377110694183864 0.9377110694183864 0.9377110694183864 0.9377110694183864 0.9377110694183864 0.0 0.0 0.0 0.0 0.0 0.0 0.0 0.0 0.0 0.0 0.0 
469 0.9377110694183864 0.9377110694183864 0.9377110694183864 0.9377110694183864 0.9377110694183864 0.9377110694183864 0.9377110694183864 0.9377110694183864 0.9377110694183864 0.9377110694183864 0.0 0.0 0.0 0.0 0.0 0.0 0.0 0.0 0.0 0.0 0.0 
470 0.9377110694183864 0.9377110694183864 0.9377110694183864 0.9377110694183864 0.9377110694183864 0.9377110694183864 0.9377110694183864 0.9377110694183864 0.9377110694183864 0.9377110694183864 0.0 0.0 0.0 0.0 0.0 0.0 0.0 0.0 0.0 0.0 0.0 
471 0.9377110694183864 0.9377110694183864 0.9377110694183864 0.9377110694183864 0.9377110694183864 0.9377110694183864 0.9377110694183864 0.9377110694183864 0.9377110694183864 0.9377110694183864 0.0 0.0 0.0 0.0 0.0 0.0 0.0 0.0 0.0 0.0 0.0 
472 0.9377110694183864 0.9377110694183864 0.9377110694183864 0.9377110694183864 0.9377110694183864 0.9377110694183864 0.9377110694183864 0.9377110694183864 0.9377110694183864 0.9377110694183864 0.0 0.0 0.0 0.0 0.0 0.0 0.0 0.0 0.0 0.0 0.0 
473 0.9377110694183864 0.9377110694183864 0.9377110694183864 0.9377110694183864 0.9377110694183864 0.9377110694183864 0.9377110694183864 0.9377110694183864 0.9377110694183864 0.9377110694183864 0.0 0.0 0.0 0.0 0.0 0.0 0.0 0.0 0.0 0.0 0.0 
474 0.9377110694183864 0.9377110694183864 0.9377110694183864 0.9377110694183864 0.9377110694183864 0.9377110694183864 0.9377110694183864 0.9377110694183864 0.9377110694183864 0.9377110694183864 0.0 0.0 0.0 0.0 0.0 0.0 0.0 0.0 0.0 0.0 0.0 
475 0.9377110694183864 0.9377110694183864 0.9377110694183864 0.9377110694183864 0.9377110694183864 0.9377110694183864 0.9377110694183864 0.9377110694183864 0.9377110694183864 0.9377110694183864 0.0 0.0 0.0 0.0 0.0 0.0 0.0 0.0 0.0 0.0 0.0 
476 0.9377110694183864 0.9377110694183864 0.9377110694183864 0.9377110694183864 0.9377110694183864 0.9377110694183864 0.9377110694183864 0.9377110694183864 0.9377110694183864 0.9377110694183864 0.0 0.0 0.0 0.0 0.0 0.0 0.0 0.0 0.0 0.0 0.0 
477 0.9377110694183864 0.9377110694183864 0.9377110694183864 0.9377110694183864 0.9377110694183864 0.9377110694183864 0.9377110694183864 0.9377110694183864 0.9377110694183864 0.9377110694183864 0.0 0.0 0.0 0.0 0.0 0.0 0.0 0.0 0.0 0.0 0.0 
478 0.9377110694183864 0.9377110694183864 0.9377110694183864 0.9377110694183864 0.9377110694183864 0.9377110694183864 0.9377110694183864 0.9377110694183864 0.9377110694183864 0.9377110694183864 0.0 0.0 0.0 0.0 0.0 0.0 0.0 0.0 0.0 0.0 0.0 
479 0.9377110694183864 0.9377110694183864 0.9377110694183864 0.9377110694183864 0.9377110694183864 0.9377110694183864 0.9377110694183864 0.9377110694183864 0.9377110694183864 0.9377110694183864 0.0 0.0 0.0 0.0 0.0 0.0 0.0 0.0 0.0 0.0 0.0 
480 0.9377110694183864 0.9377110694183864 0.9377110694183864 0.9377110694183864 0.9377110694183864 0.9377110694183864 0.9377110694183864 0.9377110694183864 0.9377110694183864 0.9377110694183864 0.0 0.0 0.0 0.0 0.0 0.0 0.0 0.0 0.0 0.0 0.0 
481 0.9377110694183864 0.9377110694183864 0.9377110694183864 0.9377110694183864 0.9377110694183864 0.9377110694183864 0.9377110694183864 0.9377110694183864 0.9377110694183864 0.9377110694183864 0.0 0.0 0.0 0.0 0.0 0.0 0.0 0.0 0.0 0.0 0.0 
482 0.9377110694183864 0.9377110694183864 0.9377110694183864 0.9377110694183864 0.9377110694183864 0.9377110694183864 0.9377110694183864 0.9377110694183864 0.9377110694183864 0.9377110694183864 0.0 0.0 0.0 0.0 0.0 0.0 0.0 0.0 0.0 0.0 0.0 
483 0.9377110694183864 0.9377110694183864 0.9377110694183864 0.9377110694183864 0.9377110694183864 0.9377110694183864 0.9377110694183864 0.9377110694183864 0.9377110694183864 0.9377110694183864 0.0 0.0 0.0 0.0 0.0 0.0 0.0 0.0 0.0 0.0 0.0 
484 0.9377110694183864 0.9377110694183864 0.9377110694183864 0.9377110694183864 0.9377110694183864 0.9377110694183864 0.9377110694183864 0.9377110694183864 0.9377110694183864 0.9377110694183864 0.0 0.0 0.0 0.0 0.0 0.0 0.0 0.0 0.0 0.0 0.0 
485 0.9377110694183864 0.9377110694183864 0.9377110694183864 0.9377110694183864 0.9377110694183864 0.9377110694183864 0.9377110694183864 0.9377110694183864 0.9377110694183864 0.9377110694183864 0.0 0.0 0.0 0.0 0.0 0.0 0.0 0.0 0.0 0.0 0.0 
486 0.9377110694183864 0.9377110694183864 0.9377110694183864 0.9377110694183864 0.9377110694183864 0.9377110694183864 0.9377110694183864 0.9377110694183864 0.9377110694183864 0.9377110694183864 0.0 0.0 0.0 0.0 0.0 0.0 0.0 0.0 0.0 0.0 0.0 
487 0.9377110694183864 0.9377110694183864 0.9377110694183864 0.9377110694183864 0.9377110694183864 0.9377110694183864 0.9377110694183864 0.9377110694183864 0.9377110694183864 0.9377110694183864 0.0 0.0 0.0 0.0 0.0 0.0 0.0 0.0 0.0 0.0 0.0 
488 0.9377110694183864 0.9377110694183864 0.9377110694183864 0.9377110694183864 0.9377110694183864 0.9377110694183864 0.9377110694183864 0.9377110694183864 0.9377110694183864 0.9377110694183864 0.0 0.0 0.0 0.0 0.0 0.0 0.0 0.0 0.0 0.0 0.0 
489 0.9377110694183864 0.9377110694183864 0.9377110694183864 0.9377110694183864 0.9377110694183864 0.9377110694183864 0.9377110694183864 0.9377110694183864 0.9377110694183864 0.9377110694183864 0.0 0.0 0.0 0.0 0.0 0.0 0.0 0.0 0.0 0.0 0.0 
490 0.9377110694183864 0.9377110694183864 0.9377110694183864 0.9377110694183864 0.9377110694183864 0.9377110694183864 0.9377110694183864 0.9377110694183864 0.9377110694183864 0.9377110694183864 0.0 0.0 0.0 0.0 0.0 0.0 0.0 0.0 0.0 0.0 0.0 
491 0.9377110694183864 0.9377110694183864 0.9377110694183864 0.9377110694183864 0.9377110694183864 0.9377110694183864 0.9377110694183864 0.9377110694183864 0.9377110694183864 0.9377110694183864 0.0 0.0 0.0 0.0 0.0 0.0 0.0 0.0 0.0 0.0 0.0 
492 0.9377110694183864 0.9377110694183864 0.9377110694183864 0.9377110694183864 0.9377110694183864 0.9377110694183864 0.9377110694183864 0.9377110694183864 0.9377110694183864 0.9377110694183864 0.0 0.0 0.0 0.0 0.0 0.0 0.0 0.0 0.0 0.0 0.0 
493 0.9377110694183864 0.9377110694183864 0.9377110694183864 0.9377110694183864 0.9377110694183864 0.9377110694183864 0.9377110694183864 0.9377110694183864 0.9377110694183864 0.9377110694183864 0.0 0.0 0.0 0.0 0.0 0.0 0.0 0.0 0.0 0.0 0.0 
494 0.9377110694183864 0.9377110694183864 0.9377110694183864 0.9377110694183864 0.9377110694183864 0.9377110694183864 0.9377110694183864 0.9377110694183864 0.9377110694183864 0.9377110694183864 0.0 0.0 0.0 0.0 0.0 0.0 0.0 0.0 0.0 0.0 0.0 
495 0.9377110694183864 0.9377110694183864 0.9377110694183864 0.9377110694183864 0.9377110694183864 0.9377110694183864 0.9377110694183864 0.9377110694183864 0.9377110694183864 0.9377110694183864 0.04644790665807872 0.0 0.0 0.0 0.0 0.0 0.0 0.0 0.0 0.0 0.0 
496 0.9377110694183864 0.9377110694183864 0.9377110694183864 0.9377110694183864 0.9377110694183864 0.9377110694183864 0.9377110694183864 0.9377110694183864 0.9377110694183864 0.9377110694183864 0.046868025117823134 0.0 0.0 0.0 0.0 0.0 0.0 0.0 0.0 0.0 0.0 
497 0.9377110694183864 0.9377110694183864 0.9377110694183864 0.9377110694183864 0.9377110694183864 0.9377110694183864 0.9377110694183864 0.9377110694183864 0.9377110694183864 0.9377110694183864 0.04688555347091933 0.0 0.0 0.0 0.0 0.0 0.0 0.0 0.0 0.0 0.0 
498 0.9377110694183864 0.9377110694183864 0.9377110694183864 0.9377110694183864 0.9377110694183864 0.9377110694183864 0.9377110694183864 0.9377110694183864 0.9377110694183864 0.9377110694183864 0.0939268201257341 0.0 0.0 0.0 0.0 0.0 0.0 0.0 0.0 0.0 0.0 
499 0.9377110694183864 0.9377110694183864 0.9377110694183864 0.9377110694183864 0.9377110694183864 0.9377110694183864 0.9377110694183864 0.9377110694183864 0.9377110694183864 0.9377110694183864 0.1403984768053777 0.0 0.0 0.0 0.0 0.0 0.0 0.0 0.0 0.0 0.0 
