0 100.45 293.05 272.15 273.4 269.45 267.75 260.9 262.7 261.95 261.45 261.85 258.75 255.55 257.1 264.85 255.0 258.8 261.0 255.8 257.25 255.6 
1 0.1 574.05 558.8 546.3 531.15 527.6 538.6 516.65 525.45 530.35 518.05 526.55 514.05 530.65 519.5 518.95 518.35 508.65 525.35 516.35 520.5 
2 0.0 552.95 548.95 543.45 540.35 534.3 523.9 529.4 532.15 524.0 517.05 516.95 526.9 517.35 521.4 518.55 515.05 517.1 515.65 516.6 516.45 
3 0.0 552.65 539.9 534.15 524.35 533.1 525.85 528.4 525.05 510.45 529.4 517.45 523.0 531.2 515.4 523.65 517.4 512.1 515.9 518.5 511.4 
4 0.0 540.0 536.6 534.95 525.15 527.45 524.65 524.7 523.2 529.8 523.5 527.3 523.95 518.1 511.85 515.6 523.5 521.55 507.95 514.45 518.85 
5 0.0 516.95 528.05 523.4 532.1 531.1 522.85 526.9 515.0 524.35 521.3 520.4 509.75 513.3 516.4 516.3 517.55 525.35 516.35 519.35 512.6 
6 0.0 513.2 521.2 525.3 531.05 521.45 527.1 529.9 524.45 526.2 513.05 524.95 522.7 515.8 524.95 526.1 522.05 515.75 521.55 517.5 519.6 
7 0.0 502.2 514.8 519.05 516.4 527.9 526.35 520.0 520.15 521.2 519.75 517.65 518.8 516.35 518.4 523.05 528.0 519.65 517.75 513.8 517.95 
8 0.0 500.8 519.35 518.3 521.6 516.4 522.95 521.7 519.1 510.4 516.75 514.15 527.65 521.9 525.05 522.3 513.55 519.55 516.9 513.65 520.55 
9 0.0 504.1 506.1 503.95 521.4 510.05 514.65 514.1 528.0 514.75 513.7 517.4 525.15 516.6 514.85 511.35 508.9 512.4 524.3 514.75 523.1 
10 0.0 498.4 509.0 511.5 505.15 510.55 511.1 513.25 512.3 515.3 528.15 514.55 517.95 513.9 514.5 506.2 511.9 514.3 505.8 514.65 518.05 
11 0.0 490.85 499.1 500.8 514.95 515.6 509.25 511.85 516.55 520.95 508.05 507.9 509.95 508.95 514.1 516.1 513.65 509.1 505.35 517.95 513.6 
12 0.0 508.0 508.3 504.55 513.1 508.25 502.0 507.8 506.8 508.8 522.8 512.25 505.95 504.5 509.3 508.65 510.0 512.0 518.35 511.7 508.1 
13 0.0 502.5 494.85 502.1 497.35 512.4 510.2 502.6 506.5 502.55 499.2 515.4 504.4 512.65 509.5 510.75 509.5 506.55 512.55 519.8 505.4 
14 0.0 499.9 501.6 508.0 500.4 496.95 502.35 505.5 498.5 506.05 507.4 504.35 512.8 505.9 512.45 512.6 502.75 519.5 506.9 515.0 507.25 
15 0.0 502.15 503.75 497.75 496.8 506.8 503.85 515.0 504.6 514.2 512.65 508.85 495.0 512.6 508.1 503.35 506.8 507.05 515.45 510.15 506.85 
16 0.0 502.7 504.8 501.25 499.65 496.95 502.1 501.9 498.8 505.45 501.75 493.15 506.0 509.45 507.35 508.7 519.15 512.45 521.8 506.25 506.4 
17 0.0 494.05 498.0 504.75 498.85 494.65 508.65 501.85 503.7 491.6 505.5 506.4 501.3 505.5 501.2 508.65 507.75 514.7 505.75 500.0 504.85 
18 0.0 504.7 486.0 501.55 509.75 497.7 508.55 499.75 507.9 497.6 501.25 509.85 512.0 503.6 498.05 513.0 516.9 511.6 504.2 515.65 506.5 
19 0.0 503.8 497.25 491.45 500.95 494.55 502.4 504.45 498.45 506.4 505.2 499.8 506.45 502.25 510.35 502.75 503.95 509.7 511.4 502.1 516.7 
20 0.0 491.35 500.9 496.2 493.25 515.2 499.8 498.5 506.0 504.7 499.2 505.25 500.45 502.1 519.5 497.95 504.9 500.95 503.65 510.2 502.8 
21 0.0 495.75 504.0 502.8 500.5 504.8 499.4 509.85 500.8 504.45 499.45 502.85 508.4 504.15 502.85 500.35 493.4 501.95 496.15 504.35 505.3 
22 0.0 498.45 493.95 502.95 504.4 495.1 499.7 502.3 497.9 499.85 498.5 501.6 506.85 506.85 501.0 510.35 500.7 501.05 506.95 500.3 508.95 
23 0.0 497.4 504.05 500.4 497.65 497.2 498.85 500.45 498.25 500.1 511.8 507.3 495.6 501.1 501.6 500.0 509.35 496.9 501.25 501.7 503.6 
24 0.0 508.7 497.95 500.5 493.55 498.95 499.75 497.35 491.1 499.35 494.4 503.35 508.65 500.9 495.35 499.35 493.85 497.1 496.7 501.9 507.3 
25 0.0 502.95 500.8 496.8 496.8 494.95 502.3 507.0 502.3 505.85 505.75 502.2 499.55 500.0 493.7 503.85 502.4 512.4 507.4 499.45 495.2 
26 0.0 499.45 495.4 494.4 493.1 499.35 494.05 504.9 506.25 496.45 499.95 498.55 495.9 490.5 503.55 499.65 500.4 500.75 505.15 499.3 500.0 
27 0.0 497.95 497.05 500.7 503.9 506.35 503.8 506.35 515.9 512.45 511.25 502.0 507.55 510.9 496.8 504.4 504.4 499.45 501.2 493.9 499.05 
28 0.0 502.1 502.6 505.7 499.55 504.4 490.75 492.3 506.3 498.75 508.4 503.35 497.9 497.7 499.3 495.75 502.2 492.1 491.9 509.7 498.7 
29 0.0 496.8 495.2 501.15 495.75 503.4 498.55 493.1 490.45 502.15 501.7 494.8 490.65 504.15 502.85 498.95 504.9 502.95 489.95 494.3 500.8 
30 0.0 496.65 496.05 490.7 506.75 489.8 508.3 501.5 495.55 492.7 499.15 506.5 505.3 499.85 498.2 502.2 495.6 492.6 504.5 504.45 495.55 
31 0.0 501.1 494.9 501.35 502.55 508.7 508.3 500.9 496.4 508.55 506.2 503.55 499.6 508.65 509.25 506.9 506.35 498.3 502.15 502.05 504.05 
32 0.0 496.2 501.35 496.25 505.35 501.95 499.4 491.5 503.85 500.8 490.65 514.35 501.9 494.3 504.5 499.3 499.7 505.5 505.85 498.5 497.4 
33 0.0 501.9 505.35 500.95 506.25 499.8 505.45 498.95 503.1 501.4 502.3 493.1 501.5 503.3 490.8 502.4 497.0 500.65 501.5 491.25 498.25 
34 0.0 504.85 501.35 499.2 505.25 502.65 501.25 496.05 503.05 495.25 495.95 499.55 509.75 504.3 509.9 503.95 509.05 503.55 500.95 509.7 497.45 
35 0.0 495.85 500.5 504.25 496.65 496.2 500.75 502.4 500.75 501.6 504.15 495.1 505.55 503.0 506.0 510.95 499.05 503.4 506.35 503.0 505.3 
36 0.0 500.75 503.75 504.45 498.9 495.85 497.0 502.3 500.5 505.55 502.85 499.95 506.4 499.3 496.5 492.3 494.45 505.25 503.4 502.7 503.0 
37 0.0 498.4 500.95 510.4 495.25 498.3 498.8 503.35 501.1 496.9 495.2 500.15 501.55 495.85 498.8 496.65 505.5 507.9 503.65 506.7 506.3 
38 0.0 499.7 513.8 504.3 511.9 502.75 498.3 503.3 490.15 500.6 495.25 496.75 498.45 494.65 502.55 503.3 505.25 496.85 503.75 501.45 500.45 
39 0.0 498.85 497.95 495.3 505.35 504.55 493.45 502.35 500.5 503.9 500.75 504.95 498.25 507.8 501.05 509.8 506.3 503.4 504.7 502.15 498.95 
40 0.0 500.55 502.25 504.0 502.55 506.75 492.45 494.4 505.8 501.5 496.35 494.4 496.15 512.45 498.6 506.35 507.55 505.85 498.0 488.7 495.45 
41 0.0 498.55 498.5 492.8 498.0 505.45 500.3 497.7 499.7 501.5 503.7 506.45 500.8 502.95 498.35 497.85 504.05 502.5 499.65 506.15 512.85 
42 0.0 498.9 504.35 502.95 499.7 494.65 504.4 501.85 500.6 505.4 505.35 500.7 496.2 500.9 503.1 501.75 495.7 495.75 495.6 505.65 498.5 
43 0.0 493.25 494.2 495.5 496.5 487.45 509.0 500.2 500.1 501.55 499.35 503.05 497.2 501.9 501.2 501.35 495.65 503.55 491.1 506.6 502.95 
44 0.0 411.8 490.05 502.8 500.8 503.95 506.05 508.0 504.55 493.55 502.1 497.95 503.85 497.9 505.15 495.95 488.25 496.45 500.6 504.5 500.15 
45 0.0 267.9 503.2 501.15 494.7 511.95 505.35 492.5 502.1 498.7 498.85 500.4 495.3 496.65 491.9 496.7 499.1 490.5 503.45 485.1 497.9 
46 0.0 88.8 504.15 502.25 506.85 501.1 496.2 505.0 502.95 504.75 497.7 504.25 510.65 502.3 497.55 491.6 492.85 506.6 503.4 503.2 498.85 
47 0.0 21.0 502.3 502.15 488.25 497.95 503.6 505.5 507.05 506.3 504.95 508.05 505.05 494.75 499.65 503.45 499.35 493.2 498.35 499.0 491.2 
48 0.0 2.1 491.35 498.9 507.9 501.75 505.8 501.3 493.45 494.45 505.1 501.45 501.45 492.55 508.3 503.3 503.25 506.45 493.0 492.7 494.95 
49 0.0 0.05 492.6 502.3 490.9 506.45 500.55 502.0 501.3 509.8 505.6 496.45 495.4 505.05 502.7 495.05 507.25 503.8 499.9 497.35 501.1 
50 0.0 0.0 510.25 496.55 498.65 488.05 495.7 487.1 507.55 489.45 499.9 504.35 503.35 497.6 494.0 493.35 496.7 501.9 508.65 493.15 502.7 
51 0.0 0.0 495.3 495.75 501.5 499.05 499.65 507.8 500.8 502.45 502.05 503.8 494.55 498.45 495.0 494.75 490.55 490.25 498.05 500.2 501.3 
52 0.0 0.0 498.65 495.5 501.05 499.7 498.15 502.75 509.9 504.4 495.55 499.8 505.9 506.5 500.15 496.75 496.5 488.2 496.55 504.75 502.7 
53 0.0 0.0 502.05 502.35 496.5 503.6 499.2 499.0 501.25 504.75 501.3 506.2 500.65 498.4 508.05 501.35 502.45 506.35 500.9 500.4 504.7 
54 0.0 0.0 499.2 490.8 505.55 492.4 496.65 499.55 495.95 499.45 499.0 499.7 500.75 494.05 504.05 501.65 503.35 500.85 489.35 496.3 499.15 
55 0.0 0.0 504.0 504.05 493.25 504.0 501.1 496.4 496.9 505.6 501.9 501.8 501.1 505.25 493.6 506.55 502.4 493.0 497.9 506.45 502.45 
56 0.0 0.0 501.15 498.8 492.2 497.45 495.0 500.0 492.9 501.7 509.5 496.3 503.2 505.0 494.35 500.1 492.25 495.65 498.0 494.25 499.05 
57 0.0 0.0 496.45 505.45 498.75 490.8 502.15 500.25 507.05 498.95 491.3 504.5 502.8 498.55 504.55 500.7 503.1 500.6 500.4 498.15 504.3 
58 0.0 0.0 496.95 500.5 500.15 500.15 497.4 503.25 493.1 494.85 504.5 502.05 494.75 501.3 498.95 507.35 510.65 496.95 498.8 508.75 496.05 
59 0.0 0.0 495.25 497.85 501.4 492.95 501.95 504.3 490.2 493.55 496.55 494.2 496.75 496.25 502.2 509.5 500.95 504.05 497.05 500.6 501.95 
60 0.0 0.0 496.6 495.85 496.35 502.55 501.95 493.8 511.5 492.85 499.1 492.85 494.0 504.5 501.85 502.1 500.1 506.6 511.45 498.05 506.9 
61 0.0 0.0 500.6 499.6 511.7 514.4 495.95 507.45 495.7 497.7 503.05 499.25 497.3 504.1 502.0 501.35 511.05 510.3 497.6 505.0 499.7 
62 0.0 0.0 498.5 499.45 499.75 503.8 502.05 499.3 497.7 503.0 496.75 497.6 490.8 497.65 503.5 502.45 491.4 494.1 498.45 505.55 505.75 
63 0.0 0.0 505.55 498.05 508.85 496.1 500.6 498.4 494.95 491.65 489.15 491.85 502.5 500.15 500.4 496.35 502.2 503.25 509.5 496.0 501.7 
64 0.0 0.0 508.15 506.0 499.1 504.8 514.8 494.95 496.55 502.2 501.1 506.5 497.15 503.4 502.45 491.65 496.4 503.95 504.25 511.15 500.8 
65 0.0 0.0 504.1 497.45 499.15 499.4 493.85 496.8 502.15 498.1 500.05 494.4 503.6 505.1 503.8 495.25 492.65 497.0 505.7 501.75 492.45 
66 0.0 0.0 497.65 498.9 498.6 497.55 495.6 501.85 506.0 493.5 493.6 496.9 504.95 494.2 497.1 502.0 496.65 501.1 503.0 498.5 504.5 
67 0.0 0.0 494.4 506.75 501.65 501.9 490.9 488.95 496.4 505.05 502.85 492.7 499.95 497.65 507.35 503.6 508.05 500.05 502.15 498.2 500.65 
68 0.0 0.0 499.2 504.85 495.5 502.1 498.5 497.1 495.6 494.45 491.95 502.2 500.15 500.75 500.35 500.6 507.9 498.2 497.0 504.8 508.75 
69 0.0 0.0 501.75 493.7 500.7 500.75 499.8 509.5 497.25 495.35 498.85 502.85 501.15 496.75 492.8 492.6 502.55 497.3 497.45 500.15 488.1 
70 0.0 0.0 497.45 491.9 494.95 497.75 505.7 503.9 497.45 508.8 508.65 502.05 495.2 500.9 499.85 502.45 499.05 507.2 504.25 499.05 500.15 
71 0.0 0.0 504.95 498.85 495.8 494.35 499.5 498.8 502.5 498.05 493.2 500.0 503.25 491.75 492.3 501.15 488.5 512.3 503.6 498.05 501.35 
72 0.0 0.0 497.25 496.35 506.2 501.55 501.5 495.55 503.35 498.95 492.45 498.6 502.3 495.1 499.2 495.9 499.5 498.9 504.6 509.45 497.1 
73 0.0 0.0 500.2 506.15 494.35 497.55 493.6 503.5 505.05 503.5 505.15 499.1 498.55 491.0 500.35 493.35 506.25 501.85 500.25 499.4 505.9 
74 0.0 0.0 497.15 499.15 501.6 512.75 501.9 508.5 501.05 500.45 503.25 496.25 500.65 494.7 492.55 505.3 502.45 494.95 487.3 497.4 505.35 
75 0.0 0.0 499.4 505.3 499.7 492.8 503.45 502.65 503.8 508.7 497.45 495.8 500.3 505.7 495.8 497.85 502.25 501.35 503.6 500.15 502.45 
76 0.0 0.0 500.7 502.55 500.65 496.9 497.2 492.9 494.35 502.65 502.5 507.2 494.0 512.55 503.65 505.4 500.8 505.35 502.4 499.35 500.85 
77 0.0 0.0 503.85 496.95 506.1 489.3 500.05 488.75 495.05 497.45 500.25 505.8 503.85 511.4 505.8 500.0 498.25 496.35 499.25 500.95 505.45 
78 0.0 0.0 494.3 495.35 493.8 502.65 494.1 499.2 498.55 497.9 497.55 503.05 501.9 498.45 508.85 506.8 505.65 501.15 504.85 498.1 493.15 
79 0.0 0.0 498.4 506.2 502.0 498.35 501.4 495.6 495.1 499.9 498.15 488.9 513.1 507.25 500.8 495.4 502.05 496.35 497.35 496.95 493.9 
80 0.0 0.0 497.45 491.45 499.45 495.05 493.8 508.35 503.6 496.45 510.35 503.35 499.2 499.7 496.35 494.35 493.2 490.3 499.25 503.45 500.25 
81 0.0 0.0 507.4 500.05 502.65 502.0 496.85 496.7 489.45 507.75 500.1 502.85 487.75 497.4 495.15 498.6 497.95 504.5 497.65 501.3 499.85 
82 0.0 0.0 502.05 500.5 498.45 497.25 501.6 497.8 505.15 489.95 494.0 500.05 500.95 491.25 498.2 500.65 494.85 492.95 498.9 502.85 500.45 
83 0.0 0.0 497.1 499.0 493.4 500.0 505.4 499.85 501.7 495.8 500.9 502.35 499.8 501.15 497.5 503.8 501.8 509.05 500.9 493.25 504.25 
84 0.0 0.0 495.7 501.35 500.45 511.35 493.9 497.95 497.75 496.55 501.35 494.35 492.2 496.0 494.85 494.4 506.3 499.7 502.35 498.8 510.2 
85 0.0 0.0 507.8 503.7 508.4 501.55 507.65 499.1 498.7 498.6 495.8 490.25 496.5 485.55 499.55 489.35 487.85 495.45 500.4 504.7 496.2 
86 0.0 0.0 499.55 489.05 493.45 501.8 489.55 507.6 499.45 496.9 500.25 488.4 497.05 501.85 498.65 508.0 500.55 489.15 495.2 503.1 490.4 
87 0.0 0.0 484.75 500.8 505.85 489.6 497.5 500.05 506.05 505.75 489.95 503.2 502.45 506.6 496.8 500.85 495.65 500.7 498.35 498.7 499.7 
88 0.0 0.0 464.4 506.6 497.0 496.35 497.85 489.45 500.05 502.9 492.5 500.05 497.0 501.95 502.55 492.5 502.5 499.05 495.95 494.4 497.45 
89 0.0 0.0 420.55 503.4 500.35 497.2 502.8 499.9 492.1 493.3 504.85 504.05 491.1 494.4 497.05 506.2 493.25 495.1 499.95 500.05 496.4 
90 0.0 0.0 310.75 508.95 500.7 505.45 494.95 502.1 498.85 500.65 500.25 506.05 507.25 499.85 501.35 496.6 506.9 509.45 504.3 501.5 493.35 
91 0.0 0.0 156.35 494.9 505.4 503.55 505.15 497.6 502.5 497.95 495.25 496.55 505.4 492.55 502.55 509.35 497.35 505.0 502.5 489.55 499.55 
92 0.0 0.0 76.1 502.15 501.95 503.7 500.65 496.1 504.25 505.0 502.3 499.3 499.15 501.3 498.95 500.0 510.6 497.8 492.95 501.25 497.4 
93 0.0 0.0 14.9 493.5 482.5 497.55 504.65 504.4 494.0 500.05 499.2 489.0 494.05 501.35 507.95 498.35 501.15 501.7 505.9 509.2 502.0 
94 0.0 0.0 0.65 503.35 504.75 501.0 498.9 496.9 498.25 504.4 505.45 500.0 497.8 498.5 501.1 502.75 499.45 511.1 497.75 489.0 499.7 
95 0.0 0.0 0.15 499.3 498.75 496.0 498.55 494.15 501.5 499.0 506.5 500.05 504.15 502.2 507.75 513.1 497.65 501.75 501.25 499.25 509.0 
96 0.0 0.0 0.0 488.35 497.2 495.35 493.95 501.3 506.2 497.1 498.7 507.7 503.3 505.5 502.2 503.45 507.55 499.45 498.75 499.55 496.9 
97 0.0 0.0 0.0 507.15 508.5 493.05 497.45 505.85 505.75 502.3 503.9 498.75 503.9 505.5 497.4 503.65 505.2 501.5 500.7 504.35 497.8 
98 0.0 0.0 0.0 503.55 498.15 493.65 509.65 503.4 498.95 499.8 500.6 502.35 502.7 498.2 496.5 495.8 503.2 504.1 498.95 501.2 499.15 
99 0.0 0.0 0.0 499.2 513.25 502.6 501.8 499.5 503.35 503.75 500.45 505.85 502.05 505.15 492.65 501.4 500.1 499.7 498.9 492.85 500.6 
100 0.0 0.0 0.0 503.95 489.5 502.45 492.6 505.0 503.9 505.35 511.4 512.75 493.25 502.75 506.95 500.4 496.75 498.2 495.8 507.2 507.5 
101 0.0 0.0 0.0 498.5 493.8 499.4 501.15 499.15 491.9 499.55 498.65 497.95 504.0 496.9 498.55 483.4 496.8 495.5 501.15 499.15 492.7 
102 0.0 0.0 0.0 493.6 498.15 499.95 499.2 497.7 502.1 493.85 505.15 505.15 501.8 499.1 498.0 498.05 501.35 498.45 504.2 497.25 497.35 
103 0.0 0.0 0.0 507.85 500.1 499.5 498.35 494.0 499.5 502.7 491.25 499.15 507.2 495.75 494.85 491.85 497.55 499.65 503.0 498.0 500.55 
104 0.0 0.0 0.0 498.8 494.25 505.45 493.7 505.9 490.25 491.9 497.75 492.85 496.4 502.15 497.8 508.1 489.9 499.6 497.4 497.8 499.2 
105 0.0 0.0 0.0 499.8 500.1 499.6 496.0 501.15 496.75 497.05 502.85 503.75 499.8 506.1 503.95 496.05 502.45 497.1 503.2 505.6 497.15 
106 0.0 0.0 0.0 501.0 503.1 503.05 505.5 496.85 502.55 493.6 499.15 496.95 502.3 491.05 500.4 502.0 506.6 499.6 505.1 505.15 500.2 
107 0.0 0.0 0.0 497.9 503.2 498.5 506.0 497.75 492.25 505.6 497.75 506.9 502.35 507.5 509.4 506.75 491.9 500.85 496.4 502.3 515.55 
108 0.0 0.0 0.0 505.0 505.35 500.85 499.5 493.95 502.25 505.35 495.05 498.85 500.6 501.1 496.2 489.55 495.2 498.75 497.2 498.0 495.55 
109 0.0 0.0 0.0 493.7 504.9 496.75 503.05 507.6 497.95 497.45 501.8 500.55 490.25 499.4 501.2 501.25 506.3 499.25 499.8 490.55 500.35 
110 0.0 0.0 0.0 490.9 486.7 500.1 503.15 499.95 494.6 495.2 497.85 498.4 499.95 501.3 498.15 505.5 508.8 502.9 498.5 503.6 506.9 
111 0.0 0.0 0.0 503.25 499.0 503.3 497.7 500.2 508.3 503.45 502.85 497.0 498.75 503.9 498.85 493.3 501.25 501.95 497.2 502.65 495.3 
112 0.0 0.0 0.0 501.1 501.8 495.55 502.05 511.65 497.8 499.25 502.15 492.6 496.3 496.1 503.6 505.6 492.6 501.65 509.7 500.9 504.5 
113 0.0 0.0 0.0 506.8 501.45 501.25 499.4 497.1 511.65 505.05 497.55 501.6 498.4 499.5 506.25 503.3 500.05 496.5 508.5 503.75 499.55 
114 0.0 0.0 0.0 503.95 500.4 504.25 506.2 494.75 500.35 507.1 495.4 502.5 506.5 501.3 498.1 500.35 496.3 491.9 507.15 503.75 510.65 
115 0.0 0.0 0.0 493.75 497.15 494.35 492.0 494.7 500.9 492.8 502.95 501.4 495.3 488.85 501.6 494.4 500.2 515.2 495.45 501.3 495.15 
116 0.0 0.0 0.0 493.65 500.35 492.65 492.35 495.6 495.15 491.35 503.75 499.4 502.35 496.8 496.0 502.4 503.05 506.15 494.9 499.55 504.9 
117 0.0 0.0 0.0 503.85 500.65 497.65 497.65 501.1 491.6 503.95 499.1 493.6 498.95 501.3 498.9 490.85 507.95 500.25 504.8 501.05 502.4 
118 0.0 0.0 0.0 496.1 503.45 506.8 494.5 496.05 500.75 503.9 495.65 499.2 505.15 505.15 491.25 508.95 493.0 501.15 495.75 491.3 493.0 
119 0.0 0.0 0.0 502.4 505.95 502.55 505.6 500.0 504.5 496.55 495.4 509.15 503.85 499.35 501.45 499.2 498.2 490.95 494.55 497.2 493.0 
120 0.0 0.0 0.0 499.9 495.65 496.1 497.5 494.0 510.6 508.65 497.1 500.1 501.55 503.6 504.9 495.9 503.5 489.05 490.6 495.8 496.35 
121 0.0 0.0 0.0 501.5 492.75 496.45 507.45 505.1 506.35 496.3 510.55 489.95 505.95 502.65 500.3 494.45 501.2 492.8 504.2 495.3 490.7 
122 0.0 0.0 0.0 497.65 499.55 510.35 506.75 504.2 505.95 506.25 501.8 506.8 498.45 503.1 500.05 503.35 493.75 498.3 493.45 499.7 501.05 
123 0.0 0.0 0.0 499.3 500.15 496.6 499.25 505.5 501.05 499.45 499.2 502.5 508.1 504.35 500.55 502.45 503.4 504.3 495.1 492.5 501.15 
124 0.0 0.0 0.0 501.8 497.75 501.55 506.55 509.3 499.4 501.8 500.9 505.05 501.7 498.4 509.8 505.3 497.4 496.8 499.3 495.0 502.35 
125 0.0 0.0 0.0 503.15 497.8 506.6 499.45 500.1 494.7 494.05 497.05 501.8 498.85 491.9 496.1 506.15 492.7 501.85 502.85 508.85 497.9 
126 0.0 0.0 0.0 494.75 502.6 495.45 497.4 499.8 502.2 492.85 504.6 504.75 491.65 498.2 489.5 494.9 503.25 500.95 508.3 507.4 491.5 
127 0.0 0.0 0.0 500.8 508.7 501.85 497.65 498.55 501.1 500.3 494.7 492.05 496.55 501.85 502.35 499.15 509.7 500.2 502.0 506.65 500.95 
128 0.0 0.0 0.0 499.7 502.1 496.65 500.2 502.6 497.35 503.0 505.85 494.85 497.25 502.45 499.25 505.55 504.0 505.9 493.05 495.65 495.9 
129 0.0 0.0 0.0 504.35 500.0 496.05 503.0 502.95 503.75 501.95 493.75 495.5 509.7 501.65 500.4 501.0 499.85 504.55 503.85 504.55 509.45 
130 0.0 0.0 0.0 500.45 498.45 507.05 500.2 492.65 495.5 503.65 501.95 503.6 502.25 499.35 499.95 503.0 498.35 495.85 492.55 499.65 502.4 
131 0.0 0.0 0.0 497.9 497.55 499.15 503.65 503.5 501.8 497.3 508.15 503.0 494.5 500.75 503.45 502.15 497.3 499.05 504.7 495.8 495.75 
132 0.0 0.0 0.0 501.7 504.9 508.3 508.15 500.5 498.5 497.55 506.05 501.35 494.6 502.9 498.4 497.95 491.0 511.35 497.45 499.75 496.9 
133 0.0 0.0 0.0 458.5 498.75 502.5 498.2 511.7 501.25 510.0 496.55 503.3 501.75 504.3 501.2 505.55 506.6 493.2 499.55 501.05 503.95 
134 0.0 0.0 0.0 397.65 500.3 497.3 508.4 497.05 496.7 508.15 506.3 503.35 505.3 502.1 507.55 493.15 498.3 501.9 502.8 498.65 501.35 
135 0.0 0.0 0.0 300.2 499.0 504.9 499.65 500.6 501.9 503.35 498.65 506.4 498.85 503.5 498.55 499.3 505.95 495.3 508.35 494.75 503.8 
136 0.0 0.0 0.0 198.9 495.2 494.45 495.05 506.75 498.3 500.95 492.35 495.5 497.8 494.05 502.75 496.35 494.65 498.15 502.25 498.6 498.7 
137 0.0 0.0 0.0 73.9 495.9 501.05 497.5 502.1 505.35 503.55 498.5 499.55 500.9 509.5 498.6 496.7 496.9 500.4 502.75 504.8 492.1 
138 0.0 0.0 0.0 48.15 515.9 495.7 495.75 498.7 508.1 501.45 501.35 498.6 505.0 495.95 500.3 505.85 498.85 498.65 493.55 495.7 498.75 
139 0.0 0.0 0.0 17.8 493.65 503.9 499.15 496.65 494.5 499.15 500.95 501.8 502.75 496.25 502.9 501.7 490.25 493.35 489.35 503.25 502.95 
140 0.0 0.0 0.0 3.85 505.7 498.2 500.8 491.85 495.85 496.45 506.85 495.55 492.75 494.05 498.5 496.25 496.0 496.3 500.1 496.2 492.65 
141 0.0 0.0 0.0 0.1 499.6 498.05 504.7 503.55 499.4 497.85 492.2 504.45 499.9 501.45 493.5 489.5 504.6 500.5 493.75 494.8 496.55 
142 0.0 0.0 0.0 0.0 495.7 504.15 501.75 501.05 495.75 487.55 500.9 498.2 498.65 503.85 503.6 500.6 501.95 506.6 495.1 505.4 497.95 
143 0.0 0.0 0.0 0.0 496.25 496.85 497.8 500.8 498.1 505.15 502.9 495.1 486.15 494.6 498.8 507.65 493.3 500.45 493.2 506.8 501.15 
144 0.0 0.0 0.0 0.0 497.9 495.3 494.7 494.95 505.0 494.25 498.05 493.35 501.15 494.6 498.75 496.4 499.1 504.7 508.1 500.5 500.8 
145 0.0 0.0 0.0 0.0 503.2 503.65 496.8 494.65 500.55 494.55 493.0 494.45 499.95 498.1 493.4 488.7 504.05 496.8 502.65 490.35 507.2 
146 0.0 0.0 0.0 0.0 505.55 504.7 498.95 504.45 497.1 500.9 503.0 501.35 499.4 501.6 497.45 504.1 514.45 499.75 501.2 492.8 496.0 
147 0.0 0.0 0.0 0.0 504.2 497.45 505.2 502.85 510.0 503.0 501.8 496.3 497.35 500.85 500.55 503.85 504.0 497.1 504.0 503.65 504.2 
148 0.0 0.0 0.0 0.0 490.85 495.9 500.0 504.35 501.8 498.95 489.5 500.45 498.45 496.0 502.05 495.45 492.15 500.8 490.25 501.65 495.6 
149 0.0 0.0 0.0 0.0 494.0 497.15 499.5 499.45 503.4 496.45 499.95 501.5 501.15 499.45 502.05 503.75 504.85 498.1 502.8 494.45 498.85 
150 0.0 0.0 0.0 0.0 505.25 504.5 497.5 503.2 490.65 492.8 505.75 499.05 504.9 499.4 503.45 501.35 503.4 499.05 497.4 502.7 497.25 
151 0.0 0.0 0.0 0.0 503.55 498.55 506.3 498.6 500.25 501.45 501.15 503.4 498.6 502.5 493.7 498.75 495.65 498.8 507.4 500.4 498.2 
152 0.0 0.0 0.0 0.0 499.35 498.95 496.2 499.25 497.0 508.1 501.75 500.4 500.9 502.85 506.5 497.8 503.0 505.95 493.4 508.5 505.7 
153 0.0 0.0 0.0 0.0 496.35 511.75 505.4 495.15 493.6 503.5 502.6 504.25 506.3 501.45 500.3 510.15 505.45 493.3 504.75 493.05 500.25 
154 0.0 0.0 0.0 0.0 505.4 497.6 498.15 503.75 504.7 500.15 507.6 506.65 504.75 497.55 496.95 497.6 502.25 504.3 497.9 501.05 505.3 
155 0.0 0.0 0.0 0.0 500.4 497.05 496.4 492.3 504.4 499.8 498.5 500.35 502.8 497.0 491.05 498.1 491.3 503.1 502.3 495.8 498.1 
156 0.0 0.0 0.0 0.0 504.6 499.15 515.25 505.75 496.3 501.85 497.0 505.3 499.25 501.3 504.75 500.05 497.6 483.15 499.9 500.3 497.8 
157 0.0 0.0 0.0 0.0 507.55 506.1 491.75 500.55 500.25 490.85 492.15 496.9 500.35 493.3 498.95 497.55 499.7 507.0 498.15 504.0 504.95 
158 0.0 0.0 0.0 0.0 495.65 502.85 499.75 491.85 508.0 505.8 501.55 498.95 501.15 499.9 491.2 499.6 497.35 504.8 499.0 502.3 499.9 
159 0.0 0.0 0.0 0.0 495.15 504.35 497.85 500.1 494.45 500.55 503.45 496.15 493.3 498.55 498.5 490.6 499.35 500.4 493.85 505.15 502.0 
160 0.0 0.0 0.0 0.0 497.7 496.6 499.1 493.05 494.4 496.55 495.0 498.75 500.05 496.65 496.6 500.0 501.2 500.9 506.05 503.95 495.0 
161 0.0 0.0 0.0 0.0 502.4 496.8 497.65 505.7 496.65 496.7 504.7 499.3 495.45 503.6 504.5 500.35 496.35 494.45 508.25 499.4 512.75 
162 0.0 0.0 0.0 0.0 503.6 496.1 497.55 500.75 496.75 503.8 497.8 490.85 486.7 498.25 490.45 499.25 495.5 497.3 496.95 496.1 494.7 
163 0.0 0.0 0.0 0.0 504.8 500.8 498.9 497.8 504.95 494.95 494.7 498.5 493.05 496.15 506.15 498.05 499.35 506.5 499.95 508.05 496.5 
164 0.0 0.0 0.0 0.0 496.9 503.6 501.0 498.65 502.0 503.8 496.45 503.1 506.9 501.8 490.15 506.5 498.05 492.35 499.5 503.4 497.9 
165 0.0 0.0 0.0 0.0 503.8 501.6 499.1 501.75 495.7 498.0 503.65 498.05 498.9 491.35 503.65 500.4 500.75 499.9 493.15 491.1 498.1 
166 0.0 0.0 0.0 0.0 496.4 489.5 505.55 497.8 505.1 500.35 496.8 503.95 502.2 499.45 508.3 503.2 495.7 498.75 495.65 495.15 496.05 
167 0.0 0.0 0.0 0.0 489.8 492.9 499.7 497.05 501.65 500.4 504.5 506.15 500.75 504.3 503.9 497.6 496.5 507.85 507.55 499.3 508.15 
168 0.0 0.0 0.0 0.0 494.9 506.65 490.65 504.05 495.55 503.8 512.35 497.6 503.3 498.4 496.75 496.75 496.0 495.35 500.35 494.65 498.5 
169 0.0 0.0 0.0 0.0 503.65 506.5 511.1 506.9 500.15 505.45 494.35 495.75 503.75 500.2 504.3 499.3 499.45 501.7 503.45 504.2 488.65 
170 0.0 0.0 0.0 0.0 506.3 501.5 501.85 506.0 506.6 499.1 500.3 503.35 507.45 506.25 495.7 493.6 494.35 497.4 496.45 492.5 506.2 
171 0.0 0.0 0.0 0.0 493.8 501.65 499.55 495.05 503.95 501.05 497.4 498.65 498.45 504.65 503.15 510.25 509.0 496.25 498.7 498.8 498.2 
172 0.0 0.0 0.0 0.0 505.85 506.2 499.2 503.15 502.5 499.45 499.3 500.9 497.05 502.45 494.9 494.85 501.5 500.55 499.6 501.7 499.05 
173 0.0 0.0 0.0 0.0 506.3 498.85 496.65 510.25 501.75 503.75 507.8 496.25 494.8 501.0 498.75 499.85 499.85 495.5 492.5 494.95 503.4 
174 0.0 0.0 0.0 0.0 496.7 494.7 498.1 495.7 493.35 498.15 496.5 503.2 505.95 500.5 499.8 495.65 497.5 502.95 502.05 499.45 492.5 
175 0.0 0.0 0.0 0.0 493.5 498.4 507.3 495.8 490.3 499.55 495.05 504.95 496.05 505.05 501.2 503.95 496.5 498.4 502.05 493.3 500.0 
176 0.0 0.0 0.0 0.0 498.95 502.6 497.65 492.9 501.8 494.65 494.95 493.3 497.6 507.7 506.2 499.85 501.5 504.75 498.65 500.95 495.1 
177 0.0 0.0 0.0 0.0 499.3 488.85 500.9 494.3 504.7 500.0 499.2 494.0 502.9 490.9 488.7 494.85 511.85 495.0 494.75 496.65 500.05 
178 0.0 0.0 0.0 0.0 452.75 498.0 495.55 491.75 495.55 497.65 503.4 497.3 489.9 502.0 506.1 499.9 497.55 502.3 503.3 504.6 499.15 
179 0.0 0.0 0.0 0.0 387.1 507.0 489.35 501.5 498.95 500.9 497.8 504.0 508.3 490.95 494.6 496.6 497.0 498.75 498.65 495.05 508.9 
180 0.0 0.0 0.0 0.0 334.55 502.7 499.4 505.4 494.6 499.1 487.75 504.85 490.7 491.8 506.15 494.95 494.8 499.6 503.75 511.85 498.2 
181 0.0 0.0 0.0 0.0 183.45 501.75 504.65 504.65 501.7 493.35 504.45 493.8 495.2 501.05 500.85 504.3 496.5 499.1 502.95 503.55 498.4 
182 0.0 0.0 0.0 0.0 129.25 496.3 506.4 498.45 491.9 491.1 496.95 493.95 505.1 495.4 498.25 498.6 508.0 501.0 501.75 505.5 494.7 
183 0.0 0.0 0.0 0.0 88.2 494.95 496.4 497.95 491.3 492.75 488.75 497.75 496.5 496.8 502.45 499.55 499.75 504.05 495.6 503.0 499.2 
184 0.0 0.0 0.0 0.0 66.15 493.05 503.75 499.75 505.75 502.25 500.0 493.8 499.3 486.6 496.2 501.8 500.8 495.15 494.2 495.7 505.15 
185 0.0 0.0 0.0 0.0 52.6 503.75 499.5 490.45 500.45 497.6 499.3 497.95 496.15 498.8 491.25 502.4 500.25 501.8 502.15 504.45 505.7 
186 0.0 0.0 0.0 0.0 16.35 507.7 496.75 503.0 500.3 502.7 501.55 504.5 492.55 503.9 502.3 496.75 496.95 492.9 494.95 488.45 498.8 
187 0.0 0.0 0.0 0.0 2.1 500.8 489.85 490.65 499.75 494.25 495.3 501.4 494.55 495.6 496.0 505.05 498.45 501.8 509.9 506.95 496.95 
188 0.0 0.0 0.0 0.0 0.05 500.05 505.3 493.55 492.65 501.15 500.15 488.1 497.15 507.7 488.6 496.7 497.15 504.0 500.65 505.0 494.2 
189 0.0 0.0 0.0 0.0 0.0 499.35 493.25 498.2 504.3 499.45 495.0 495.95 497.5 499.6 497.65 494.15 505.35 498.05 495.55 503.95 500.55 
190 0.0 0.0 0.0 0.0 0.0 500.25 494.3 505.25 499.65 497.25 495.0 506.75 504.15 499.4 500.35 495.45 488.55 499.05 494.95 497.4 498.95 
191 0.0 0.0 0.0 0.0 0.0 494.3 510.45 499.1 494.3 500.2 504.25 501.65 498.05 495.1 504.9 492.25 506.6 499.0 503.85 493.9 499.5 
192 0.0 0.0 0.0 0.0 0.0 501.75 485.05 501.5 497.15 502.35 504.9 496.6 500.05 505.6 511.85 507.05 503.95 499.45 504.75 493.4 506.1 
193 0.0 0.0 0.0 0.0 0.0 501.9 503.95 500.25 498.2 501.2 503.8 500.0 503.55 490.05 509.9 516.45 507.65 497.75 497.6 495.25 493.9 
194 0.0 0.0 0.0 0.0 0.0 500.45 498.45 502.3 497.95 505.25 501.35 502.2 496.35 507.5 496.15 501.35 498.85 500.75 497.35 499.35 499.75 
195 0.0 0.0 0.0 0.0 0.0 496.35 501.15 502.7 507.75 499.5 503.35 502.45 503.0 508.55 505.8 500.75 505.9 498.7 499.75 499.4 502.35 
196 0.0 0.0 0.0 0.0 0.0 495.9 502.2 491.2 500.15 502.65 499.85 499.3 506.35 501.35 500.15 504.7 496.9 502.85 501.1 500.3 502.1 
197 0.0 0.0 0.0 0.0 0.0 506.0 496.05 504.35 507.15 499.65 503.75 510.25 503.15 499.45 496.85 507.45 495.35 501.2 505.35 499.4 499.85 
198 0.0 0.0 0.0 0.0 0.0 496.55 504.35 498.95 505.0 502.25 500.65 503.6 506.7 506.75 504.4 499.2 498.75 511.75 502.6 504.05 508.7 
199 0.0 0.0 0.0 0.0 0.0 498.9 506.85 502.95 493.9 501.1 502.1 507.2 504.45 508.7 497.15 498.9 499.7 499.45 497.7 500.4 499.75 
200 0.0 0.0 0.0 0.0 0.0 503.3 497.3 503.7 491.3 502.65 506.6 500.4 510.2 499.5 495.9 494.05 497.3 503.45 497.1 506.4 502.55 
201 0.0 0.0 0.0 0.0 0.0 505.75 499.6 510.5 504.2 498.2 505.95 501.3 503.65 494.0 498.3 497.05 502.55 492.9 507.65 502.75 503.5 
202 0.0 0.0 0.0 0.0 0.0 501.75 521.65 502.45 506.45 498.8 496.55 493.15 497.15 504.55 509.2 508.95 495.95 500.4 501.7 499.25 501.85 
203 0.0 0.0 0.0 0.0 0.0 492.55 500.75 498.4 498.85 510.05 496.5 502.05 501.6 497.2 497.3 502.0 504.25 502.65 502.7 508.45 504.3 
204 0.0 0.0 0.0 0.0 0.0 495.05 495.0 500.95 502.15 499.25 501.25 504.25 502.05 507.1 516.05 496.05 501.6 496.4 504.95 499.15 501.75 
205 0.0 0.0 0.0 0.0 0.0 506.0 492.45 497.95 511.9 497.65 499.3 497.25 495.7 504.25 496.75 500.75 502.3 507.25 498.75 509.65 507.45 
206 0.0 0.0 0.0 0.0 0.0 501.85 503.2 499.9 500.2 495.85 500.85 500.5 502.05 499.85 500.85 512.1 503.6 515.9 499.1 507.4 499.9 
207 0.0 0.0 0.0 0.0 0.0 502.35 498.95 505.3 495.15 500.45 499.25 504.5 504.95 499.8 498.45 506.4 510.45 504.15 510.7 502.5 500.7 
208 0.0 0.0 0.0 0.0 0.0 495.65 493.65 496.85 498.1 496.5 497.1 502.8 497.25 498.7 506.95 502.8 506.15 507.1 508.55 503.9 502.7 
209 0.0 0.0 0.0 0.0 0.0 501.8 499.5 496.2 492.65 497.8 496.9 497.15 498.15 504.15 500.05 501.4 510.25 499.9 510.8 491.95 500.75 
210 0.0 0.0 0.0 0.0 0.0 499.3 504.75 501.3 497.8 500.45 504.85 502.0 503.95 491.3 497.0 509.15 504.1 503.0 494.8 507.6 501.8 
211 0.0 0.0 0.0 0.0 0.0 500.7 501.2 493.55 500.5 504.3 497.2 496.4 489.4 497.1 500.55 487.8 504.05 489.95 490.15 493.95 493.75 
212 0.0 0.0 0.0 0.0 0.0 497.9 499.6 497.9 504.3 501.05 502.7 503.15 508.85 497.75 500.1 506.45 504.65 501.85 499.65 496.15 496.35 
213 0.0 0.0 0.0 0.0 0.0 501.9 492.45 498.95 505.55 501.5 508.4 496.3 492.95 504.5 498.45 507.65 500.6 504.05 498.75 504.0 502.05 
214 0.0 0.0 0.0 0.0 0.0 498.85 503.25 511.45 502.15 501.6 506.55 504.05 499.05 502.7 503.3 493.95 494.1 504.5 502.75 497.2 502.45 
215 0.0 0.0 0.0 0.0 0.0 499.15 502.7 503.6 508.0 502.7 501.95 496.7 501.2 505.15 497.05 490.95 495.75 492.3 498.2 504.35 505.7 
216 0.0 0.0 0.0 0.0 0.0 502.65 500.75 489.8 496.85 512.05 499.5 505.35 510.3 501.25 497.15 498.2 494.6 499.15 495.55 504.35 494.15 
217 0.0 0.0 0.0 0.0 0.0 496.65 496.55 499.55 501.65 500.55 506.5 503.35 497.55 498.45 494.85 495.2 498.7 497.75 499.75 493.35 507.75 
218 0.0 0.0 0.0 0.0 0.0 500.3 501.25 502.25 500.7 502.6 490.45 500.75 502.8 499.65 499.95 499.25 497.5 493.3 504.65 504.7 504.1 
219 0.0 0.0 0.0 0.0 0.0 502.45 508.6 501.3 501.2 495.25 500.3 494.2 496.15 500.0 498.9 498.35 492.3 505.85 505.25 500.55 495.8 
220 0.0 0.0 0.0 0.0 0.0 494.1 497.15 510.5 505.05 496.75 498.4 501.5 494.95 498.45 506.3 503.1 502.55 505.05 491.1 498.9 498.9 
221 0.0 0.0 0.0 0.0 0.0 509.1 504.85 507.15 499.05 501.45 493.7 500.75 490.6 501.6 500.05 501.55 500.7 495.4 501.1 499.45 496.85 
222 0.0 0.0 0.0 0.0 0.0 479.6 495.85 502.0 496.75 501.05 501.15 502.55 508.65 498.8 499.3 498.85 496.65 498.05 495.7 498.05 496.5 
223 0.0 0.0 0.0 0.0 0.0 465.1 500.7 492.75 504.7 503.1 511.65 498.05 500.55 497.5 506.05 499.55 501.25 499.05 500.35 483.8 499.45 
224 0.0 0.0 0.0 0.0 0.0 425.25 490.25 495.6 498.95 490.7 494.85 501.05 498.9 494.35 493.1 497.25 499.85 493.5 496.7 495.5 492.35 
225 0.0 0.0 0.0 0.0 0.0 346.9 504.65 502.6 501.8 505.1 496.15 503.15 501.25 504.95 497.65 501.0 496.85 497.9 499.15 501.35 497.15 
226 0.0 0.0 0.0 0.0 0.0 223.95 504.4 506.6 504.75 504.6 505.3 495.65 496.95 495.5 494.15 497.2 498.5 500.6 495.1 495.3 499.95 
227 0.0 0.0 0.0 0.0 0.0 115.75 500.25 499.65 493.55 496.4 495.1 496.9 497.8 503.45 496.55 500.85 498.0 496.6 495.45 496.8 503.4 
228 0.0 0.0 0.0 0.0 0.0 84.15 493.0 499.5 504.3 504.8 503.2 500.6 508.8 500.2 484.3 490.5 494.25 495.3 494.55 504.45 501.75 
229 0.0 0.0 0.0 0.0 0.0 74.4 501.45 501.55 505.2 497.9 495.5 503.45 500.75 492.45 506.3 499.2 496.5 495.05 494.55 493.5 490.4 
230 0.0 0.0 0.0 0.0 0.0 54.25 493.85 494.85 497.2 503.65 497.3 495.55 494.35 501.0 503.3 492.35 503.4 500.55 491.6 501.5 497.95 
231 0.0 0.0 0.0 0.0 0.0 32.9 505.75 503.3 498.2 491.45 501.45 510.25 499.75 507.2 495.65 499.15 498.5 501.95 507.7 495.6 492.7 
232 0.0 0.0 0.0 0.0 0.0 23.25 503.15 507.4 497.6 494.8 498.45 500.55 500.2 493.65 506.3 497.85 500.85 501.15 501.25 495.95 496.7 
233 0.0 0.0 0.0 0.0 0.0 7.65 507.3 498.3 491.35 498.1 512.7 495.15 497.4 499.2 497.65 505.6 502.1 495.6 501.05 493.55 502.4 
234 0.0 0.0 0.0 0.0 0.0 2.6 506.7 493.0 497.9 504.1 496.2 497.55 506.8 499.55 502.0 501.3 495.25 499.1 506.35 506.15 499.45 
235 0.0 0.0 0.0 0.0 0.0 0.35 497.2 500.9 501.9 500.05 509.95 496.6 494.05 501.7 506.55 504.85 496.3 498.1 492.7 498.2 501.4 
236 0.0 0.0 0.0 0.0 0.0 0.3 501.85 497.85 510.1 498.85 485.55 500.05 507.25 508.2 499.05 497.85 502.05 494.75 503.45 500.4 501.3 
237 0.0 0.0 0.0 0.0 0.0 0.35 493.95 503.9 503.4 497.7 501.95 500.0 496.2 498.95 504.3 500.0 502.4 497.95 501.45 506.7 495.05 
238 0.0 0.0 0.0 0.0 0.0 0.0 500.15 498.45 494.6 499.05 498.95 500.05 490.6 485.05 501.2 504.0 502.5 504.95 498.4 502.05 503.7 
239 0.0 0.0 0.0 0.0 0.0 0.0 497.9 499.65 497.75 500.45 491.15 498.0 499.8 500.6 506.25 506.7 503.05 503.9 504.5 502.1 497.45 
240 0.0 0.0 0.0 0.0 0.0 0.0 504.8 493.55 503.45 499.35 497.35 496.8 494.1 498.35 500.3 493.9 507.25 505.25 485.65 495.1 510.5 
241 0.0 0.0 0.0 0.0 0.0 0.0 500.5 510.25 500.2 503.0 505.3 495.7 507.7 500.85 492.75 502.6 502.25 501.6 506.65 502.65 497.55 
242 0.0 0.0 0.0 0.0 0.0 0.0 498.65 499.9 492.4 506.9 510.55 505.95 499.3 501.75 496.65 496.3 496.0 492.0 500.8 507.0 503.75 
243 0.0 0.0 0.0 0.0 0.0 0.0 503.2 503.2 506.25 508.9 505.05 504.6 505.3 504.75 498.1 504.4 502.45 508.75 517.95 501.5 498.25 
244 0.0 0.0 0.0 0.0 0.0 0.0 504.7 493.55 496.9 501.95 506.9 493.2 499.1 499.6 501.7 495.55 499.6 499.4 496.15 505.3 510.2 
245 0.0 0.0 0.0 0.0 0.0 0.0 493.95 501.9 502.0 492.0 488.75 506.55 505.05 500.45 496.55 497.75 501.1 503.1 509.0 503.3 503.15 
246 0.0 0.0 0.0 0.0 0.0 0.0 491.05 502.55 501.5 503.0 499.7 504.4 497.1 499.5 506.35 502.5 501.9 501.6 507.15 502.45 502.7 
247 0.0 0.0 0.0 0.0 0.0 0.0 500.0 500.45 505.4 499.15 502.4 495.95 498.6 508.35 509.5 502.0 493.7 511.2 506.7 503.25 502.65 
248 0.0 0.0 0.0 0.0 0.0 0.0 494.85 491.8 493.95 500.4 490.2 504.55 505.85 511.4 508.1 500.05 508.5 496.95 491.8 496.9 488.8 
249 0.0 0.0 0.0 0.0 0.0 0.0 494.55 501.8 502.8 502.65 500.7 495.15 498.75 496.15 504.6 504.25 489.35 495.65 498.4 496.15 497.05 
250 0.0 0.0 0.0 0.0 0.0 0.0 505.0 497.8 499.8 496.0 507.8 496.85 501.85 510.9 501.45 503.05 506.45 500.8 503.15 499.9 501.4 
251 0.0 0.0 0.0 0.0 0.0 0.0 499.05 499.8 495.05 499.15 507.05 503.35 508.1 500.4 497.5 502.6 513.65 506.95 494.6 506.45 512.2 
252 0.0 0.0 0.0 0.0 0.0 0.0 502.55 507.55 501.55 498.4 500.5 503.45 505.0 505.95 496.05 505.7 500.15 501.7 502.65 505.55 498.1 
253 0.0 0.0 0.0 0.0 0.0 0.0 500.65 499.75 498.7 502.8 499.05 510.9 515.1 496.3 502.35 496.65 494.35 498.1 498.8 495.4 503.2 
254 0.0 0.0 0.0 0.0 0.0 0.0 500.75 489.4 495.95 497.45 495.15 499.8 494.75 501.15 492.1 501.35 499.8 498.7 496.8 495.3 494.35 
255 0.0 0.0 0.0 0.0 0.0 0.0 498.5 496.15 491.85 494.9 494.1 503.75 499.3 495.6 505.2 491.1 496.45 503.35 507.05 500.55 502.6 
256 0.0 0.0 0.0 0.0 0.0 0.0 499.95 500.15 501.25 496.35 494.3 496.1 496.6 497.65 499.7 503.35 501.4 502.55 495.5 501.05 501.7 
257 0.0 0.0 0.0 0.0 0.0 0.0 501.95 502.4 500.05 505.8 496.05 497.7 500.6 492.35 495.3 506.75 495.75 499.25 501.0 499.05 495.15 
258 0.0 0.0 0.0 0.0 0.0 0.0 497.05 500.5 495.5 500.9 502.95 489.55 487.1 502.75 501.15 497.95 501.7 496.35 504.2 497.95 495.25 
259 0.0 0.0 0.0 0.0 0.0 0.0 502.1 497.15 494.9 498.9 500.35 499.7 489.4 496.85 504.45 497.95 489.25 497.85 495.05 493.1 498.75 
260 0.0 0.0 0.0 0.0 0.0 0.0 503.7 501.95 503.85 501.8 503.2 500.85 498.25 497.25 488.55 492.45 495.05 500.7 498.45 504.1 505.1 
261 0.0 0.0 0.0 0.0 0.0 0.0 499.95 498.8 501.0 490.6 496.85 501.2 500.65 497.1 493.1 494.05 496.75 500.6 500.6 497.0 495.95 
262 0.0 0.0 0.0 0.0 0.0 0.0 487.05 495.9 503.0 495.15 505.75 490.85 505.85 498.05 498.8 503.85 509.2 495.85 501.5 498.75 507.05 
263 0.0 0.0 0.0 0.0 0.0 0.0 506.75 499.85 499.4 496.5 490.95 495.05 501.6 501.15 496.8 499.95 498.1 498.4 494.8 503.4 500.85 
264 0.0 0.0 0.0 0.0 0.0 0.0 498.05 499.4 498.95 512.1 502.6 509.05 505.95 500.5 502.6 497.7 493.25 500.5 492.65 499.0 488.85 
265 0.0 0.0 0.0 0.0 0.0 0.0 504.75 498.65 507.95 501.45 498.85 501.85 492.85 489.1 501.8 500.7 496.85 499.45 493.95 498.95 486.15 
266 0.0 0.0 0.0 0.0 0.0 0.0 482.05 504.05 497.25 503.95 502.4 498.3 493.8 504.3 501.15 494.3 500.15 490.25 498.95 485.5 495.4 
267 0.0 0.0 0.0 0.0 0.0 0.0 466.75 498.65 502.9 508.0 505.0 493.05 500.4 506.8 494.8 498.5 504.15 501.95 491.0 501.05 491.7 
268 0.0 0.0 0.0 0.0 0.0 0.0 429.25 499.2 500.6 498.05 500.3 504.45 500.7 493.25 501.15 495.75 494.75 495.85 496.2 498.4 499.45 
269 0.0 0.0 0.0 0.0 0.0 0.0 334.0 505.5 509.1 503.15 503.7 494.05 504.0 502.25 495.35 499.5 493.45 497.4 501.2 494.95 510.2 
270 0.0 0.0 0.0 0.0 0.0 0.0 288.05 501.0 495.5 491.75 500.75 499.35 491.2 498.45 492.8 496.3 497.8 493.15 498.0 490.85 498.15 
271 0.0 0.0 0.0 0.0 0.0 0.0 246.0 503.8 494.45 505.05 501.15 506.0 497.6 503.5 501.55 499.0 496.9 495.25 494.65 495.75 493.1 
272 0.0 0.0 0.0 0.0 0.0 0.0 194.85 506.9 500.3 500.25 488.8 506.6 501.75 500.75 499.25 503.65 502.0 501.0 497.55 503.1 494.35 
273 0.0 0.0 0.0 0.0 0.0 0.0 115.9 491.7 503.25 503.05 502.35 492.65 507.2 497.7 497.2 490.45 507.45 493.9 494.8 497.35 500.6 
274 0.0 0.0 0.0 0.0 0.0 0.0 104.5 501.5 500.05 497.1 496.3 502.35 495.1 496.8 495.75 501.35 491.65 492.1 499.6 495.45 494.9 
275 0.0 0.0 0.0 0.0 0.0 0.0 62.65 495.55 499.7 490.5 488.25 497.25 498.7 496.75 508.75 496.95 496.1 494.7 499.85 502.5 504.7 
276 0.0 0.0 0.0 0.0 0.0 0.0 32.05 497.85 499.7 496.15 501.85 494.4 492.4 503.25 506.35 505.05 499.85 506.0 498.1 504.85 501.7 
277 0.0 0.0 0.0 0.0 0.0 0.0 25.45 498.1 495.2 492.45 495.0 493.9 498.1 497.15 493.5 505.35 502.5 501.65 499.2 502.7 496.9 
278 0.0 0.0 0.0 0.0 0.0 0.0 25.7 501.65 499.15 502.7 499.8 498.75 493.4 493.9 499.7 497.5 494.6 498.35 497.0 495.6 495.2 
279 0.0 0.0 0.0 0.0 0.0 0.0 23.95 499.35 495.95 490.85 498.8 503.6 504.05 500.15 499.85 500.75 495.25 500.3 506.45 497.35 501.5 
280 0.0 0.0 0.0 0.0 0.0 0.0 25.6 499.3 495.3 503.15 498.25 499.25 498.7 494.4 497.75 499.1 507.45 507.25 498.7 502.9 498.8 
281 0.0 0.0 0.0 0.0 0.0 0.0 25.7 498.85 499.5 500.05 503.65 491.55 494.45 491.6 497.7 500.35 499.85 499.9 504.1 495.35 497.6 
282 0.0 0.0 0.0 0.0 0.0 0.0 6.95 506.15 507.05 494.85 490.35 492.25 502.7 501.9 491.9 499.05 508.9 497.75 502.5 499.55 499.05 
283 0.0 0.0 0.0 0.0 0.0 0.0 0.7 488.95 496.2 495.95 495.65 499.25 496.6 501.05 501.25 498.55 494.35 495.85 495.15 497.3 498.05 
284 0.0 0.0 0.0 0.0 0.0 0.0 0.0 502.05 500.15 498.5 504.5 496.25 505.7 505.45 495.6 498.15 499.9 497.3 495.65 497.25 503.5 
285 0.0 0.0 0.0 0.0 0.0 0.0 0.0 505.1 497.65 493.35 502.15 499.3 495.8 492.45 507.75 500.9 498.7 498.35 491.1 501.7 504.3 
286 0.0 0.0 0.0 0.0 0.0 0.0 0.0 497.8 492.65 500.8 496.5 497.25 501.55 497.55 493.5 497.05 495.95 499.9 500.5 497.7 502.2 
287 0.0 0.0 0.0 0.0 0.0 0.0 0.0 501.0 499.45 504.15 498.05 505.9 504.9 500.0 501.2 498.9 501.65 495.75 506.8 495.65 497.2 
288 0.0 0.0 0.0 0.0 0.0 0.0 0.0 499.05 505.25 498.2 500.55 494.5 500.05 505.25 502.55 497.0 505.9 505.85 496.1 502.8 492.9 
289 0.0 0.0 0.0 0.0 0.0 0.0 0.0 497.05 496.45 500.95 496.65 504.9 498.45 502.45 493.6 503.35 498.9 506.05 500.3 501.2 501.0 
290 0.0 0.0 0.0 0.0 0.0 0.0 0.0 494.2 506.15 500.85 501.85 493.45 498.6 495.2 492.2 506.3 504.4 496.55 501.1 498.15 502.85 
291 0.0 0.0 0.0 0.0 0.0 0.0 0.0 503.15 492.6 503.2 500.5 512.2 498.85 501.4 503.75 490.95 494.05 501.85 501.35 497.3 496.2 
292 0.0 0.0 0.0 0.0 0.0 0.0 0.0 505.5 499.3 504.4 511.2 508.5 497.1 493.8 500.7 502.35 498.8 499.4 502.45 507.25 501.65 
293 0.0 0.0 0.0 0.0 0.0 0.0 0.0 492.0 501.95 499.35 502.25 504.25 503.7 501.2 505.75 496.45 498.45 508.25 501.4 499.85 497.6 
294 0.0 0.0 0.0 0.0 0.0 0.0 0.0 503.75 503.25 503.1 494.55 498.05 495.6 500.8 497.8 496.5 504.3 501.1 503.2 498.9 501.25 
295 0.0 0.0 0.0 0.0 0.0 0.0 0.0 502.3 503.35 504.0 502.9 501.5 499.55 504.25 504.7 498.35 505.85 500.9 504.55 495.6 499.55 
296 0.0 0.0 0.0 0.0 0.0 0.0 0.0 497.3 494.75 496.15 497.15 502.3 500.0 493.95 496.45 505.8 501.15 504.6 504.65 501.5 498.4 
297 0.0 0.0 0.0 0.0 0.0 0.0 0.0 499.4 493.85 494.4 504.95 493.85 495.3 503.5 501.7 503.95 501.8 502.15 502.8 509.05 501.9 
298 0.0 0.0 0.0 0.0 0.0 0.0 0.0 498.5 501.9 496.9 493.05 498.5 495.8 505.5 498.25 499.5 501.55 495.3 491.55 509.7 504.55 
299 0.0 0.0 0.0 0.0 0.0 0.0 0.0 493.0 506.7 495.7 500.5 492.6 505.7 502.55 509.3 503.2 494.55 498.2 505.85 501.65 507.8 
300 0.0 0.0 0.0 0.0 0.0 0.0 0.0 501.9 495.05 503.75 507.85 493.95 503.45 503.45 492.85 508.05 499.8 504.8 504.45 506.8 510.55 
301 0.0 0.0 0.0 0.0 0.0 0.0 0.0 506.15 501.7 506.25 500.05 502.25 496.55 495.75 500.25 501.75 505.45 503.55 506.05 500.05 507.45 
302 0.0 0.0 0.0 0.0 0.0 0.0 0.0 505.4 508.5 502.95 501.4 506.0 501.0 502.95 499.25 495.35 500.9 507.2 500.0 504.3 506.95 
303 0.0 0.0 0.0 0.0 0.0 0.0 0.0 496.4 496.55 509.6 493.15 499.65 512.75 497.85 501.2 502.4 501.05 497.9 501.85 506.15 501.3 
304 0.0 0.0 0.0 0.0 0.0 0.0 0.0 501.6 499.85 502.9 504.2 499.0 494.25 499.95 504.2 501.55 501.75 505.4 509.85 505.55 497.3 
305 0.0 0.0 0.0 0.0 0.0 0.0 0.0 498.45 497.1 492.6 502.3 505.4 503.15 501.15 499.8 505.35 506.9 503.55 509.25 490.85 497.1 
306 0.0 0.0 0.0 0.0 0.0 0.0 0.0 505.75 498.3 500.05 500.4 505.55 502.15 502.3 508.5 503.75 496.1 503.9 501.75 502.15 497.7 
307 0.0 0.0 0.0 0.0 0.0 0.0 0.0 500.85 508.6 501.1 497.95 502.25 510.4 508.8 505.0 503.2 504.6 504.35 499.45 507.75 500.8 
308 0.0 0.0 0.0 0.0 0.0 0.0 0.0 501.4 503.3 503.0 507.5 498.15 504.85 507.5 509.65 504.1 498.0 500.6 496.15 494.85 501.2 
309 0.0 0.0 0.0 0.0 0.0 0.0 0.0 502.25 506.45 503.35 505.1 507.15 507.9 498.15 510.45 500.95 500.95 495.95 494.8 502.65 498.75 
310 0.0 0.0 0.0 0.0 0.0 0.0 0.0 497.25 495.45 499.8 500.6 509.2 496.4 501.25 496.1 498.4 502.55 493.15 491.45 494.4 497.5 
311 0.0 0.0 0.0 0.0 0.0 0.0 0.0 499.3 500.2 499.95 498.75 499.05 497.75 502.1 502.45 504.05 497.7 493.25 508.55 501.5 502.05 
312 0.0 0.0 0.0 0.0 0.0 0.0 0.0 470.7 502.55 495.4 499.45 506.25 502.9 503.9 505.1 496.55 506.85 499.95 487.65 500.45 503.15 
313 0.0 0.0 0.0 0.0 0.0 0.0 0.0 434.7 489.45 495.2 505.9 489.7 493.2 499.95 493.95 500.6 499.45 500.1 494.15 494.05 498.15 
314 0.0 0.0 0.0 0.0 0.0 0.0 0.0 368.25 500.65 498.8 507.75 505.3 508.8 496.1 502.75 506.25 503.65 503.15 503.35 500.4 503.7 
315 0.0 0.0 0.0 0.0 0.0 0.0 0.0 345.55 499.3 508.55 489.4 497.2 491.85 503.75 498.85 493.45 501.55 496.8 508.1 508.35 496.45 
316 0.0 0.0 0.0 0.0 0.0 0.0 0.0 247.5 505.2 495.95 500.7 500.45 507.95 509.1 495.75 501.95 504.5 498.15 494.2 496.4 503.85 
317 0.0 0.0 0.0 0.0 0.0 0.0 0.0 181.75 494.1 500.35 495.55 502.45 503.7 491.95 508.3 500.7 495.5 504.25 498.55 499.25 496.45 
318 0.0 0.0 0.0 0.0 0.0 0.0 0.0 118.2 502.95 494.5 499.25 499.65 498.15 503.75 501.75 502.25 500.2 499.35 502.75 498.7 503.75 
319 0.0 0.0 0.0 0.0 0.0 0.0 0.0 66.7 492.05 500.35 500.75 502.1 500.3 498.8 499.6 498.25 503.9 490.95 494.4 505.95 505.55 
320 0.0 0.0 0.0 0.0 0.0 0.0 0.0 50.05 505.9 499.2 506.55 503.05 511.8 491.55 492.3 498.2 493.55 504.9 496.4 501.8 496.4 
321 0.0 0.0 0.0 0.0 0.0 0.0 0.0 49.5 496.35 502.95 506.8 500.5 500.05 502.7 500.95 506.15 494.95 505.45 504.35 496.6 495.6 
322 0.0 0.0 0.0 0.0 0.0 0.0 0.0 35.95 510.4 506.15 500.8 496.7 493.55 506.95 495.0 487.2 497.9 496.15 499.85 496.4 504.25 
323 0.0 0.0 0.0 0.0 0.0 0.0 0.0 25.4 502.0 508.8 495.85 506.85 505.15 501.1 501.85 502.35 497.55 495.2 502.45 496.35 493.95 
324 0.0 0.0 0.0 0.0 0.0 0.0 0.0 25.1 505.45 500.6 502.25 501.5 494.75 497.0 504.0 500.1 494.05 508.65 513.05 506.15 498.5 
325 0.0 0.0 0.0 0.0 0.0 0.0 0.0 25.3 501.9 503.1 508.1 502.1 497.85 497.7 501.3 501.4 507.8 502.6 495.1 507.25 495.95 
326 0.0 0.0 0.0 0.0 0.0 0.0 0.0 24.6 497.85 500.1 495.5 496.35 507.25 508.5 502.35 503.85 505.5 488.95 504.55 496.3 502.15 
327 0.0 0.0 0.0 0.0 0.0 0.0 0.0 24.4 494.7 494.75 483.2 487.3 499.4 497.6 493.15 492.95 502.6 507.7 492.95 502.25 499.3 
328 0.0 0.0 0.0 0.0 0.0 0.0 0.0 25.95 500.75 500.05 500.35 499.5 487.1 498.3 493.15 496.3 490.4 505.45 505.1 503.6 503.1 
329 0.0 0.0 0.0 0.0 0.0 0.0 0.0 25.05 500.45 497.05 496.25 499.35 489.45 497.5 496.75 496.1 502.55 496.65 503.35 506.7 510.05 
330 0.0 0.0 0.0 0.0 0.0 0.0 0.0 25.85 493.75 499.9 500.55 498.85 501.5 489.05 491.45 502.25 490.8 503.9 501.75 495.05 497.05 
331 0.0 0.0 0.0 0.0 0.0 0.0 0.0 23.65 503.2 495.6 495.8 496.15 499.55 499.7 497.85 497.4 502.1 496.25 500.3 498.0 499.15 
332 0.0 0.0 0.0 0.0 0.0 0.0 0.0 19.4 502.5 501.35 506.7 498.9 495.5 501.95 501.4 495.95 500.4 500.35 497.05 494.65 501.1 
333 0.0 0.0 0.0 0.0 0.0 0.0 0.0 2.0 499.35 495.6 502.05 502.2 499.6 493.65 500.7 504.8 497.95 502.8 507.25 498.35 497.8 
334 0.0 0.0 0.0 0.0 0.0 0.0 0.0 0.0 491.25 494.75 498.3 499.75 495.7 502.9 502.85 504.65 500.75 496.1 498.15 500.65 501.2 
335 0.0 0.0 0.0 0.0 0.0 0.0 0.0 0.0 499.0 501.35 495.7 501.2 497.75 491.2 502.05 500.8 501.35 501.85 487.25 503.7 504.7 
336 0.0 0.0 0.0 0.0 0.0 0.0 0.0 0.0 502.6 499.9 506.35 504.5 498.0 502.55 501.0 503.4 501.45 500.95 502.1 499.95 499.2 
337 0.0 0.0 0.0 0.0 0.0 0.0 0.0 0.0 493.6 499.4 498.65 492.9 503.8 509.0 502.4 495.25 498.4 498.2 499.95 501.85 509.1 
338 0.0 0.0 0.0 0.0 0.0 0.0 0.0 0.0 496.45 497.3 496.0 494.15 499.4 495.75 501.55 499.6 503.7 497.5 501.3 499.9 495.4 
339 0.0 0.0 0.0 0.0 0.0 0.0 0.0 0.0 500.85 509.55 499.5 507.2 504.65 502.65 499.4 496.95 496.1 495.7 503.15 497.25 498.25 
340 0.0 0.0 0.0 0.0 0.0 0.0 0.0 0.0 499.2 501.6 512.35 511.5 506.65 501.8 500.8 508.75 505.75 505.9 497.5 493.15 508.85 
341 0.0 0.0 0.0 0.0 0.0 0.0 0.0 0.0 507.2 499.0 504.2 499.95 508.85 501.3 499.65 505.2 494.85 505.25 506.8 509.9 498.25 
342 0.0 0.0 0.0 0.0 0.0 0.0 0.0 0.0 509.8 504.35 497.2 496.6 499.8 493.95 499.4 490.15 508.05 500.65 492.35 498.85 496.55 
343 0.0 0.0 0.0 0.0 0.0 0.0 0.0 0.0 502.0 498.0 499.05 501.95 506.55 510.8 507.9 501.5 495.0 490.5 496.0 494.45 498.5 
344 0.0 0.0 0.0 0.0 0.0 0.0 0.0 0.0 502.45 507.75 491.9 503.2 496.35 499.05 497.0 493.2 491.8 508.15 496.3 496.85 489.05 
345 0.0 0.0 0.0 0.0 0.0 0.0 0.0 0.0 497.1 498.7 504.2 489.65 503.6 498.7 497.35 494.7 505.5 492.8 503.5 495.75 499.2 
346 0.0 0.0 0.0 0.0 0.0 0.0 0.0 0.0 495.55 494.55 503.8 503.85 491.95 499.95 502.05 495.35 506.3 490.35 495.2 498.15 503.2 
347 0.0 0.0 0.0 0.0 0.0 0.0 0.0 0.0 500.3 500.3 494.35 503.25 486.9 498.95 496.7 505.8 503.2 499.0 508.3 504.3 499.7 
348 0.0 0.0 0.0 0.0 0.0 0.0 0.0 0.0 492.65 492.0 502.4 500.55 496.9 495.9 506.15 503.3 498.8 508.25 489.4 493.4 495.3 
349 0.0 0.0 0.0 0.0 0.0 0.0 0.0 0.0 512.05 504.95 497.9 489.85 503.75 503.2 497.2 498.4 493.15 496.45 505.75 503.45 506.35 
350 0.0 0.0 0.0 0.0 0.0 0.0 0.0 0.0 501.15 499.05 505.4 509.05 504.45 496.05 488.4 500.6 486.9 508.4 497.7 503.7 505.4 
351 0.0 0.0 0.0 0.0 0.0 0.0 0.0 0.0 495.9 504.75 496.55 495.8 493.5 498.3 495.95 505.7 499.9 492.15 497.6 502.7 495.0 
352 0.0 0.0 0.0 0.0 0.0 0.0 0.0 0.0 499.2 496.55 498.15 495.65 499.7 496.35 503.65 497.85 513.85 501.85 498.65 500.1 500.2 
353 0.0 0.0 0.0 0.0 0.0 0.0 0.0 0.0 504.55 492.95 495.35 501.0 501.4 498.85 496.45 503.9 503.1 501.7 511.6 503.1 496.4 
354 0.0 0.0 0.0 0.0 0.0 0.0 0.0 0.0 501.6 504.35 505.15 496.35 505.45 497.95 503.7 501.35 501.05 505.25 507.95 500.6 503.15 
355 0.0 0.0 0.0 0.0 0.0 0.0 0.0 0.0 497.95 500.85 502.5 504.85 498.25 502.95 505.9 500.4 502.3 502.8 507.2 497.05 499.05 
356 0.0 0.0 0.0 0.0 0.0 0.0 0.0 0.0 463.75 508.65 500.7 498.25 503.05 505.55 500.95 497.75 497.05 508.75 497.85 502.4 505.3 
357 0.0 0.0 0.0 0.0 0.0 0.0 0.0 0.0 436.6 498.9 489.7 505.15 500.1 501.8 502.45 502.95 509.0 501.3 498.25 498.1 500.7 
358 0.0 0.0 0.0 0.0 0.0 0.0 0.0 0.0 415.35 505.8 499.15 505.25 503.5 494.35 500.8 497.85 496.05 497.2 506.4 499.85 497.35 
359 0.0 0.0 0.0 0.0 0.0 0.0 0.0 0.0 387.0 498.45 504.35 497.7 492.6 505.0 502.6 497.5 493.4 497.25 495.85 499.45 484.0 
360 0.0 0.0 0.0 0.0 0.0 0.0 0.0 0.0 323.25 495.35 499.7 497.65 494.3 504.55 500.95 494.7 496.75 491.5 493.85 498.75 504.75 
361 0.0 0.0 0.0 0.0 0.0 0.0 0.0 0.0 240.95 506.2 497.35 496.5 507.45 498.85 500.95 504.4 494.0 491.1 496.6 493.55 494.35 
362 0.0 0.0 0.0 0.0 0.0 0.0 0.0 0.0 225.2 494.4 498.6 502.85 498.1 508.85 495.9 497.85 495.85 501.7 495.7 499.1 496.8 
363 0.0 0.0 0.0 0.0 0.0 0.0 0.0 0.0 226.4 493.3 505.55 504.0 497.85 494.25 496.2 501.8 500.5 499.0 496.45 511.6 504.15 
364 0.0 0.0 0.0 0.0 0.0 0.0 0.0 0.0 155.55 502.8 503.2 494.1 503.3 497.25 497.8 502.1 499.7 495.2 495.35 500.8 506.95 
365 0.0 0.0 0.0 0.0 0.0 0.0 0.0 0.0 92.2 503.05 505.7 497.75 502.7 502.35 501.6 504.1 504.75 503.8 502.95 504.2 500.55 
366 0.0 0.0 0.0 0.0 0.0 0.0 0.0 0.0 72.1 498.3 499.75 494.35 500.0 497.8 501.85 497.0 502.5 503.35 502.9 493.25 500.0 
367 0.0 0.0 0.0 0.0 0.0 0.0 0.0 0.0 60.35 496.45 496.85 506.05 497.15 499.0 496.05 491.45 499.75 499.95 502.15 494.6 497.7 
368 0.0 0.0 0.0 0.0 0.0 0.0 0.0 0.0 47.0 502.35 498.9 492.8 505.05 504.25 490.5 491.3 506.4 508.95 498.1 495.1 499.9 
369 0.0 0.0 0.0 0.0 0.0 0.0 0.0 0.0 31.35 494.25 500.45 500.85 493.85 491.65 499.2 495.75 495.2 498.25 496.6 505.75 500.3 
370 0.0 0.0 0.0 0.0 0.0 0.0 0.0 0.0 24.65 510.9 500.8 498.65 503.95 491.15 502.45 510.2 494.85 494.05 498.6 501.6 498.65 
371 0.0 0.0 0.0 0.0 0.0 0.0 0.0 0.0 24.2 495.1 503.85 504.9 493.4 500.85 493.6 497.05 495.4 497.45 501.05 493.75 504.1 
372 0.0 0.0 0.0 0.0 0.0 0.0 0.0 0.0 25.9 501.5 495.6 505.8 504.75 498.7 496.85 503.15 495.55 501.95 499.75 501.1 507.4 
373 0.0 0.0 0.0 0.0 0.0 0.0 0.0 0.0 26.2 496.6 501.15 499.95 499.9 499.4 505.5 487.35 503.95 499.5 495.95 492.45 491.35 
374 0.0 0.0 0.0 0.0 0.0 0.0 0.0 0.0 24.95 502.4 498.95 501.75 489.45 498.65 495.0 499.75 498.05 500.2 502.6 505.1 498.3 
375 0.0 0.0 0.0 0.0 0.0 0.0 0.0 0.0 23.95 499.5 498.45 503.6 500.75 499.4 496.85 506.25 501.0 495.95 503.2 495.5 497.45 
376 0.0 0.0 0.0 0.0 0.0 0.0 0.0 0.0 25.65 503.55 500.55 499.0 510.1 500.7 503.45 513.25 496.15 495.4 496.4 501.05 492.35 
377 0.0 0.0 0.0 0.0 0.0 0.0 0.0 0.0 26.1 500.35 509.25 501.4 492.75 497.2 508.25 495.2 500.15 499.7 503.95 508.7 507.3 
378 0.0 0.0 0.0 0.0 0.0 0.0 0.0 0.0 10.35 500.15 492.45 498.25 501.35 501.35 497.7 498.4 498.8 498.1 492.7 508.55 509.45 
379 0.0 0.0 0.0 0.0 0.0 0.0 0.0 0.0 1.65 492.85 499.35 492.65 503.1 507.3 506.4 505.15 505.15 497.7 495.95 499.15 508.15 
380 0.0 0.0 0.0 0.0 0.0 0.0 0.0 0.0 0.0 509.1 491.2 498.95 503.55 504.25 496.95 496.8 499.9 506.9 510.45 497.45 495.75 
381 0.0 0.0 0.0 0.0 0.0 0.0 0.0 0.0 0.0 489.0 502.0 492.9 496.35 496.55 499.2 502.35 503.65 498.25 489.75 492.15 495.3 
382 0.0 0.0 0.0 0.0 0.0 0.0 0.0 0.0 0.0 510.55 506.35 509.8 513.05 501.15 504.6 493.5 499.3 498.5 496.05 502.9 491.45 
383 0.0 0.0 0.0 0.0 0.0 0.0 0.0 0.0 0.0 503.4 503.75 499.95 490.8 502.9 501.5 498.7 503.9 496.25 503.9 503.6 498.25 
384 0.0 0.0 0.0 0.0 0.0 0.0 0.0 0.0 0.0 494.9 494.05 498.8 491.45 498.55 494.6 512.35 492.4 506.85 501.7 496.95 498.55 
385 0.0 0.0 0.0 0.0 0.0 0.0 0.0 0.0 0.0 500.55 500.4 500.3 505.85 496.65 499.15 501.2 492.05 501.2 499.75 487.6 502.45 
386 0.0 0.0 0.0 0.0 0.0 0.0 0.0 0.0 0.0 496.0 504.75 508.0 506.15 505.9 507.45 491.5 502.3 495.25 498.75 497.4 499.75 
387 0.0 0.0 0.0 0.0 0.0 0.0 0.0 0.0 0.0 500.85 495.05 495.2 497.1 498.95 501.1 503.15 506.6 500.85 500.3 501.85 501.65 
388 0.0 0.0 0.0 0.0 0.0 0.0 0.0 0.0 0.0 490.0 500.6 504.65 500.7 495.55 494.4 503.15 499.3 497.25 505.4 499.5 499.9 
389 0.0 0.0 0.0 0.0 0.0 0.0 0.0 0.0 0.0 506.3 495.55 497.7 491.3 494.85 501.4 499.9 496.6 504.2 499.1 502.9 499.35 
390 0.0 0.0 0.0 0.0 0.0 0.0 0.0 0.0 0.0 493.15 492.8 502.3 503.6 507.6 491.25 499.15 498.1 502.35 495.15 501.45 496.1 
391 0.0 0.0 0.0 0.0 0.0 0.0 0.0 0.0 0.0 495.6 499.7 492.7 498.75 500.9 501.85 493.55 504.9 499.35 488.95 493.7 500.2 
392 0.0 0.0 0.0 0.0 0.0 0.0 0.0 0.0 0.0 500.9 499.2 495.1 494.15 495.95 496.25 493.65 502.35 498.2 499.55 495.85 501.5 
393 0.0 0.0 0.0 0.0 0.0 0.0 0.0 0.0 0.0 502.7 503.55 501.7 495.9 500.9 503.3 496.95 504.15 504.55 501.45 506.0 500.0 
394 0.0 0.0 0.0 0.0 0.0 0.0 0.0 0.0 0.0 504.6 500.65 500.0 504.2 499.7 507.35 510.7 500.55 503.95 508.3 495.6 496.35 
395 0.0 0.0 0.0 0.0 0.0 0.0 0.0 0.0 0.0 504.55 499.75 496.0 503.6 501.3 499.35 499.65 504.45 504.25 500.95 501.5 494.0 
396 0.0 0.0 0.0 0.0 0.0 0.0 0.0 0.0 0.0 502.2 505.4 501.05 496.65 506.75 506.25 502.45 502.55 498.7 499.5 505.2 495.0 
397 0.0 0.0 0.0 0.0 0.0 0.0 0.0 0.0 0.0 497.3 501.7 502.1 512.25 499.1 505.25 501.35 496.0 497.3 508.75 497.5 499.3 
398 0.0 0.0 0.0 0.0 0.0 0.0 0.0 0.0 0.0 494.75 507.65 501.4 499.8 498.9 499.7 494.7 501.75 501.65 495.05 499.4 501.7 
399 0.0 0.0 0.0 0.0 0.0 0.0 0.0 0.0 0.0 506.95 497.75 499.9 502.6 499.4 493.7 506.25 496.7 489.25 498.25 508.9 508.0 
400 0.0 0.0 0.0 0.0 0.0 0.0 0.0 0.0 0.0 499.0 501.05 498.7 501.5 496.4 493.6 490.6 499.2 502.95 503.1 500.7 497.75 
401 0.0 0.0 0.0 0.0 0.0 0.0 0.0 0.0 0.0 488.3 496.7 504.9 489.75 504.7 504.0 499.75 496.05 499.7 501.35 500.95 505.8 
402 0.0 0.0 0.0 0.0 0.0 0.0 0.0 0.0 0.0 450.75 499.0 495.6 503.0 501.0 504.75 506.75 504.8 492.45 496.75 501.05 502.35 
403 0.0 0.0 0.0 0.0 0.0 0.0 0.0 0.0 0.0 400.8 496.05 495.7 498.9 502.05 497.8 498.55 494.3 502.9 495.85 496.9 503.45 
404 0.0 0.0 0.0 0.0 0.0 0.0 0.0 0.0 0.0 345.55 501.55 501.35 495.85 496.2 501.2 500.25 491.6 500.3 503.75 499.1 504.8 
405 0.0 0.0 0.0 0.0 0.0 0.0 0.0 0.0 0.0 276.0 495.15 495.0 501.8 496.2 495.65 501.6 497.5 499.55 503.05 490.75 496.2 
406 0.0 0.0 0.0 0.0 0.0 0.0 0.0 0.0 0.0 232.75 505.75 502.65 503.1 499.8 503.35 497.85 502.45 501.8 502.85 511.05 501.4 
407 0.0 0.0 0.0 0.0 0.0 0.0 0.0 0.0 0.0 224.75 489.2 507.7 494.3 498.3 505.0 497.4 503.7 494.85 494.5 498.8 494.5 
408 0.0 0.0 0.0 0.0 0.0 0.0 0.0 0.0 0.0 200.85 496.25 505.8 501.55 506.15 506.2 499.05 496.15 507.65 500.7 504.45 496.15 
409 0.0 0.0 0.0 0.0 0.0 0.0 0.0 0.0 0.0 165.45 505.55 490.8 507.15 505.5 493.05 504.5 503.45 494.45 500.8 496.0 494.15 
410 0.0 0.0 0.0 0.0 0.0 0.0 0.0 0.0 0.0 136.9 496.1 497.35 495.85 507.0 499.65 500.65 507.25 492.9 506.8 498.3 503.7 
411 0.0 0.0 0.0 0.0 0.0 0.0 0.0 0.0 0.0 66.55 506.65 502.5 510.6 497.25 506.2 493.85 504.85 505.55 502.3 505.4 510.6 
412 0.0 0.0 0.0 0.0 0.0 0.0 0.0 0.0 0.0 52.0 507.45 496.5 506.0 492.8 502.9 507.45 502.0 503.0 501.55 497.15 509.5 
413 0.0 0.0 0.0 0.0 0.0 0.0 0.0 0.0 0.0 51.75 503.6 509.1 495.6 505.05 504.05 500.5 499.2 510.7 505.1 501.75 510.0 
414 0.0 0.0 0.0 0.0 0.0 0.0 0.0 0.0 0.0 46.3 490.7 502.7 499.8 501.2 497.05 505.6 495.65 506.1 491.6 506.65 499.0 
415 0.0 0.0 0.0 0.0 0.0 0.0 0.0 0.0 0.0 29.15 499.95 499.05 499.55 500.95 501.0 506.15 506.3 501.8 513.4 506.4 501.85 
416 0.0 0.0 0.0 0.0 0.0 0.0 0.0 0.0 0.0 24.85 507.55 506.95 500.55 503.8 508.6 500.2 510.15 504.15 502.7 501.15 501.45 
417 0.0 0.0 0.0 0.0 0.0 0.0 0.0 0.0 0.0 27.0 501.8 492.05 503.15 497.65 496.55 503.1 498.65 497.0 502.35 508.35 503.4 
418 0.0 0.0 0.0 0.0 0.0 0.0 0.0 0.0 0.0 25.85 503.2 507.8 497.15 506.25 496.85 499.05 505.4 503.25 510.75 502.65 497.15 
419 0.0 0.0 0.0 0.0 0.0 0.0 0.0 0.0 0.0 23.35 496.9 501.3 495.35 490.7 501.05 504.1 500.35 502.2 492.7 495.5 496.45 
420 0.0 0.0 0.0 0.0 0.0 0.0 0.0 0.0 0.0 24.65 497.25 492.65 507.1 495.05 510.15 510.6 504.7 496.4 491.6 498.6 501.55 
421 0.0 0.0 0.0 0.0 0.0 0.0 0.0 0.0 0.0 24.3 497.75 503.9 496.45 505.5 501.8 498.05 505.85 504.6 500.15 506.4 504.4 
422 0.0 0.0 0.0 0.0 0.0 0.0 0.0 0.0 0.0 25.75 499.25 501.55 508.6 502.0 492.1 499.85 494.55 494.6 499.6 502.9 497.2 
423 0.0 0.0 0.0 0.0 0.0 0.0 0.0 0.0 0.0 24.4 498.05 500.85 486.45 497.1 497.1 499.0 497.3 497.6 500.75 488.55 501.9 
424 0.0 0.0 0.0 0.0 0.0 0.0 0.0 0.0 0.0 10.8 500.05 496.1 499.6 499.15 495.35 494.6 506.75 497.55 498.05 500.3 498.45 
425 0.0 0.0 0.0 0.0 0.0 0.0 0.0 0.0 0.0 1.25 501.95 493.7 490.45 491.6 493.1 499.2 496.75 490.75 495.8 500.65 494.55 
426 0.0 0.0 0.0 0.0 0.0 0.0 0.0 0.0 0.0 0.0 499.15 503.1 499.75 496.15 499.5 490.45 485.7 505.3 500.2 491.45 495.05 
427 0.0 0.0 0.0 0.0 0.0 0.0 0.0 0.0 0.0 0.0 505.85 494.7 496.95 500.35 498.75 496.95 495.75 502.35 492.25 499.85 497.95 
428 0.0 0.0 0.0 0.0 0.0 0.0 0.0 0.0 0.0 0.0 499.35 495.2 504.8 500.45 493.0 497.1 499.75 497.65 506.25 499.15 500.9 
429 0.0 0.0 0.0 0.0 0.0 0.0 0.0 0.0 0.0 0.0 497.2 498.95 502.8 502.25 499.45 492.7 502.25 504.95 496.7 504.4 500.65 
430 0.0 0.0 0.0 0.0 0.0 0.0 0.0 0.0 0.0 0.0 499.3 493.55 507.25 501.75 499.15 497.1 496.3 501.9 505.3 498.9 497.95 
431 0.0 0.0 0.0 0.0 0.0 0.0 0.0 0.0 0.0 0.0 499.5 506.25 501.45 503.8 497.95 505.8 509.9 512.75 506.4 504.1 501.1 
432 0.0 0.0 0.0 0.0 0.0 0.0 0.0 0.0 0.0 0.0 499.5 509.7 500.55 496.2 504.55 497.85 496.7 495.2 501.95 498.5 501.9 
433 0.0 0.0 0.0 0.0 0.0 0.0 0.0 0.0 0.0 0.0 502.55 507.0 497.7 495.65 499.4 505.45 497.3 504.45 504.3 500.95 499.3 
434 0.0 0.0 0.0 0.0 0.0 0.0 0.0 0.0 0.0 0.0 496.85 496.5 499.4 499.1 502.65 512.45 505.7 504.25 501.9 509.3 504.6 
435 0.0 0.0 0.0 0.0 0.0 0.0 0.0 0.0 0.0 0.0 501.15 504.1 496.35 497.3 497.05 500.15 498.15 497.75 505.2 495.15 498.4 
436 0.0 0.0 0.0 0.0 0.0 0.0 0.0 0.0 0.0 0.0 498.7 502.4 501.3 506.7 508.0 503.85 502.65 496.6 492.25 487.25 499.25 
437 0.0 0.0 0.0 0.0 0.0 0.0 0.0 0.0 0.0 0.0 497.85 504.95 502.1 506.65 505.1 491.75 497.6 496.6 490.95 500.9 494.15 
438 0.0 0.0 0.0 0.0 0.0 0.0 0.0 0.0 0.0 0.0 500.9 506.25 505.95 494.3 499.9 504.05 495.9 504.25 499.55 501.25 493.5 
439 0.0 0.0 0.0 0.0 0.0 0.0 0.0 0.0 0.0 0.0 498.8 501.25 503.45 509.65 500.7 494.75 497.1 499.9 491.4 492.2 503.8 
440 0.0 0.0 0.0 0.0 0.0 0.0 0.0 0.0 0.0 0.0 503.55 492.25 499.55 506.4 500.35 498.55 495.8 492.5 499.25 504.55 499.6 
441 0.0 0.0 0.0 0.0 0.0 0.0 0.0 0.0 0.0 0.0 495.45 500.35 494.55 495.05 494.35 497.05 496.5 487.15 488.65 494.65 489.4 
442 0.0 0.0 0.0 0.0 0.0 0.0 0.0 0.0 0.0 0.0 497.6 498.45 499.1 500.35 493.9 494.65 505.15 491.0 500.9 497.6 507.7 
443 0.0 0.0 0.0 0.0 0.0 0.0 0.0 0.0 0.0 0.0 495.8 500.85 491.85 490.0 500.15 511.35 501.1 499.2 496.35 497.6 504.95 
444 0.0 0.0 0.0 0.0 0.0 0.0 0.0 0.0 0.0 0.0 502.55 496.05 502.45 498.1 499.4 495.7 491.25 498.75 504.2 499.6 494.85 
445 0.0 0.0 0.0 0.0 0.0 0.0 0.0 0.0 0.0 0.0 474.2 492.4 499.6 498.7 500.05 499.45 501.95 506.0 503.95 504.55 499.35 
446 0.0 0.0 0.0 0.0 0.0 0.0 0.0 0.0 0.0 0.0 460.95 491.5 501.85 498.15 502.3 496.0 496.95 496.7 499.85 511.25 499.55 
447 0.0 0.0 0.0 0.0 0.0 0.0 0.0 0.0 0.0 0.0 442.95 506.4 496.2 498.45 506.65 500.65 497.15 498.45 499.45 506.6 500.4 
448 0.0 0.0 0.0 0.0 0.0 0.0 0.0 0.0 0.0 0.0 417.8 496.8 496.15 496.75 500.8 498.95 497.2 501.45 502.15 492.75 503.55 
449 0.0 0.0 0.0 0.0 0.0 0.0 0.0 0.0 0.0 0.0 385.8 500.1 503.45 497.25 492.45 498.7 497.8 503.35 499.05 494.6 497.55 
450 0.0 0.0 0.0 0.0 0.0 0.0 0.0 0.0 0.0 0.0 326.95 499.45 502.2 497.75 499.5 490.35 503.15 503.4 504.9 497.0 502.1 
451 0.0 0.0 0.0 0.0 0.0 0.0 0.0 0.0 0.0 0.0 266.0 494.7 490.9 496.25 494.8 503.2 504.05 504.85 501.7 494.75 499.6 
452 0.0 0.0 0.0 0.0 0.0 0.0 0.0 0.0 0.0 0.0 239.5 496.25 503.45 500.8 498.7 508.45 499.75 494.4 504.85 502.15 500.15 
453 0.0 0.0 0.0 0.0 0.0 0.0 0.0 0.0 0.0 0.0 226.25 508.4 499.45 502.6 498.3 500.0 507.0 496.15 504.6 511.95 506.05 
454 0.0 0.0 0.0 0.0 0.0 0.0 0.0 0.0 0.0 0.0 174.9 505.65 498.85 502.4 495.25 491.2 499.65 502.7 483.1 505.45 505.5 
455 0.0 0.0 0.0 0.0 0.0 0.0 0.0 0.0 0.0 0.0 128.3 498.7 500.05 500.3 504.3 501.55 497.75 501.85 501.2 501.75 502.3 
456 0.0 0.0 0.0 0.0 0.0 0.0 0.0 0.0 0.0 0.0 75.45 506.85 508.35 501.1 506.7 500.85 504.4 498.5 492.85 496.0 502.25 
457 0.0 0.0 0.0 0.0 0.0 0.0 0.0 0.0 0.0 0.0 54.45 496.0 497.95 507.4 498.4 502.2 493.8 497.95 507.5 501.6 490.1 
458 0.0 0.0 0.0 0.0 0.0 0.0 0.0 0.0 0.0 0.0 47.1 495.45 507.3 508.2 512.45 503.45 499.75 508.4 513.4 500.0 505.2 
459 0.0 0.0 0.0 0.0 0.0 0.0 0.0 0.0 0.0 0.0 54.7 501.75 496.8 498.3 499.95 505.55 503.15 506.9 507.6 491.05 500.8 
460 0.0 0.0 0.0 0.0 0.0 0.0 0.0 0.0 0.0 0.0 38.8 501.9 501.55 497.25 509.1 503.6 498.0 493.25 495.6 506.35 495.65 
461 0.0 0.0 0.0 0.0 0.0 0.0 0.0 0.0 0.0 0.0 26.15 504.9 501.8 499.65 490.95 493.55 505.95 512.6 501.65 506.05 499.9 
462 0.0 0.0 0.0 0.0 0.0 0.0 0.0 0.0 0.0 0.0 25.2 495.4 498.45 502.3 500.05 505.1 502.35 503.6 498.6 500.0 504.2 
463 0.0 0.0 0.0 0.0 0.0 0.0 0.0 0.0 0.0 0.0 24.25 494.9 495.4 496.95 497.8 497.0 505.4 495.85 502.55 498.15 501.0 
464 0.0 0.0 0.0 0.0 0.0 0.0 0.0 0.0 0.0 0.0 23.9 502.5 493.9 494.7 503.65 497.25 499.4 494.75 501.35 505.2 500.85 
465 0.0 0.0 0.0 0.0 0.0 0.0 0.0 0.0 0.0 0.0 26.2 494.45 497.6 492.05 499.75 498.8 502.25 497.4 498.65 495.9 498.2 
466 0.0 0.0 0.0 0.0 0.0 0.0 0.0 0.0 0.0 0.0 25.45 496.7 501.2 501.4 496.8 502.7 502.45 494.2 503.3 493.7 504.1 
467 0.0 0.0 0.0 0.0 0.0 0.0 0.0 0.0 0.0 0.0 25.05 492.75 506.85 499.9 498.55 505.6 501.45 497.8 495.2 498.3 494.55 
468 0.0 0.0 0.0 0.0 0.0 0.0 0.0 0.0 0.0 0.0 5.3 506.65 494.85 504.5 504.75 497.0 494.6 497.7 495.9 498.8 506.7 
469 0.0 0.0 0.0 0.0 0.0 0.0 0.0 0.0 0.0 0.0 0.25 505.8 495.85 507.35 492.45 503.05 503.1 508.9 500.9 513.55 512.15 
470 0.0 0.0 0.0 0.0 0.0 0.0 0.0 0.0 0.0 0.0 0.25 503.95 501.55 494.0 499.9 497.5 500.0 500.2 499.5 505.0 494.5 
471 0.0 0.0 0.0 0.0 0.0 0.0 0.0 0.0 0.0 0.0 0.0 501.2 502.5 496.55 497.8 493.75 495.7 504.7 501.65 498.95 499.85 
472 0.0 0.0 0.0 0.0 0.0 0.0 0.0 0.0 0.0 0.0 0.0 498.25 504.45 503.0 488.45 498.65 503.0 501.75 499.05 497.4 489.2 
473 0.0 0.0 0.0 0.0 0.0 0.0 0.0 0.0 0.0 0.0 0.0 500.6 491.9 504.8 500.3 504.4 495.15 495.25 499.95 500.0 497.95 
474 0.0 0.0 0.0 0.0 0.0 0.0 0.0 0.0 0.0 0.0 0.0 492.85 506.3 499.75 502.7 498.25 491.75 492.95 499.5 487.45 504.4 
475 0.0 0.0 0.0 0.0 0.0 0.0 0.0 0.0 0.0 0.0 0.0 500.25 497.45 497.35 493.45 498.75 503.6 500.85 495.8 497.2 497.9 
476 0.0 0.0 0.0 0.0 0.0 0.0 0.0 0.0 0.0 0.0 0.0 507.15 496.8 492.55 506.7 495.15 495.45 506.0 500.95 503.6 502.05 
477 0.0 0.0 0.0 0.0 0.0 0.0 0.0 0.0 0.0 0.0 0.0 501.55 502.05 493.5 503.7 500.2 505.35 494.6 502.3 500.25 503.1 
478 0.0 0.0 0.0 0.0 0.0 0.0 0.0 0.0 0.0 0.0 0.0 505.6 503.9 508.55 496.8 507.05 504.85 503.8 496.95 502.85 502.3 
479 0.0 0.0 0.0 0.0 0.0 0.0 0.0 0.0 0.0 0.0 0.0 495.3 500.1 508.15 502.0 497.85 495.0 498.4 503.5 504.9 505.2 
480 0.0 0.0 0.0 0.0 0.0 0.0 0.0 0.0 0.0 0.0 0.0 495.9 496.45 500.05 499.25 506.2 501.35 500.75 504.05 509.25 498.9 
481 0.0 0.0 0.0 0.0 0.0 0.0 0.0 0.0 0.0 0.0 0.0 501.8 499.0 494.05 497.95 497.3 498.95 505.15 496.7 500.95 498.35 
482 0.0 0.0 0.0 0.0 0.0 0.0 0.0 0.0 0.0 0.0 0.0 498.6 501.65 504.2 503.8 499.2 502.15 496.5 504.8 502.05 505.35 
483 0.0 0.0 0.0 0.0 0.0 0.0 0.0 0.0 0.0 0.0 0.0 498.8 499.85 499.15 504.4 504.2 503.5 501.0 501.45 505.85 519.05 
484 0.0 0.0 0.0 0.0 0.0 0.0 0.0 0.0 0.0 0.0 0.0 501.2 502.1 507.8 502.75 505.95 498.5 509.6 517.7 510.95 495.75 
485 0.0 0.0 0.0 0.0 0.0 0.0 0.0 0.0 0.0 0.0 0.0 509.35 512.0 492.75 509.45 501.65 509.8 501.9 505.3 509.4 509.7 
486 0.0 0.0 0.0 0.0 0.0 0.0 0.0 0.0 0.0 0.0 0.0 501.4 499.4 510.4 500.4 511.2 509.55 516.05 509.7 500.95 501.7 
487 0.0 0.0 0.0 0.0 0.0 0.0 0.0 0.0 0.0 0.0 0.0 494.85 498.65 504.55 504.6 506.4 506.7 509.3 508.45 507.95 511.05 
488 0.0 0.0 0.0 0.0 0.0 0.0 0.0 0.0 0.0 0.0 0.0 489.9 495.55 503.05 514.05 508.0 511.25 508.6 520.45 515.3 515.3 
489 0.0 0.0 0.0 0.0 0.0 0.0 0.0 0.0 0.0 0.0 0.0 479.45 504.4 509.55 504.4 506.65 516.05 518.6 507.55 521.7 513.95 
490 0.0 0.0 0.0 0.0 0.0 0.0 0.0 0.0 0.0 0.0 0.0 469.55 502.05 507.0 516.5 513.85 511.95 513.3 515.35 510.3 516.5 
491 0.0 0.0 0.0 0.0 0.0 0.0 0.0 0.0 0.0 0.0 0.0 476.0 506.0 502.75 504.6 515.75 517.5 520.65 522.0 521.75 519.55 
492 0.0 0.0 0.0 0.0 0.0 0.0 0.0 0.0 0.0 0.0 0.0 446.2 500.5 513.8 517.9 526.35 521.55 525.2 527.75 518.7 524.65 
493 0.0 0.0 0.0 0.0 0.0 0.0 0.0 0.0 0.0 0.0 0.0 409.15 510.45 519.3 521.75 517.75 532.7 525.3 511.9 518.95 517.75 
494 0.0 0.0 0.0 0.0 0.0 0.0 0.0 0.0 0.0 0.0 0.0 401.25 518.5 531.25 538.0 529.5 522.35 526.45 521.45 517.1 520.45 
495 0.0 0.0 0.0 0.0 0.0 0.0 0.0 0.0 0.0 0.0 0.0 338.0 542.55 539.4 539.85 530.5 525.0 527.4 526.8 530.3 521.25 
496 0.0 0.0 0.0 0.0 0.0 0.0 0.0 0.0 0.0 0.0 0.0 257.55 543.25 539.95 531.15 534.0 545.35 524.4 526.75 518.6 533.3 
497 0.0 0.0 0.0 0.0 0.0 0.0 0.0 0.0 0.0 0.0 0.0 237.4 568.25 548.3 539.95 534.65 524.45 528.75 528.55 528.1 526.4 
498 0.0 0.0 0.0 0.0 0.0 0.0 0.0 0.0 0.0 0.0 0.0 239.0 571.65 552.45 538.45 540.2 532.2 528.4 524.1 528.7 521.7 
499 0.0 0.0 0.0 0.0 0.0 0.0 0.0 0.0 0.0 0.0 0.0 157.7 285.45 276.9 271.95 265.7 264.55 266.15 266.5 264.35 261.0 
