0 0.900473472612112 0.0 0.0 0.0 0.0 0.0 0.0 0.0 0.0 0.0 0.0 0.0 0.0 0.0 0.0 0.0 0.0 0.0 0.0 0.0 0.0 
1 0.9005628517823642 0.0 0.0 0.0 0.0 0.0 0.0 0.0 0.0 0.0 0.0 0.0 0.0 0.0 0.0 0.0 0.0 0.0 0.0 0.0 0.0 
2 0.9005628517823642 0.0 0.0 0.0 0.0 0.0 0.0 0.0 0.0 0.0 0.0 0.0 0.0 0.0 0.0 0.0 0.0 0.0 0.0 0.0 0.0 
3 0.9005628517823642 0.0 0.0 0.0 0.0 0.0 0.0 0.0 0.0 0.0 0.0 0.0 0.0 0.0 0.0 0.0 0.0 0.0 0.0 0.0 0.0 
4 0.9005628517823642 0.0 0.0 0.0 0.0 0.0 0.0 0.0 0.0 0.0 0.0 0.0 0.0 0.0 0.0 0.0 0.0 0.0 0.0 0.0 0.0 
5 0.9005628517823642 0.0 0.0 0.0 0.0 0.0 0.0 0.0 0.0 0.0 0.0 0.0 0.0 0.0 0.0 0.0 0.0 0.0 0.0 0.0 0.0 
6 0.9005628517823642 0.0 0.0 0.0 0.0 0.0 0.0 0.0 0.0 0.0 0.0 0.0 0.0 0.0 0.0 0.0 0.0 0.0 0.0 0.0 0.0 
7 0.9005628517823642 0.0 0.0 0.0 0.0 0.0 0.0 0.0 0.0 0.0 0.0 0.0 0.0 0.0 0.0 0.0 0.0 0.0 0.0 0.0 0.0 
8 0.9005628517823642 0.0 0.0 0.0 0.0 0.0 0.0 0.0 0.0 0.0 0.0 0.0 0.0 0.0 0.0 0.0 0.0 0.0 0.0 0.0 0.0 
9 0.9005628517823642 0.0 0.0 0.0 0.0 0.0 0.0 0.0 0.0 0.0 0.0 0.0 0.0 0.0 0.0 0.0 0.0 0.0 0.0 0.0 0.0 
10 0.9005628517823642 0.0 0.0 0.0 0.0 0.0 0.0 0.0 0.0 0.0 0.0 0.0 0.0 0.0 0.0 0.0 0.0 0.0 0.0 0.0 0.0 
11 0.9005628517823642 0.0 0.0 0.0 0.0 0.0 0.0 0.0 0.0 0.0 0.0 0.0 0.0 0.0 0.0 0.0 0.0 0.0 0.0 0.0 0.0 
12 0.9005628517823642 0.0 0.0 0.0 0.0 0.0 0.0 0.0 0.0 0.0 0.0 0.0 0.0 0.0 0.0 0.0 0.0 0.0 0.0 0.0 0.0 
13 0.9005628517823642 0.0 0.0 0.0 0.0 0.0 0.0 0.0 0.0 0.0 0.0 0.0 0.0 0.0 0.0 0.0 0.0 0.0 0.0 0.0 0.0 
14 0.9005628517823642 0.0 0.0 0.0 0.0 0.0 0.0 0.0 0.0 0.0 0.0 0.0 0.0 0.0 0.0 0.0 0.0 0.0 0.0 0.0 0.0 
15 0.9005628517823642 0.0 0.0 0.0 0.0 0.0 0.0 0.0 0.0 0.0 0.0 0.0 0.0 0.0 0.0 0.0 0.0 0.0 0.0 0.0 0.0 
16 0.9005628517823642 0.0 0.0 0.0 0.0 0.0 0.0 0.0 0.0 0.0 0.0 0.0 0.0 0.0 0.0 0.0 0.0 0.0 0.0 0.0 0.0 
17 0.9005628517823642 0.0 0.0 0.0 0.0 0.0 0.0 0.0 0.0 0.0 0.0 0.0 0.0 0.0 0.0 0.0 0.0 0.0 0.0 0.0 0.0 
18 0.9005628517823642 0.0 0.0 0.0 0.0 0.0 0.0 0.0 0.0 0.0 0.0 0.0 0.0 0.0 0.0 0.0 0.0 0.0 0.0 0.0 0.0 
19 0.9005628517823642 0.0 0.0 0.0 0.0 0.0 0.0 0.0 0.0 0.0 0.0 0.0 0.0 0.0 0.0 0.0 0.0 0.0 0.0 0.0 0.0 
20 0.9005628517823642 0.0 0.0 0.0 0.0 0.0 0.0 0.0 0.0 0.0 0.0 0.0 0.0 0.0 0.0 0.0 0.0 0.0 0.0 0.0 0.0 
21 0.9005628517823642 0.0 0.0 0.0 0.0 0.0 0.0 0.0 0.0 0.0 0.0 0.0 0.0 0.0 0.0 0.0 0.0 0.0 0.0 0.0 0.0 
22 0.9005628517823642 0.0 0.0 0.0 0.0 0.0 0.0 0.0 0.0 0.0 0.0 0.0 0.0 0.0 0.0 0.0 0.0 0.0 0.0 0.0 0.0 
23 0.9005628517823642 0.0 0.0 0.0 0.0 0.0 0.0 0.0 0.0 0.0 0.0 0.0 0.0 0.0 0.0 0.0 0.0 0.0 0.0 0.0 0.0 
24 0.9005628517823642 0.0 0.0 0.0 0.0 0.0 0.0 0.0 0.0 0.0 0.0 0.0 0.0 0.0 0.0 0.0 0.0 0.0 0.0 0.0 0.0 
25 0.9005628517823642 0.0 0.0 0.0 0.0 0.0 0.0 0.0 0.0 0.0 0.0 0.0 0.0 0.0 0.0 0.0 0.0 0.0 0.0 0.0 0.0 
26 0.9005628517823642 0.0 0.0 0.0 0.0 0.0 0.0 0.0 0.0 0.0 0.0 0.0 0.0 0.0 0.0 0.0 0.0 0.0 0.0 0.0 0.0 
27 0.9005628517823642 0.0 0.0 0.0 0.0 0.0 0.0 0.0 0.0 0.0 0.0 0.0 0.0 0.0 0.0 0.0 0.0 0.0 0.0 0.0 0.0 
28 0.9005628517823642 0.0 0.0 0.0 0.0 0.0 0.0 0.0 0.0 0.0 0.0 0.0 0.0 0.0 0.0 0.0 0.0 0.0 0.0 0.0 0.0 
29 0.9005628517823642 0.0 0.0 0.0 0.0 0.0 0.0 0.0 0.0 0.0 0.0 0.0 0.0 0.0 0.0 0.0 0.0 0.0 0.0 0.0 0.0 
30 0.9005628517823642 0.0 0.0 0.0 0.0 0.0 0.0 0.0 0.0 0.0 0.0 0.0 0.0 0.0 0.0 0.0 0.0 0.0 0.0 0.0 0.0 
31 0.9005628517823642 0.0 0.0 0.0 0.0 0.0 0.0 0.0 0.0 0.0 0.0 0.0 0.0 0.0 0.0 0.0 0.0 0.0 0.0 0.0 0.0 
32 0.9005628517823642 0.0 0.0 0.0 0.0 0.0 0.0 0.0 0.0 0.0 0.0 0.0 0.0 0.0 0.0 0.0 0.0 0.0 0.0 0.0 0.0 
33 0.9005628517823642 0.0 0.0 0.0 0.0 0.0 0.0 0.0 0.0 0.0 0.0 0.0 0.0 0.0 0.0 0.0 0.0 0.0 0.0 0.0 0.0 
34 0.9005628517823642 0.0 0.0 0.0 0.0 0.0 0.0 0.0 0.0 0.0 0.0 0.0 0.0 0.0 0.0 0.0 0.0 0.0 0.0 0.0 0.0 
35 0.9005628517823642 0.0 0.0 0.0 0.0 0.0 0.0 0.0 0.0 0.0 0.0 0.0 0.0 0.0 0.0 0.0 0.0 0.0 0.0 0.0 0.0 
36 0.9005628517823642 0.0 0.0 0.0 0.0 0.0 0.0 0.0 0.0 0.0 0.0 0.0 0.0 0.0 0.0 0.0 0.0 0.0 0.0 0.0 0.0 
37 0.9005628517823642 0.0 0.0 0.0 0.0 0.0 0.0 0.0 0.0 0.0 0.0 0.0 0.0 0.0 0.0 0.0 0.0 0.0 0.0 0.0 0.0 
38 0.9005628517823642 0.0 0.0 0.0 0.0 0.0 0.0 0.0 0.0 0.0 0.0 0.0 0.0 0.0 0.0 0.0 0.0 0.0 0.0 0.0 0.0 
39 0.9005628517823642 0.0 0.0 0.0 0.0 0.0 0.0 0.0 0.0 0.0 0.0 0.0 0.0 0.0 0.0 0.0 0.0 0.0 0.0 0.0 0.0 
40 0.9005628517823642 0.0 0.0 0.0 0.0 0.0 0.0 0.0 0.0 0.0 0.0 0.0 0.0 0.0 0.0 0.0 0.0 0.0 0.0 0.0 0.0 
41 0.9005628517823642 0.0 0.0 0.0 0.0 0.0 0.0 0.0 0.0 0.0 0.0 0.0 0.0 0.0 0.0 0.0 0.0 0.0 0.0 0.0 0.0 
42 0.9005628517823642 0.0 0.0 0.0 0.0 0.0 0.0 0.0 0.0 0.0 0.0 0.0 0.0 0.0 0.0 0.0 0.0 0.0 0.0 0.0 0.0 
43 0.9005628517823642 0.0 0.0 0.0 0.0 0.0 0.0 0.0 0.0 0.0 0.0 0.0 0.0 0.0 0.0 0.0 0.0 0.0 0.0 0.0 0.0 
44 0.9005628517823642 0.0 0.0 0.0 0.0 0.0 0.0 0.0 0.0 0.0 0.0 0.0 0.0 0.0 0.0 0.0 0.0 0.0 0.0 0.0 0.0 
45 0.9005628517823642 0.0 0.0 0.0 0.0 0.0 0.0 0.0 0.0 0.0 0.0 0.0 0.0 0.0 0.0 0.0 0.0 0.0 0.0 0.0 0.0 
46 0.9005628517823642 0.04038461538461539 0.0 0.0 0.0 0.0 0.0 0.0 0.0 0.0 0.0 0.0 0.0 0.0 0.0 0.0 0.0 0.0 0.0 0.0 0.0 
47 0.9005628517823642 0.2586395579941423 0.0 0.0 0.0 0.0 0.0 0.0 0.0 0.0 0.0 0.0 0.0 0.0 0.0 0.0 0.0 0.0 0.0 0.0 0.0 
48 0.9005628517823642 0.40647234674754973 0.0 0.0 0.0 0.0 0.0 0.0 0.0 0.0 0.0 0.0 0.0 0.0 0.0 0.0 0.0 0.0 0.0 0.0 0.0 
49 0.9005628517823642 0.6238746019464413 0.0 0.0 0.0 0.0 0.0 0.0 0.0 0.0 0.0 0.0 0.0 0.0 0.0 0.0 0.0 0.0 0.0 0.0 0.0 
50 0.9005628517823642 0.7217705323010154 0.0 0.0 0.0 0.0 0.0 0.0 0.0 0.0 0.0 0.0 0.0 0.0 0.0 0.0 0.0 0.0 0.0 0.0 0.0 
51 0.9005628517823642 0.8916650189837337 0.0 0.0 0.0 0.0 0.0 0.0 0.0 0.0 0.0 0.0 0.0 0.0 0.0 0.0 0.0 0.0 0.0 0.0 0.0 
52 0.9005628517823642 0.8992556542805812 0.0 0.0 0.0 0.0 0.0 0.0 0.0 0.0 0.0 0.0 0.0 0.0 0.0 0.0 0.0 0.0 0.0 0.0 0.0 
53 0.9005628517823642 0.9005404649092125 0.0 0.0 0.0 0.0 0.0 0.0 0.0 0.0 0.0 0.0 0.0 0.0 0.0 0.0 0.0 0.0 0.0 0.0 0.0 
54 0.9005628517823642 0.9005628517823642 0.0 0.0 0.0 0.0 0.0 0.0 0.0 0.0 0.0 0.0 0.0 0.0 0.0 0.0 0.0 0.0 0.0 0.0 0.0 
55 0.9005628517823642 0.9005628517823642 0.0 0.0 0.0 0.0 0.0 0.0 0.0 0.0 0.0 0.0 0.0 0.0 0.0 0.0 0.0 0.0 0.0 0.0 0.0 
56 0.9005628517823642 0.9005628517823642 0.0 0.0 0.0 0.0 0.0 0.0 0.0 0.0 0.0 0.0 0.0 0.0 0.0 0.0 0.0 0.0 0.0 0.0 0.0 
57 0.9005628517823642 0.9005628517823642 0.0 0.0 0.0 0.0 0.0 0.0 0.0 0.0 0.0 0.0 0.0 0.0 0.0 0.0 0.0 0.0 0.0 0.0 0.0 
58 0.9005628517823642 0.9005628517823642 0.0 0.0 0.0 0.0 0.0 0.0 0.0 0.0 0.0 0.0 0.0 0.0 0.0 0.0 0.0 0.0 0.0 0.0 0.0 
59 0.9005628517823642 0.9005628517823642 0.0 0.0 0.0 0.0 0.0 0.0 0.0 0.0 0.0 0.0 0.0 0.0 0.0 0.0 0.0 0.0 0.0 0.0 0.0 
60 0.9005628517823642 0.9005628517823642 0.0 0.0 0.0 0.0 0.0 0.0 0.0 0.0 0.0 0.0 0.0 0.0 0.0 0.0 0.0 0.0 0.0 0.0 0.0 
61 0.9005628517823642 0.9005628517823642 0.0 0.0 0.0 0.0 0.0 0.0 0.0 0.0 0.0 0.0 0.0 0.0 0.0 0.0 0.0 0.0 0.0 0.0 0.0 
62 0.9005628517823642 0.9005628517823642 0.0 0.0 0.0 0.0 0.0 0.0 0.0 0.0 0.0 0.0 0.0 0.0 0.0 0.0 0.0 0.0 0.0 0.0 0.0 
63 0.9005628517823642 0.9005628517823642 0.0 0.0 0.0 0.0 0.0 0.0 0.0 0.0 0.0 0.0 0.0 0.0 0.0 0.0 0.0 0.0 0.0 0.0 0.0 
64 0.9005628517823642 0.9005628517823642 0.0 0.0 0.0 0.0 0.0 0.0 0.0 0.0 0.0 0.0 0.0 0.0 0.0 0.0 0.0 0.0 0.0 0.0 0.0 
65 0.9005628517823642 0.9005628517823642 0.0 0.0 0.0 0.0 0.0 0.0 0.0 0.0 0.0 0.0 0.0 0.0 0.0 0.0 0.0 0.0 0.0 0.0 0.0 
66 0.9005628517823642 0.9005628517823642 0.0 0.0 0.0 0.0 0.0 0.0 0.0 0.0 0.0 0.0 0.0 0.0 0.0 0.0 0.0 0.0 0.0 0.0 0.0 
67 0.9005628517823642 0.9005628517823642 0.0 0.0 0.0 0.0 0.0 0.0 0.0 0.0 0.0 0.0 0.0 0.0 0.0 0.0 0.0 0.0 0.0 0.0 0.0 
68 0.9005628517823642 0.9005628517823642 0.0 0.0 0.0 0.0 0.0 0.0 0.0 0.0 0.0 0.0 0.0 0.0 0.0 0.0 0.0 0.0 0.0 0.0 0.0 
69 0.9005628517823642 0.9005628517823642 0.0 0.0 0.0 0.0 0.0 0.0 0.0 0.0 0.0 0.0 0.0 0.0 0.0 0.0 0.0 0.0 0.0 0.0 0.0 
70 0.9005628517823642 0.9005628517823642 0.0 0.0 0.0 0.0 0.0 0.0 0.0 0.0 0.0 0.0 0.0 0.0 0.0 0.0 0.0 0.0 0.0 0.0 0.0 
71 0.9005628517823642 0.9005628517823642 0.0 0.0 0.0 0.0 0.0 0.0 0.0 0.0 0.0 0.0 0.0 0.0 0.0 0.0 0.0 0.0 0.0 0.0 0.0 
72 0.9005628517823642 0.9005628517823642 0.0 0.0 0.0 0.0 0.0 0.0 0.0 0.0 0.0 0.0 0.0 0.0 0.0 0.0 0.0 0.0 0.0 0.0 0.0 
73 0.9005628517823642 0.9005628517823642 0.0 0.0 0.0 0.0 0.0 0.0 0.0 0.0 0.0 0.0 0.0 0.0 0.0 0.0 0.0 0.0 0.0 0.0 0.0 
74 0.9005628517823642 0.9005628517823642 0.0 0.0 0.0 0.0 0.0 0.0 0.0 0.0 0.0 0.0 0.0 0.0 0.0 0.0 0.0 0.0 0.0 0.0 0.0 
75 0.9005628517823642 0.9005628517823642 0.0 0.0 0.0 0.0 0.0 0.0 0.0 0.0 0.0 0.0 0.0 0.0 0.0 0.0 0.0 0.0 0.0 0.0 0.0 
76 0.9005628517823642 0.9005628517823642 0.0 0.0 0.0 0.0 0.0 0.0 0.0 0.0 0.0 0.0 0.0 0.0 0.0 0.0 0.0 0.0 0.0 0.0 0.0 
77 0.9005628517823642 0.9005628517823642 0.0 0.0 0.0 0.0 0.0 0.0 0.0 0.0 0.0 0.0 0.0 0.0 0.0 0.0 0.0 0.0 0.0 0.0 0.0 
78 0.9005628517823642 0.9005628517823642 0.0 0.0 0.0 0.0 0.0 0.0 0.0 0.0 0.0 0.0 0.0 0.0 0.0 0.0 0.0 0.0 0.0 0.0 0.0 
79 0.9005628517823642 0.9005628517823642 0.0 0.0 0.0 0.0 0.0 0.0 0.0 0.0 0.0 0.0 0.0 0.0 0.0 0.0 0.0 0.0 0.0 0.0 0.0 
80 0.9005628517823642 0.9005628517823642 0.0 0.0 0.0 0.0 0.0 0.0 0.0 0.0 0.0 0.0 0.0 0.0 0.0 0.0 0.0 0.0 0.0 0.0 0.0 
81 0.9005628517823642 0.9005628517823642 0.0 0.0 0.0 0.0 0.0 0.0 0.0 0.0 0.0 0.0 0.0 0.0 0.0 0.0 0.0 0.0 0.0 0.0 0.0 
82 0.9005628517823642 0.9005628517823642 0.0 0.0 0.0 0.0 0.0 0.0 0.0 0.0 0.0 0.0 0.0 0.0 0.0 0.0 0.0 0.0 0.0 0.0 0.0 
83 0.9005628517823642 0.9005628517823642 0.0 0.0 0.0 0.0 0.0 0.0 0.0 0.0 0.0 0.0 0.0 0.0 0.0 0.0 0.0 0.0 0.0 0.0 0.0 
84 0.9005628517823642 0.9005628517823642 0.0 0.0 0.0 0.0 0.0 0.0 0.0 0.0 0.0 0.0 0.0 0.0 0.0 0.0 0.0 0.0 0.0 0.0 0.0 
85 0.9005628517823642 0.9005628517823642 0.0 0.0 0.0 0.0 0.0 0.0 0.0 0.0 0.0 0.0 0.0 0.0 0.0 0.0 0.0 0.0 0.0 0.0 0.0 
86 0.9005628517823642 0.9005628517823642 0.0 0.0 0.0 0.0 0.0 0.0 0.0 0.0 0.0 0.0 0.0 0.0 0.0 0.0 0.0 0.0 0.0 0.0 0.0 
87 0.9005628517823642 0.9005628517823642 0.0 0.0 0.0 0.0 0.0 0.0 0.0 0.0 0.0 0.0 0.0 0.0 0.0 0.0 0.0 0.0 0.0 0.0 0.0 
88 0.9005628517823642 0.9005628517823642 0.0 0.0 0.0 0.0 0.0 0.0 0.0 0.0 0.0 0.0 0.0 0.0 0.0 0.0 0.0 0.0 0.0 0.0 0.0 
89 0.9005628517823642 0.9005628517823642 0.0 0.0 0.0 0.0 0.0 0.0 0.0 0.0 0.0 0.0 0.0 0.0 0.0 0.0 0.0 0.0 0.0 0.0 0.0 
90 0.9005628517823642 0.9005628517823642 0.0 0.0 0.0 0.0 0.0 0.0 0.0 0.0 0.0 0.0 0.0 0.0 0.0 0.0 0.0 0.0 0.0 0.0 0.0 
91 0.9005628517823642 0.9005628517823642 0.0 0.0 0.0 0.0 0.0 0.0 0.0 0.0 0.0 0.0 0.0 0.0 0.0 0.0 0.0 0.0 0.0 0.0 0.0 
92 0.9005628517823642 0.9005628517823642 0.0 0.0 0.0 0.0 0.0 0.0 0.0 0.0 0.0 0.0 0.0 0.0 0.0 0.0 0.0 0.0 0.0 0.0 0.0 
93 0.9005628517823642 0.9005628517823642 0.0 0.0 0.0 0.0 0.0 0.0 0.0 0.0 0.0 0.0 0.0 0.0 0.0 0.0 0.0 0.0 0.0 0.0 0.0 
94 0.9005628517823642 0.9005628517823642 0.0 0.0 0.0 0.0 0.0 0.0 0.0 0.0 0.0 0.0 0.0 0.0 0.0 0.0 0.0 0.0 0.0 0.0 0.0 
95 0.9005628517823642 0.9005628517823642 0.055638461538461526 0.0 0.0 0.0 0.0 0.0 0.0 0.0 0.0 0.0 0.0 0.0 0.0 0.0 0.0 0.0 0.0 0.0 0.0 
96 0.9005628517823642 0.9005628517823642 0.11688671444850318 0.0 0.0 0.0 0.0 0.0 0.0 0.0 0.0 0.0 0.0 0.0 0.0 0.0 0.0 0.0 0.0 0.0 0.0 
97 0.9005628517823642 0.9005628517823642 0.27489031962387117 0.0 0.0 0.0 0.0 0.0 0.0 0.0 0.0 0.0 0.0 0.0 0.0 0.0 0.0 0.0 0.0 0.0 0.0 
98 0.9005628517823642 0.9005628517823642 0.5377961868065066 0.0 0.0 0.0 0.0 0.0 0.0 0.0 0.0 0.0 0.0 0.0 0.0 0.0 0.0 0.0 0.0 0.0 0.0 
99 0.9005628517823642 0.9005628517823642 0.7081519477190328 0.0 0.0 0.0 0.0 0.0 0.0 0.0 0.0 0.0 0.0 0.0 0.0 0.0 0.0 0.0 0.0 0.0 0.0 
100 0.9005628517823642 0.9005628517823642 0.8503871969936624 0.0 0.0 0.0 0.0 0.0 0.0 0.0 0.0 0.0 0.0 0.0 0.0 0.0 0.0 0.0 0.0 0.0 0.0 
101 0.9005628517823642 0.9005628517823642 0.8962434011843398 0.0 0.0 0.0 0.0 0.0 0.0 0.0 0.0 0.0 0.0 0.0 0.0 0.0 0.0 0.0 0.0 0.0 0.0 
102 0.9005628517823642 0.9005628517823642 0.9004946402364846 0.0 0.0 0.0 0.0 0.0 0.0 0.0 0.0 0.0 0.0 0.0 0.0 0.0 0.0 0.0 0.0 0.0 0.0 
103 0.9005628517823642 0.9005628517823642 0.9005628517823642 0.0 0.0 0.0 0.0 0.0 0.0 0.0 0.0 0.0 0.0 0.0 0.0 0.0 0.0 0.0 0.0 0.0 0.0 
104 0.9005628517823642 0.9005628517823642 0.9005628517823642 0.0 0.0 0.0 0.0 0.0 0.0 0.0 0.0 0.0 0.0 0.0 0.0 0.0 0.0 0.0 0.0 0.0 0.0 
105 0.9005628517823642 0.9005628517823642 0.9005628517823642 0.0 0.0 0.0 0.0 0.0 0.0 0.0 0.0 0.0 0.0 0.0 0.0 0.0 0.0 0.0 0.0 0.0 0.0 
106 0.9005628517823642 0.9005628517823642 0.9005628517823642 0.0 0.0 0.0 0.0 0.0 0.0 0.0 0.0 0.0 0.0 0.0 0.0 0.0 0.0 0.0 0.0 0.0 0.0 
107 0.9005628517823642 0.9005628517823642 0.9005628517823642 0.0 0.0 0.0 0.0 0.0 0.0 0.0 0.0 0.0 0.0 0.0 0.0 0.0 0.0 0.0 0.0 0.0 0.0 
108 0.9005628517823642 0.9005628517823642 0.9005628517823642 0.0 0.0 0.0 0.0 0.0 0.0 0.0 0.0 0.0 0.0 0.0 0.0 0.0 0.0 0.0 0.0 0.0 0.0 
109 0.9005628517823642 0.9005628517823642 0.9005628517823642 0.0 0.0 0.0 0.0 0.0 0.0 0.0 0.0 0.0 0.0 0.0 0.0 0.0 0.0 0.0 0.0 0.0 0.0 
110 0.9005628517823642 0.9005628517823642 0.9005628517823642 0.0 0.0 0.0 0.0 0.0 0.0 0.0 0.0 0.0 0.0 0.0 0.0 0.0 0.0 0.0 0.0 0.0 0.0 
111 0.9005628517823642 0.9005628517823642 0.9005628517823642 0.0 0.0 0.0 0.0 0.0 0.0 0.0 0.0 0.0 0.0 0.0 0.0 0.0 0.0 0.0 0.0 0.0 0.0 
112 0.9005628517823642 0.9005628517823642 0.9005628517823642 0.0 0.0 0.0 0.0 0.0 0.0 0.0 0.0 0.0 0.0 0.0 0.0 0.0 0.0 0.0 0.0 0.0 0.0 
113 0.9005628517823642 0.9005628517823642 0.9005628517823642 0.0 0.0 0.0 0.0 0.0 0.0 0.0 0.0 0.0 0.0 0.0 0.0 0.0 0.0 0.0 0.0 0.0 0.0 
114 0.9005628517823642 0.9005628517823642 0.9005628517823642 0.0 0.0 0.0 0.0 0.0 0.0 0.0 0.0 0.0 0.0 0.0 0.0 0.0 0.0 0.0 0.0 0.0 0.0 
115 0.9005628517823642 0.9005628517823642 0.9005628517823642 0.0 0.0 0.0 0.0 0.0 0.0 0.0 0.0 0.0 0.0 0.0 0.0 0.0 0.0 0.0 0.0 0.0 0.0 
116 0.9005628517823642 0.9005628517823642 0.9005628517823642 0.0 0.0 0.0 0.0 0.0 0.0 0.0 0.0 0.0 0.0 0.0 0.0 0.0 0.0 0.0 0.0 0.0 0.0 
117 0.9005628517823642 0.9005628517823642 0.9005628517823642 0.0 0.0 0.0 0.0 0.0 0.0 0.0 0.0 0.0 0.0 0.0 0.0 0.0 0.0 0.0 0.0 0.0 0.0 
118 0.9005628517823642 0.9005628517823642 0.9005628517823642 0.0 0.0 0.0 0.0 0.0 0.0 0.0 0.0 0.0 0.0 0.0 0.0 0.0 0.0 0.0 0.0 0.0 0.0 
119 0.9005628517823642 0.9005628517823642 0.9005628517823642 0.0 0.0 0.0 0.0 0.0 0.0 0.0 0.0 0.0 0.0 0.0 0.0 0.0 0.0 0.0 0.0 0.0 0.0 
120 0.9005628517823642 0.9005628517823642 0.9005628517823642 0.0 0.0 0.0 0.0 0.0 0.0 0.0 0.0 0.0 0.0 0.0 0.0 0.0 0.0 0.0 0.0 0.0 0.0 
121 0.9005628517823642 0.9005628517823642 0.9005628517823642 0.0 0.0 0.0 0.0 0.0 0.0 0.0 0.0 0.0 0.0 0.0 0.0 0.0 0.0 0.0 0.0 0.0 0.0 
122 0.9005628517823642 0.9005628517823642 0.9005628517823642 0.0 0.0 0.0 0.0 0.0 0.0 0.0 0.0 0.0 0.0 0.0 0.0 0.0 0.0 0.0 0.0 0.0 0.0 
123 0.9005628517823642 0.9005628517823642 0.9005628517823642 0.0 0.0 0.0 0.0 0.0 0.0 0.0 0.0 0.0 0.0 0.0 0.0 0.0 0.0 0.0 0.0 0.0 0.0 
124 0.9005628517823642 0.9005628517823642 0.9005628517823642 0.0 0.0 0.0 0.0 0.0 0.0 0.0 0.0 0.0 0.0 0.0 0.0 0.0 0.0 0.0 0.0 0.0 0.0 
125 0.9005628517823642 0.9005628517823642 0.9005628517823642 0.0 0.0 0.0 0.0 0.0 0.0 0.0 0.0 0.0 0.0 0.0 0.0 0.0 0.0 0.0 0.0 0.0 0.0 
126 0.9005628517823642 0.9005628517823642 0.9005628517823642 0.0 0.0 0.0 0.0 0.0 0.0 0.0 0.0 0.0 0.0 0.0 0.0 0.0 0.0 0.0 0.0 0.0 0.0 
127 0.9005628517823642 0.9005628517823642 0.9005628517823642 0.0 0.0 0.0 0.0 0.0 0.0 0.0 0.0 0.0 0.0 0.0 0.0 0.0 0.0 0.0 0.0 0.0 0.0 
128 0.9005628517823642 0.9005628517823642 0.9005628517823642 0.0 0.0 0.0 0.0 0.0 0.0 0.0 0.0 0.0 0.0 0.0 0.0 0.0 0.0 0.0 0.0 0.0 0.0 
129 0.9005628517823642 0.9005628517823642 0.9005628517823642 0.0 0.0 0.0 0.0 0.0 0.0 0.0 0.0 0.0 0.0 0.0 0.0 0.0 0.0 0.0 0.0 0.0 0.0 
130 0.9005628517823642 0.9005628517823642 0.9005628517823642 0.0 0.0 0.0 0.0 0.0 0.0 0.0 0.0 0.0 0.0 0.0 0.0 0.0 0.0 0.0 0.0 0.0 0.0 
131 0.9005628517823642 0.9005628517823642 0.9005628517823642 0.0 0.0 0.0 0.0 0.0 0.0 0.0 0.0 0.0 0.0 0.0 0.0 0.0 0.0 0.0 0.0 0.0 0.0 
132 0.9005628517823642 0.9005628517823642 0.9005628517823642 0.0 0.0 0.0 0.0 0.0 0.0 0.0 0.0 0.0 0.0 0.0 0.0 0.0 0.0 0.0 0.0 0.0 0.0 
133 0.9005628517823642 0.9005628517823642 0.9005628517823642 0.0 0.0 0.0 0.0 0.0 0.0 0.0 0.0 0.0 0.0 0.0 0.0 0.0 0.0 0.0 0.0 0.0 0.0 
134 0.9005628517823642 0.9005628517823642 0.9005628517823642 0.0 0.0 0.0 0.0 0.0 0.0 0.0 0.0 0.0 0.0 0.0 0.0 0.0 0.0 0.0 0.0 0.0 0.0 
135 0.9005628517823642 0.9005628517823642 0.9005628517823642 0.0 0.0 0.0 0.0 0.0 0.0 0.0 0.0 0.0 0.0 0.0 0.0 0.0 0.0 0.0 0.0 0.0 0.0 
136 0.9005628517823642 0.9005628517823642 0.9005628517823642 0.0 0.0 0.0 0.0 0.0 0.0 0.0 0.0 0.0 0.0 0.0 0.0 0.0 0.0 0.0 0.0 0.0 0.0 
137 0.9005628517823642 0.9005628517823642 0.9005628517823642 0.0 0.0 0.0 0.0 0.0 0.0 0.0 0.0 0.0 0.0 0.0 0.0 0.0 0.0 0.0 0.0 0.0 0.0 
138 0.9005628517823642 0.9005628517823642 0.9005628517823642 0.0 0.0 0.0 0.0 0.0 0.0 0.0 0.0 0.0 0.0 0.0 0.0 0.0 0.0 0.0 0.0 0.0 0.0 
139 0.9005628517823642 0.9005628517823642 0.9005628517823642 0.0 0.0 0.0 0.0 0.0 0.0 0.0 0.0 0.0 0.0 0.0 0.0 0.0 0.0 0.0 0.0 0.0 0.0 
140 0.9005628517823642 0.9005628517823642 0.9005628517823642 0.0 0.0 0.0 0.0 0.0 0.0 0.0 0.0 0.0 0.0 0.0 0.0 0.0 0.0 0.0 0.0 0.0 0.0 
141 0.9005628517823642 0.9005628517823642 0.9005628517823642 0.0 0.0 0.0 0.0 0.0 0.0 0.0 0.0 0.0 0.0 0.0 0.0 0.0 0.0 0.0 0.0 0.0 0.0 
142 0.9005628517823642 0.9005628517823642 0.9005628517823642 0.0 0.0 0.0 0.0 0.0 0.0 0.0 0.0 0.0 0.0 0.0 0.0 0.0 0.0 0.0 0.0 0.0 0.0 
143 0.9005628517823642 0.9005628517823642 0.9005628517823642 0.0 0.0 0.0 0.0 0.0 0.0 0.0 0.0 0.0 0.0 0.0 0.0 0.0 0.0 0.0 0.0 0.0 0.0 
144 0.9005628517823642 0.9005628517823642 0.9005628517823642 0.034326050420168064 0.0 0.0 0.0 0.0 0.0 0.0 0.0 0.0 0.0 0.0 0.0 0.0 0.0 0.0 0.0 0.0 0.0 
145 0.9005628517823642 0.9005628517823642 0.9005628517823642 0.27160468657568915 0.0 0.0 0.0 0.0 0.0 0.0 0.0 0.0 0.0 0.0 0.0 0.0 0.0 0.0 0.0 0.0 0.0 
146 0.9005628517823642 0.9005628517823642 0.9005628517823642 0.3143780536793603 0.0 0.0 0.0 0.0 0.0 0.0 0.0 0.0 0.0 0.0 0.0 0.0 0.0 0.0 0.0 0.0 0.0 
147 0.9005628517823642 0.9005628517823642 0.9005628517823642 0.5732501219838181 0.0 0.0 0.0 0.0 0.0 0.0 0.0 0.0 0.0 0.0 0.0 0.0 0.0 0.0 0.0 0.0 0.0 
148 0.9005628517823642 0.9005628517823642 0.9005628517823642 0.6724019321842787 0.0 0.0 0.0 0.0 0.0 0.0 0.0 0.0 0.0 0.0 0.0 0.0 0.0 0.0 0.0 0.0 0.0 
149 0.9005628517823642 0.9005628517823642 0.9005628517823642 0.7604288333025234 0.0 0.0 0.0 0.0 0.0 0.0 0.0 0.0 0.0 0.0 0.0 0.0 0.0 0.0 0.0 0.0 0.0 
150 0.9005628517823642 0.9005628517823642 0.9005628517823642 0.8327269982064782 0.0 0.0 0.0 0.0 0.0 0.0 0.0 0.0 0.0 0.0 0.0 0.0 0.0 0.0 0.0 0.0 0.0 
151 0.9005628517823642 0.9005628517823642 0.9005628517823642 0.8551091174509547 0.0 0.0 0.0 0.0 0.0 0.0 0.0 0.0 0.0 0.0 0.0 0.0 0.0 0.0 0.0 0.0 0.0 
152 0.9005628517823642 0.9005628517823642 0.9005628517823642 0.8972489949075317 0.0 0.0 0.0 0.0 0.0 0.0 0.0 0.0 0.0 0.0 0.0 0.0 0.0 0.0 0.0 0.0 0.0 
153 0.9005628517823642 0.9005628517823642 0.9005628517823642 0.900366709193246 0.0 0.0 0.0 0.0 0.0 0.0 0.0 0.0 0.0 0.0 0.0 0.0 0.0 0.0 0.0 0.0 0.0 
154 0.9005628517823642 0.9005628517823642 0.9005628517823642 0.9005628517823642 0.0 0.0 0.0 0.0 0.0 0.0 0.0 0.0 0.0 0.0 0.0 0.0 0.0 0.0 0.0 0.0 0.0 
155 0.9005628517823642 0.9005628517823642 0.9005628517823642 0.9005628517823642 0.0 0.0 0.0 0.0 0.0 0.0 0.0 0.0 0.0 0.0 0.0 0.0 0.0 0.0 0.0 0.0 0.0 
156 0.9005628517823642 0.9005628517823642 0.9005628517823642 0.9005628517823642 0.0 0.0 0.0 0.0 0.0 0.0 0.0 0.0 0.0 0.0 0.0 0.0 0.0 0.0 0.0 0.0 0.0 
157 0.9005628517823642 0.9005628517823642 0.9005628517823642 0.9005628517823642 0.0 0.0 0.0 0.0 0.0 0.0 0.0 0.0 0.0 0.0 0.0 0.0 0.0 0.0 0.0 0.0 0.0 
158 0.9005628517823642 0.9005628517823642 0.9005628517823642 0.9005628517823642 0.0 0.0 0.0 0.0 0.0 0.0 0.0 0.0 0.0 0.0 0.0 0.0 0.0 0.0 0.0 0.0 0.0 
159 0.9005628517823642 0.9005628517823642 0.9005628517823642 0.9005628517823642 0.0 0.0 0.0 0.0 0.0 0.0 0.0 0.0 0.0 0.0 0.0 0.0 0.0 0.0 0.0 0.0 0.0 
160 0.9005628517823642 0.9005628517823642 0.9005628517823642 0.9005628517823642 0.0 0.0 0.0 0.0 0.0 0.0 0.0 0.0 0.0 0.0 0.0 0.0 0.0 0.0 0.0 0.0 0.0 
161 0.9005628517823642 0.9005628517823642 0.9005628517823642 0.9005628517823642 0.0 0.0 0.0 0.0 0.0 0.0 0.0 0.0 0.0 0.0 0.0 0.0 0.0 0.0 0.0 0.0 0.0 
162 0.9005628517823642 0.9005628517823642 0.9005628517823642 0.9005628517823642 0.0 0.0 0.0 0.0 0.0 0.0 0.0 0.0 0.0 0.0 0.0 0.0 0.0 0.0 0.0 0.0 0.0 
163 0.9005628517823642 0.9005628517823642 0.9005628517823642 0.9005628517823642 0.0 0.0 0.0 0.0 0.0 0.0 0.0 0.0 0.0 0.0 0.0 0.0 0.0 0.0 0.0 0.0 0.0 
164 0.9005628517823642 0.9005628517823642 0.9005628517823642 0.9005628517823642 0.0 0.0 0.0 0.0 0.0 0.0 0.0 0.0 0.0 0.0 0.0 0.0 0.0 0.0 0.0 0.0 0.0 
165 0.9005628517823642 0.9005628517823642 0.9005628517823642 0.9005628517823642 0.0 0.0 0.0 0.0 0.0 0.0 0.0 0.0 0.0 0.0 0.0 0.0 0.0 0.0 0.0 0.0 0.0 
166 0.9005628517823642 0.9005628517823642 0.9005628517823642 0.9005628517823642 0.0 0.0 0.0 0.0 0.0 0.0 0.0 0.0 0.0 0.0 0.0 0.0 0.0 0.0 0.0 0.0 0.0 
167 0.9005628517823642 0.9005628517823642 0.9005628517823642 0.9005628517823642 0.0 0.0 0.0 0.0 0.0 0.0 0.0 0.0 0.0 0.0 0.0 0.0 0.0 0.0 0.0 0.0 0.0 
168 0.9005628517823642 0.9005628517823642 0.9005628517823642 0.9005628517823642 0.0 0.0 0.0 0.0 0.0 0.0 0.0 0.0 0.0 0.0 0.0 0.0 0.0 0.0 0.0 0.0 0.0 
169 0.9005628517823642 0.9005628517823642 0.9005628517823642 0.9005628517823642 0.0 0.0 0.0 0.0 0.0 0.0 0.0 0.0 0.0 0.0 0.0 0.0 0.0 0.0 0.0 0.0 0.0 
170 0.9005628517823642 0.9005628517823642 0.9005628517823642 0.9005628517823642 0.0 0.0 0.0 0.0 0.0 0.0 0.0 0.0 0.0 0.0 0.0 0.0 0.0 0.0 0.0 0.0 0.0 
171 0.9005628517823642 0.9005628517823642 0.9005628517823642 0.9005628517823642 0.0 0.0 0.0 0.0 0.0 0.0 0.0 0.0 0.0 0.0 0.0 0.0 0.0 0.0 0.0 0.0 0.0 
172 0.9005628517823642 0.9005628517823642 0.9005628517823642 0.9005628517823642 0.0 0.0 0.0 0.0 0.0 0.0 0.0 0.0 0.0 0.0 0.0 0.0 0.0 0.0 0.0 0.0 0.0 
173 0.9005628517823642 0.9005628517823642 0.9005628517823642 0.9005628517823642 0.0 0.0 0.0 0.0 0.0 0.0 0.0 0.0 0.0 0.0 0.0 0.0 0.0 0.0 0.0 0.0 0.0 
174 0.9005628517823642 0.9005628517823642 0.9005628517823642 0.9005628517823642 0.0 0.0 0.0 0.0 0.0 0.0 0.0 0.0 0.0 0.0 0.0 0.0 0.0 0.0 0.0 0.0 0.0 
175 0.9005628517823642 0.9005628517823642 0.9005628517823642 0.9005628517823642 0.0 0.0 0.0 0.0 0.0 0.0 0.0 0.0 0.0 0.0 0.0 0.0 0.0 0.0 0.0 0.0 0.0 
176 0.9005628517823642 0.9005628517823642 0.9005628517823642 0.9005628517823642 0.0 0.0 0.0 0.0 0.0 0.0 0.0 0.0 0.0 0.0 0.0 0.0 0.0 0.0 0.0 0.0 0.0 
177 0.9005628517823642 0.9005628517823642 0.9005628517823642 0.9005628517823642 0.0 0.0 0.0 0.0 0.0 0.0 0.0 0.0 0.0 0.0 0.0 0.0 0.0 0.0 0.0 0.0 0.0 
178 0.9005628517823642 0.9005628517823642 0.9005628517823642 0.9005628517823642 0.0 0.0 0.0 0.0 0.0 0.0 0.0 0.0 0.0 0.0 0.0 0.0 0.0 0.0 0.0 0.0 0.0 
179 0.9005628517823642 0.9005628517823642 0.9005628517823642 0.9005628517823642 0.0 0.0 0.0 0.0 0.0 0.0 0.0 0.0 0.0 0.0 0.0 0.0 0.0 0.0 0.0 0.0 0.0 
180 0.9005628517823642 0.9005628517823642 0.9005628517823642 0.9005628517823642 0.0 0.0 0.0 0.0 0.0 0.0 0.0 0.0 0.0 0.0 0.0 0.0 0.0 0.0 0.0 0.0 0.0 
181 0.9005628517823642 0.9005628517823642 0.9005628517823642 0.9005628517823642 0.0 0.0 0.0 0.0 0.0 0.0 0.0 0.0 0.0 0.0 0.0 0.0 0.0 0.0 0.0 0.0 0.0 
182 0.9005628517823642 0.9005628517823642 0.9005628517823642 0.9005628517823642 0.0 0.0 0.0 0.0 0.0 0.0 0.0 0.0 0.0 0.0 0.0 0.0 0.0 0.0 0.0 0.0 0.0 
183 0.9005628517823642 0.9005628517823642 0.9005628517823642 0.9005628517823642 0.0 0.0 0.0 0.0 0.0 0.0 0.0 0.0 0.0 0.0 0.0 0.0 0.0 0.0 0.0 0.0 0.0 
184 0.9005628517823642 0.9005628517823642 0.9005628517823642 0.9005628517823642 0.0 0.0 0.0 0.0 0.0 0.0 0.0 0.0 0.0 0.0 0.0 0.0 0.0 0.0 0.0 0.0 0.0 
185 0.9005628517823642 0.9005628517823642 0.9005628517823642 0.9005628517823642 0.0 0.0 0.0 0.0 0.0 0.0 0.0 0.0 0.0 0.0 0.0 0.0 0.0 0.0 0.0 0.0 0.0 
186 0.9005628517823642 0.9005628517823642 0.9005628517823642 0.9005628517823642 0.0 0.0 0.0 0.0 0.0 0.0 0.0 0.0 0.0 0.0 0.0 0.0 0.0 0.0 0.0 0.0 0.0 
187 0.9005628517823642 0.9005628517823642 0.9005628517823642 0.9005628517823642 0.0 0.0 0.0 0.0 0.0 0.0 0.0 0.0 0.0 0.0 0.0 0.0 0.0 0.0 0.0 0.0 0.0 
188 0.9005628517823642 0.9005628517823642 0.9005628517823642 0.9005628517823642 0.0 0.0 0.0 0.0 0.0 0.0 0.0 0.0 0.0 0.0 0.0 0.0 0.0 0.0 0.0 0.0 0.0 
189 0.9005628517823642 0.9005628517823642 0.9005628517823642 0.9005628517823642 0.0 0.0 0.0 0.0 0.0 0.0 0.0 0.0 0.0 0.0 0.0 0.0 0.0 0.0 0.0 0.0 0.0 
190 0.9005628517823642 0.9005628517823642 0.9005628517823642 0.9005628517823642 0.0 0.0 0.0 0.0 0.0 0.0 0.0 0.0 0.0 0.0 0.0 0.0 0.0 0.0 0.0 0.0 0.0 
191 0.9005628517823642 0.9005628517823642 0.9005628517823642 0.9005628517823642 0.0 0.0 0.0 0.0 0.0 0.0 0.0 0.0 0.0 0.0 0.0 0.0 0.0 0.0 0.0 0.0 0.0 
192 0.9005628517823642 0.9005628517823642 0.9005628517823642 0.9005628517823642 0.047313609467455615 0.0 0.0 0.0 0.0 0.0 0.0 0.0 0.0 0.0 0.0 0.0 0.0 0.0 0.0 0.0 0.0 
193 0.9005628517823642 0.9005628517823642 0.9005628517823642 0.9005628517823642 0.13223373996897408 0.0 0.0 0.0 0.0 0.0 0.0 0.0 0.0 0.0 0.0 0.0 0.0 0.0 0.0 0.0 0.0 
194 0.9005628517823642 0.9005628517823642 0.9005628517823642 0.9005628517823642 0.17863704776690395 0.0 0.0 0.0 0.0 0.0 0.0 0.0 0.0 0.0 0.0 0.0 0.0 0.0 0.0 0.0 0.0 
195 0.9005628517823642 0.9005628517823642 0.9005628517823642 0.9005628517823642 0.33936342313041795 0.0 0.0 0.0 0.0 0.0 0.0 0.0 0.0 0.0 0.0 0.0 0.0 0.0 0.0 0.0 0.0 
196 0.9005628517823642 0.9005628517823642 0.9005628517823642 0.9005628517823642 0.4782927663766377 0.0 0.0 0.0 0.0 0.0 0.0 0.0 0.0 0.0 0.0 0.0 0.0 0.0 0.0 0.0 0.0 
197 0.9005628517823642 0.9005628517823642 0.9005628517823642 0.9005628517823642 0.691478423593197 0.0 0.0 0.0 0.0 0.0 0.0 0.0 0.0 0.0 0.0 0.0 0.0 0.0 0.0 0.0 0.0 
198 0.9005628517823642 0.9005628517823642 0.9005628517823642 0.9005628517823642 0.7629436232764689 0.0 0.0 0.0 0.0 0.0 0.0 0.0 0.0 0.0 0.0 0.0 0.0 0.0 0.0 0.0 0.0 
199 0.9005628517823642 0.9005628517823642 0.9005628517823642 0.9005628517823642 0.8062075069714105 0.0 0.0 0.0 0.0 0.0 0.0 0.0 0.0 0.0 0.0 0.0 0.0 0.0 0.0 0.0 0.0 
200 0.9005628517823642 0.9005628517823642 0.9005628517823642 0.9005628517823642 0.8952552508335213 0.0 0.0 0.0 0.0 0.0 0.0 0.0 0.0 0.0 0.0 0.0 0.0 0.0 0.0 0.0 0.0 
201 0.9005628517823642 0.9005628517823642 0.9005628517823642 0.9005628517823642 0.9003716815578613 0.0 0.0 0.0 0.0 0.0 0.0 0.0 0.0 0.0 0.0 0.0 0.0 0.0 0.0 0.0 0.0 
202 0.9005628517823642 0.9005628517823642 0.9005628517823642 0.9005628517823642 0.9005628517823642 0.0 0.0 0.0 0.0 0.0 0.0 0.0 0.0 0.0 0.0 0.0 0.0 0.0 0.0 0.0 0.0 
203 0.9005628517823642 0.9005628517823642 0.9005628517823642 0.9005628517823642 0.9005628517823642 0.0 0.0 0.0 0.0 0.0 0.0 0.0 0.0 0.0 0.0 0.0 0.0 0.0 0.0 0.0 0.0 
204 0.9005628517823642 0.9005628517823642 0.9005628517823642 0.9005628517823642 0.9005628517823642 0.0 0.0 0.0 0.0 0.0 0.0 0.0 0.0 0.0 0.0 0.0 0.0 0.0 0.0 0.0 0.0 
205 0.9005628517823642 0.9005628517823642 0.9005628517823642 0.9005628517823642 0.9005628517823642 0.0 0.0 0.0 0.0 0.0 0.0 0.0 0.0 0.0 0.0 0.0 0.0 0.0 0.0 0.0 0.0 
206 0.9005628517823642 0.9005628517823642 0.9005628517823642 0.9005628517823642 0.9005628517823642 0.0 0.0 0.0 0.0 0.0 0.0 0.0 0.0 0.0 0.0 0.0 0.0 0.0 0.0 0.0 0.0 
207 0.9005628517823642 0.9005628517823642 0.9005628517823642 0.9005628517823642 0.9005628517823642 0.0 0.0 0.0 0.0 0.0 0.0 0.0 0.0 0.0 0.0 0.0 0.0 0.0 0.0 0.0 0.0 
208 0.9005628517823642 0.9005628517823642 0.9005628517823642 0.9005628517823642 0.9005628517823642 0.0 0.0 0.0 0.0 0.0 0.0 0.0 0.0 0.0 0.0 0.0 0.0 0.0 0.0 0.0 0.0 
209 0.9005628517823642 0.9005628517823642 0.9005628517823642 0.9005628517823642 0.9005628517823642 0.0 0.0 0.0 0.0 0.0 0.0 0.0 0.0 0.0 0.0 0.0 0.0 0.0 0.0 0.0 0.0 
210 0.9005628517823642 0.9005628517823642 0.9005628517823642 0.9005628517823642 0.9005628517823642 0.0 0.0 0.0 0.0 0.0 0.0 0.0 0.0 0.0 0.0 0.0 0.0 0.0 0.0 0.0 0.0 
211 0.9005628517823642 0.9005628517823642 0.9005628517823642 0.9005628517823642 0.9005628517823642 0.0 0.0 0.0 0.0 0.0 0.0 0.0 0.0 0.0 0.0 0.0 0.0 0.0 0.0 0.0 0.0 
212 0.9005628517823642 0.9005628517823642 0.9005628517823642 0.9005628517823642 0.9005628517823642 0.0 0.0 0.0 0.0 0.0 0.0 0.0 0.0 0.0 0.0 0.0 0.0 0.0 0.0 0.0 0.0 
213 0.9005628517823642 0.9005628517823642 0.9005628517823642 0.9005628517823642 0.9005628517823642 0.0 0.0 0.0 0.0 0.0 0.0 0.0 0.0 0.0 0.0 0.0 0.0 0.0 0.0 0.0 0.0 
214 0.9005628517823642 0.9005628517823642 0.9005628517823642 0.9005628517823642 0.9005628517823642 0.0 0.0 0.0 0.0 0.0 0.0 0.0 0.0 0.0 0.0 0.0 0.0 0.0 0.0 0.0 0.0 
215 0.9005628517823642 0.9005628517823642 0.9005628517823642 0.9005628517823642 0.9005628517823642 0.0 0.0 0.0 0.0 0.0 0.0 0.0 0.0 0.0 0.0 0.0 0.0 0.0 0.0 0.0 0.0 
216 0.9005628517823642 0.9005628517823642 0.9005628517823642 0.9005628517823642 0.9005628517823642 0.0 0.0 0.0 0.0 0.0 0.0 0.0 0.0 0.0 0.0 0.0 0.0 0.0 0.0 0.0 0.0 
217 0.9005628517823642 0.9005628517823642 0.9005628517823642 0.9005628517823642 0.9005628517823642 0.0 0.0 0.0 0.0 0.0 0.0 0.0 0.0 0.0 0.0 0.0 0.0 0.0 0.0 0.0 0.0 
218 0.9005628517823642 0.9005628517823642 0.9005628517823642 0.9005628517823642 0.9005628517823642 0.0 0.0 0.0 0.0 0.0 0.0 0.0 0.0 0.0 0.0 0.0 0.0 0.0 0.0 0.0 0.0 
219 0.9005628517823642 0.9005628517823642 0.9005628517823642 0.9005628517823642 0.9005628517823642 0.0 0.0 0.0 0.0 0.0 0.0 0.0 0.0 0.0 0.0 0.0 0.0 0.0 0.0 0.0 0.0 
220 0.9005628517823642 0.9005628517823642 0.9005628517823642 0.9005628517823642 0.9005628517823642 0.0 0.0 0.0 0.0 0.0 0.0 0.0 0.0 0.0 0.0 0.0 0.0 0.0 0.0 0.0 0.0 
221 0.9005628517823642 0.9005628517823642 0.9005628517823642 0.9005628517823642 0.9005628517823642 0.0 0.0 0.0 0.0 0.0 0.0 0.0 0.0 0.0 0.0 0.0 0.0 0.0 0.0 0.0 0.0 
222 0.9005628517823642 0.9005628517823642 0.9005628517823642 0.9005628517823642 0.9005628517823642 0.0 0.0 0.0 0.0 0.0 0.0 0.0 0.0 0.0 0.0 0.0 0.0 0.0 0.0 0.0 0.0 
223 0.9005628517823642 0.9005628517823642 0.9005628517823642 0.9005628517823642 0.9005628517823642 0.0 0.0 0.0 0.0 0.0 0.0 0.0 0.0 0.0 0.0 0.0 0.0 0.0 0.0 0.0 0.0 
224 0.9005628517823642 0.9005628517823642 0.9005628517823642 0.9005628517823642 0.9005628517823642 0.0 0.0 0.0 0.0 0.0 0.0 0.0 0.0 0.0 0.0 0.0 0.0 0.0 0.0 0.0 0.0 
225 0.9005628517823642 0.9005628517823642 0.9005628517823642 0.9005628517823642 0.9005628517823642 0.0 0.0 0.0 0.0 0.0 0.0 0.0 0.0 0.0 0.0 0.0 0.0 0.0 0.0 0.0 0.0 
226 0.9005628517823642 0.9005628517823642 0.9005628517823642 0.9005628517823642 0.9005628517823642 0.0 0.0 0.0 0.0 0.0 0.0 0.0 0.0 0.0 0.0 0.0 0.0 0.0 0.0 0.0 0.0 
227 0.9005628517823642 0.9005628517823642 0.9005628517823642 0.9005628517823642 0.9005628517823642 0.0 0.0 0.0 0.0 0.0 0.0 0.0 0.0 0.0 0.0 0.0 0.0 0.0 0.0 0.0 0.0 
228 0.9005628517823642 0.9005628517823642 0.9005628517823642 0.9005628517823642 0.9005628517823642 0.0 0.0 0.0 0.0 0.0 0.0 0.0 0.0 0.0 0.0 0.0 0.0 0.0 0.0 0.0 0.0 
229 0.9005628517823642 0.9005628517823642 0.9005628517823642 0.9005628517823642 0.9005628517823642 0.0 0.0 0.0 0.0 0.0 0.0 0.0 0.0 0.0 0.0 0.0 0.0 0.0 0.0 0.0 0.0 
230 0.9005628517823642 0.9005628517823642 0.9005628517823642 0.9005628517823642 0.9005628517823642 0.0 0.0 0.0 0.0 0.0 0.0 0.0 0.0 0.0 0.0 0.0 0.0 0.0 0.0 0.0 0.0 
231 0.9005628517823642 0.9005628517823642 0.9005628517823642 0.9005628517823642 0.9005628517823642 0.0 0.0 0.0 0.0 0.0 0.0 0.0 0.0 0.0 0.0 0.0 0.0 0.0 0.0 0.0 0.0 
232 0.9005628517823642 0.9005628517823642 0.9005628517823642 0.9005628517823642 0.9005628517823642 0.0 0.0 0.0 0.0 0.0 0.0 0.0 0.0 0.0 0.0 0.0 0.0 0.0 0.0 0.0 0.0 
233 0.9005628517823642 0.9005628517823642 0.9005628517823642 0.9005628517823642 0.9005628517823642 0.0 0.0 0.0 0.0 0.0 0.0 0.0 0.0 0.0 0.0 0.0 0.0 0.0 0.0 0.0 0.0 
234 0.9005628517823642 0.9005628517823642 0.9005628517823642 0.9005628517823642 0.9005628517823642 0.0 0.0 0.0 0.0 0.0 0.0 0.0 0.0 0.0 0.0 0.0 0.0 0.0 0.0 0.0 0.0 
235 0.9005628517823642 0.9005628517823642 0.9005628517823642 0.9005628517823642 0.9005628517823642 0.0 0.0 0.0 0.0 0.0 0.0 0.0 0.0 0.0 0.0 0.0 0.0 0.0 0.0 0.0 0.0 
236 0.9005628517823642 0.9005628517823642 0.9005628517823642 0.9005628517823642 0.9005628517823642 0.0 0.0 0.0 0.0 0.0 0.0 0.0 0.0 0.0 0.0 0.0 0.0 0.0 0.0 0.0 0.0 
237 0.9005628517823642 0.9005628517823642 0.9005628517823642 0.9005628517823642 0.9005628517823642 0.0 0.0 0.0 0.0 0.0 0.0 0.0 0.0 0.0 0.0 0.0 0.0 0.0 0.0 0.0 0.0 
238 0.9005628517823642 0.9005628517823642 0.9005628517823642 0.9005628517823642 0.9005628517823642 0.0 0.0 0.0 0.0 0.0 0.0 0.0 0.0 0.0 0.0 0.0 0.0 0.0 0.0 0.0 0.0 
239 0.9005628517823642 0.9005628517823642 0.9005628517823642 0.9005628517823642 0.9005628517823642 0.0 0.0 0.0 0.0 0.0 0.0 0.0 0.0 0.0 0.0 0.0 0.0 0.0 0.0 0.0 0.0 
240 0.9005628517823642 0.9005628517823642 0.9005628517823642 0.9005628517823642 0.9005628517823642 0.0 0.0 0.0 0.0 0.0 0.0 0.0 0.0 0.0 0.0 0.0 0.0 0.0 0.0 0.0 0.0 
241 0.9005628517823642 0.9005628517823642 0.9005628517823642 0.9005628517823642 0.9005628517823642 0.0014117647058823528 0.0 0.0 0.0 0.0 0.0 0.0 0.0 0.0 0.0 0.0 0.0 0.0 0.0 0.0 0.0 
242 0.9005628517823642 0.9005628517823642 0.9005628517823642 0.9005628517823642 0.9005628517823642 0.09808999873241223 0.0 0.0 0.0 0.0 0.0 0.0 0.0 0.0 0.0 0.0 0.0 0.0 0.0 0.0 0.0 
243 0.9005628517823642 0.9005628517823642 0.9005628517823642 0.9005628517823642 0.9005628517823642 0.17844953675779537 0.0 0.0 0.0 0.0 0.0 0.0 0.0 0.0 0.0 0.0 0.0 0.0 0.0 0.0 0.0 
244 0.9005628517823642 0.9005628517823642 0.9005628517823642 0.9005628517823642 0.9005628517823642 0.33235734343718937 0.0 0.0 0.0 0.0 0.0 0.0 0.0 0.0 0.0 0.0 0.0 0.0 0.0 0.0 0.0 
245 0.9005628517823642 0.9005628517823642 0.9005628517823642 0.9005628517823642 0.9005628517823642 0.532646868926742 0.0 0.0 0.0 0.0 0.0 0.0 0.0 0.0 0.0 0.0 0.0 0.0 0.0 0.0 0.0 
246 0.9005628517823642 0.9005628517823642 0.9005628517823642 0.9005628517823642 0.9005628517823642 0.6603115019059929 0.0 0.0 0.0 0.0 0.0 0.0 0.0 0.0 0.0 0.0 0.0 0.0 0.0 0.0 0.0 
247 0.9005628517823642 0.9005628517823642 0.9005628517823642 0.9005628517823642 0.9005628517823642 0.8097827175315541 0.0 0.0 0.0 0.0 0.0 0.0 0.0 0.0 0.0 0.0 0.0 0.0 0.0 0.0 0.0 
248 0.9005628517823642 0.9005628517823642 0.9005628517823642 0.9005628517823642 0.9005628517823642 0.897391938030417 0.0 0.0 0.0 0.0 0.0 0.0 0.0 0.0 0.0 0.0 0.0 0.0 0.0 0.0 0.0 
249 0.9005628517823642 0.9005628517823642 0.9005628517823642 0.9005628517823642 0.9005628517823642 0.9004952446393851 0.0 0.0 0.0 0.0 0.0 0.0 0.0 0.0 0.0 0.0 0.0 0.0 0.0 0.0 0.0 
250 0.9005628517823642 0.9005628517823642 0.9005628517823642 0.9005628517823642 0.9005628517823642 0.9005572655842234 0.0 0.0 0.0 0.0 0.0 0.0 0.0 0.0 0.0 0.0 0.0 0.0 0.0 0.0 0.0 
251 0.9005628517823642 0.9005628517823642 0.9005628517823642 0.9005628517823642 0.9005628517823642 0.9005628517823642 0.0 0.0 0.0 0.0 0.0 0.0 0.0 0.0 0.0 0.0 0.0 0.0 0.0 0.0 0.0 
252 0.9005628517823642 0.9005628517823642 0.9005628517823642 0.9005628517823642 0.9005628517823642 0.9005628517823642 0.0 0.0 0.0 0.0 0.0 0.0 0.0 0.0 0.0 0.0 0.0 0.0 0.0 0.0 0.0 
253 0.9005628517823642 0.9005628517823642 0.9005628517823642 0.9005628517823642 0.9005628517823642 0.9005628517823642 0.0 0.0 0.0 0.0 0.0 0.0 0.0 0.0 0.0 0.0 0.0 0.0 0.0 0.0 0.0 
254 0.9005628517823642 0.9005628517823642 0.9005628517823642 0.9005628517823642 0.9005628517823642 0.9005628517823642 0.0 0.0 0.0 0.0 0.0 0.0 0.0 0.0 0.0 0.0 0.0 0.0 0.0 0.0 0.0 
255 0.9005628517823642 0.9005628517823642 0.9005628517823642 0.9005628517823642 0.9005628517823642 0.9005628517823642 0.0 0.0 0.0 0.0 0.0 0.0 0.0 0.0 0.0 0.0 0.0 0.0 0.0 0.0 0.0 
256 0.9005628517823642 0.9005628517823642 0.9005628517823642 0.9005628517823642 0.9005628517823642 0.9005628517823642 0.0 0.0 0.0 0.0 0.0 0.0 0.0 0.0 0.0 0.0 0.0 0.0 0.0 0.0 0.0 
257 0.9005628517823642 0.9005628517823642 0.9005628517823642 0.9005628517823642 0.9005628517823642 0.9005628517823642 0.0 0.0 0.0 0.0 0.0 0.0 0.0 0.0 0.0 0.0 0.0 0.0 0.0 0.0 0.0 
258 0.9005628517823642 0.9005628517823642 0.9005628517823642 0.9005628517823642 0.9005628517823642 0.9005628517823642 0.0 0.0 0.0 0.0 0.0 0.0 0.0 0.0 0.0 0.0 0.0 0.0 0.0 0.0 0.0 
259 0.9005628517823642 0.9005628517823642 0.9005628517823642 0.9005628517823642 0.9005628517823642 0.9005628517823642 0.0 0.0 0.0 0.0 0.0 0.0 0.0 0.0 0.0 0.0 0.0 0.0 0.0 0.0 0.0 
260 0.9005628517823642 0.9005628517823642 0.9005628517823642 0.9005628517823642 0.9005628517823642 0.9005628517823642 0.0 0.0 0.0 0.0 0.0 0.0 0.0 0.0 0.0 0.0 0.0 0.0 0.0 0.0 0.0 
261 0.9005628517823642 0.9005628517823642 0.9005628517823642 0.9005628517823642 0.9005628517823642 0.9005628517823642 0.0 0.0 0.0 0.0 0.0 0.0 0.0 0.0 0.0 0.0 0.0 0.0 0.0 0.0 0.0 
262 0.9005628517823642 0.9005628517823642 0.9005628517823642 0.9005628517823642 0.9005628517823642 0.9005628517823642 0.0 0.0 0.0 0.0 0.0 0.0 0.0 0.0 0.0 0.0 0.0 0.0 0.0 0.0 0.0 
263 0.9005628517823642 0.9005628517823642 0.9005628517823642 0.9005628517823642 0.9005628517823642 0.9005628517823642 0.0 0.0 0.0 0.0 0.0 0.0 0.0 0.0 0.0 0.0 0.0 0.0 0.0 0.0 0.0 
264 0.9005628517823642 0.9005628517823642 0.9005628517823642 0.9005628517823642 0.9005628517823642 0.9005628517823642 0.0 0.0 0.0 0.0 0.0 0.0 0.0 0.0 0.0 0.0 0.0 0.0 0.0 0.0 0.0 
265 0.9005628517823642 0.9005628517823642 0.9005628517823642 0.9005628517823642 0.9005628517823642 0.9005628517823642 0.0 0.0 0.0 0.0 0.0 0.0 0.0 0.0 0.0 0.0 0.0 0.0 0.0 0.0 0.0 
266 0.9005628517823642 0.9005628517823642 0.9005628517823642 0.9005628517823642 0.9005628517823642 0.9005628517823642 0.0 0.0 0.0 0.0 0.0 0.0 0.0 0.0 0.0 0.0 0.0 0.0 0.0 0.0 0.0 
267 0.9005628517823642 0.9005628517823642 0.9005628517823642 0.9005628517823642 0.9005628517823642 0.9005628517823642 0.0 0.0 0.0 0.0 0.0 0.0 0.0 0.0 0.0 0.0 0.0 0.0 0.0 0.0 0.0 
268 0.9005628517823642 0.9005628517823642 0.9005628517823642 0.9005628517823642 0.9005628517823642 0.9005628517823642 0.0 0.0 0.0 0.0 0.0 0.0 0.0 0.0 0.0 0.0 0.0 0.0 0.0 0.0 0.0 
269 0.9005628517823642 0.9005628517823642 0.9005628517823642 0.9005628517823642 0.9005628517823642 0.9005628517823642 0.0 0.0 0.0 0.0 0.0 0.0 0.0 0.0 0.0 0.0 0.0 0.0 0.0 0.0 0.0 
270 0.9005628517823642 0.9005628517823642 0.9005628517823642 0.9005628517823642 0.9005628517823642 0.9005628517823642 0.0 0.0 0.0 0.0 0.0 0.0 0.0 0.0 0.0 0.0 0.0 0.0 0.0 0.0 0.0 
271 0.9005628517823642 0.9005628517823642 0.9005628517823642 0.9005628517823642 0.9005628517823642 0.9005628517823642 0.0 0.0 0.0 0.0 0.0 0.0 0.0 0.0 0.0 0.0 0.0 0.0 0.0 0.0 0.0 
272 0.9005628517823642 0.9005628517823642 0.9005628517823642 0.9005628517823642 0.9005628517823642 0.9005628517823642 0.0 0.0 0.0 0.0 0.0 0.0 0.0 0.0 0.0 0.0 0.0 0.0 0.0 0.0 0.0 
273 0.9005628517823642 0.9005628517823642 0.9005628517823642 0.9005628517823642 0.9005628517823642 0.9005628517823642 0.0 0.0 0.0 0.0 0.0 0.0 0.0 0.0 0.0 0.0 0.0 0.0 0.0 0.0 0.0 
274 0.9005628517823642 0.9005628517823642 0.9005628517823642 0.9005628517823642 0.9005628517823642 0.9005628517823642 0.0 0.0 0.0 0.0 0.0 0.0 0.0 0.0 0.0 0.0 0.0 0.0 0.0 0.0 0.0 
275 0.9005628517823642 0.9005628517823642 0.9005628517823642 0.9005628517823642 0.9005628517823642 0.9005628517823642 0.0 0.0 0.0 0.0 0.0 0.0 0.0 0.0 0.0 0.0 0.0 0.0 0.0 0.0 0.0 
276 0.9005628517823642 0.9005628517823642 0.9005628517823642 0.9005628517823642 0.9005628517823642 0.9005628517823642 0.0 0.0 0.0 0.0 0.0 0.0 0.0 0.0 0.0 0.0 0.0 0.0 0.0 0.0 0.0 
277 0.9005628517823642 0.9005628517823642 0.9005628517823642 0.9005628517823642 0.9005628517823642 0.9005628517823642 0.0 0.0 0.0 0.0 0.0 0.0 0.0 0.0 0.0 0.0 0.0 0.0 0.0 0.0 0.0 
278 0.9005628517823642 0.9005628517823642 0.9005628517823642 0.9005628517823642 0.9005628517823642 0.9005628517823642 0.0 0.0 0.0 0.0 0.0 0.0 0.0 0.0 0.0 0.0 0.0 0.0 0.0 0.0 0.0 
279 0.9005628517823642 0.9005628517823642 0.9005628517823642 0.9005628517823642 0.9005628517823642 0.9005628517823642 0.0 0.0 0.0 0.0 0.0 0.0 0.0 0.0 0.0 0.0 0.0 0.0 0.0 0.0 0.0 
280 0.9005628517823642 0.9005628517823642 0.9005628517823642 0.9005628517823642 0.9005628517823642 0.9005628517823642 0.0 0.0 0.0 0.0 0.0 0.0 0.0 0.0 0.0 0.0 0.0 0.0 0.0 0.0 0.0 
281 0.9005628517823642 0.9005628517823642 0.9005628517823642 0.9005628517823642 0.9005628517823642 0.9005628517823642 0.0 0.0 0.0 0.0 0.0 0.0 0.0 0.0 0.0 0.0 0.0 0.0 0.0 0.0 0.0 
282 0.9005628517823642 0.9005628517823642 0.9005628517823642 0.9005628517823642 0.9005628517823642 0.9005628517823642 0.0 0.0 0.0 0.0 0.0 0.0 0.0 0.0 0.0 0.0 0.0 0.0 0.0 0.0 0.0 
283 0.9005628517823642 0.9005628517823642 0.9005628517823642 0.9005628517823642 0.9005628517823642 0.9005628517823642 0.0 0.0 0.0 0.0 0.0 0.0 0.0 0.0 0.0 0.0 0.0 0.0 0.0 0.0 0.0 
284 0.9005628517823642 0.9005628517823642 0.9005628517823642 0.9005628517823642 0.9005628517823642 0.9005628517823642 0.0 0.0 0.0 0.0 0.0 0.0 0.0 0.0 0.0 0.0 0.0 0.0 0.0 0.0 0.0 
285 0.9005628517823642 0.9005628517823642 0.9005628517823642 0.9005628517823642 0.9005628517823642 0.9005628517823642 0.0 0.0 0.0 0.0 0.0 0.0 0.0 0.0 0.0 0.0 0.0 0.0 0.0 0.0 0.0 
286 0.9005628517823642 0.9005628517823642 0.9005628517823642 0.9005628517823642 0.9005628517823642 0.9005628517823642 0.0 0.0 0.0 0.0 0.0 0.0 0.0 0.0 0.0 0.0 0.0 0.0 0.0 0.0 0.0 
287 0.9005628517823642 0.9005628517823642 0.9005628517823642 0.9005628517823642 0.9005628517823642 0.9005628517823642 0.0 0.0 0.0 0.0 0.0 0.0 0.0 0.0 0.0 0.0 0.0 0.0 0.0 0.0 0.0 
288 0.9005628517823642 0.9005628517823642 0.9005628517823642 0.9005628517823642 0.9005628517823642 0.9005628517823642 0.0 0.0 0.0 0.0 0.0 0.0 0.0 0.0 0.0 0.0 0.0 0.0 0.0 0.0 0.0 
289 0.9005628517823642 0.9005628517823642 0.9005628517823642 0.9005628517823642 0.9005628517823642 0.9005628517823642 0.0 0.0 0.0 0.0 0.0 0.0 0.0 0.0 0.0 0.0 0.0 0.0 0.0 0.0 0.0 
290 0.9005628517823642 0.9005628517823642 0.9005628517823642 0.9005628517823642 0.9005628517823642 0.9005628517823642 0.0 0.0 0.0 0.0 0.0 0.0 0.0 0.0 0.0 0.0 0.0 0.0 0.0 0.0 0.0 
291 0.9005628517823642 0.9005628517823642 0.9005628517823642 0.9005628517823642 0.9005628517823642 0.9005628517823642 0.034576271186440674 0.0 0.0 0.0 0.0 0.0 0.0 0.0 0.0 0.0 0.0 0.0 0.0 0.0 0.0 
292 0.9005628517823642 0.9005628517823642 0.9005628517823642 0.9005628517823642 0.9005628517823642 0.9005628517823642 0.12937728860795283 0.0 0.0 0.0 0.0 0.0 0.0 0.0 0.0 0.0 0.0 0.0 0.0 0.0 0.0 
293 0.9005628517823642 0.9005628517823642 0.9005628517823642 0.9005628517823642 0.9005628517823642 0.9005628517823642 0.3400763669132917 0.0 0.0 0.0 0.0 0.0 0.0 0.0 0.0 0.0 0.0 0.0 0.0 0.0 0.0 
294 0.9005628517823642 0.9005628517823642 0.9005628517823642 0.9005628517823642 0.9005628517823642 0.9005628517823642 0.48146707237429476 0.0 0.0 0.0 0.0 0.0 0.0 0.0 0.0 0.0 0.0 0.0 0.0 0.0 0.0 
295 0.9005628517823642 0.9005628517823642 0.9005628517823642 0.9005628517823642 0.9005628517823642 0.9005628517823642 0.6075510969437359 0.0 0.0 0.0 0.0 0.0 0.0 0.0 0.0 0.0 0.0 0.0 0.0 0.0 0.0 
296 0.9005628517823642 0.9005628517823642 0.9005628517823642 0.9005628517823642 0.9005628517823642 0.9005628517823642 0.8081619424724295 0.0 0.0 0.0 0.0 0.0 0.0 0.0 0.0 0.0 0.0 0.0 0.0 0.0 0.0 
297 0.9005628517823642 0.9005628517823642 0.9005628517823642 0.9005628517823642 0.9005628517823642 0.9005628517823642 0.8541206275203219 0.0 0.0 0.0 0.0 0.0 0.0 0.0 0.0 0.0 0.0 0.0 0.0 0.0 0.0 
298 0.9005628517823642 0.9005628517823642 0.9005628517823642 0.9005628517823642 0.9005628517823642 0.9005628517823642 0.8628800312318466 0.0 0.0 0.0 0.0 0.0 0.0 0.0 0.0 0.0 0.0 0.0 0.0 0.0 0.0 
299 0.9005628517823642 0.9005628517823642 0.9005628517823642 0.9005628517823642 0.9005628517823642 0.9005628517823642 0.8996235980821348 0.0 0.0 0.0 0.0 0.0 0.0 0.0 0.0 0.0 0.0 0.0 0.0 0.0 0.0 
300 0.9005628517823642 0.9005628517823642 0.9005628517823642 0.9005628517823642 0.9005628517823642 0.9005628517823642 0.9005403802707507 0.0 0.0 0.0 0.0 0.0 0.0 0.0 0.0 0.0 0.0 0.0 0.0 0.0 0.0 
301 0.9005628517823642 0.9005628517823642 0.9005628517823642 0.9005628517823642 0.9005628517823642 0.9005628517823642 0.9005628517823642 0.0 0.0 0.0 0.0 0.0 0.0 0.0 0.0 0.0 0.0 0.0 0.0 0.0 0.0 
302 0.9005628517823642 0.9005628517823642 0.9005628517823642 0.9005628517823642 0.9005628517823642 0.9005628517823642 0.9005628517823642 0.0 0.0 0.0 0.0 0.0 0.0 0.0 0.0 0.0 0.0 0.0 0.0 0.0 0.0 
303 0.9005628517823642 0.9005628517823642 0.9005628517823642 0.9005628517823642 0.9005628517823642 0.9005628517823642 0.9005628517823642 0.0 0.0 0.0 0.0 0.0 0.0 0.0 0.0 0.0 0.0 0.0 0.0 0.0 0.0 
304 0.9005628517823642 0.9005628517823642 0.9005628517823642 0.9005628517823642 0.9005628517823642 0.9005628517823642 0.9005628517823642 0.0 0.0 0.0 0.0 0.0 0.0 0.0 0.0 0.0 0.0 0.0 0.0 0.0 0.0 
305 0.9005628517823642 0.9005628517823642 0.9005628517823642 0.9005628517823642 0.9005628517823642 0.9005628517823642 0.9005628517823642 0.0 0.0 0.0 0.0 0.0 0.0 0.0 0.0 0.0 0.0 0.0 0.0 0.0 0.0 
306 0.9005628517823642 0.9005628517823642 0.9005628517823642 0.9005628517823642 0.9005628517823642 0.9005628517823642 0.9005628517823642 0.0 0.0 0.0 0.0 0.0 0.0 0.0 0.0 0.0 0.0 0.0 0.0 0.0 0.0 
307 0.9005628517823642 0.9005628517823642 0.9005628517823642 0.9005628517823642 0.9005628517823642 0.9005628517823642 0.9005628517823642 0.0 0.0 0.0 0.0 0.0 0.0 0.0 0.0 0.0 0.0 0.0 0.0 0.0 0.0 
308 0.9005628517823642 0.9005628517823642 0.9005628517823642 0.9005628517823642 0.9005628517823642 0.9005628517823642 0.9005628517823642 0.0 0.0 0.0 0.0 0.0 0.0 0.0 0.0 0.0 0.0 0.0 0.0 0.0 0.0 
309 0.9005628517823642 0.9005628517823642 0.9005628517823642 0.9005628517823642 0.9005628517823642 0.9005628517823642 0.9005628517823642 0.0 0.0 0.0 0.0 0.0 0.0 0.0 0.0 0.0 0.0 0.0 0.0 0.0 0.0 
310 0.9005628517823642 0.9005628517823642 0.9005628517823642 0.9005628517823642 0.9005628517823642 0.9005628517823642 0.9005628517823642 0.0 0.0 0.0 0.0 0.0 0.0 0.0 0.0 0.0 0.0 0.0 0.0 0.0 0.0 
311 0.9005628517823642 0.9005628517823642 0.9005628517823642 0.9005628517823642 0.9005628517823642 0.9005628517823642 0.9005628517823642 0.0 0.0 0.0 0.0 0.0 0.0 0.0 0.0 0.0 0.0 0.0 0.0 0.0 0.0 
312 0.9005628517823642 0.9005628517823642 0.9005628517823642 0.9005628517823642 0.9005628517823642 0.9005628517823642 0.9005628517823642 0.0 0.0 0.0 0.0 0.0 0.0 0.0 0.0 0.0 0.0 0.0 0.0 0.0 0.0 
313 0.9005628517823642 0.9005628517823642 0.9005628517823642 0.9005628517823642 0.9005628517823642 0.9005628517823642 0.9005628517823642 0.0 0.0 0.0 0.0 0.0 0.0 0.0 0.0 0.0 0.0 0.0 0.0 0.0 0.0 
314 0.9005628517823642 0.9005628517823642 0.9005628517823642 0.9005628517823642 0.9005628517823642 0.9005628517823642 0.9005628517823642 0.0 0.0 0.0 0.0 0.0 0.0 0.0 0.0 0.0 0.0 0.0 0.0 0.0 0.0 
315 0.9005628517823642 0.9005628517823642 0.9005628517823642 0.9005628517823642 0.9005628517823642 0.9005628517823642 0.9005628517823642 0.0 0.0 0.0 0.0 0.0 0.0 0.0 0.0 0.0 0.0 0.0 0.0 0.0 0.0 
316 0.9005628517823642 0.9005628517823642 0.9005628517823642 0.9005628517823642 0.9005628517823642 0.9005628517823642 0.9005628517823642 0.0 0.0 0.0 0.0 0.0 0.0 0.0 0.0 0.0 0.0 0.0 0.0 0.0 0.0 
317 0.9005628517823642 0.9005628517823642 0.9005628517823642 0.9005628517823642 0.9005628517823642 0.9005628517823642 0.9005628517823642 0.0 0.0 0.0 0.0 0.0 0.0 0.0 0.0 0.0 0.0 0.0 0.0 0.0 0.0 
318 0.9005628517823642 0.9005628517823642 0.9005628517823642 0.9005628517823642 0.9005628517823642 0.9005628517823642 0.9005628517823642 0.0 0.0 0.0 0.0 0.0 0.0 0.0 0.0 0.0 0.0 0.0 0.0 0.0 0.0 
319 0.9005628517823642 0.9005628517823642 0.9005628517823642 0.9005628517823642 0.9005628517823642 0.9005628517823642 0.9005628517823642 0.0 0.0 0.0 0.0 0.0 0.0 0.0 0.0 0.0 0.0 0.0 0.0 0.0 0.0 
320 0.9005628517823642 0.9005628517823642 0.9005628517823642 0.9005628517823642 0.9005628517823642 0.9005628517823642 0.9005628517823642 0.0 0.0 0.0 0.0 0.0 0.0 0.0 0.0 0.0 0.0 0.0 0.0 0.0 0.0 
321 0.9005628517823642 0.9005628517823642 0.9005628517823642 0.9005628517823642 0.9005628517823642 0.9005628517823642 0.9005628517823642 0.0 0.0 0.0 0.0 0.0 0.0 0.0 0.0 0.0 0.0 0.0 0.0 0.0 0.0 
322 0.9005628517823642 0.9005628517823642 0.9005628517823642 0.9005628517823642 0.9005628517823642 0.9005628517823642 0.9005628517823642 0.0 0.0 0.0 0.0 0.0 0.0 0.0 0.0 0.0 0.0 0.0 0.0 0.0 0.0 
323 0.9005628517823642 0.9005628517823642 0.9005628517823642 0.9005628517823642 0.9005628517823642 0.9005628517823642 0.9005628517823642 0.0 0.0 0.0 0.0 0.0 0.0 0.0 0.0 0.0 0.0 0.0 0.0 0.0 0.0 
324 0.9005628517823642 0.9005628517823642 0.9005628517823642 0.9005628517823642 0.9005628517823642 0.9005628517823642 0.9005628517823642 0.0 0.0 0.0 0.0 0.0 0.0 0.0 0.0 0.0 0.0 0.0 0.0 0.0 0.0 
325 0.9005628517823642 0.9005628517823642 0.9005628517823642 0.9005628517823642 0.9005628517823642 0.9005628517823642 0.9005628517823642 0.0 0.0 0.0 0.0 0.0 0.0 0.0 0.0 0.0 0.0 0.0 0.0 0.0 0.0 
326 0.9005628517823642 0.9005628517823642 0.9005628517823642 0.9005628517823642 0.9005628517823642 0.9005628517823642 0.9005628517823642 0.0 0.0 0.0 0.0 0.0 0.0 0.0 0.0 0.0 0.0 0.0 0.0 0.0 0.0 
327 0.9005628517823642 0.9005628517823642 0.9005628517823642 0.9005628517823642 0.9005628517823642 0.9005628517823642 0.9005628517823642 0.0 0.0 0.0 0.0 0.0 0.0 0.0 0.0 0.0 0.0 0.0 0.0 0.0 0.0 
328 0.9005628517823642 0.9005628517823642 0.9005628517823642 0.9005628517823642 0.9005628517823642 0.9005628517823642 0.9005628517823642 0.0 0.0 0.0 0.0 0.0 0.0 0.0 0.0 0.0 0.0 0.0 0.0 0.0 0.0 
329 0.9005628517823642 0.9005628517823642 0.9005628517823642 0.9005628517823642 0.9005628517823642 0.9005628517823642 0.9005628517823642 0.0 0.0 0.0 0.0 0.0 0.0 0.0 0.0 0.0 0.0 0.0 0.0 0.0 0.0 
330 0.9005628517823642 0.9005628517823642 0.9005628517823642 0.9005628517823642 0.9005628517823642 0.9005628517823642 0.9005628517823642 0.0 0.0 0.0 0.0 0.0 0.0 0.0 0.0 0.0 0.0 0.0 0.0 0.0 0.0 
331 0.9005628517823642 0.9005628517823642 0.9005628517823642 0.9005628517823642 0.9005628517823642 0.9005628517823642 0.9005628517823642 0.0 0.0 0.0 0.0 0.0 0.0 0.0 0.0 0.0 0.0 0.0 0.0 0.0 0.0 
332 0.9005628517823642 0.9005628517823642 0.9005628517823642 0.9005628517823642 0.9005628517823642 0.9005628517823642 0.9005628517823642 0.0 0.0 0.0 0.0 0.0 0.0 0.0 0.0 0.0 0.0 0.0 0.0 0.0 0.0 
333 0.9005628517823642 0.9005628517823642 0.9005628517823642 0.9005628517823642 0.9005628517823642 0.9005628517823642 0.9005628517823642 0.0 0.0 0.0 0.0 0.0 0.0 0.0 0.0 0.0 0.0 0.0 0.0 0.0 0.0 
334 0.9005628517823642 0.9005628517823642 0.9005628517823642 0.9005628517823642 0.9005628517823642 0.9005628517823642 0.9005628517823642 0.0 0.0 0.0 0.0 0.0 0.0 0.0 0.0 0.0 0.0 0.0 0.0 0.0 0.0 
335 0.9005628517823642 0.9005628517823642 0.9005628517823642 0.9005628517823642 0.9005628517823642 0.9005628517823642 0.9005628517823642 0.0 0.0 0.0 0.0 0.0 0.0 0.0 0.0 0.0 0.0 0.0 0.0 0.0 0.0 
336 0.9005628517823642 0.9005628517823642 0.9005628517823642 0.9005628517823642 0.9005628517823642 0.9005628517823642 0.9005628517823642 0.0 0.0 0.0 0.0 0.0 0.0 0.0 0.0 0.0 0.0 0.0 0.0 0.0 0.0 
337 0.9005628517823642 0.9005628517823642 0.9005628517823642 0.9005628517823642 0.9005628517823642 0.9005628517823642 0.9005628517823642 0.0 0.0 0.0 0.0 0.0 0.0 0.0 0.0 0.0 0.0 0.0 0.0 0.0 0.0 
338 0.9005628517823642 0.9005628517823642 0.9005628517823642 0.9005628517823642 0.9005628517823642 0.9005628517823642 0.9005628517823642 0.0 0.0 0.0 0.0 0.0 0.0 0.0 0.0 0.0 0.0 0.0 0.0 0.0 0.0 
339 0.9005628517823642 0.9005628517823642 0.9005628517823642 0.9005628517823642 0.9005628517823642 0.9005628517823642 0.9005628517823642 0.0 0.0 0.0 0.0 0.0 0.0 0.0 0.0 0.0 0.0 0.0 0.0 0.0 0.0 
340 0.9005628517823642 0.9005628517823642 0.9005628517823642 0.9005628517823642 0.9005628517823642 0.9005628517823642 0.9005628517823642 0.09617076910364583 0.0 0.0 0.0 0.0 0.0 0.0 0.0 0.0 0.0 0.0 0.0 0.0 0.0 
341 0.9005628517823642 0.9005628517823642 0.9005628517823642 0.9005628517823642 0.9005628517823642 0.9005628517823642 0.9005628517823642 0.21822338944379976 0.0 0.0 0.0 0.0 0.0 0.0 0.0 0.0 0.0 0.0 0.0 0.0 0.0 
342 0.9005628517823642 0.9005628517823642 0.9005628517823642 0.9005628517823642 0.9005628517823642 0.9005628517823642 0.9005628517823642 0.3350198447039095 0.0 0.0 0.0 0.0 0.0 0.0 0.0 0.0 0.0 0.0 0.0 0.0 0.0 
343 0.9005628517823642 0.9005628517823642 0.9005628517823642 0.9005628517823642 0.9005628517823642 0.9005628517823642 0.9005628517823642 0.3597802150907846 0.0 0.0 0.0 0.0 0.0 0.0 0.0 0.0 0.0 0.0 0.0 0.0 0.0 
344 0.9005628517823642 0.9005628517823642 0.9005628517823642 0.9005628517823642 0.9005628517823642 0.9005628517823642 0.9005628517823642 0.5278414097825285 0.0 0.0 0.0 0.0 0.0 0.0 0.0 0.0 0.0 0.0 0.0 0.0 0.0 
345 0.9005628517823642 0.9005628517823642 0.9005628517823642 0.9005628517823642 0.9005628517823642 0.9005628517823642 0.9005628517823642 0.6809392819285488 0.0 0.0 0.0 0.0 0.0 0.0 0.0 0.0 0.0 0.0 0.0 0.0 0.0 
346 0.9005628517823642 0.9005628517823642 0.9005628517823642 0.9005628517823642 0.9005628517823642 0.9005628517823642 0.9005628517823642 0.7320710342900069 0.0 0.0 0.0 0.0 0.0 0.0 0.0 0.0 0.0 0.0 0.0 0.0 0.0 
347 0.9005628517823642 0.9005628517823642 0.9005628517823642 0.9005628517823642 0.9005628517823642 0.9005628517823642 0.9005628517823642 0.8933813857953783 0.0 0.0 0.0 0.0 0.0 0.0 0.0 0.0 0.0 0.0 0.0 0.0 0.0 
348 0.9005628517823642 0.9005628517823642 0.9005628517823642 0.9005628517823642 0.9005628517823642 0.9005628517823642 0.9005628517823642 0.899786514483918 0.0 0.0 0.0 0.0 0.0 0.0 0.0 0.0 0.0 0.0 0.0 0.0 0.0 
349 0.9005628517823642 0.9005628517823642 0.9005628517823642 0.9005628517823642 0.9005628517823642 0.9005628517823642 0.9005628517823642 0.9004944020915187 0.0 0.0 0.0 0.0 0.0 0.0 0.0 0.0 0.0 0.0 0.0 0.0 0.0 
350 0.9005628517823642 0.9005628517823642 0.9005628517823642 0.9005628517823642 0.9005628517823642 0.9005628517823642 0.9005628517823642 0.9005628517823642 0.0 0.0 0.0 0.0 0.0 0.0 0.0 0.0 0.0 0.0 0.0 0.0 0.0 
351 0.9005628517823642 0.9005628517823642 0.9005628517823642 0.9005628517823642 0.9005628517823642 0.9005628517823642 0.9005628517823642 0.9005628517823642 0.0 0.0 0.0 0.0 0.0 0.0 0.0 0.0 0.0 0.0 0.0 0.0 0.0 
352 0.9005628517823642 0.9005628517823642 0.9005628517823642 0.9005628517823642 0.9005628517823642 0.9005628517823642 0.9005628517823642 0.9005628517823642 0.0 0.0 0.0 0.0 0.0 0.0 0.0 0.0 0.0 0.0 0.0 0.0 0.0 
353 0.9005628517823642 0.9005628517823642 0.9005628517823642 0.9005628517823642 0.9005628517823642 0.9005628517823642 0.9005628517823642 0.9005628517823642 0.0 0.0 0.0 0.0 0.0 0.0 0.0 0.0 0.0 0.0 0.0 0.0 0.0 
354 0.9005628517823642 0.9005628517823642 0.9005628517823642 0.9005628517823642 0.9005628517823642 0.9005628517823642 0.9005628517823642 0.9005628517823642 0.0 0.0 0.0 0.0 0.0 0.0 0.0 0.0 0.0 0.0 0.0 0.0 0.0 
355 0.9005628517823642 0.9005628517823642 0.9005628517823642 0.9005628517823642 0.9005628517823642 0.9005628517823642 0.9005628517823642 0.9005628517823642 0.0 0.0 0.0 0.0 0.0 0.0 0.0 0.0 0.0 0.0 0.0 0.0 0.0 
356 0.9005628517823642 0.9005628517823642 0.9005628517823642 0.9005628517823642 0.9005628517823642 0.9005628517823642 0.9005628517823642 0.9005628517823642 0.0 0.0 0.0 0.0 0.0 0.0 0.0 0.0 0.0 0.0 0.0 0.0 0.0 
357 0.9005628517823642 0.9005628517823642 0.9005628517823642 0.9005628517823642 0.9005628517823642 0.9005628517823642 0.9005628517823642 0.9005628517823642 0.0 0.0 0.0 0.0 0.0 0.0 0.0 0.0 0.0 0.0 0.0 0.0 0.0 
358 0.9005628517823642 0.9005628517823642 0.9005628517823642 0.9005628517823642 0.9005628517823642 0.9005628517823642 0.9005628517823642 0.9005628517823642 0.0 0.0 0.0 0.0 0.0 0.0 0.0 0.0 0.0 0.0 0.0 0.0 0.0 
359 0.9005628517823642 0.9005628517823642 0.9005628517823642 0.9005628517823642 0.9005628517823642 0.9005628517823642 0.9005628517823642 0.9005628517823642 0.0 0.0 0.0 0.0 0.0 0.0 0.0 0.0 0.0 0.0 0.0 0.0 0.0 
360 0.9005628517823642 0.9005628517823642 0.9005628517823642 0.9005628517823642 0.9005628517823642 0.9005628517823642 0.9005628517823642 0.9005628517823642 0.0 0.0 0.0 0.0 0.0 0.0 0.0 0.0 0.0 0.0 0.0 0.0 0.0 
361 0.9005628517823642 0.9005628517823642 0.9005628517823642 0.9005628517823642 0.9005628517823642 0.9005628517823642 0.9005628517823642 0.9005628517823642 0.0 0.0 0.0 0.0 0.0 0.0 0.0 0.0 0.0 0.0 0.0 0.0 0.0 
362 0.9005628517823642 0.9005628517823642 0.9005628517823642 0.9005628517823642 0.9005628517823642 0.9005628517823642 0.9005628517823642 0.9005628517823642 0.0 0.0 0.0 0.0 0.0 0.0 0.0 0.0 0.0 0.0 0.0 0.0 0.0 
363 0.9005628517823642 0.9005628517823642 0.9005628517823642 0.9005628517823642 0.9005628517823642 0.9005628517823642 0.9005628517823642 0.9005628517823642 0.0 0.0 0.0 0.0 0.0 0.0 0.0 0.0 0.0 0.0 0.0 0.0 0.0 
364 0.9005628517823642 0.9005628517823642 0.9005628517823642 0.9005628517823642 0.9005628517823642 0.9005628517823642 0.9005628517823642 0.9005628517823642 0.0 0.0 0.0 0.0 0.0 0.0 0.0 0.0 0.0 0.0 0.0 0.0 0.0 
365 0.9005628517823642 0.9005628517823642 0.9005628517823642 0.9005628517823642 0.9005628517823642 0.9005628517823642 0.9005628517823642 0.9005628517823642 0.0 0.0 0.0 0.0 0.0 0.0 0.0 0.0 0.0 0.0 0.0 0.0 0.0 
366 0.9005628517823642 0.9005628517823642 0.9005628517823642 0.9005628517823642 0.9005628517823642 0.9005628517823642 0.9005628517823642 0.9005628517823642 0.0 0.0 0.0 0.0 0.0 0.0 0.0 0.0 0.0 0.0 0.0 0.0 0.0 
367 0.9005628517823642 0.9005628517823642 0.9005628517823642 0.9005628517823642 0.9005628517823642 0.9005628517823642 0.9005628517823642 0.9005628517823642 0.0 0.0 0.0 0.0 0.0 0.0 0.0 0.0 0.0 0.0 0.0 0.0 0.0 
368 0.9005628517823642 0.9005628517823642 0.9005628517823642 0.9005628517823642 0.9005628517823642 0.9005628517823642 0.9005628517823642 0.9005628517823642 0.0 0.0 0.0 0.0 0.0 0.0 0.0 0.0 0.0 0.0 0.0 0.0 0.0 
369 0.9005628517823642 0.9005628517823642 0.9005628517823642 0.9005628517823642 0.9005628517823642 0.9005628517823642 0.9005628517823642 0.9005628517823642 0.0 0.0 0.0 0.0 0.0 0.0 0.0 0.0 0.0 0.0 0.0 0.0 0.0 
370 0.9005628517823642 0.9005628517823642 0.9005628517823642 0.9005628517823642 0.9005628517823642 0.9005628517823642 0.9005628517823642 0.9005628517823642 0.0 0.0 0.0 0.0 0.0 0.0 0.0 0.0 0.0 0.0 0.0 0.0 0.0 
371 0.9005628517823642 0.9005628517823642 0.9005628517823642 0.9005628517823642 0.9005628517823642 0.9005628517823642 0.9005628517823642 0.9005628517823642 0.0 0.0 0.0 0.0 0.0 0.0 0.0 0.0 0.0 0.0 0.0 0.0 0.0 
372 0.9005628517823642 0.9005628517823642 0.9005628517823642 0.9005628517823642 0.9005628517823642 0.9005628517823642 0.9005628517823642 0.9005628517823642 0.0 0.0 0.0 0.0 0.0 0.0 0.0 0.0 0.0 0.0 0.0 0.0 0.0 
373 0.9005628517823642 0.9005628517823642 0.9005628517823642 0.9005628517823642 0.9005628517823642 0.9005628517823642 0.9005628517823642 0.9005628517823642 0.0 0.0 0.0 0.0 0.0 0.0 0.0 0.0 0.0 0.0 0.0 0.0 0.0 
374 0.9005628517823642 0.9005628517823642 0.9005628517823642 0.9005628517823642 0.9005628517823642 0.9005628517823642 0.9005628517823642 0.9005628517823642 0.0 0.0 0.0 0.0 0.0 0.0 0.0 0.0 0.0 0.0 0.0 0.0 0.0 
375 0.9005628517823642 0.9005628517823642 0.9005628517823642 0.9005628517823642 0.9005628517823642 0.9005628517823642 0.9005628517823642 0.9005628517823642 0.0 0.0 0.0 0.0 0.0 0.0 0.0 0.0 0.0 0.0 0.0 0.0 0.0 
376 0.9005628517823642 0.9005628517823642 0.9005628517823642 0.9005628517823642 0.9005628517823642 0.9005628517823642 0.9005628517823642 0.9005628517823642 0.0 0.0 0.0 0.0 0.0 0.0 0.0 0.0 0.0 0.0 0.0 0.0 0.0 
377 0.9005628517823642 0.9005628517823642 0.9005628517823642 0.9005628517823642 0.9005628517823642 0.9005628517823642 0.9005628517823642 0.9005628517823642 0.0 0.0 0.0 0.0 0.0 0.0 0.0 0.0 0.0 0.0 0.0 0.0 0.0 
378 0.9005628517823642 0.9005628517823642 0.9005628517823642 0.9005628517823642 0.9005628517823642 0.9005628517823642 0.9005628517823642 0.9005628517823642 0.0 0.0 0.0 0.0 0.0 0.0 0.0 0.0 0.0 0.0 0.0 0.0 0.0 
379 0.9005628517823642 0.9005628517823642 0.9005628517823642 0.9005628517823642 0.9005628517823642 0.9005628517823642 0.9005628517823642 0.9005628517823642 0.0 0.0 0.0 0.0 0.0 0.0 0.0 0.0 0.0 0.0 0.0 0.0 0.0 
380 0.9005628517823642 0.9005628517823642 0.9005628517823642 0.9005628517823642 0.9005628517823642 0.9005628517823642 0.9005628517823642 0.9005628517823642 0.0 0.0 0.0 0.0 0.0 0.0 0.0 0.0 0.0 0.0 0.0 0.0 0.0 
381 0.9005628517823642 0.9005628517823642 0.9005628517823642 0.9005628517823642 0.9005628517823642 0.9005628517823642 0.9005628517823642 0.9005628517823642 0.0 0.0 0.0 0.0 0.0 0.0 0.0 0.0 0.0 0.0 0.0 0.0 0.0 
382 0.9005628517823642 0.9005628517823642 0.9005628517823642 0.9005628517823642 0.9005628517823642 0.9005628517823642 0.9005628517823642 0.9005628517823642 0.0 0.0 0.0 0.0 0.0 0.0 0.0 0.0 0.0 0.0 0.0 0.0 0.0 
383 0.9005628517823642 0.9005628517823642 0.9005628517823642 0.9005628517823642 0.9005628517823642 0.9005628517823642 0.9005628517823642 0.9005628517823642 0.0 0.0 0.0 0.0 0.0 0.0 0.0 0.0 0.0 0.0 0.0 0.0 0.0 
384 0.9005628517823642 0.9005628517823642 0.9005628517823642 0.9005628517823642 0.9005628517823642 0.9005628517823642 0.9005628517823642 0.9005628517823642 0.0 0.0 0.0 0.0 0.0 0.0 0.0 0.0 0.0 0.0 0.0 0.0 0.0 
385 0.9005628517823642 0.9005628517823642 0.9005628517823642 0.9005628517823642 0.9005628517823642 0.9005628517823642 0.9005628517823642 0.9005628517823642 0.0 0.0 0.0 0.0 0.0 0.0 0.0 0.0 0.0 0.0 0.0 0.0 0.0 
386 0.9005628517823642 0.9005628517823642 0.9005628517823642 0.9005628517823642 0.9005628517823642 0.9005628517823642 0.9005628517823642 0.9005628517823642 0.0 0.0 0.0 0.0 0.0 0.0 0.0 0.0 0.0 0.0 0.0 0.0 0.0 
387 0.9005628517823642 0.9005628517823642 0.9005628517823642 0.9005628517823642 0.9005628517823642 0.9005628517823642 0.9005628517823642 0.9005628517823642 0.0 0.0 0.0 0.0 0.0 0.0 0.0 0.0 0.0 0.0 0.0 0.0 0.0 
388 0.9005628517823642 0.9005628517823642 0.9005628517823642 0.9005628517823642 0.9005628517823642 0.9005628517823642 0.9005628517823642 0.9005628517823642 0.04618064516129032 0.0 0.0 0.0 0.0 0.0 0.0 0.0 0.0 0.0 0.0 0.0 0.0 
389 0.9005628517823642 0.9005628517823642 0.9005628517823642 0.9005628517823642 0.9005628517823642 0.9005628517823642 0.9005628517823642 0.9005628517823642 0.17442984864223104 0.0 0.0 0.0 0.0 0.0 0.0 0.0 0.0 0.0 0.0 0.0 0.0 
390 0.9005628517823642 0.9005628517823642 0.9005628517823642 0.9005628517823642 0.9005628517823642 0.9005628517823642 0.9005628517823642 0.9005628517823642 0.17986730568553083 0.0 0.0 0.0 0.0 0.0 0.0 0.0 0.0 0.0 0.0 0.0 0.0 
391 0.9005628517823642 0.9005628517823642 0.9005628517823642 0.9005628517823642 0.9005628517823642 0.9005628517823642 0.9005628517823642 0.9005628517823642 0.22354574581893055 0.0 0.0 0.0 0.0 0.0 0.0 0.0 0.0 0.0 0.0 0.0 0.0 
392 0.9005628517823642 0.9005628517823642 0.9005628517823642 0.9005628517823642 0.9005628517823642 0.9005628517823642 0.9005628517823642 0.9005628517823642 0.34334424767859384 0.0 0.0 0.0 0.0 0.0 0.0 0.0 0.0 0.0 0.0 0.0 0.0 
393 0.9005628517823642 0.9005628517823642 0.9005628517823642 0.9005628517823642 0.9005628517823642 0.9005628517823642 0.9005628517823642 0.9005628517823642 0.5296756342968256 0.0 0.0 0.0 0.0 0.0 0.0 0.0 0.0 0.0 0.0 0.0 0.0 
394 0.9005628517823642 0.9005628517823642 0.9005628517823642 0.9005628517823642 0.9005628517823642 0.9005628517823642 0.9005628517823642 0.9005628517823642 0.7069300888025679 0.0 0.0 0.0 0.0 0.0 0.0 0.0 0.0 0.0 0.0 0.0 0.0 
395 0.9005628517823642 0.9005628517823642 0.9005628517823642 0.9005628517823642 0.9005628517823642 0.9005628517823642 0.9005628517823642 0.9005628517823642 0.7199741694717876 0.0 0.0 0.0 0.0 0.0 0.0 0.0 0.0 0.0 0.0 0.0 0.0 
396 0.9005628517823642 0.9005628517823642 0.9005628517823642 0.9005628517823642 0.9005628517823642 0.9005628517823642 0.9005628517823642 0.9005628517823642 0.7373690710233278 0.0 0.0 0.0 0.0 0.0 0.0 0.0 0.0 0.0 0.0 0.0 0.0 
397 0.9005628517823642 0.9005628517823642 0.9005628517823642 0.9005628517823642 0.9005628517823642 0.9005628517823642 0.9005628517823642 0.9005628517823642 0.8444157299308748 0.0 0.0 0.0 0.0 0.0 0.0 0.0 0.0 0.0 0.0 0.0 0.0 
398 0.9005628517823642 0.9005628517823642 0.9005628517823642 0.9005628517823642 0.9005628517823642 0.9005628517823642 0.9005628517823642 0.9005628517823642 0.8725559966490156 0.0 0.0 0.0 0.0 0.0 0.0 0.0 0.0 0.0 0.0 0.0 0.0 
399 0.9005628517823642 0.9005628517823642 0.9005628517823642 0.9005628517823642 0.9005628517823642 0.9005628517823642 0.9005628517823642 0.9005628517823642 0.9002983751637228 0.0 0.0 0.0 0.0 0.0 0.0 0.0 0.0 0.0 0.0 0.0 0.0 
400 0.9005628517823642 0.9005628517823642 0.9005628517823642 0.9005628517823642 0.9005628517823642 0.9005628517823642 0.9005628517823642 0.9005628517823642 0.9005347091932461 0.0 0.0 0.0 0.0 0.0 0.0 0.0 0.0 0.0 0.0 0.0 0.0 
401 0.9005628517823642 0.9005628517823642 0.9005628517823642 0.9005628517823642 0.9005628517823642 0.9005628517823642 0.9005628517823642 0.9005628517823642 0.9005572655842234 0.0 0.0 0.0 0.0 0.0 0.0 0.0 0.0 0.0 0.0 0.0 0.0 
402 0.9005628517823642 0.9005628517823642 0.9005628517823642 0.9005628517823642 0.9005628517823642 0.9005628517823642 0.9005628517823642 0.9005628517823642 0.9005628517823642 0.0 0.0 0.0 0.0 0.0 0.0 0.0 0.0 0.0 0.0 0.0 0.0 
403 0.9005628517823642 0.9005628517823642 0.9005628517823642 0.9005628517823642 0.9005628517823642 0.9005628517823642 0.9005628517823642 0.9005628517823642 0.9005628517823642 0.0 0.0 0.0 0.0 0.0 0.0 0.0 0.0 0.0 0.0 0.0 0.0 
404 0.9005628517823642 0.9005628517823642 0.9005628517823642 0.9005628517823642 0.9005628517823642 0.9005628517823642 0.9005628517823642 0.9005628517823642 0.9005628517823642 0.0 0.0 0.0 0.0 0.0 0.0 0.0 0.0 0.0 0.0 0.0 0.0 
405 0.9005628517823642 0.9005628517823642 0.9005628517823642 0.9005628517823642 0.9005628517823642 0.9005628517823642 0.9005628517823642 0.9005628517823642 0.9005628517823642 0.0 0.0 0.0 0.0 0.0 0.0 0.0 0.0 0.0 0.0 0.0 0.0 
406 0.9005628517823642 0.9005628517823642 0.9005628517823642 0.9005628517823642 0.9005628517823642 0.9005628517823642 0.9005628517823642 0.9005628517823642 0.9005628517823642 0.0 0.0 0.0 0.0 0.0 0.0 0.0 0.0 0.0 0.0 0.0 0.0 
407 0.9005628517823642 0.9005628517823642 0.9005628517823642 0.9005628517823642 0.9005628517823642 0.9005628517823642 0.9005628517823642 0.9005628517823642 0.9005628517823642 0.0 0.0 0.0 0.0 0.0 0.0 0.0 0.0 0.0 0.0 0.0 0.0 
408 0.9005628517823642 0.9005628517823642 0.9005628517823642 0.9005628517823642 0.9005628517823642 0.9005628517823642 0.9005628517823642 0.9005628517823642 0.9005628517823642 0.0 0.0 0.0 0.0 0.0 0.0 0.0 0.0 0.0 0.0 0.0 0.0 
409 0.9005628517823642 0.9005628517823642 0.9005628517823642 0.9005628517823642 0.9005628517823642 0.9005628517823642 0.9005628517823642 0.9005628517823642 0.9005628517823642 0.0 0.0 0.0 0.0 0.0 0.0 0.0 0.0 0.0 0.0 0.0 0.0 
410 0.9005628517823642 0.9005628517823642 0.9005628517823642 0.9005628517823642 0.9005628517823642 0.9005628517823642 0.9005628517823642 0.9005628517823642 0.9005628517823642 0.0 0.0 0.0 0.0 0.0 0.0 0.0 0.0 0.0 0.0 0.0 0.0 
411 0.9005628517823642 0.9005628517823642 0.9005628517823642 0.9005628517823642 0.9005628517823642 0.9005628517823642 0.9005628517823642 0.9005628517823642 0.9005628517823642 0.0 0.0 0.0 0.0 0.0 0.0 0.0 0.0 0.0 0.0 0.0 0.0 
412 0.9005628517823642 0.9005628517823642 0.9005628517823642 0.9005628517823642 0.9005628517823642 0.9005628517823642 0.9005628517823642 0.9005628517823642 0.9005628517823642 0.0 0.0 0.0 0.0 0.0 0.0 0.0 0.0 0.0 0.0 0.0 0.0 
413 0.9005628517823642 0.9005628517823642 0.9005628517823642 0.9005628517823642 0.9005628517823642 0.9005628517823642 0.9005628517823642 0.9005628517823642 0.9005628517823642 0.0 0.0 0.0 0.0 0.0 0.0 0.0 0.0 0.0 0.0 0.0 0.0 
414 0.9005628517823642 0.9005628517823642 0.9005628517823642 0.9005628517823642 0.9005628517823642 0.9005628517823642 0.9005628517823642 0.9005628517823642 0.9005628517823642 0.0 0.0 0.0 0.0 0.0 0.0 0.0 0.0 0.0 0.0 0.0 0.0 
415 0.9005628517823642 0.9005628517823642 0.9005628517823642 0.9005628517823642 0.9005628517823642 0.9005628517823642 0.9005628517823642 0.9005628517823642 0.9005628517823642 0.0 0.0 0.0 0.0 0.0 0.0 0.0 0.0 0.0 0.0 0.0 0.0 
416 0.9005628517823642 0.9005628517823642 0.9005628517823642 0.9005628517823642 0.9005628517823642 0.9005628517823642 0.9005628517823642 0.9005628517823642 0.9005628517823642 0.0 0.0 0.0 0.0 0.0 0.0 0.0 0.0 0.0 0.0 0.0 0.0 
417 0.9005628517823642 0.9005628517823642 0.9005628517823642 0.9005628517823642 0.9005628517823642 0.9005628517823642 0.9005628517823642 0.9005628517823642 0.9005628517823642 0.0 0.0 0.0 0.0 0.0 0.0 0.0 0.0 0.0 0.0 0.0 0.0 
418 0.9005628517823642 0.9005628517823642 0.9005628517823642 0.9005628517823642 0.9005628517823642 0.9005628517823642 0.9005628517823642 0.9005628517823642 0.9005628517823642 0.0 0.0 0.0 0.0 0.0 0.0 0.0 0.0 0.0 0.0 0.0 0.0 
419 0.9005628517823642 0.9005628517823642 0.9005628517823642 0.9005628517823642 0.9005628517823642 0.9005628517823642 0.9005628517823642 0.9005628517823642 0.9005628517823642 0.0 0.0 0.0 0.0 0.0 0.0 0.0 0.0 0.0 0.0 0.0 0.0 
420 0.9005628517823642 0.9005628517823642 0.9005628517823642 0.9005628517823642 0.9005628517823642 0.9005628517823642 0.9005628517823642 0.9005628517823642 0.9005628517823642 0.0 0.0 0.0 0.0 0.0 0.0 0.0 0.0 0.0 0.0 0.0 0.0 
421 0.9005628517823642 0.9005628517823642 0.9005628517823642 0.9005628517823642 0.9005628517823642 0.9005628517823642 0.9005628517823642 0.9005628517823642 0.9005628517823642 0.0 0.0 0.0 0.0 0.0 0.0 0.0 0.0 0.0 0.0 0.0 0.0 
422 0.9005628517823642 0.9005628517823642 0.9005628517823642 0.9005628517823642 0.9005628517823642 0.9005628517823642 0.9005628517823642 0.9005628517823642 0.9005628517823642 0.0 0.0 0.0 0.0 0.0 0.0 0.0 0.0 0.0 0.0 0.0 0.0 
423 0.9005628517823642 0.9005628517823642 0.9005628517823642 0.9005628517823642 0.9005628517823642 0.9005628517823642 0.9005628517823642 0.9005628517823642 0.9005628517823642 0.0 0.0 0.0 0.0 0.0 0.0 0.0 0.0 0.0 0.0 0.0 0.0 
424 0.9005628517823642 0.9005628517823642 0.9005628517823642 0.9005628517823642 0.9005628517823642 0.9005628517823642 0.9005628517823642 0.9005628517823642 0.9005628517823642 0.0 0.0 0.0 0.0 0.0 0.0 0.0 0.0 0.0 0.0 0.0 0.0 
425 0.9005628517823642 0.9005628517823642 0.9005628517823642 0.9005628517823642 0.9005628517823642 0.9005628517823642 0.9005628517823642 0.9005628517823642 0.9005628517823642 0.0 0.0 0.0 0.0 0.0 0.0 0.0 0.0 0.0 0.0 0.0 0.0 
426 0.9005628517823642 0.9005628517823642 0.9005628517823642 0.9005628517823642 0.9005628517823642 0.9005628517823642 0.9005628517823642 0.9005628517823642 0.9005628517823642 0.0 0.0 0.0 0.0 0.0 0.0 0.0 0.0 0.0 0.0 0.0 0.0 
427 0.9005628517823642 0.9005628517823642 0.9005628517823642 0.9005628517823642 0.9005628517823642 0.9005628517823642 0.9005628517823642 0.9005628517823642 0.9005628517823642 0.0 0.0 0.0 0.0 0.0 0.0 0.0 0.0 0.0 0.0 0.0 0.0 
428 0.9005628517823642 0.9005628517823642 0.9005628517823642 0.9005628517823642 0.9005628517823642 0.9005628517823642 0.9005628517823642 0.9005628517823642 0.9005628517823642 0.0 0.0 0.0 0.0 0.0 0.0 0.0 0.0 0.0 0.0 0.0 0.0 
429 0.9005628517823642 0.9005628517823642 0.9005628517823642 0.9005628517823642 0.9005628517823642 0.9005628517823642 0.9005628517823642 0.9005628517823642 0.9005628517823642 0.0 0.0 0.0 0.0 0.0 0.0 0.0 0.0 0.0 0.0 0.0 0.0 
430 0.9005628517823642 0.9005628517823642 0.9005628517823642 0.9005628517823642 0.9005628517823642 0.9005628517823642 0.9005628517823642 0.9005628517823642 0.9005628517823642 0.0 0.0 0.0 0.0 0.0 0.0 0.0 0.0 0.0 0.0 0.0 0.0 
431 0.9005628517823642 0.9005628517823642 0.9005628517823642 0.9005628517823642 0.9005628517823642 0.9005628517823642 0.9005628517823642 0.9005628517823642 0.9005628517823642 0.0 0.0 0.0 0.0 0.0 0.0 0.0 0.0 0.0 0.0 0.0 0.0 
432 0.9005628517823642 0.9005628517823642 0.9005628517823642 0.9005628517823642 0.9005628517823642 0.9005628517823642 0.9005628517823642 0.9005628517823642 0.9005628517823642 0.0 0.0 0.0 0.0 0.0 0.0 0.0 0.0 0.0 0.0 0.0 0.0 
433 0.9005628517823642 0.9005628517823642 0.9005628517823642 0.9005628517823642 0.9005628517823642 0.9005628517823642 0.9005628517823642 0.9005628517823642 0.9005628517823642 0.03231683168316832 0.0 0.0 0.0 0.0 0.0 0.0 0.0 0.0 0.0 0.0 0.0 
434 0.9005628517823642 0.9005628517823642 0.9005628517823642 0.9005628517823642 0.9005628517823642 0.9005628517823642 0.9005628517823642 0.9005628517823642 0.9005628517823642 0.043612188365650964 0.0 0.0 0.0 0.0 0.0 0.0 0.0 0.0 0.0 0.0 0.0 
435 0.9005628517823642 0.9005628517823642 0.9005628517823642 0.9005628517823642 0.9005628517823642 0.9005628517823642 0.9005628517823642 0.9005628517823642 0.9005628517823642 0.045011320754716984 0.0 0.0 0.0 0.0 0.0 0.0 0.0 0.0 0.0 0.0 0.0 
436 0.9005628517823642 0.9005628517823642 0.9005628517823642 0.9005628517823642 0.9005628517823642 0.9005628517823642 0.9005628517823642 0.9005628517823642 0.9005628517823642 0.0450281425891182 0.0 0.0 0.0 0.0 0.0 0.0 0.0 0.0 0.0 0.0 0.0 
437 0.9005628517823642 0.9005628517823642 0.9005628517823642 0.9005628517823642 0.9005628517823642 0.9005628517823642 0.9005628517823642 0.9005628517823642 0.9005628517823642 0.0868406425891182 0.0 0.0 0.0 0.0 0.0 0.0 0.0 0.0 0.0 0.0 0.0 
438 0.9005628517823642 0.9005628517823642 0.9005628517823642 0.9005628517823642 0.9005628517823642 0.9005628517823642 0.9005628517823642 0.9005628517823642 0.9005628517823642 0.13178860540746518 0.0 0.0 0.0 0.0 0.0 0.0 0.0 0.0 0.0 0.0 0.0 
439 0.9005628517823642 0.9005628517823642 0.9005628517823642 0.9005628517823642 0.9005628517823642 0.9005628517823642 0.9005628517823642 0.9005628517823642 0.9005628517823642 0.17876617558783187 0.0 0.0 0.0 0.0 0.0 0.0 0.0 0.0 0.0 0.0 0.0 
440 0.9005628517823642 0.9005628517823642 0.9005628517823642 0.9005628517823642 0.9005628517823642 0.9005628517823642 0.9005628517823642 0.9005628517823642 0.9005628517823642 0.22260070733060652 0.0 0.0 0.0 0.0 0.0 0.0 0.0 0.0 0.0 0.0 0.0 
441 0.9005628517823642 0.9005628517823642 0.9005628517823642 0.9005628517823642 0.9005628517823642 0.9005628517823642 0.9005628517823642 0.9005628517823642 0.9005628517823642 0.22503085829421599 0.0 0.0 0.0 0.0 0.0 0.0 0.0 0.0 0.0 0.0 0.0 
442 0.9005628517823642 0.9005628517823642 0.9005628517823642 0.9005628517823642 0.9005628517823642 0.9005628517823642 0.9005628517823642 0.9005628517823642 0.9005628517823642 0.48328806694914983 0.0 0.0 0.0 0.0 0.0 0.0 0.0 0.0 0.0 0.0 0.0 
443 0.9005628517823642 0.9005628517823642 0.9005628517823642 0.9005628517823642 0.9005628517823642 0.9005628517823642 0.9005628517823642 0.9005628517823642 0.9005628517823642 0.5779325019464615 0.0 0.0 0.0 0.0 0.0 0.0 0.0 0.0 0.0 0.0 0.0 
444 0.9005628517823642 0.9005628517823642 0.9005628517823642 0.9005628517823642 0.9005628517823642 0.9005628517823642 0.9005628517823642 0.9005628517823642 0.9005628517823642 0.7569548273125323 0.0 0.0 0.0 0.0 0.0 0.0 0.0 0.0 0.0 0.0 0.0 
445 0.9005628517823642 0.9005628517823642 0.9005628517823642 0.9005628517823642 0.9005628517823642 0.9005628517823642 0.9005628517823642 0.9005628517823642 0.9005628517823642 0.8048576281844706 0.0 0.0 0.0 0.0 0.0 0.0 0.0 0.0 0.0 0.0 0.0 
446 0.9005628517823642 0.9005628517823642 0.9005628517823642 0.9005628517823642 0.9005628517823642 0.9005628517823642 0.9005628517823642 0.9005628517823642 0.9005628517823642 0.8882482387847324 0.0 0.0 0.0 0.0 0.0 0.0 0.0 0.0 0.0 0.0 0.0 
447 0.9005628517823642 0.9005628517823642 0.9005628517823642 0.9005628517823642 0.9005628517823642 0.9005628517823642 0.9005628517823642 0.9005628517823642 0.9005628517823642 0.9002791398613109 0.0 0.0 0.0 0.0 0.0 0.0 0.0 0.0 0.0 0.0 0.0 
448 0.9005628517823642 0.9005628517823642 0.9005628517823642 0.9005628517823642 0.9005628517823642 0.9005628517823642 0.9005628517823642 0.9005628517823642 0.9005628517823642 0.9005403802707507 0.0 0.0 0.0 0.0 0.0 0.0 0.0 0.0 0.0 0.0 0.0 
449 0.9005628517823642 0.9005628517823642 0.9005628517823642 0.9005628517823642 0.9005628517823642 0.9005628517823642 0.9005628517823642 0.9005628517823642 0.9005628517823642 0.9005628517823642 0.0 0.0 0.0 0.0 0.0 0.0 0.0 0.0 0.0 0.0 0.0 
450 0.9005628517823642 0.9005628517823642 0.9005628517823642 0.9005628517823642 0.9005628517823642 0.9005628517823642 0.9005628517823642 0.9005628517823642 0.9005628517823642 0.9005628517823642 0.0 0.0 0.0 0.0 0.0 0.0 0.0 0.0 0.0 0.0 0.0 
451 0.9005628517823642 0.9005628517823642 0.9005628517823642 0.9005628517823642 0.9005628517823642 0.9005628517823642 0.9005628517823642 0.9005628517823642 0.9005628517823642 0.9005628517823642 0.0 0.0 0.0 0.0 0.0 0.0 0.0 0.0 0.0 0.0 0.0 
452 0.9005628517823642 0.9005628517823642 0.9005628517823642 0.9005628517823642 0.9005628517823642 0.9005628517823642 0.9005628517823642 0.9005628517823642 0.9005628517823642 0.9005628517823642 0.0 0.0 0.0 0.0 0.0 0.0 0.0 0.0 0.0 0.0 0.0 
453 0.9005628517823642 0.9005628517823642 0.9005628517823642 0.9005628517823642 0.9005628517823642 0.9005628517823642 0.9005628517823642 0.9005628517823642 0.9005628517823642 0.9005628517823642 0.0 0.0 0.0 0.0 0.0 0.0 0.0 0.0 0.0 0.0 0.0 
454 0.9005628517823642 0.9005628517823642 0.9005628517823642 0.9005628517823642 0.9005628517823642 0.9005628517823642 0.9005628517823642 0.9005628517823642 0.9005628517823642 0.9005628517823642 0.0 0.0 0.0 0.0 0.0 0.0 0.0 0.0 0.0 0.0 0.0 
455 0.9005628517823642 0.9005628517823642 0.9005628517823642 0.9005628517823642 0.9005628517823642 0.9005628517823642 0.9005628517823642 0.9005628517823642 0.9005628517823642 0.9005628517823642 0.0 0.0 0.0 0.0 0.0 0.0 0.0 0.0 0.0 0.0 0.0 
456 0.9005628517823642 0.9005628517823642 0.9005628517823642 0.9005628517823642 0.9005628517823642 0.9005628517823642 0.9005628517823642 0.9005628517823642 0.9005628517823642 0.9005628517823642 0.0 0.0 0.0 0.0 0.0 0.0 0.0 0.0 0.0 0.0 0.0 
457 0.9005628517823642 0.9005628517823642 0.9005628517823642 0.9005628517823642 0.9005628517823642 0.9005628517823642 0.9005628517823642 0.9005628517823642 0.9005628517823642 0.9005628517823642 0.0 0.0 0.0 0.0 0.0 0.0 0.0 0.0 0.0 0.0 0.0 
458 0.9005628517823642 0.9005628517823642 0.9005628517823642 0.9005628517823642 0.9005628517823642 0.9005628517823642 0.9005628517823642 0.9005628517823642 0.9005628517823642 0.9005628517823642 0.0 0.0 0.0 0.0 0.0 0.0 0.0 0.0 0.0 0.0 0.0 
459 0.9005628517823642 0.9005628517823642 0.9005628517823642 0.9005628517823642 0.9005628517823642 0.9005628517823642 0.9005628517823642 0.9005628517823642 0.9005628517823642 0.9005628517823642 0.0 0.0 0.0 0.0 0.0 0.0 0.0 0.0 0.0 0.0 0.0 
460 0.9005628517823642 0.9005628517823642 0.9005628517823642 0.9005628517823642 0.9005628517823642 0.9005628517823642 0.9005628517823642 0.9005628517823642 0.9005628517823642 0.9005628517823642 0.0 0.0 0.0 0.0 0.0 0.0 0.0 0.0 0.0 0.0 0.0 
461 0.9005628517823642 0.9005628517823642 0.9005628517823642 0.9005628517823642 0.9005628517823642 0.9005628517823642 0.9005628517823642 0.9005628517823642 0.9005628517823642 0.9005628517823642 0.0 0.0 0.0 0.0 0.0 0.0 0.0 0.0 0.0 0.0 0.0 
462 0.9005628517823642 0.9005628517823642 0.9005628517823642 0.9005628517823642 0.9005628517823642 0.9005628517823642 0.9005628517823642 0.9005628517823642 0.9005628517823642 0.9005628517823642 0.0 0.0 0.0 0.0 0.0 0.0 0.0 0.0 0.0 0.0 0.0 
463 0.9005628517823642 0.9005628517823642 0.9005628517823642 0.9005628517823642 0.9005628517823642 0.9005628517823642 0.9005628517823642 0.9005628517823642 0.9005628517823642 0.9005628517823642 0.0 0.0 0.0 0.0 0.0 0.0 0.0 0.0 0.0 0.0 0.0 
464 0.9005628517823642 0.9005628517823642 0.9005628517823642 0.9005628517823642 0.9005628517823642 0.9005628517823642 0.9005628517823642 0.9005628517823642 0.9005628517823642 0.9005628517823642 0.0 0.0 0.0 0.0 0.0 0.0 0.0 0.0 0.0 0.0 0.0 
465 0.9005628517823642 0.9005628517823642 0.9005628517823642 0.9005628517823642 0.9005628517823642 0.9005628517823642 0.9005628517823642 0.9005628517823642 0.9005628517823642 0.9005628517823642 0.0 0.0 0.0 0.0 0.0 0.0 0.0 0.0 0.0 0.0 0.0 
466 0.9005628517823642 0.9005628517823642 0.9005628517823642 0.9005628517823642 0.9005628517823642 0.9005628517823642 0.9005628517823642 0.9005628517823642 0.9005628517823642 0.9005628517823642 0.0 0.0 0.0 0.0 0.0 0.0 0.0 0.0 0.0 0.0 0.0 
467 0.9005628517823642 0.9005628517823642 0.9005628517823642 0.9005628517823642 0.9005628517823642 0.9005628517823642 0.9005628517823642 0.9005628517823642 0.9005628517823642 0.9005628517823642 0.0 0.0 0.0 0.0 0.0 0.0 0.0 0.0 0.0 0.0 0.0 
468 0.9005628517823642 0.9005628517823642 0.9005628517823642 0.9005628517823642 0.9005628517823642 0.9005628517823642 0.9005628517823642 0.9005628517823642 0.9005628517823642 0.9005628517823642 0.0 0.0 0.0 0.0 0.0 0.0 0.0 0.0 0.0 0.0 0.0 
469 0.9005628517823642 0.9005628517823642 0.9005628517823642 0.9005628517823642 0.9005628517823642 0.9005628517823642 0.9005628517823642 0.9005628517823642 0.9005628517823642 0.9005628517823642 0.0 0.0 0.0 0.0 0.0 0.0 0.0 0.0 0.0 0.0 0.0 
470 0.9005628517823642 0.9005628517823642 0.9005628517823642 0.9005628517823642 0.9005628517823642 0.9005628517823642 0.9005628517823642 0.9005628517823642 0.9005628517823642 0.9005628517823642 0.0 0.0 0.0 0.0 0.0 0.0 0.0 0.0 0.0 0.0 0.0 
471 0.9005628517823642 0.9005628517823642 0.9005628517823642 0.9005628517823642 0.9005628517823642 0.9005628517823642 0.9005628517823642 0.9005628517823642 0.9005628517823642 0.9005628517823642 0.0 0.0 0.0 0.0 0.0 0.0 0.0 0.0 0.0 0.0 0.0 
472 0.9005628517823642 0.9005628517823642 0.9005628517823642 0.9005628517823642 0.9005628517823642 0.9005628517823642 0.9005628517823642 0.9005628517823642 0.9005628517823642 0.9005628517823642 0.0 0.0 0.0 0.0 0.0 0.0 0.0 0.0 0.0 0.0 0.0 
473 0.9005628517823642 0.9005628517823642 0.9005628517823642 0.9005628517823642 0.9005628517823642 0.9005628517823642 0.9005628517823642 0.9005628517823642 0.9005628517823642 0.9005628517823642 0.0 0.0 0.0 0.0 0.0 0.0 0.0 0.0 0.0 0.0 0.0 
474 0.9005628517823642 0.9005628517823642 0.9005628517823642 0.9005628517823642 0.9005628517823642 0.9005628517823642 0.9005628517823642 0.9005628517823642 0.9005628517823642 0.9005628517823642 0.0 0.0 0.0 0.0 0.0 0.0 0.0 0.0 0.0 0.0 0.0 
475 0.9005628517823642 0.9005628517823642 0.9005628517823642 0.9005628517823642 0.9005628517823642 0.9005628517823642 0.9005628517823642 0.9005628517823642 0.9005628517823642 0.9005628517823642 0.0 0.0 0.0 0.0 0.0 0.0 0.0 0.0 0.0 0.0 0.0 
476 0.9005628517823642 0.9005628517823642 0.9005628517823642 0.9005628517823642 0.9005628517823642 0.9005628517823642 0.9005628517823642 0.9005628517823642 0.9005628517823642 0.9005628517823642 0.0 0.0 0.0 0.0 0.0 0.0 0.0 0.0 0.0 0.0 0.0 
477 0.9005628517823642 0.9005628517823642 0.9005628517823642 0.9005628517823642 0.9005628517823642 0.9005628517823642 0.9005628517823642 0.9005628517823642 0.9005628517823642 0.9005628517823642 0.0 0.0 0.0 0.0 0.0 0.0 0.0 0.0 0.0 0.0 0.0 
478 0.9005628517823642 0.9005628517823642 0.9005628517823642 0.9005628517823642 0.9005628517823642 0.9005628517823642 0.9005628517823642 0.9005628517823642 0.9005628517823642 0.9005628517823642 0.0 0.0 0.0 0.0 0.0 0.0 0.0 0.0 0.0 0.0 0.0 
479 0.9005628517823642 0.9005628517823642 0.9005628517823642 0.9005628517823642 0.9005628517823642 0.9005628517823642 0.9005628517823642 0.9005628517823642 0.9005628517823642 0.9005628517823642 0.0 0.0 0.0 0.0 0.0 0.0 0.0 0.0 0.0 0.0 0.0 
480 0.9005628517823642 0.9005628517823642 0.9005628517823642 0.9005628517823642 0.9005628517823642 0.9005628517823642 0.9005628517823642 0.9005628517823642 0.9005628517823642 0.9005628517823642 0.0 0.0 0.0 0.0 0.0 0.0 0.0 0.0 0.0 0.0 0.0 
481 0.9005628517823642 0.9005628517823642 0.9005628517823642 0.9005628517823642 0.9005628517823642 0.9005628517823642 0.9005628517823642 0.9005628517823642 0.9005628517823642 0.9005628517823642 0.0 0.0 0.0 0.0 0.0 0.0 0.0 0.0 0.0 0.0 0.0 
482 0.9005628517823642 0.9005628517823642 0.9005628517823642 0.9005628517823642 0.9005628517823642 0.9005628517823642 0.9005628517823642 0.9005628517823642 0.9005628517823642 0.9005628517823642 0.0 0.0 0.0 0.0 0.0 0.0 0.0 0.0 0.0 0.0 0.0 
483 0.9005628517823642 0.9005628517823642 0.9005628517823642 0.9005628517823642 0.9005628517823642 0.9005628517823642 0.9005628517823642 0.9005628517823642 0.9005628517823642 0.9005628517823642 0.0 0.0 0.0 0.0 0.0 0.0 0.0 0.0 0.0 0.0 0.0 
484 0.9005628517823642 0.9005628517823642 0.9005628517823642 0.9005628517823642 0.9005628517823642 0.9005628517823642 0.9005628517823642 0.9005628517823642 0.9005628517823642 0.9005628517823642 0.044264150943396224 0.0 0.0 0.0 0.0 0.0 0.0 0.0 0.0 0.0 0.0 
485 0.9005628517823642 0.9005628517823642 0.9005628517823642 0.9005628517823642 0.9005628517823642 0.9005628517823642 0.9005628517823642 0.9005628517823642 0.9005628517823642 0.9005628517823642 0.07668142384750049 0.0 0.0 0.0 0.0 0.0 0.0 0.0 0.0 0.0 0.0 
486 0.9005628517823642 0.9005628517823642 0.9005628517823642 0.9005628517823642 0.9005628517823642 0.9005628517823642 0.9005628517823642 0.9005628517823642 0.9005628517823642 0.9005628517823642 0.08984101985269968 0.0 0.0 0.0 0.0 0.0 0.0 0.0 0.0 0.0 0.0 
487 0.9005628517823642 0.9005628517823642 0.9005628517823642 0.9005628517823642 0.9005628517823642 0.9005628517823642 0.9005628517823642 0.9005628517823642 0.9005628517823642 0.9005628517823642 0.13407638568074895 0.0 0.0 0.0 0.0 0.0 0.0 0.0 0.0 0.0 0.0 
488 0.9005628517823642 0.9005628517823642 0.9005628517823642 0.9005628517823642 0.9005628517823642 0.9005628517823642 0.9005628517823642 0.9005628517823642 0.9005628517823642 0.9005628517823642 0.17808500739846403 0.0 0.0 0.0 0.0 0.0 0.0 0.0 0.0 0.0 0.0 
489 0.9005628517823642 0.9005628517823642 0.9005628517823642 0.9005628517823642 0.9005628517823642 0.9005628517823642 0.9005628517823642 0.9005628517823642 0.9005628517823642 0.9005628517823642 0.22375460556545557 0.0 0.0 0.0 0.0 0.0 0.0 0.0 0.0 0.0 0.0 
490 0.9005628517823642 0.9005628517823642 0.9005628517823642 0.9005628517823642 0.9005628517823642 0.9005628517823642 0.9005628517823642 0.9005628517823642 0.9005628517823642 0.9005628517823642 0.36552926442332156 0.0 0.0 0.0 0.0 0.0 0.0 0.0 0.0 0.0 0.0 
491 0.9005628517823642 0.9005628517823642 0.9005628517823642 0.9005628517823642 0.9005628517823642 0.9005628517823642 0.9005628517823642 0.9005628517823642 0.9005628517823642 0.9005628517823642 0.44906998720368996 0.0 0.0 0.0 0.0 0.0 0.0 0.0 0.0 0.0 0.0 
492 0.9005628517823642 0.9005628517823642 0.9005628517823642 0.9005628517823642 0.9005628517823642 0.9005628517823642 0.9005628517823642 0.9005628517823642 0.9005628517823642 0.9005628517823642 0.6547042560353848 0.0 0.0 0.0 0.0 0.0 0.0 0.0 0.0 0.0 0.0 
493 0.9005628517823642 0.9005628517823642 0.9005628517823642 0.9005628517823642 0.9005628517823642 0.9005628517823642 0.9005628517823642 0.9005628517823642 0.9005628517823642 0.9005628517823642 0.7603908935113805 0.0 0.0 0.0 0.0 0.0 0.0 0.0 0.0 0.0 0.0 
494 0.9005628517823642 0.9005628517823642 0.9005628517823642 0.9005628517823642 0.9005628517823642 0.9005628517823642 0.9005628517823642 0.9005628517823642 0.9005628517823642 0.9005628517823642 0.8098116249489345 0.0 0.0 0.0 0.0 0.0 0.0 0.0 0.0 0.0 0.0 
495 0.9005628517823642 0.9005628517823642 0.9005628517823642 0.9005628517823642 0.9005628517823642 0.9005628517823642 0.9005628517823642 0.9005628517823642 0.9005628517823642 0.9005628517823642 0.855026687464836 0.0 0.0 0.0 0.0 0.0 0.0 0.0 0.0 0.0 0.0 
496 0.9005628517823642 0.9005628517823642 0.9005628517823642 0.9005628517823642 0.9005628517823642 0.9005628517823642 0.9005628517823642 0.9005628517823642 0.9005628517823642 0.9005628517823642 0.8993790195251796 0.0 0.0 0.0 0.0 0.0 0.0 0.0 0.0 0.0 0.0 
497 0.9005628517823642 0.9005628517823642 0.9005628517823642 0.9005628517823642 0.9005628517823642 0.9005628517823642 0.9005628517823642 0.9005628517823642 0.9005628517823642 0.9005628517823642 0.9005235584363493 0.0 0.0 0.0 0.0 0.0 0.0 0.0 0.0 0.0 0.0 
498 0.9005628517823642 0.9005628517823642 0.9005628517823642 0.9005628517823642 0.9005628517823642 0.9005628517823642 0.9005628517823642 0.9005628517823642 0.9005628517823642 0.9005628517823642 0.9005628517823642 0.0 0.0 0.0 0.0 0.0 0.0 0.0 0.0 0.0 0.0 
499 0.9005628517823642 0.9005628517823642 0.9005628517823642 0.9005628517823642 0.9005628517823642 0.9005628517823642 0.9005628517823642 0.9005628517823642 0.9005628517823642 0.9005628517823642 0.9005628517823642 0.0 0.0 0.0 0.0 0.0 0.0 0.0 0.0 0.0 0.0 
