0 100.2 233.55 225.25 217.5 222.4 218.75 218.1 222.2 219.45 218.6 218.85 211.55 217.65 213.6 209.3 211.2 214.35 211.95 210.55 214.5 214.2 
1 0.05 467.55 445.45 438.4 439.35 434.55 436.75 430.8 433.3 434.15 431.55 430.45 426.2 423.5 433.1 434.5 426.95 424.4 425.8 424.0 426.8 
2 0.0 461.05 443.85 451.5 437.6 449.1 435.45 437.55 437.4 428.2 425.75 427.55 419.65 428.8 432.55 434.55 428.95 422.4 432.7 424.15 428.45 
3 0.0 446.35 444.25 441.0 433.6 425.85 431.75 440.85 431.65 421.3 431.65 421.05 424.3 430.55 419.4 429.35 426.0 435.4 426.75 424.7 428.2 
4 0.0 441.1 443.3 441.15 432.3 438.2 433.05 419.35 421.55 434.35 426.1 429.95 421.85 418.05 425.35 420.2 432.6 429.8 426.4 428.75 421.55 
5 0.0 427.4 444.0 430.45 438.65 434.15 429.75 425.75 430.4 424.6 418.1 424.7 433.15 428.9 427.95 418.35 419.45 421.25 427.65 429.0 421.35 
6 0.0 414.65 422.1 425.8 426.35 427.4 425.65 432.75 424.45 431.3 424.85 423.6 433.45 434.2 427.4 423.9 432.25 428.25 428.3 420.4 418.25 
7 0.0 411.6 417.05 420.35 429.6 419.8 428.45 422.35 426.15 418.8 424.9 432.8 430.65 421.55 434.5 427.2 423.1 425.5 416.55 424.5 421.3 
8 0.0 416.75 417.45 425.75 422.35 422.9 424.75 419.0 418.45 424.7 424.7 427.0 420.7 423.8 420.2 421.4 422.5 424.9 425.55 421.35 433.8 
9 0.0 410.35 419.35 419.15 427.0 415.4 426.35 421.6 417.7 426.4 430.4 425.1 429.45 424.8 419.1 431.6 424.65 424.55 427.2 424.8 420.0 
10 0.0 411.45 418.9 413.7 412.6 414.65 420.4 420.55 416.4 415.75 427.0 422.5 417.25 420.8 419.9 418.4 413.1 418.7 426.15 418.65 425.0 
11 0.0 411.4 406.65 419.1 413.1 418.45 411.65 418.7 418.65 421.15 422.0 419.05 419.0 416.9 420.75 418.4 415.7 420.05 418.15 420.1 413.55 
12 0.0 407.0 415.7 418.6 413.8 421.9 415.4 420.75 419.7 421.6 411.4 421.05 428.1 423.25 423.6 418.65 419.6 423.4 418.25 419.65 419.2 
13 0.0 411.45 405.65 413.1 415.7 420.95 415.2 419.3 423.75 414.95 408.05 417.5 417.0 426.15 418.2 421.35 428.25 420.55 416.7 417.85 424.7 
14 0.0 413.5 421.15 405.6 416.5 417.55 411.2 417.15 414.75 412.05 412.8 420.05 413.15 422.95 412.25 415.65 428.05 418.85 414.4 418.85 410.3 
15 0.0 415.55 415.95 415.85 420.05 414.25 414.5 412.6 415.25 404.05 413.0 411.75 422.25 419.7 421.6 415.85 412.45 417.6 413.65 415.9 415.55 
16 0.0 411.35 410.3 410.9 414.15 411.05 416.9 414.35 421.1 417.9 422.0 411.4 411.25 412.2 417.95 419.9 415.85 411.9 416.5 412.6 420.5 
17 0.0 411.45 408.6 407.05 410.15 415.05 419.1 411.6 408.2 425.05 421.1 417.55 416.9 412.05 411.25 419.1 415.05 413.75 411.45 416.3 421.3 
18 0.0 402.6 404.85 405.6 408.4 411.95 414.05 420.75 417.85 417.75 412.75 417.9 421.1 410.1 413.25 414.5 410.05 409.6 411.85 426.1 414.5 
19 0.0 408.95 409.6 418.0 407.45 402.05 406.85 411.5 409.3 416.35 421.8 411.4 413.5 410.55 414.65 410.45 413.35 407.8 420.4 422.3 412.1 
20 0.0 414.0 417.9 413.5 411.8 409.95 411.0 406.85 419.35 410.35 413.75 419.9 406.8 409.4 420.45 419.05 414.5 418.4 412.7 410.9 409.6 
21 0.0 415.35 402.85 406.75 402.5 414.25 409.8 413.45 404.95 422.8 416.55 414.7 407.6 416.05 414.95 411.65 406.35 418.8 419.85 416.2 410.6 
22 0.0 410.85 411.6 412.3 410.05 408.35 407.6 406.1 415.4 404.8 407.5 412.0 411.55 413.1 408.35 408.3 406.4 418.2 420.45 410.05 420.3 
23 0.0 412.4 418.3 411.5 409.9 415.45 417.1 410.75 413.45 409.2 425.8 419.8 414.8 418.85 415.95 407.05 417.35 408.55 415.2 409.8 423.85 
24 0.0 407.65 401.5 407.6 410.6 415.15 421.05 414.9 415.4 412.65 418.5 427.2 407.25 416.1 403.55 415.95 411.0 417.05 410.5 415.35 413.5 
25 0.0 347.35 411.7 412.15 406.75 411.25 407.6 404.0 412.25 419.55 410.4 406.8 415.95 413.8 419.55 410.95 412.35 408.9 409.1 410.3 402.1 
26 0.0 224.05 411.1 409.9 414.5 409.2 414.95 419.95 412.95 412.6 398.55 408.75 422.4 418.1 412.55 413.45 418.8 408.5 409.65 412.55 412.45 
27 0.0 86.7 417.7 419.75 416.75 410.85 422.6 421.0 411.6 408.7 410.75 410.2 414.95 410.7 414.65 410.2 406.1 417.2 410.35 413.75 413.85 
28 0.0 21.3 410.25 412.2 422.25 411.55 404.15 410.1 420.15 410.6 415.15 402.85 411.35 408.5 413.35 418.7 416.85 413.35 409.05 410.1 411.55 
29 0.0 3.5 406.5 408.7 414.15 411.45 406.75 414.7 408.9 411.3 409.25 405.25 408.2 412.85 410.95 406.0 416.35 408.9 418.25 406.4 417.3 
30 0.0 0.3 412.35 413.05 409.9 416.75 409.9 409.9 404.4 410.05 410.85 414.15 418.05 409.8 409.15 418.85 413.2 413.2 411.35 413.9 406.5 
31 0.0 0.0 409.95 411.3 413.35 418.3 415.2 414.8 413.75 408.55 408.05 407.75 404.85 412.35 410.75 405.65 409.9 412.0 404.3 409.9 406.7 
32 0.0 0.0 417.1 408.95 404.3 410.6 420.1 411.25 418.75 416.75 410.65 415.7 417.05 408.7 405.95 410.15 408.15 413.15 406.4 409.05 409.45 
33 0.0 0.0 412.55 408.5 412.25 410.4 410.7 419.2 416.8 416.6 413.9 404.75 408.85 409.85 406.95 412.15 412.55 403.9 409.5 406.35 410.45 
34 0.0 0.0 415.7 416.55 413.55 408.7 410.9 410.35 408.45 407.7 408.8 418.25 405.05 406.15 413.85 411.1 410.8 404.1 408.75 411.05 404.75 
35 0.0 0.0 413.5 406.75 409.0 415.95 412.95 410.35 408.55 409.7 412.6 411.1 409.95 408.7 407.9 402.15 407.55 415.15 408.6 404.05 406.85 
36 0.0 0.0 408.3 413.0 412.9 413.8 408.45 404.6 408.1 410.45 408.6 416.4 410.5 402.05 412.45 410.55 410.3 395.9 407.85 408.45 409.35 
37 0.0 0.0 414.35 410.95 408.85 403.85 404.05 407.6 410.2 406.1 412.1 405.2 410.55 415.05 409.15 412.5 408.15 416.4 412.05 416.25 407.95 
38 0.0 0.0 404.6 409.65 409.75 409.7 409.15 406.6 407.0 408.3 412.05 408.2 408.95 411.3 410.2 411.6 413.15 410.55 409.0 407.45 414.05 
39 0.0 0.0 414.3 418.7 407.0 405.45 410.35 409.85 407.65 416.65 408.5 408.7 406.5 409.95 409.95 419.4 416.3 405.95 418.2 410.65 421.55 
40 0.0 0.0 408.1 414.45 415.15 411.1 412.35 406.7 410.6 410.05 408.65 406.05 401.45 410.45 411.15 406.25 401.8 414.2 414.0 416.95 419.15 
41 0.0 0.0 407.7 405.75 403.35 410.95 411.3 410.35 411.3 411.9 409.45 411.5 411.85 408.95 411.2 411.45 408.15 419.0 409.5 405.05 410.8 
42 0.0 0.0 406.85 407.1 418.5 405.15 406.2 410.9 412.7 408.6 412.05 414.5 415.15 411.0 404.2 417.05 418.1 409.45 406.7 416.15 411.55 
43 0.0 0.0 411.9 415.8 410.0 413.1 406.25 415.15 406.7 414.1 412.8 412.45 416.85 408.75 412.4 406.4 415.25 405.8 412.05 410.7 418.8 
44 0.0 0.0 409.8 412.95 408.95 413.65 416.65 401.85 406.5 414.7 408.7 408.7 410.95 416.2 413.1 403.4 415.25 408.85 411.1 416.5 410.85 
45 0.0 0.0 415.3 406.1 415.0 403.1 406.95 422.25 412.65 408.4 409.4 409.55 410.4 413.65 411.8 411.8 404.9 415.5 407.75 415.2 404.7 
46 0.0 0.0 414.0 409.25 410.4 413.0 412.1 409.9 416.65 404.65 408.55 408.75 412.5 410.0 409.0 408.3 403.45 411.15 411.0 414.0 418.05 
47 0.0 0.0 412.15 407.2 406.05 406.7 408.3 407.75 411.15 409.4 407.4 411.6 404.1 407.9 411.8 416.05 407.2 420.1 413.1 409.2 406.0 
48 0.0 0.0 403.95 412.8 412.55 416.05 409.45 409.65 422.65 411.2 418.8 407.15 410.2 409.25 410.15 410.45 414.25 412.85 411.7 417.0 406.05 
49 0.0 0.0 410.55 413.6 417.35 414.65 408.15 414.6 408.45 414.65 410.25 406.5 417.45 408.8 406.95 402.8 412.05 408.0 411.65 409.55 405.1 
50 0.0 0.0 414.8 411.8 407.85 409.45 409.8 405.0 398.45 408.5 412.15 409.95 406.4 405.65 409.25 414.95 403.3 401.8 407.85 401.45 406.0 
51 0.0 0.0 381.45 404.3 412.8 412.9 416.1 412.55 412.3 410.4 412.5 415.95 409.9 407.85 401.4 408.8 415.4 412.95 412.15 411.65 407.95 
52 0.0 0.0 311.2 415.1 416.45 411.1 415.2 412.1 411.7 415.2 418.4 411.2 404.1 411.3 421.05 413.75 401.25 404.9 416.25 410.4 412.9 
53 0.0 0.0 206.55 411.45 407.9 404.45 407.0 408.1 409.1 411.9 403.55 411.15 416.0 412.8 403.95 408.65 412.15 413.9 406.45 412.05 411.1 
54 0.0 0.0 110.6 405.65 406.1 411.25 411.55 411.9 411.1 404.0 411.25 410.75 405.2 406.95 417.2 401.8 410.9 406.55 405.0 410.9 412.7 
55 0.0 0.0 38.55 407.35 410.3 406.2 408.75 407.35 407.6 406.9 404.85 403.3 412.55 413.0 407.2 407.1 405.7 413.15 412.4 401.35 416.95 
56 0.0 0.0 10.8 418.15 406.65 412.35 410.05 413.75 413.4 408.6 407.4 417.55 416.8 415.85 409.5 410.25 412.2 404.45 408.0 410.55 414.9 
57 0.0 0.0 1.9 411.7 401.9 411.95 404.75 408.55 408.2 411.8 404.1 416.6 416.1 412.0 409.8 410.2 412.95 412.9 408.55 408.95 403.45 
58 0.0 0.0 0.45 414.0 413.3 411.85 409.25 413.45 412.4 416.1 414.5 410.4 400.95 407.25 410.2 412.7 414.9 408.5 403.05 414.65 404.65 
59 0.0 0.0 0.0 410.4 415.85 414.95 413.15 401.6 406.2 412.7 413.35 405.65 408.55 412.2 418.7 405.55 410.3 419.85 416.3 409.0 413.05 
60 0.0 0.0 0.0 411.25 415.4 415.15 408.4 406.7 403.5 411.2 414.9 406.9 413.5 411.3 410.95 413.05 410.2 412.25 407.5 417.7 415.6 
61 0.0 0.0 0.0 405.5 414.0 407.45 410.8 401.45 407.0 398.85 407.4 418.4 408.45 413.7 410.45 414.85 413.9 407.05 420.3 401.6 408.25 
62 0.0 0.0 0.0 412.4 408.55 406.9 411.45 413.5 407.55 403.9 405.05 408.3 409.55 403.2 410.65 410.25 411.05 413.8 412.6 411.9 409.95 
63 0.0 0.0 0.0 412.1 410.75 412.9 409.4 420.55 409.25 409.5 408.85 402.25 403.55 413.65 413.25 418.5 415.55 405.15 415.5 410.3 411.35 
64 0.0 0.0 0.0 411.0 412.4 418.55 416.95 416.0 411.95 416.75 407.35 412.65 412.65 419.3 413.3 411.35 408.9 409.25 410.2 416.2 413.8 
65 0.0 0.0 0.0 412.4 412.1 406.6 416.35 409.3 415.55 416.85 418.85 414.6 415.05 405.7 414.95 407.5 409.8 408.3 410.1 410.7 412.95 
66 0.0 0.0 0.0 413.05 408.2 413.5 407.65 412.25 415.7 416.35 408.7 410.7 414.7 411.5 411.9 415.6 406.85 414.6 410.2 412.2 412.55 
67 0.0 0.0 0.0 412.4 401.1 407.6 408.45 409.25 414.25 417.25 408.1 409.1 409.6 407.15 402.25 414.85 415.1 413.95 413.6 408.0 411.75 
68 0.0 0.0 0.0 405.75 411.55 406.5 408.9 420.75 413.9 411.25 416.35 416.7 414.95 415.25 416.4 408.75 411.7 412.35 413.65 409.05 416.4 
69 0.0 0.0 0.0 411.4 421.65 407.6 414.0 408.05 412.4 408.4 415.1 411.35 420.05 415.45 416.25 409.9 404.5 415.6 416.8 411.85 410.1 
70 0.0 0.0 0.0 409.5 401.6 411.55 413.35 405.35 411.75 410.4 419.3 416.6 408.85 410.3 405.3 414.1 412.0 407.25 409.85 416.2 401.5 
71 0.0 0.0 0.0 410.3 416.2 415.65 400.95 409.6 406.25 405.05 407.65 412.6 422.55 415.95 413.55 418.5 415.6 415.85 400.1 412.05 416.55 
72 0.0 0.0 0.0 408.0 407.4 413.5 415.15 411.05 410.7 406.75 410.9 409.3 405.75 419.65 418.75 409.2 420.8 418.4 416.05 409.3 415.6 
73 0.0 0.0 0.0 420.45 412.7 409.15 414.15 413.2 408.85 415.35 406.1 407.3 406.35 411.1 411.2 415.85 417.2 412.95 409.4 409.1 414.4 
74 0.0 0.0 0.0 416.8 414.65 413.95 415.45 412.5 412.7 410.95 413.6 410.55 410.35 412.8 413.1 410.3 421.95 412.25 409.05 413.75 415.0 
75 0.0 0.0 0.0 405.95 412.9 406.6 406.65 415.6 409.05 409.8 409.2 410.55 408.45 413.5 418.2 411.5 405.75 413.8 414.7 414.55 416.25 
76 0.0 0.0 0.0 402.1 410.7 409.85 405.1 411.2 407.35 411.35 415.7 409.3 418.3 410.45 415.8 420.85 413.6 413.85 413.7 420.75 411.7 
77 0.0 0.0 0.0 382.9 407.4 411.5 414.85 412.65 413.35 405.7 400.55 412.65 414.35 402.6 410.95 414.7 410.1 413.65 423.2 407.7 409.7 
78 0.0 0.0 0.0 350.1 411.85 414.0 412.7 408.6 412.95 411.65 419.15 416.9 410.35 411.7 402.95 413.05 417.2 414.75 411.4 418.5 415.1 
79 0.0 0.0 0.0 292.25 414.15 410.8 412.9 413.25 410.75 412.2 402.6 410.15 411.0 416.05 411.15 402.55 411.1 408.3 418.2 412.6 414.25 
80 0.0 0.0 0.0 214.2 405.7 408.05 418.05 409.05 418.95 408.95 420.0 418.5 405.7 408.95 411.0 413.6 400.75 412.05 408.1 412.65 416.1 
81 0.0 0.0 0.0 133.05 410.1 409.15 401.75 413.55 411.5 411.45 412.45 411.5 413.35 406.5 406.1 413.0 414.95 407.8 414.7 416.95 412.15 
82 0.0 0.0 0.0 60.4 416.35 413.45 415.5 415.5 401.65 412.05 403.9 403.9 409.2 406.95 412.75 406.3 407.2 411.35 416.1 415.45 409.15 
83 0.0 0.0 0.0 16.2 405.1 411.15 403.7 405.2 407.35 415.0 410.55 405.9 411.95 417.1 415.55 415.5 411.85 408.85 405.6 412.75 412.9 
84 0.0 0.0 0.0 2.15 413.15 417.3 410.8 412.85 415.1 406.85 411.4 408.4 406.15 408.85 410.65 416.95 422.35 413.7 419.55 406.15 402.7 
85 0.0 0.0 0.0 0.0 416.05 410.6 419.75 405.3 404.9 410.55 406.1 407.3 411.8 411.7 407.7 411.4 406.7 415.35 411.15 414.35 414.05 
86 0.0 0.0 0.0 0.0 410.4 408.75 413.5 406.0 415.55 413.75 414.35 406.7 402.15 408.25 416.15 408.05 409.1 409.7 410.35 416.25 411.6 
87 0.0 0.0 0.0 0.0 413.05 404.3 411.85 409.55 413.75 415.5 413.6 413.95 412.25 409.55 407.75 412.5 414.2 415.35 413.45 407.6 407.0 
88 0.0 0.0 0.0 0.0 402.65 417.45 408.35 413.1 411.35 405.55 411.35 418.35 418.9 419.7 413.95 408.3 409.9 410.0 409.4 409.25 410.05 
89 0.0 0.0 0.0 0.0 415.75 412.6 410.55 418.4 418.85 412.75 409.5 412.65 409.0 410.3 414.1 408.5 415.55 409.5 405.25 413.4 412.35 
90 0.0 0.0 0.0 0.0 412.55 408.9 418.5 416.65 408.95 412.6 412.85 410.3 418.15 411.4 413.95 408.15 414.6 413.45 422.25 408.5 421.2 
91 0.0 0.0 0.0 0.0 413.95 420.5 406.45 416.9 421.15 413.1 407.5 416.1 409.35 413.45 410.85 414.45 408.9 410.9 407.65 404.75 406.9 
92 0.0 0.0 0.0 0.0 413.95 417.3 415.95 413.0 409.3 417.2 410.1 407.7 413.05 410.7 411.95 411.25 398.8 403.9 404.7 417.95 414.15 
93 0.0 0.0 0.0 0.0 405.2 411.35 413.3 408.25 420.3 413.25 421.95 415.1 414.4 410.2 411.4 409.9 411.2 414.1 415.55 414.6 410.95 
94 0.0 0.0 0.0 0.0 419.9 413.5 409.85 413.15 405.65 413.25 413.1 404.05 406.85 409.5 402.2 409.1 411.65 419.5 412.5 408.15 402.9 
95 0.0 0.0 0.0 0.0 411.05 401.95 405.15 408.35 406.9 407.55 418.95 415.75 411.65 412.5 407.2 412.8 414.1 400.45 407.25 413.15 413.05 
96 0.0 0.0 0.0 0.0 410.0 410.75 415.1 409.55 414.9 412.65 409.05 423.4 408.3 417.95 420.85 412.25 411.5 402.75 398.85 404.4 411.25 
97 0.0 0.0 0.0 0.0 405.2 412.45 404.65 410.85 410.1 413.95 418.65 416.5 420.2 413.5 411.2 411.4 405.85 416.35 408.15 412.7 408.6 
98 0.0 0.0 0.0 0.0 411.05 401.9 415.3 407.8 408.55 412.25 403.55 406.55 418.65 413.95 418.8 408.8 409.45 411.05 413.6 407.15 405.55 
99 0.0 0.0 0.0 0.0 409.0 411.8 414.55 409.7 411.95 408.7 404.85 411.75 406.25 407.5 413.35 412.15 417.35 407.5 413.1 408.15 405.1 
100 0.0 0.0 0.0 0.0 412.3 406.9 408.35 406.25 411.2 412.85 415.15 417.25 415.95 403.8 409.9 412.95 414.55 411.8 407.95 406.6 405.95 
101 0.0 0.0 0.0 0.0 413.85 409.0 403.15 406.4 410.65 405.6 410.35 406.5 415.25 413.4 407.35 408.65 409.6 414.4 405.5 412.55 416.0 
102 0.0 0.0 0.0 0.0 400.9 418.4 408.3 415.3 412.55 407.5 408.85 411.7 404.4 419.2 402.8 413.45 407.75 411.8 411.4 406.8 412.05 
103 0.0 0.0 0.0 0.0 402.45 413.3 413.1 410.35 409.45 416.85 414.0 407.3 409.2 411.1 414.65 403.3 410.25 408.05 414.2 410.35 409.8 
104 0.0 0.0 0.0 0.0 382.4 408.75 410.75 408.4 409.3 413.85 408.2 404.9 406.8 402.05 408.85 413.1 413.1 406.45 412.4 411.6 403.65 
105 0.0 0.0 0.0 0.0 358.3 409.6 412.0 411.45 413.55 408.05 413.7 411.3 407.95 411.7 406.1 410.95 409.15 405.15 408.5 401.8 405.45 
106 0.0 0.0 0.0 0.0 277.45 409.6 408.65 408.05 414.2 407.45 413.05 413.95 402.65 406.4 407.95 401.15 410.6 414.65 409.05 409.35 410.75 
107 0.0 0.0 0.0 0.0 195.65 416.7 402.65 404.6 401.4 417.1 409.6 402.15 410.3 403.55 397.65 408.45 409.95 412.05 409.25 409.3 405.1 
108 0.0 0.0 0.0 0.0 121.7 408.0 409.4 412.9 405.95 405.3 408.0 402.5 411.25 411.85 412.4 410.45 402.85 413.35 417.35 414.95 408.55 
109 0.0 0.0 0.0 0.0 53.5 410.2 410.8 415.4 411.1 407.25 409.45 412.95 408.75 407.25 407.25 411.7 415.1 415.05 410.15 411.25 416.85 
110 0.0 0.0 0.0 0.0 12.2 402.65 413.7 408.25 409.65 400.95 411.9 406.85 409.65 407.5 409.4 414.7 416.5 410.3 415.35 418.25 407.25 
111 0.0 0.0 0.0 0.0 1.3 419.2 409.35 411.3 409.45 419.0 406.45 414.9 416.6 413.4 406.85 412.3 402.7 417.15 414.75 407.75 411.95 
112 0.0 0.0 0.0 0.0 0.05 408.05 413.3 409.6 411.4 413.2 410.3 413.3 407.55 406.15 423.4 414.85 402.45 408.15 421.65 409.15 412.55 
113 0.0 0.0 0.0 0.0 0.0 418.95 415.4 410.15 411.15 407.85 408.8 403.4 408.15 415.1 417.05 404.05 412.2 410.95 401.05 415.9 417.55 
114 0.0 0.0 0.0 0.0 0.0 413.0 413.15 419.35 403.35 408.35 410.4 410.95 413.55 416.65 410.55 416.2 410.1 408.45 408.05 416.25 415.75 
115 0.0 0.0 0.0 0.0 0.0 404.25 413.95 405.15 416.25 411.3 405.95 406.9 413.5 417.7 408.75 402.45 411.1 409.15 412.5 406.05 416.4 
116 0.0 0.0 0.0 0.0 0.0 415.0 407.85 416.15 418.2 415.2 408.0 417.95 406.25 405.95 413.9 413.85 417.6 409.1 411.6 411.5 405.4 
117 0.0 0.0 0.0 0.0 0.0 409.5 409.8 415.45 407.4 411.25 414.15 412.8 415.25 409.15 404.6 410.05 407.7 408.55 413.2 410.15 417.15 
118 0.0 0.0 0.0 0.0 0.0 411.45 417.8 409.7 408.95 416.65 419.15 414.6 409.75 404.35 411.55 410.75 417.35 410.55 402.9 415.6 417.95 
119 0.0 0.0 0.0 0.0 0.0 414.55 412.05 410.4 416.45 418.3 419.05 412.7 418.4 419.65 410.95 419.45 406.35 412.8 408.35 415.8 415.55 
120 0.0 0.0 0.0 0.0 0.0 405.25 416.8 414.85 409.8 408.55 417.45 408.4 410.55 414.65 414.7 410.9 409.9 416.65 410.5 409.75 422.0 
121 0.0 0.0 0.0 0.0 0.0 414.1 409.7 409.25 411.95 410.15 405.4 420.9 412.0 407.9 412.65 412.2 411.95 407.4 419.8 411.95 404.95 
122 0.0 0.0 0.0 0.0 0.0 406.8 418.0 417.8 416.55 412.35 414.15 412.05 403.2 409.3 414.45 416.9 408.8 410.35 414.9 411.3 410.7 
123 0.0 0.0 0.0 0.0 0.0 415.2 407.85 412.2 409.2 411.55 410.95 407.35 410.35 411.1 411.35 411.05 417.75 410.05 415.25 414.8 410.4 
124 0.0 0.0 0.0 0.0 0.0 408.75 407.15 405.6 408.25 410.35 405.5 408.05 406.15 409.25 409.5 411.65 412.6 413.5 411.7 414.15 412.7 
125 0.0 0.0 0.0 0.0 0.0 406.8 412.45 407.25 415.1 410.6 408.75 407.4 418.45 416.55 415.5 409.35 418.9 420.15 409.55 413.65 405.15 
126 0.0 0.0 0.0 0.0 0.0 417.9 413.05 408.9 408.9 407.5 409.3 407.15 410.45 408.3 411.8 411.15 409.4 412.4 406.25 410.45 415.4 
127 0.0 0.0 0.0 0.0 0.0 408.9 411.35 413.0 413.05 416.55 406.1 409.95 407.25 407.85 407.5 405.45 403.95 412.45 416.7 409.0 416.8 
128 0.0 0.0 0.0 0.0 0.0 416.5 410.05 412.65 415.55 413.25 413.75 409.8 404.9 413.75 411.75 413.05 416.5 406.55 408.6 403.15 409.45 
129 0.0 0.0 0.0 0.0 0.0 396.0 404.65 417.05 406.7 407.45 408.65 409.75 416.7 417.4 406.2 410.65 416.3 412.45 403.85 405.45 409.25 
130 0.0 0.0 0.0 0.0 0.0 394.9 403.25 406.0 408.5 410.05 413.7 423.3 414.7 410.3 407.5 405.05 413.2 408.95 423.05 415.95 411.25 
131 0.0 0.0 0.0 0.0 0.0 371.7 406.75 406.25 411.35 407.25 411.6 413.45 404.45 414.45 406.3 414.75 407.45 409.05 414.0 417.75 408.6 
132 0.0 0.0 0.0 0.0 0.0 330.15 414.45 405.35 405.7 410.85 410.25 411.0 414.65 403.5 412.9 409.9 408.7 414.2 407.3 412.85 416.95 
133 0.0 0.0 0.0 0.0 0.0 254.45 405.45 414.85 411.95 407.9 412.3 415.8 414.35 409.9 410.1 416.7 406.25 414.4 404.9 406.55 407.0 
134 0.0 0.0 0.0 0.0 0.0 208.55 406.95 410.2 404.6 409.6 411.9 410.95 413.75 414.3 418.3 413.65 418.7 418.4 411.95 413.1 406.2 
135 0.0 0.0 0.0 0.0 0.0 113.55 414.2 405.95 419.35 411.25 415.1 406.15 414.0 406.75 418.05 414.15 419.2 403.85 410.95 413.4 404.85 
136 0.0 0.0 0.0 0.0 0.0 44.1 419.25 416.45 409.8 406.4 408.65 417.85 413.15 416.15 417.75 418.55 409.6 415.6 403.1 409.9 411.45 
137 0.0 0.0 0.0 0.0 0.0 10.35 416.6 407.75 414.05 416.1 411.9 405.4 418.85 413.4 412.45 407.3 412.85 413.2 411.75 401.5 409.85 
138 0.0 0.0 0.0 0.0 0.0 1.7 416.25 415.9 413.95 411.5 411.55 409.15 408.05 414.45 412.85 411.45 406.8 408.75 408.6 411.95 409.75 
139 0.0 0.0 0.0 0.0 0.0 0.25 411.75 422.6 408.65 410.55 405.25 408.65 410.55 410.35 406.05 405.8 408.7 406.4 420.25 406.5 404.4 
140 0.0 0.0 0.0 0.0 0.0 0.0 413.6 406.95 408.35 414.4 412.35 411.35 411.3 417.05 405.6 412.5 415.75 408.1 402.2 410.45 418.1 
141 0.0 0.0 0.0 0.0 0.0 0.05 411.3 406.6 421.35 415.0 409.75 412.4 409.0 407.25 414.5 410.35 412.7 412.35 408.25 411.75 411.45 
142 0.0 0.0 0.0 0.0 0.0 0.0 403.25 414.35 403.9 409.65 415.45 411.0 416.0 413.9 412.85 408.9 406.1 413.1 413.35 410.05 410.75 
143 0.0 0.0 0.0 0.0 0.0 0.0 409.4 415.15 409.2 410.9 414.9 419.05 406.45 403.8 406.35 412.65 412.55 412.15 418.35 409.85 415.7 
144 0.0 0.0 0.0 0.0 0.0 0.0 417.3 410.1 418.0 411.8 400.75 405.75 403.1 411.3 406.35 406.5 407.35 406.65 414.05 407.55 410.25 
145 0.0 0.0 0.0 0.0 0.0 0.0 410.5 411.1 419.75 414.6 419.8 409.2 406.5 409.35 405.3 412.2 410.5 412.3 409.55 414.95 412.65 
146 0.0 0.0 0.0 0.0 0.0 0.0 410.0 416.35 409.35 401.75 406.6 401.95 409.45 401.05 413.65 411.15 403.85 418.15 408.9 410.5 415.5 
147 0.0 0.0 0.0 0.0 0.0 0.0 409.55 408.5 410.25 411.45 410.3 410.1 404.2 409.7 413.65 401.85 410.1 407.3 401.65 420.65 412.95 
148 0.0 0.0 0.0 0.0 0.0 0.0 412.35 408.6 414.4 415.7 407.8 414.4 417.15 406.3 401.85 412.6 413.8 403.75 415.35 415.55 411.4 
149 0.0 0.0 0.0 0.0 0.0 0.0 408.25 408.85 410.45 415.9 416.25 410.85 404.95 411.85 415.8 406.05 406.55 406.25 413.15 408.05 403.85 
150 0.0 0.0 0.0 0.0 0.0 0.0 415.2 415.8 400.1 410.9 414.0 412.6 413.6 418.7 414.3 414.45 404.75 405.35 415.8 408.0 416.7 
151 0.0 0.0 0.0 0.0 0.0 0.0 404.35 407.25 417.2 414.95 407.6 413.3 413.7 411.85 408.75 414.95 417.9 412.85 401.55 408.2 410.05 
152 0.0 0.0 0.0 0.0 0.0 0.0 411.5 412.4 410.5 417.25 419.75 409.65 416.0 410.4 411.6 409.95 417.3 415.0 410.95 407.65 401.75 
153 0.0 0.0 0.0 0.0 0.0 0.0 412.0 411.7 406.8 406.2 412.8 414.85 411.05 411.2 408.25 411.3 409.95 412.7 407.05 409.8 406.05 
154 0.0 0.0 0.0 0.0 0.0 0.0 411.0 405.4 410.55 411.3 417.55 407.55 416.2 411.25 406.9 405.85 416.5 411.65 414.8 412.05 409.0 
155 0.0 0.0 0.0 0.0 0.0 0.0 399.3 408.2 406.25 407.1 403.95 412.65 411.75 406.3 413.75 414.65 413.6 409.65 419.35 411.65 413.0 
156 0.0 0.0 0.0 0.0 0.0 0.0 389.9 414.5 406.9 408.5 396.95 413.9 412.85 420.95 414.95 416.6 407.95 409.65 405.55 415.5 403.45 
157 0.0 0.0 0.0 0.0 0.0 0.0 394.7 409.75 405.45 402.65 408.7 416.9 406.15 409.0 410.75 409.05 413.4 410.9 412.9 411.3 419.2 
158 0.0 0.0 0.0 0.0 0.0 0.0 372.35 417.2 412.55 411.45 410.9 404.3 405.4 409.3 411.15 403.4 416.1 415.15 413.6 415.75 415.2 
159 0.0 0.0 0.0 0.0 0.0 0.0 324.55 411.55 411.15 410.4 406.6 412.5 411.85 409.3 409.45 407.55 406.4 414.1 408.95 403.65 415.7 
160 0.0 0.0 0.0 0.0 0.0 0.0 282.0 407.45 415.1 413.8 408.9 403.15 413.65 408.45 405.6 420.25 409.45 411.95 409.15 404.15 401.8 
161 0.0 0.0 0.0 0.0 0.0 0.0 225.2 409.9 407.45 418.2 408.7 408.55 416.35 410.2 408.35 417.45 412.4 413.1 412.15 417.6 415.2 
162 0.0 0.0 0.0 0.0 0.0 0.0 150.7 403.75 408.55 406.65 414.2 412.85 410.55 412.05 413.6 407.65 404.7 412.9 413.2 407.05 408.6 
163 0.0 0.0 0.0 0.0 0.0 0.0 107.7 411.4 413.7 410.3 418.65 410.6 410.15 418.45 412.45 409.75 411.3 404.8 414.15 405.85 411.9 
164 0.0 0.0 0.0 0.0 0.0 0.0 54.85 409.65 420.3 406.15 412.5 412.4 405.3 407.0 415.0 401.3 408.1 412.35 408.15 419.45 411.65 
165 0.0 0.0 0.0 0.0 0.0 0.0 18.15 411.85 409.95 409.6 410.3 413.65 414.55 404.25 411.2 410.45 411.6 403.75 411.5 410.2 418.65 
166 0.0 0.0 0.0 0.0 0.0 0.0 3.6 415.3 413.7 413.65 413.05 409.1 408.9 405.4 403.95 418.35 415.85 417.5 409.85 412.7 412.3 
167 0.0 0.0 0.0 0.0 0.0 0.0 0.5 407.65 412.15 405.25 407.8 420.95 417.1 411.85 407.5 407.3 404.25 419.55 411.25 411.45 403.75 
168 0.0 0.0 0.0 0.0 0.0 0.0 0.05 417.8 408.75 421.25 418.35 408.7 409.0 420.85 410.5 410.55 414.5 407.15 407.4 414.6 406.15 
169 0.0 0.0 0.0 0.0 0.0 0.0 0.0 412.7 408.75 415.4 408.5 398.85 406.05 405.9 409.1 407.85 408.5 410.7 410.55 405.15 405.45 
170 0.0 0.0 0.0 0.0 0.0 0.0 0.0 416.45 412.35 411.25 414.4 413.9 407.8 417.3 414.1 411.55 415.2 414.6 413.05 407.1 412.5 
171 0.0 0.0 0.0 0.0 0.0 0.0 0.0 400.9 411.95 407.2 411.0 417.65 412.9 413.7 415.0 416.05 409.95 404.7 405.05 400.55 413.7 
172 0.0 0.0 0.0 0.0 0.0 0.0 0.0 417.55 407.1 405.8 411.25 402.6 417.05 417.25 423.0 408.25 406.3 404.5 399.4 412.1 417.5 
173 0.0 0.0 0.0 0.0 0.0 0.0 0.0 405.4 411.65 410.7 405.8 408.2 410.3 406.65 403.95 408.25 415.4 406.3 409.25 415.15 414.0 
174 0.0 0.0 0.0 0.0 0.0 0.0 0.0 409.65 411.45 405.05 414.05 419.7 406.05 412.9 411.3 415.0 408.0 407.85 412.6 407.75 401.15 
175 0.0 0.0 0.0 0.0 0.0 0.0 0.0 409.15 411.55 405.05 404.5 406.2 409.0 412.35 403.1 409.2 409.7 411.9 411.05 417.8 407.5 
176 0.0 0.0 0.0 0.0 0.0 0.0 0.0 410.75 405.65 416.5 408.2 411.1 413.3 403.1 414.65 416.95 405.6 406.0 410.0 411.15 408.1 
177 0.0 0.0 0.0 0.0 0.0 0.0 0.0 403.9 415.3 416.35 411.7 413.35 414.75 417.25 411.3 414.2 409.0 414.45 417.0 404.7 412.9 
178 0.0 0.0 0.0 0.0 0.0 0.0 0.0 416.75 418.2 411.65 415.8 408.0 407.25 407.4 405.8 410.85 410.65 406.0 416.45 417.1 413.05 
179 0.0 0.0 0.0 0.0 0.0 0.0 0.0 411.85 409.25 411.0 411.6 418.0 414.95 410.15 413.75 408.0 409.85 412.75 409.0 407.7 412.65 
180 0.0 0.0 0.0 0.0 0.0 0.0 0.0 410.35 416.65 411.7 409.95 405.85 420.35 409.45 410.4 409.7 411.85 408.95 416.45 414.35 411.9 
181 0.0 0.0 0.0 0.0 0.0 0.0 0.0 415.9 410.45 417.8 410.0 414.05 408.0 420.75 410.9 405.7 412.15 417.95 409.55 405.7 409.35 
182 0.0 0.0 0.0 0.0 0.0 0.0 0.0 401.8 407.8 413.55 413.6 419.45 412.8 407.45 414.95 418.4 417.4 418.35 410.85 416.4 418.0 
183 0.0 0.0 0.0 0.0 0.0 0.0 0.0 390.05 406.55 406.7 416.3 410.95 404.05 414.25 422.15 412.0 412.8 419.25 407.75 414.5 401.35 
184 0.0 0.0 0.0 0.0 0.0 0.0 0.0 373.2 410.65 411.9 406.6 409.55 413.65 420.15 412.65 403.55 412.95 406.55 413.15 412.1 415.15 
185 0.0 0.0 0.0 0.0 0.0 0.0 0.0 354.6 407.45 407.4 412.05 416.85 407.15 406.75 409.2 414.75 406.35 404.95 409.6 409.65 415.85 
186 0.0 0.0 0.0 0.0 0.0 0.0 0.0 335.25 412.5 402.7 412.9 409.85 416.1 408.5 409.85 404.85 411.95 412.4 408.7 410.1 412.1 
187 0.0 0.0 0.0 0.0 0.0 0.0 0.0 280.95 413.2 409.2 410.45 405.85 414.5 412.9 413.35 412.75 413.45 407.25 411.45 413.7 407.1 
188 0.0 0.0 0.0 0.0 0.0 0.0 0.0 222.25 408.65 411.95 412.9 409.45 411.85 408.15 413.15 414.1 405.65 399.55 413.2 409.65 410.75 
189 0.0 0.0 0.0 0.0 0.0 0.0 0.0 170.0 406.05 414.35 409.55 415.85 411.7 412.6 406.05 418.8 417.15 414.0 407.0 411.7 411.4 
190 0.0 0.0 0.0 0.0 0.0 0.0 0.0 130.35 416.25 413.65 412.45 415.2 411.05 406.45 409.55 410.35 407.5 411.35 409.65 416.45 405.1 
191 0.0 0.0 0.0 0.0 0.0 0.0 0.0 93.4 409.95 422.15 413.6 411.85 405.95 403.75 422.95 407.15 411.85 414.15 410.95 408.8 407.4 
192 0.0 0.0 0.0 0.0 0.0 0.0 0.0 46.35 417.35 408.8 417.2 411.45 413.65 414.35 412.15 416.6 407.05 411.45 414.6 406.75 414.55 
193 0.0 0.0 0.0 0.0 0.0 0.0 0.0 19.95 411.4 410.2 413.25 422.35 412.75 411.15 407.65 407.3 408.5 405.95 412.15 407.15 413.7 
194 0.0 0.0 0.0 0.0 0.0 0.0 0.0 4.1 414.65 415.15 407.45 405.7 414.4 411.35 414.6 408.95 406.4 417.85 414.55 412.6 413.75 
195 0.0 0.0 0.0 0.0 0.0 0.0 0.0 0.65 412.25 407.95 413.05 406.95 406.65 413.75 411.6 410.0 405.8 415.6 409.1 419.75 405.4 
196 0.0 0.0 0.0 0.0 0.0 0.0 0.0 0.05 410.85 408.05 413.35 405.85 412.55 412.55 402.35 411.75 412.9 415.95 413.7 405.75 411.9 
197 0.0 0.0 0.0 0.0 0.0 0.0 0.0 0.0 403.9 414.05 412.7 414.35 411.0 409.1 413.65 400.2 419.05 401.35 420.15 416.5 412.15 
198 0.0 0.0 0.0 0.0 0.0 0.0 0.0 0.0 410.8 403.05 407.3 411.15 408.85 411.95 405.3 421.4 414.0 407.95 407.5 407.45 409.15 
199 0.0 0.0 0.0 0.0 0.0 0.0 0.0 0.0 415.55 405.4 404.8 403.5 411.7 407.4 415.75 408.35 414.55 412.1 406.4 407.8 406.9 
200 0.0 0.0 0.0 0.0 0.0 0.0 0.0 0.0 410.15 419.75 412.5 409.4 413.4 410.65 414.85 422.05 407.15 409.6 405.95 412.9 416.05 
201 0.0 0.0 0.0 0.0 0.0 0.0 0.0 0.0 410.3 408.35 413.25 404.6 409.95 414.15 408.35 404.7 411.35 415.85 408.9 406.6 412.2 
202 0.0 0.0 0.0 0.0 0.0 0.0 0.0 0.0 408.8 416.0 408.05 411.25 402.3 410.1 412.2 417.55 410.4 412.95 411.7 411.55 418.7 
203 0.0 0.0 0.0 0.0 0.0 0.0 0.0 0.0 417.3 412.2 405.55 410.55 413.3 415.35 405.3 408.6 405.5 414.6 413.35 402.75 406.0 
204 0.0 0.0 0.0 0.0 0.0 0.0 0.0 0.0 409.95 405.8 404.35 415.8 408.65 411.45 410.4 409.6 416.25 408.25 406.0 414.25 410.3 
205 0.0 0.0 0.0 0.0 0.0 0.0 0.0 0.0 408.9 408.8 418.05 412.55 409.05 411.25 411.2 406.95 411.65 406.0 414.15 418.95 414.4 
206 0.0 0.0 0.0 0.0 0.0 0.0 0.0 0.0 414.1 416.15 412.45 407.65 413.3 409.55 411.95 407.25 415.05 413.5 413.5 407.35 411.55 
207 0.0 0.0 0.0 0.0 0.0 0.0 0.0 0.0 389.8 408.7 415.05 412.9 412.4 401.6 414.9 411.75 410.0 410.65 410.9 416.75 411.55 
208 0.0 0.0 0.0 0.0 0.0 0.0 0.0 0.0 393.0 409.55 401.55 412.85 405.2 412.5 404.0 412.55 411.85 406.85 420.7 411.8 412.1 
209 0.0 0.0 0.0 0.0 0.0 0.0 0.0 0.0 390.2 407.75 408.9 407.3 412.9 406.6 409.1 410.45 414.1 418.6 400.45 410.1 407.3 
210 0.0 0.0 0.0 0.0 0.0 0.0 0.0 0.0 389.6 406.8 414.3 413.55 412.45 405.25 409.95 408.6 412.75 406.8 417.75 405.0 413.1 
211 0.0 0.0 0.0 0.0 0.0 0.0 0.0 0.0 379.2 412.3 418.1 410.9 413.3 417.65 406.6 412.2 406.15 414.9 408.15 415.65 411.05 
212 0.0 0.0 0.0 0.0 0.0 0.0 0.0 0.0 349.1 418.9 406.25 402.05 407.8 413.8 417.9 412.75 412.6 413.25 411.1 409.4 417.35 
213 0.0 0.0 0.0 0.0 0.0 0.0 0.0 0.0 308.0 406.55 406.6 406.8 409.9 408.5 404.35 406.35 412.0 409.1 412.6 416.7 405.55 
214 0.0 0.0 0.0 0.0 0.0 0.0 0.0 0.0 262.5 414.3 408.8 409.8 409.9 408.2 412.05 407.2 409.45 406.35 411.4 407.5 412.15 
215 0.0 0.0 0.0 0.0 0.0 0.0 0.0 0.0 211.3 410.2 407.9 415.2 413.45 410.2 413.2 411.3 405.65 410.05 402.15 408.65 408.6 
216 0.0 0.0 0.0 0.0 0.0 0.0 0.0 0.0 178.6 411.55 410.2 409.15 410.75 412.55 415.6 408.75 413.35 412.4 408.75 410.95 410.95 
217 0.0 0.0 0.0 0.0 0.0 0.0 0.0 0.0 140.05 406.0 416.25 411.0 408.6 412.55 413.85 417.6 411.6 419.15 411.7 421.5 411.25 
218 0.0 0.0 0.0 0.0 0.0 0.0 0.0 0.0 95.25 408.7 411.2 411.4 417.6 418.65 410.8 418.9 406.15 410.7 409.8 409.4 419.6 
219 0.0 0.0 0.0 0.0 0.0 0.0 0.0 0.0 57.05 411.15 416.3 412.8 413.45 415.7 416.55 412.35 409.15 406.8 415.4 408.8 412.45 
220 0.0 0.0 0.0 0.0 0.0 0.0 0.0 0.0 32.95 405.4 410.45 405.95 417.0 409.4 408.4 412.8 407.25 405.6 412.95 409.6 414.0 
221 0.0 0.0 0.0 0.0 0.0 0.0 0.0 0.0 16.55 409.8 413.3 409.45 405.55 414.4 410.9 417.15 412.2 406.1 410.75 408.15 405.55 
222 0.0 0.0 0.0 0.0 0.0 0.0 0.0 0.0 3.45 411.85 409.7 420.6 406.15 407.3 411.55 405.5 409.85 409.85 413.4 423.75 412.65 
223 0.0 0.0 0.0 0.0 0.0 0.0 0.0 0.0 1.15 418.1 402.0 412.2 412.7 410.5 410.4 411.45 416.85 403.95 409.65 409.45 412.3 
224 0.0 0.0 0.0 0.0 0.0 0.0 0.0 0.0 0.3 417.05 411.25 413.95 409.0 406.15 404.15 406.55 409.05 418.2 410.4 411.05 406.45 
225 0.0 0.0 0.0 0.0 0.0 0.0 0.0 0.0 0.0 416.55 411.55 410.1 411.8 414.45 411.4 406.55 409.4 407.05 408.65 405.8 413.75 
226 0.0 0.0 0.0 0.0 0.0 0.0 0.0 0.0 0.0 410.85 411.85 405.35 410.9 410.05 415.4 409.55 408.2 414.0 414.6 407.9 398.9 
227 0.0 0.0 0.0 0.0 0.0 0.0 0.0 0.0 0.0 409.65 407.5 417.65 411.3 405.15 406.65 407.0 411.35 411.05 405.7 401.85 408.85 
228 0.0 0.0 0.0 0.0 0.0 0.0 0.0 0.0 0.0 410.25 412.85 406.15 401.85 409.7 409.6 408.55 412.9 412.5 407.3 406.65 415.85 
229 0.0 0.0 0.0 0.0 0.0 0.0 0.0 0.0 0.0 412.3 415.8 400.75 404.7 405.7 402.95 418.35 409.1 411.5 410.6 410.2 408.55 
230 0.0 0.0 0.0 0.0 0.0 0.0 0.0 0.0 0.0 409.2 412.8 415.85 410.9 412.8 410.3 415.7 407.95 411.55 411.1 414.55 410.45 
231 0.0 0.0 0.0 0.0 0.0 0.0 0.0 0.0 0.0 407.3 405.1 412.8 413.3 409.8 405.8 406.45 410.55 412.3 415.25 415.1 411.7 
232 0.0 0.0 0.0 0.0 0.0 0.0 0.0 0.0 0.0 411.2 414.75 409.35 408.2 412.7 414.3 404.4 419.05 416.7 404.75 414.25 408.95 
233 0.0 0.0 0.0 0.0 0.0 0.0 0.0 0.0 0.0 419.25 418.1 413.0 412.5 414.85 414.5 419.5 406.75 408.6 412.25 410.7 410.35 
234 0.0 0.0 0.0 0.0 0.0 0.0 0.0 0.0 0.0 400.5 411.2 411.25 414.35 413.9 413.65 414.85 412.7 412.7 423.5 415.0 419.6 
235 0.0 0.0 0.0 0.0 0.0 0.0 0.0 0.0 0.0 410.75 410.2 410.05 413.95 416.2 414.6 416.6 419.65 417.25 405.8 403.05 401.0 
236 0.0 0.0 0.0 0.0 0.0 0.0 0.0 0.0 0.0 401.25 411.35 415.45 416.9 413.75 413.95 413.6 417.35 412.7 418.15 415.0 409.7 
237 0.0 0.0 0.0 0.0 0.0 0.0 0.0 0.0 0.0 389.05 414.6 414.6 412.6 408.95 410.75 406.15 411.95 406.9 410.45 413.45 420.0 
238 0.0 0.0 0.0 0.0 0.0 0.0 0.0 0.0 0.0 375.25 412.25 413.0 415.2 416.2 414.15 412.9 406.0 412.75 406.3 410.05 411.35 
239 0.0 0.0 0.0 0.0 0.0 0.0 0.0 0.0 0.0 347.5 410.45 411.3 418.7 412.55 417.6 408.3 412.35 419.2 416.4 414.0 421.1 
240 0.0 0.0 0.0 0.0 0.0 0.0 0.0 0.0 0.0 300.15 411.1 407.55 404.35 410.8 408.25 410.15 412.65 406.2 414.5 409.75 411.2 
241 0.0 0.0 0.0 0.0 0.0 0.0 0.0 0.0 0.0 238.75 403.95 415.05 414.65 411.2 407.7 408.75 411.45 409.15 401.5 418.05 406.75 
242 0.0 0.0 0.0 0.0 0.0 0.0 0.0 0.0 0.0 193.0 416.05 405.9 415.05 414.85 413.9 415.8 415.35 411.45 416.3 415.05 408.05 
243 0.0 0.0 0.0 0.0 0.0 0.0 0.0 0.0 0.0 144.65 412.0 425.3 401.25 410.3 419.65 415.05 416.8 412.35 406.15 402.0 408.9 
244 0.0 0.0 0.0 0.0 0.0 0.0 0.0 0.0 0.0 119.35 402.65 415.65 416.65 407.55 410.55 412.9 406.9 412.9 412.4 405.35 402.0 
245 0.0 0.0 0.0 0.0 0.0 0.0 0.0 0.0 0.0 93.1 409.05 404.2 403.6 409.35 404.35 404.85 404.1 410.85 416.45 410.85 409.0 
246 0.0 0.0 0.0 0.0 0.0 0.0 0.0 0.0 0.0 70.35 416.85 406.1 410.9 414.45 406.15 409.7 406.7 408.1 404.15 411.95 419.6 
247 0.0 0.0 0.0 0.0 0.0 0.0 0.0 0.0 0.0 48.4 415.4 413.15 407.65 400.95 406.75 414.2 421.55 408.95 413.9 410.5 403.0 
248 0.0 0.0 0.0 0.0 0.0 0.0 0.0 0.0 0.0 20.6 413.6 404.1 407.0 414.05 410.8 414.9 409.05 406.3 401.4 408.2 407.05 
249 0.0 0.0 0.0 0.0 0.0 0.0 0.0 0.0 0.0 3.85 415.2 416.65 417.1 410.9 406.15 408.8 413.35 409.7 411.35 414.3 410.8 
250 0.0 0.0 0.0 0.0 0.0 0.0 0.0 0.0 0.0 0.2 411.35 400.6 409.9 409.0 419.5 409.1 404.15 411.5 410.4 398.65 415.3 
251 0.0 0.0 0.0 0.0 0.0 0.0 0.0 0.0 0.0 0.2 403.3 414.3 417.65 404.25 411.3 404.25 414.8 410.15 414.75 407.0 411.2 
252 0.0 0.0 0.0 0.0 0.0 0.0 0.0 0.0 0.0 0.0 404.75 415.7 409.85 408.15 409.7 408.7 405.7 412.45 406.3 418.2 402.55 
253 0.0 0.0 0.0 0.0 0.0 0.0 0.0 0.0 0.0 0.0 404.35 401.05 410.0 411.05 413.4 410.95 413.75 411.7 413.25 410.95 416.7 
254 0.0 0.0 0.0 0.0 0.0 0.0 0.0 0.0 0.0 0.0 416.75 410.25 410.95 406.85 404.15 417.25 405.25 409.8 414.05 404.55 408.05 
255 0.0 0.0 0.0 0.0 0.0 0.0 0.0 0.0 0.0 0.0 415.3 412.8 407.5 414.6 409.55 407.4 416.8 415.05 412.5 411.35 410.95 
256 0.0 0.0 0.0 0.0 0.0 0.0 0.0 0.0 0.0 0.0 414.3 419.05 404.8 413.5 405.6 408.45 408.9 411.9 407.9 411.6 411.75 
257 0.0 0.0 0.0 0.0 0.0 0.0 0.0 0.0 0.0 0.0 407.05 408.45 414.55 411.15 417.9 407.95 400.1 403.3 408.7 415.4 405.4 
258 0.0 0.0 0.0 0.0 0.0 0.0 0.0 0.0 0.0 0.0 412.3 412.1 410.4 407.8 405.75 401.5 411.0 408.3 406.8 409.25 411.75 
259 0.0 0.0 0.0 0.0 0.0 0.0 0.0 0.0 0.0 0.0 411.2 412.75 419.3 411.6 412.75 414.1 408.35 413.65 415.4 413.5 413.45 
260 0.0 0.0 0.0 0.0 0.0 0.0 0.0 0.0 0.0 0.0 409.8 416.25 406.55 411.8 409.35 413.5 416.7 412.85 414.35 408.4 416.7 
261 0.0 0.0 0.0 0.0 0.0 0.0 0.0 0.0 0.0 0.0 409.4 407.3 407.55 411.95 414.55 420.35 410.1 407.05 407.0 412.65 412.2 
262 0.0 0.0 0.0 0.0 0.0 0.0 0.0 0.0 0.0 0.0 411.3 407.1 416.75 413.4 412.95 411.2 407.4 410.8 416.2 417.75 416.7 
263 0.0 0.0 0.0 0.0 0.0 0.0 0.0 0.0 0.0 0.0 411.6 410.95 413.1 412.8 410.2 411.3 413.85 419.6 412.3 419.5 410.45 
264 0.0 0.0 0.0 0.0 0.0 0.0 0.0 0.0 0.0 0.0 411.8 413.25 408.35 409.45 418.85 414.0 416.6 414.15 406.8 400.2 406.85 
265 0.0 0.0 0.0 0.0 0.0 0.0 0.0 0.0 0.0 0.0 393.95 413.25 410.9 414.75 411.55 409.7 408.45 412.15 412.3 420.15 418.6 
266 0.0 0.0 0.0 0.0 0.0 0.0 0.0 0.0 0.0 0.0 349.05 409.15 410.25 410.4 411.05 413.5 412.8 416.65 417.6 412.7 405.5 
267 0.0 0.0 0.0 0.0 0.0 0.0 0.0 0.0 0.0 0.0 290.85 408.25 409.3 416.75 414.15 415.35 414.2 409.3 417.85 404.5 416.15 
268 0.0 0.0 0.0 0.0 0.0 0.0 0.0 0.0 0.0 0.0 219.65 415.35 412.15 404.35 399.6 410.4 415.2 416.65 414.9 411.25 407.7 
269 0.0 0.0 0.0 0.0 0.0 0.0 0.0 0.0 0.0 0.0 165.0 408.5 409.25 410.5 408.7 400.65 408.35 417.6 407.8 409.95 410.05 
270 0.0 0.0 0.0 0.0 0.0 0.0 0.0 0.0 0.0 0.0 127.45 405.45 407.8 414.9 419.8 406.25 412.6 408.9 411.1 418.45 409.75 
271 0.0 0.0 0.0 0.0 0.0 0.0 0.0 0.0 0.0 0.0 108.6 409.5 408.65 416.05 408.55 410.25 402.9 401.1 411.3 405.2 412.3 
272 0.0 0.0 0.0 0.0 0.0 0.0 0.0 0.0 0.0 0.0 100.7 412.1 412.3 407.35 409.5 413.9 412.1 404.35 406.55 409.3 411.85 
273 0.0 0.0 0.0 0.0 0.0 0.0 0.0 0.0 0.0 0.0 92.3 416.7 410.15 412.9 414.1 408.5 406.65 414.15 407.75 410.25 406.2 
274 0.0 0.0 0.0 0.0 0.0 0.0 0.0 0.0 0.0 0.0 57.15 410.75 417.15 415.95 408.65 410.75 413.7 407.55 399.85 412.35 407.4 
275 0.0 0.0 0.0 0.0 0.0 0.0 0.0 0.0 0.0 0.0 27.3 404.25 412.85 409.55 413.65 408.1 413.2 409.95 412.85 410.9 410.0 
276 0.0 0.0 0.0 0.0 0.0 0.0 0.0 0.0 0.0 0.0 9.4 421.2 410.1 406.2 411.25 413.4 409.85 403.35 412.3 409.3 411.3 
277 0.0 0.0 0.0 0.0 0.0 0.0 0.0 0.0 0.0 0.0 1.3 411.2 406.7 404.5 412.2 415.15 412.25 414.05 407.4 410.1 410.6 
278 0.0 0.0 0.0 0.0 0.0 0.0 0.0 0.0 0.0 0.0 0.15 407.3 412.5 408.45 411.05 416.25 406.5 417.0 409.2 416.9 418.35 
279 0.0 0.0 0.0 0.0 0.0 0.0 0.0 0.0 0.0 0.0 0.05 407.7 412.95 414.65 407.25 403.45 410.45 410.85 419.3 411.8 408.45 
280 0.0 0.0 0.0 0.0 0.0 0.0 0.0 0.0 0.0 0.0 0.0 405.65 403.9 410.2 409.85 415.7 410.1 411.1 412.9 407.4 403.95 
281 0.0 0.0 0.0 0.0 0.0 0.0 0.0 0.0 0.0 0.0 0.0 419.4 414.15 411.7 410.6 412.25 413.15 411.65 416.45 413.05 411.45 
282 0.0 0.0 0.0 0.0 0.0 0.0 0.0 0.0 0.0 0.0 0.0 409.85 405.7 408.7 404.7 414.55 415.25 410.95 405.1 408.9 413.05 
283 0.0 0.0 0.0 0.0 0.0 0.0 0.0 0.0 0.0 0.0 0.0 410.95 416.85 412.9 413.65 406.35 407.0 419.15 416.9 414.65 420.75 
284 0.0 0.0 0.0 0.0 0.0 0.0 0.0 0.0 0.0 0.0 0.0 408.85 412.3 403.75 407.0 416.1 413.6 407.55 412.25 410.65 417.05 
285 0.0 0.0 0.0 0.0 0.0 0.0 0.0 0.0 0.0 0.0 0.0 406.9 409.9 412.35 415.5 403.4 420.55 412.65 411.85 409.35 416.5 
286 0.0 0.0 0.0 0.0 0.0 0.0 0.0 0.0 0.0 0.0 0.0 421.0 411.0 412.75 409.85 409.25 408.0 411.1 417.05 421.55 409.5 
287 0.0 0.0 0.0 0.0 0.0 0.0 0.0 0.0 0.0 0.0 0.0 406.4 410.1 411.3 415.6 410.85 406.95 409.7 413.8 412.8 411.6 
288 0.0 0.0 0.0 0.0 0.0 0.0 0.0 0.0 0.0 0.0 0.0 412.45 409.5 411.45 412.8 417.45 412.85 410.2 406.4 413.45 417.15 
289 0.0 0.0 0.0 0.0 0.0 0.0 0.0 0.0 0.0 0.0 0.0 417.45 417.0 419.9 413.0 405.65 412.1 415.65 411.95 416.05 414.15 
290 0.0 0.0 0.0 0.0 0.0 0.0 0.0 0.0 0.0 0.0 0.0 414.25 416.35 419.5 413.45 412.7 407.35 400.45 411.5 398.45 405.75 
291 0.0 0.0 0.0 0.0 0.0 0.0 0.0 0.0 0.0 0.0 0.0 405.4 413.4 414.75 413.8 416.4 409.95 411.55 403.2 410.0 409.35 
292 0.0 0.0 0.0 0.0 0.0 0.0 0.0 0.0 0.0 0.0 0.0 389.95 408.85 406.45 409.75 410.3 413.8 410.55 413.05 412.6 410.9 
293 0.0 0.0 0.0 0.0 0.0 0.0 0.0 0.0 0.0 0.0 0.0 334.7 416.5 407.55 408.45 412.55 410.05 412.45 412.1 405.6 404.75 
294 0.0 0.0 0.0 0.0 0.0 0.0 0.0 0.0 0.0 0.0 0.0 285.1 405.6 402.55 406.45 410.05 410.25 408.75 404.15 415.05 413.85 
295 0.0 0.0 0.0 0.0 0.0 0.0 0.0 0.0 0.0 0.0 0.0 222.45 407.55 406.15 410.1 411.05 421.3 411.9 413.9 412.55 416.3 
296 0.0 0.0 0.0 0.0 0.0 0.0 0.0 0.0 0.0 0.0 0.0 162.65 410.4 406.0 409.1 403.65 415.05 412.4 414.25 417.45 408.55 
297 0.0 0.0 0.0 0.0 0.0 0.0 0.0 0.0 0.0 0.0 0.0 121.0 406.05 414.55 412.65 408.4 406.75 408.2 407.0 407.95 413.75 
298 0.0 0.0 0.0 0.0 0.0 0.0 0.0 0.0 0.0 0.0 0.0 107.2 412.3 414.8 411.7 413.75 405.2 416.65 415.55 414.95 400.65 
299 0.0 0.0 0.0 0.0 0.0 0.0 0.0 0.0 0.0 0.0 0.0 95.2 417.9 406.35 409.6 411.75 409.2 409.35 410.15 401.4 414.7 
300 0.0 0.0 0.0 0.0 0.0 0.0 0.0 0.0 0.0 0.0 0.0 62.4 409.75 412.5 414.15 412.3 404.15 415.6 410.85 410.05 414.45 
301 0.0 0.0 0.0 0.0 0.0 0.0 0.0 0.0 0.0 0.0 0.0 46.55 411.05 412.95 407.5 416.25 417.05 410.45 405.45 409.45 408.7 
302 0.0 0.0 0.0 0.0 0.0 0.0 0.0 0.0 0.0 0.0 0.0 19.35 410.8 415.9 409.45 420.6 409.85 408.95 411.3 411.05 410.4 
303 0.0 0.0 0.0 0.0 0.0 0.0 0.0 0.0 0.0 0.0 0.0 2.7 408.6 406.5 419.25 407.3 410.0 406.9 409.35 416.45 403.4 
304 0.0 0.0 0.0 0.0 0.0 0.0 0.0 0.0 0.0 0.0 0.0 0.2 409.3 415.9 409.1 410.05 413.65 414.65 412.9 410.3 408.9 
305 0.0 0.0 0.0 0.0 0.0 0.0 0.0 0.0 0.0 0.0 0.0 0.1 411.8 409.95 413.4 401.9 409.15 413.95 406.0 410.6 410.25 
306 0.0 0.0 0.0 0.0 0.0 0.0 0.0 0.0 0.0 0.0 0.0 0.0 415.6 411.25 409.25 399.95 410.55 406.65 410.3 402.75 415.8 
307 0.0 0.0 0.0 0.0 0.0 0.0 0.0 0.0 0.0 0.0 0.0 0.0 412.4 419.6 410.45 418.6 412.65 402.9 408.0 411.75 411.25 
308 0.0 0.0 0.0 0.0 0.0 0.0 0.0 0.0 0.0 0.0 0.0 0.0 404.1 412.35 401.45 408.0 411.35 413.2 408.35 415.65 415.65 
309 0.0 0.0 0.0 0.0 0.0 0.0 0.0 0.0 0.0 0.0 0.0 0.0 406.3 403.8 418.85 413.95 398.55 400.6 413.6 404.65 411.35 
310 0.0 0.0 0.0 0.0 0.0 0.0 0.0 0.0 0.0 0.0 0.0 0.0 407.15 405.8 409.8 410.75 413.45 416.55 418.85 414.3 413.8 
311 0.0 0.0 0.0 0.0 0.0 0.0 0.0 0.0 0.0 0.0 0.0 0.0 414.4 412.8 415.45 407.8 419.05 414.1 415.9 419.15 409.0 
312 0.0 0.0 0.0 0.0 0.0 0.0 0.0 0.0 0.0 0.0 0.0 0.0 415.25 409.15 403.95 406.75 414.4 411.6 410.75 412.2 411.35 
313 0.0 0.0 0.0 0.0 0.0 0.0 0.0 0.0 0.0 0.0 0.0 0.0 415.2 409.4 412.5 412.75 409.3 413.55 405.7 407.15 404.0 
314 0.0 0.0 0.0 0.0 0.0 0.0 0.0 0.0 0.0 0.0 0.0 0.0 404.0 405.85 409.95 415.65 409.25 411.35 414.25 408.05 415.45 
315 0.0 0.0 0.0 0.0 0.0 0.0 0.0 0.0 0.0 0.0 0.0 0.0 406.9 410.0 417.75 417.0 406.65 413.05 411.9 410.1 412.75 
316 0.0 0.0 0.0 0.0 0.0 0.0 0.0 0.0 0.0 0.0 0.0 0.0 415.45 414.55 404.75 411.8 411.7 411.9 413.75 409.3 414.35 
317 0.0 0.0 0.0 0.0 0.0 0.0 0.0 0.0 0.0 0.0 0.0 0.0 410.75 406.0 416.45 416.25 412.3 417.5 410.9 416.3 416.15 
318 0.0 0.0 0.0 0.0 0.0 0.0 0.0 0.0 0.0 0.0 0.0 0.0 397.3 412.0 407.35 407.55 417.1 407.45 406.55 414.2 406.8 
319 0.0 0.0 0.0 0.0 0.0 0.0 0.0 0.0 0.0 0.0 0.0 0.0 373.65 414.8 410.6 422.25 415.0 409.8 419.6 408.0 409.35 
320 0.0 0.0 0.0 0.0 0.0 0.0 0.0 0.0 0.0 0.0 0.0 0.0 324.25 409.55 414.15 413.2 405.2 415.5 409.1 407.8 406.45 
321 0.0 0.0 0.0 0.0 0.0 0.0 0.0 0.0 0.0 0.0 0.0 0.0 287.7 417.7 416.0 412.2 419.0 410.4 413.8 413.6 417.1 
322 0.0 0.0 0.0 0.0 0.0 0.0 0.0 0.0 0.0 0.0 0.0 0.0 223.85 412.5 417.8 410.3 411.2 416.55 410.6 414.5 410.8 
323 0.0 0.0 0.0 0.0 0.0 0.0 0.0 0.0 0.0 0.0 0.0 0.0 163.15 421.5 412.05 404.5 415.7 413.1 410.85 407.7 404.8 
324 0.0 0.0 0.0 0.0 0.0 0.0 0.0 0.0 0.0 0.0 0.0 0.0 121.3 416.75 417.2 412.6 409.2 406.05 415.6 414.4 416.85 
325 0.0 0.0 0.0 0.0 0.0 0.0 0.0 0.0 0.0 0.0 0.0 0.0 106.7 411.15 411.7 413.35 412.2 416.0 407.35 409.45 412.6 
326 0.0 0.0 0.0 0.0 0.0 0.0 0.0 0.0 0.0 0.0 0.0 0.0 82.95 408.75 405.45 409.55 410.85 417.75 413.85 414.15 410.55 
327 0.0 0.0 0.0 0.0 0.0 0.0 0.0 0.0 0.0 0.0 0.0 0.0 57.55 404.35 415.2 416.35 413.75 404.55 408.9 411.1 403.45 
328 0.0 0.0 0.0 0.0 0.0 0.0 0.0 0.0 0.0 0.0 0.0 0.0 44.0 409.3 396.25 403.6 412.2 408.7 414.6 408.2 404.6 
329 0.0 0.0 0.0 0.0 0.0 0.0 0.0 0.0 0.0 0.0 0.0 0.0 18.55 403.85 408.05 408.9 407.2 413.55 406.7 411.5 419.25 
330 0.0 0.0 0.0 0.0 0.0 0.0 0.0 0.0 0.0 0.0 0.0 0.0 4.2 406.5 406.65 406.65 404.2 407.25 414.2 413.55 411.85 
331 0.0 0.0 0.0 0.0 0.0 0.0 0.0 0.0 0.0 0.0 0.0 0.0 0.8 415.15 414.25 415.75 417.45 411.55 404.9 410.05 413.2 
332 0.0 0.0 0.0 0.0 0.0 0.0 0.0 0.0 0.0 0.0 0.0 0.0 0.0 412.45 406.25 410.45 415.05 414.75 412.7 415.2 417.3 
333 0.0 0.0 0.0 0.0 0.0 0.0 0.0 0.0 0.0 0.0 0.0 0.0 0.0 407.3 420.45 413.55 405.2 407.95 412.95 409.7 406.6 
334 0.0 0.0 0.0 0.0 0.0 0.0 0.0 0.0 0.0 0.0 0.0 0.0 0.0 399.0 413.8 413.45 404.4 412.05 416.8 410.1 412.8 
335 0.0 0.0 0.0 0.0 0.0 0.0 0.0 0.0 0.0 0.0 0.0 0.0 0.0 414.7 402.5 401.85 416.45 404.85 413.7 405.85 402.55 
336 0.0 0.0 0.0 0.0 0.0 0.0 0.0 0.0 0.0 0.0 0.0 0.0 0.0 414.8 405.05 418.85 416.3 412.45 401.9 414.0 410.4 
337 0.0 0.0 0.0 0.0 0.0 0.0 0.0 0.0 0.0 0.0 0.0 0.0 0.0 415.5 417.8 412.3 403.35 406.35 400.7 411.35 426.1 
338 0.0 0.0 0.0 0.0 0.0 0.0 0.0 0.0 0.0 0.0 0.0 0.0 0.0 420.45 420.05 410.25 409.2 410.85 413.75 403.0 410.25 
339 0.0 0.0 0.0 0.0 0.0 0.0 0.0 0.0 0.0 0.0 0.0 0.0 0.0 409.55 408.4 409.7 417.75 416.7 405.65 403.85 403.2 
340 0.0 0.0 0.0 0.0 0.0 0.0 0.0 0.0 0.0 0.0 0.0 0.0 0.0 407.7 408.95 412.4 407.2 412.6 409.6 413.2 405.15 
341 0.0 0.0 0.0 0.0 0.0 0.0 0.0 0.0 0.0 0.0 0.0 0.0 0.0 412.15 406.65 415.75 416.05 411.25 412.5 416.6 411.85 
342 0.0 0.0 0.0 0.0 0.0 0.0 0.0 0.0 0.0 0.0 0.0 0.0 0.0 406.3 403.75 402.0 408.95 409.9 411.55 412.8 402.7 
343 0.0 0.0 0.0 0.0 0.0 0.0 0.0 0.0 0.0 0.0 0.0 0.0 0.0 419.05 418.05 408.85 405.5 410.55 416.55 419.35 414.0 
344 0.0 0.0 0.0 0.0 0.0 0.0 0.0 0.0 0.0 0.0 0.0 0.0 0.0 404.1 406.0 414.4 408.2 402.35 407.0 409.55 410.1 
345 0.0 0.0 0.0 0.0 0.0 0.0 0.0 0.0 0.0 0.0 0.0 0.0 0.0 405.4 413.45 405.55 409.5 410.6 412.15 403.8 417.15 
346 0.0 0.0 0.0 0.0 0.0 0.0 0.0 0.0 0.0 0.0 0.0 0.0 0.0 369.55 411.1 399.45 409.85 411.3 411.1 411.45 409.15 
347 0.0 0.0 0.0 0.0 0.0 0.0 0.0 0.0 0.0 0.0 0.0 0.0 0.0 312.45 410.3 415.7 410.45 409.3 416.65 408.0 412.85 
348 0.0 0.0 0.0 0.0 0.0 0.0 0.0 0.0 0.0 0.0 0.0 0.0 0.0 266.85 410.35 416.05 412.85 414.05 402.9 408.05 410.1 
349 0.0 0.0 0.0 0.0 0.0 0.0 0.0 0.0 0.0 0.0 0.0 0.0 0.0 204.75 415.95 410.55 414.65 412.15 418.15 412.95 414.25 
350 0.0 0.0 0.0 0.0 0.0 0.0 0.0 0.0 0.0 0.0 0.0 0.0 0.0 166.2 409.95 407.9 410.65 407.65 413.6 417.75 404.45 
351 0.0 0.0 0.0 0.0 0.0 0.0 0.0 0.0 0.0 0.0 0.0 0.0 0.0 135.55 416.1 410.7 411.05 417.8 409.1 401.75 417.35 
352 0.0 0.0 0.0 0.0 0.0 0.0 0.0 0.0 0.0 0.0 0.0 0.0 0.0 107.3 408.55 407.4 406.55 413.85 412.3 416.15 412.25 
353 0.0 0.0 0.0 0.0 0.0 0.0 0.0 0.0 0.0 0.0 0.0 0.0 0.0 97.8 408.15 415.35 415.2 411.35 402.95 417.2 408.1 
354 0.0 0.0 0.0 0.0 0.0 0.0 0.0 0.0 0.0 0.0 0.0 0.0 0.0 68.85 406.5 408.45 410.95 407.25 411.6 413.5 417.25 
355 0.0 0.0 0.0 0.0 0.0 0.0 0.0 0.0 0.0 0.0 0.0 0.0 0.0 36.45 411.05 410.25 408.3 413.85 415.5 410.75 406.85 
356 0.0 0.0 0.0 0.0 0.0 0.0 0.0 0.0 0.0 0.0 0.0 0.0 0.0 8.35 411.2 409.2 414.05 409.5 413.0 406.5 406.8 
357 0.0 0.0 0.0 0.0 0.0 0.0 0.0 0.0 0.0 0.0 0.0 0.0 0.0 1.25 415.65 416.6 409.65 409.55 405.9 407.0 416.25 
358 0.0 0.0 0.0 0.0 0.0 0.0 0.0 0.0 0.0 0.0 0.0 0.0 0.0 0.0 417.85 410.9 405.3 404.6 410.7 412.85 410.7 
359 0.0 0.0 0.0 0.0 0.0 0.0 0.0 0.0 0.0 0.0 0.0 0.0 0.0 0.0 409.4 417.05 419.7 409.1 410.95 415.95 410.1 
360 0.0 0.0 0.0 0.0 0.0 0.0 0.0 0.0 0.0 0.0 0.0 0.0 0.0 0.0 410.2 413.6 408.0 416.5 416.6 415.95 404.75 
361 0.0 0.0 0.0 0.0 0.0 0.0 0.0 0.0 0.0 0.0 0.0 0.0 0.0 0.0 414.4 415.85 413.7 417.5 411.25 416.45 418.6 
362 0.0 0.0 0.0 0.0 0.0 0.0 0.0 0.0 0.0 0.0 0.0 0.0 0.0 0.0 405.25 405.5 416.85 413.9 409.2 410.9 416.75 
363 0.0 0.0 0.0 0.0 0.0 0.0 0.0 0.0 0.0 0.0 0.0 0.0 0.0 0.0 407.8 413.75 418.6 405.95 416.35 398.2 409.1 
364 0.0 0.0 0.0 0.0 0.0 0.0 0.0 0.0 0.0 0.0 0.0 0.0 0.0 0.0 410.9 413.15 409.05 414.1 412.6 408.3 408.65 
365 0.0 0.0 0.0 0.0 0.0 0.0 0.0 0.0 0.0 0.0 0.0 0.0 0.0 0.0 413.5 408.85 409.3 412.9 414.05 415.65 411.9 
366 0.0 0.0 0.0 0.0 0.0 0.0 0.0 0.0 0.0 0.0 0.0 0.0 0.0 0.0 405.1 414.7 402.55 406.6 401.05 411.35 411.45 
367 0.0 0.0 0.0 0.0 0.0 0.0 0.0 0.0 0.0 0.0 0.0 0.0 0.0 0.0 409.2 406.75 412.9 414.8 412.55 411.85 416.3 
368 0.0 0.0 0.0 0.0 0.0 0.0 0.0 0.0 0.0 0.0 0.0 0.0 0.0 0.0 415.95 409.55 402.55 408.15 414.8 410.75 403.5 
369 0.0 0.0 0.0 0.0 0.0 0.0 0.0 0.0 0.0 0.0 0.0 0.0 0.0 0.0 411.35 410.1 407.85 421.05 414.45 407.2 410.55 
370 0.0 0.0 0.0 0.0 0.0 0.0 0.0 0.0 0.0 0.0 0.0 0.0 0.0 0.0 407.5 414.75 416.65 404.1 410.0 415.65 412.6 
371 0.0 0.0 0.0 0.0 0.0 0.0 0.0 0.0 0.0 0.0 0.0 0.0 0.0 0.0 411.4 404.9 412.45 416.35 412.0 417.25 413.3 
372 0.0 0.0 0.0 0.0 0.0 0.0 0.0 0.0 0.0 0.0 0.0 0.0 0.0 0.0 411.35 408.35 416.0 408.65 402.2 411.5 409.6 
373 0.0 0.0 0.0 0.0 0.0 0.0 0.0 0.0 0.0 0.0 0.0 0.0 0.0 0.0 366.35 405.55 411.0 401.65 421.25 406.85 412.2 
374 0.0 0.0 0.0 0.0 0.0 0.0 0.0 0.0 0.0 0.0 0.0 0.0 0.0 0.0 325.45 415.05 410.55 411.25 403.45 411.15 416.55 
375 0.0 0.0 0.0 0.0 0.0 0.0 0.0 0.0 0.0 0.0 0.0 0.0 0.0 0.0 281.9 413.35 416.4 409.75 409.1 409.0 412.25 
376 0.0 0.0 0.0 0.0 0.0 0.0 0.0 0.0 0.0 0.0 0.0 0.0 0.0 0.0 241.25 409.3 406.25 413.1 413.0 411.7 404.3 
377 0.0 0.0 0.0 0.0 0.0 0.0 0.0 0.0 0.0 0.0 0.0 0.0 0.0 0.0 202.6 408.45 401.8 416.4 420.9 410.15 406.4 
378 0.0 0.0 0.0 0.0 0.0 0.0 0.0 0.0 0.0 0.0 0.0 0.0 0.0 0.0 150.4 412.4 409.95 407.55 409.95 414.1 412.85 
379 0.0 0.0 0.0 0.0 0.0 0.0 0.0 0.0 0.0 0.0 0.0 0.0 0.0 0.0 114.85 402.65 414.4 413.55 412.25 413.95 411.75 
380 0.0 0.0 0.0 0.0 0.0 0.0 0.0 0.0 0.0 0.0 0.0 0.0 0.0 0.0 101.2 419.95 417.35 414.95 408.55 403.3 412.65 
381 0.0 0.0 0.0 0.0 0.0 0.0 0.0 0.0 0.0 0.0 0.0 0.0 0.0 0.0 51.55 412.3 409.75 405.9 405.9 410.15 409.4 
382 0.0 0.0 0.0 0.0 0.0 0.0 0.0 0.0 0.0 0.0 0.0 0.0 0.0 0.0 30.4 410.7 407.6 407.95 403.9 411.85 407.6 
383 0.0 0.0 0.0 0.0 0.0 0.0 0.0 0.0 0.0 0.0 0.0 0.0 0.0 0.0 11.9 415.2 411.1 402.9 408.0 410.3 413.45 
384 0.0 0.0 0.0 0.0 0.0 0.0 0.0 0.0 0.0 0.0 0.0 0.0 0.0 0.0 3.3 406.95 407.95 404.7 412.4 410.65 417.5 
385 0.0 0.0 0.0 0.0 0.0 0.0 0.0 0.0 0.0 0.0 0.0 0.0 0.0 0.0 0.65 410.8 409.35 411.05 408.45 405.05 409.9 
386 0.0 0.0 0.0 0.0 0.0 0.0 0.0 0.0 0.0 0.0 0.0 0.0 0.0 0.0 0.0 413.0 412.6 416.0 399.45 404.65 406.8 
387 0.0 0.0 0.0 0.0 0.0 0.0 0.0 0.0 0.0 0.0 0.0 0.0 0.0 0.0 0.1 412.05 405.9 404.0 415.15 413.45 412.15 
388 0.0 0.0 0.0 0.0 0.0 0.0 0.0 0.0 0.0 0.0 0.0 0.0 0.0 0.0 0.0 404.75 414.4 413.55 409.15 409.0 409.65 
389 0.0 0.0 0.0 0.0 0.0 0.0 0.0 0.0 0.0 0.0 0.0 0.0 0.0 0.0 0.0 408.85 411.8 407.75 412.6 417.75 403.05 
390 0.0 0.0 0.0 0.0 0.0 0.0 0.0 0.0 0.0 0.0 0.0 0.0 0.0 0.0 0.0 417.0 412.4 413.25 418.5 415.05 408.7 
391 0.0 0.0 0.0 0.0 0.0 0.0 0.0 0.0 0.0 0.0 0.0 0.0 0.0 0.0 0.0 411.55 409.1 410.7 410.35 412.3 412.15 
392 0.0 0.0 0.0 0.0 0.0 0.0 0.0 0.0 0.0 0.0 0.0 0.0 0.0 0.0 0.0 416.65 418.3 412.6 415.45 410.65 409.3 
393 0.0 0.0 0.0 0.0 0.0 0.0 0.0 0.0 0.0 0.0 0.0 0.0 0.0 0.0 0.0 414.7 414.45 414.55 410.9 410.65 410.25 
394 0.0 0.0 0.0 0.0 0.0 0.0 0.0 0.0 0.0 0.0 0.0 0.0 0.0 0.0 0.0 413.0 417.8 417.0 417.8 411.25 415.6 
395 0.0 0.0 0.0 0.0 0.0 0.0 0.0 0.0 0.0 0.0 0.0 0.0 0.0 0.0 0.0 411.3 410.15 408.25 412.65 417.15 419.3 
396 0.0 0.0 0.0 0.0 0.0 0.0 0.0 0.0 0.0 0.0 0.0 0.0 0.0 0.0 0.0 403.75 401.65 416.35 406.2 402.7 410.95 
397 0.0 0.0 0.0 0.0 0.0 0.0 0.0 0.0 0.0 0.0 0.0 0.0 0.0 0.0 0.0 404.8 416.4 410.6 404.8 411.35 407.65 
398 0.0 0.0 0.0 0.0 0.0 0.0 0.0 0.0 0.0 0.0 0.0 0.0 0.0 0.0 0.0 404.05 399.2 408.2 414.35 408.8 413.95 
399 0.0 0.0 0.0 0.0 0.0 0.0 0.0 0.0 0.0 0.0 0.0 0.0 0.0 0.0 0.0 389.55 411.3 414.5 409.95 409.05 409.2 
400 0.0 0.0 0.0 0.0 0.0 0.0 0.0 0.0 0.0 0.0 0.0 0.0 0.0 0.0 0.0 378.0 419.1 409.85 418.2 415.7 415.1 
401 0.0 0.0 0.0 0.0 0.0 0.0 0.0 0.0 0.0 0.0 0.0 0.0 0.0 0.0 0.0 345.0 411.1 414.05 415.6 417.4 404.6 
402 0.0 0.0 0.0 0.0 0.0 0.0 0.0 0.0 0.0 0.0 0.0 0.0 0.0 0.0 0.0 289.0 403.9 403.05 404.05 407.8 413.15 
403 0.0 0.0 0.0 0.0 0.0 0.0 0.0 0.0 0.0 0.0 0.0 0.0 0.0 0.0 0.0 245.75 415.3 407.6 410.8 406.35 416.55 
404 0.0 0.0 0.0 0.0 0.0 0.0 0.0 0.0 0.0 0.0 0.0 0.0 0.0 0.0 0.0 198.85 405.95 411.7 402.25 404.95 411.5 
405 0.0 0.0 0.0 0.0 0.0 0.0 0.0 0.0 0.0 0.0 0.0 0.0 0.0 0.0 0.0 150.8 403.35 407.15 406.65 411.65 404.25 
406 0.0 0.0 0.0 0.0 0.0 0.0 0.0 0.0 0.0 0.0 0.0 0.0 0.0 0.0 0.0 122.6 408.35 407.8 413.45 412.1 415.65 
407 0.0 0.0 0.0 0.0 0.0 0.0 0.0 0.0 0.0 0.0 0.0 0.0 0.0 0.0 0.0 86.65 416.85 404.35 416.6 406.6 400.2 
408 0.0 0.0 0.0 0.0 0.0 0.0 0.0 0.0 0.0 0.0 0.0 0.0 0.0 0.0 0.0 60.4 416.3 414.6 413.4 410.95 404.9 
409 0.0 0.0 0.0 0.0 0.0 0.0 0.0 0.0 0.0 0.0 0.0 0.0 0.0 0.0 0.0 34.2 403.85 418.9 411.7 405.2 402.9 
410 0.0 0.0 0.0 0.0 0.0 0.0 0.0 0.0 0.0 0.0 0.0 0.0 0.0 0.0 0.0 19.95 406.55 415.5 407.9 407.65 413.9 
411 0.0 0.0 0.0 0.0 0.0 0.0 0.0 0.0 0.0 0.0 0.0 0.0 0.0 0.0 0.0 5.8 405.35 413.95 414.45 419.45 404.35 
412 0.0 0.0 0.0 0.0 0.0 0.0 0.0 0.0 0.0 0.0 0.0 0.0 0.0 0.0 0.0 0.8 412.4 404.6 410.05 410.55 408.05 
413 0.0 0.0 0.0 0.0 0.0 0.0 0.0 0.0 0.0 0.0 0.0 0.0 0.0 0.0 0.0 0.05 419.5 411.25 412.25 414.1 410.6 
414 0.0 0.0 0.0 0.0 0.0 0.0 0.0 0.0 0.0 0.0 0.0 0.0 0.0 0.0 0.0 0.0 411.9 415.95 406.25 412.95 416.9 
415 0.0 0.0 0.0 0.0 0.0 0.0 0.0 0.0 0.0 0.0 0.0 0.0 0.0 0.0 0.0 0.0 412.35 415.95 411.05 413.6 414.8 
416 0.0 0.0 0.0 0.0 0.0 0.0 0.0 0.0 0.0 0.0 0.0 0.0 0.0 0.0 0.0 0.0 414.3 414.2 419.05 410.7 410.8 
417 0.0 0.0 0.0 0.0 0.0 0.0 0.0 0.0 0.0 0.0 0.0 0.0 0.0 0.0 0.0 0.0 410.65 400.2 406.95 412.8 416.15 
418 0.0 0.0 0.0 0.0 0.0 0.0 0.0 0.0 0.0 0.0 0.0 0.0 0.0 0.0 0.0 0.0 407.3 411.25 413.35 408.65 414.3 
419 0.0 0.0 0.0 0.0 0.0 0.0 0.0 0.0 0.0 0.0 0.0 0.0 0.0 0.0 0.0 0.0 411.55 413.85 410.65 417.45 417.5 
420 0.0 0.0 0.0 0.0 0.0 0.0 0.0 0.0 0.0 0.0 0.0 0.0 0.0 0.0 0.0 0.0 415.95 416.05 409.5 408.0 414.7 
421 0.0 0.0 0.0 0.0 0.0 0.0 0.0 0.0 0.0 0.0 0.0 0.0 0.0 0.0 0.0 0.0 411.6 409.4 415.5 416.2 415.75 
422 0.0 0.0 0.0 0.0 0.0 0.0 0.0 0.0 0.0 0.0 0.0 0.0 0.0 0.0 0.0 0.0 405.0 406.3 406.95 407.55 404.8 
423 0.0 0.0 0.0 0.0 0.0 0.0 0.0 0.0 0.0 0.0 0.0 0.0 0.0 0.0 0.0 0.0 409.2 408.7 413.1 408.2 409.45 
424 0.0 0.0 0.0 0.0 0.0 0.0 0.0 0.0 0.0 0.0 0.0 0.0 0.0 0.0 0.0 0.0 412.5 412.45 411.1 410.15 408.3 
425 0.0 0.0 0.0 0.0 0.0 0.0 0.0 0.0 0.0 0.0 0.0 0.0 0.0 0.0 0.0 0.0 401.75 416.3 416.9 411.15 409.3 
426 0.0 0.0 0.0 0.0 0.0 0.0 0.0 0.0 0.0 0.0 0.0 0.0 0.0 0.0 0.0 0.0 381.5 408.0 404.1 405.8 406.3 
427 0.0 0.0 0.0 0.0 0.0 0.0 0.0 0.0 0.0 0.0 0.0 0.0 0.0 0.0 0.0 0.0 345.5 406.45 406.55 408.65 402.6 
428 0.0 0.0 0.0 0.0 0.0 0.0 0.0 0.0 0.0 0.0 0.0 0.0 0.0 0.0 0.0 0.0 322.45 415.4 405.25 416.0 411.6 
429 0.0 0.0 0.0 0.0 0.0 0.0 0.0 0.0 0.0 0.0 0.0 0.0 0.0 0.0 0.0 0.0 297.5 413.3 410.35 407.05 411.75 
430 0.0 0.0 0.0 0.0 0.0 0.0 0.0 0.0 0.0 0.0 0.0 0.0 0.0 0.0 0.0 0.0 263.45 406.3 412.05 408.25 414.85 
431 0.0 0.0 0.0 0.0 0.0 0.0 0.0 0.0 0.0 0.0 0.0 0.0 0.0 0.0 0.0 0.0 228.4 396.5 411.6 406.8 405.2 
432 0.0 0.0 0.0 0.0 0.0 0.0 0.0 0.0 0.0 0.0 0.0 0.0 0.0 0.0 0.0 0.0 163.65 414.35 410.0 408.8 417.65 
433 0.0 0.0 0.0 0.0 0.0 0.0 0.0 0.0 0.0 0.0 0.0 0.0 0.0 0.0 0.0 0.0 124.35 412.1 408.0 408.7 410.4 
434 0.0 0.0 0.0 0.0 0.0 0.0 0.0 0.0 0.0 0.0 0.0 0.0 0.0 0.0 0.0 0.0 105.0 420.55 411.5 411.0 413.85 
435 0.0 0.0 0.0 0.0 0.0 0.0 0.0 0.0 0.0 0.0 0.0 0.0 0.0 0.0 0.0 0.0 77.55 409.1 413.35 414.65 411.15 
436 0.0 0.0 0.0 0.0 0.0 0.0 0.0 0.0 0.0 0.0 0.0 0.0 0.0 0.0 0.0 0.0 34.4 415.85 406.6 413.75 409.0 
437 0.0 0.0 0.0 0.0 0.0 0.0 0.0 0.0 0.0 0.0 0.0 0.0 0.0 0.0 0.0 0.0 6.7 410.35 416.0 413.85 414.95 
438 0.0 0.0 0.0 0.0 0.0 0.0 0.0 0.0 0.0 0.0 0.0 0.0 0.0 0.0 0.0 0.0 0.5 416.1 410.7 410.45 401.3 
439 0.0 0.0 0.0 0.0 0.0 0.0 0.0 0.0 0.0 0.0 0.0 0.0 0.0 0.0 0.0 0.0 0.0 411.45 417.95 412.75 414.25 
440 0.0 0.0 0.0 0.0 0.0 0.0 0.0 0.0 0.0 0.0 0.0 0.0 0.0 0.0 0.0 0.0 0.0 412.15 409.4 413.3 414.0 
441 0.0 0.0 0.0 0.0 0.0 0.0 0.0 0.0 0.0 0.0 0.0 0.0 0.0 0.0 0.0 0.0 0.0 406.55 408.4 406.45 410.05 
442 0.0 0.0 0.0 0.0 0.0 0.0 0.0 0.0 0.0 0.0 0.0 0.0 0.0 0.0 0.0 0.0 0.0 411.55 416.35 413.5 416.45 
443 0.0 0.0 0.0 0.0 0.0 0.0 0.0 0.0 0.0 0.0 0.0 0.0 0.0 0.0 0.0 0.0 0.0 410.9 412.25 412.2 412.2 
444 0.0 0.0 0.0 0.0 0.0 0.0 0.0 0.0 0.0 0.0 0.0 0.0 0.0 0.0 0.0 0.0 0.0 408.35 413.1 404.75 415.5 
445 0.0 0.0 0.0 0.0 0.0 0.0 0.0 0.0 0.0 0.0 0.0 0.0 0.0 0.0 0.0 0.0 0.0 413.2 416.65 410.25 415.35 
446 0.0 0.0 0.0 0.0 0.0 0.0 0.0 0.0 0.0 0.0 0.0 0.0 0.0 0.0 0.0 0.0 0.0 405.9 406.65 417.95 407.4 
447 0.0 0.0 0.0 0.0 0.0 0.0 0.0 0.0 0.0 0.0 0.0 0.0 0.0 0.0 0.0 0.0 0.0 411.9 405.65 417.2 413.4 
448 0.0 0.0 0.0 0.0 0.0 0.0 0.0 0.0 0.0 0.0 0.0 0.0 0.0 0.0 0.0 0.0 0.0 411.8 405.9 412.75 408.7 
449 0.0 0.0 0.0 0.0 0.0 0.0 0.0 0.0 0.0 0.0 0.0 0.0 0.0 0.0 0.0 0.0 0.0 418.15 413.1 414.25 415.2 
450 0.0 0.0 0.0 0.0 0.0 0.0 0.0 0.0 0.0 0.0 0.0 0.0 0.0 0.0 0.0 0.0 0.0 403.25 412.4 403.35 406.9 
451 0.0 0.0 0.0 0.0 0.0 0.0 0.0 0.0 0.0 0.0 0.0 0.0 0.0 0.0 0.0 0.0 0.0 407.65 410.0 406.7 409.8 
452 0.0 0.0 0.0 0.0 0.0 0.0 0.0 0.0 0.0 0.0 0.0 0.0 0.0 0.0 0.0 0.0 0.0 406.6 411.2 414.6 410.1 
453 0.0 0.0 0.0 0.0 0.0 0.0 0.0 0.0 0.0 0.0 0.0 0.0 0.0 0.0 0.0 0.0 0.0 381.15 411.55 410.75 412.8 
454 0.0 0.0 0.0 0.0 0.0 0.0 0.0 0.0 0.0 0.0 0.0 0.0 0.0 0.0 0.0 0.0 0.0 350.55 410.05 410.4 407.1 
455 0.0 0.0 0.0 0.0 0.0 0.0 0.0 0.0 0.0 0.0 0.0 0.0 0.0 0.0 0.0 0.0 0.0 325.3 411.25 421.4 405.05 
456 0.0 0.0 0.0 0.0 0.0 0.0 0.0 0.0 0.0 0.0 0.0 0.0 0.0 0.0 0.0 0.0 0.0 302.75 407.4 407.65 412.7 
457 0.0 0.0 0.0 0.0 0.0 0.0 0.0 0.0 0.0 0.0 0.0 0.0 0.0 0.0 0.0 0.0 0.0 275.8 413.3 406.05 411.5 
458 0.0 0.0 0.0 0.0 0.0 0.0 0.0 0.0 0.0 0.0 0.0 0.0 0.0 0.0 0.0 0.0 0.0 241.7 414.5 397.3 401.75 
459 0.0 0.0 0.0 0.0 0.0 0.0 0.0 0.0 0.0 0.0 0.0 0.0 0.0 0.0 0.0 0.0 0.0 180.7 409.4 409.3 407.1 
460 0.0 0.0 0.0 0.0 0.0 0.0 0.0 0.0 0.0 0.0 0.0 0.0 0.0 0.0 0.0 0.0 0.0 120.95 408.1 412.4 411.4 
461 0.0 0.0 0.0 0.0 0.0 0.0 0.0 0.0 0.0 0.0 0.0 0.0 0.0 0.0 0.0 0.0 0.0 104.65 410.0 415.95 414.5 
462 0.0 0.0 0.0 0.0 0.0 0.0 0.0 0.0 0.0 0.0 0.0 0.0 0.0 0.0 0.0 0.0 0.0 73.1 411.95 411.9 413.15 
463 0.0 0.0 0.0 0.0 0.0 0.0 0.0 0.0 0.0 0.0 0.0 0.0 0.0 0.0 0.0 0.0 0.0 53.65 408.7 409.05 420.0 
464 0.0 0.0 0.0 0.0 0.0 0.0 0.0 0.0 0.0 0.0 0.0 0.0 0.0 0.0 0.0 0.0 0.0 22.7 411.5 417.9 407.95 
465 0.0 0.0 0.0 0.0 0.0 0.0 0.0 0.0 0.0 0.0 0.0 0.0 0.0 0.0 0.0 0.0 0.0 7.05 413.45 421.15 415.0 
466 0.0 0.0 0.0 0.0 0.0 0.0 0.0 0.0 0.0 0.0 0.0 0.0 0.0 0.0 0.0 0.0 0.0 1.25 412.05 420.45 420.3 
467 0.0 0.0 0.0 0.0 0.0 0.0 0.0 0.0 0.0 0.0 0.0 0.0 0.0 0.0 0.0 0.0 0.0 0.1 408.0 404.6 414.0 
468 0.0 0.0 0.0 0.0 0.0 0.0 0.0 0.0 0.0 0.0 0.0 0.0 0.0 0.0 0.0 0.0 0.0 0.0 414.5 407.1 409.05 
469 0.0 0.0 0.0 0.0 0.0 0.0 0.0 0.0 0.0 0.0 0.0 0.0 0.0 0.0 0.0 0.0 0.0 0.0 416.1 409.25 404.65 
470 0.0 0.0 0.0 0.0 0.0 0.0 0.0 0.0 0.0 0.0 0.0 0.0 0.0 0.0 0.0 0.0 0.0 0.0 412.1 406.15 407.25 
471 0.0 0.0 0.0 0.0 0.0 0.0 0.0 0.0 0.0 0.0 0.0 0.0 0.0 0.0 0.0 0.0 0.0 0.0 405.65 410.85 410.5 
472 0.0 0.0 0.0 0.0 0.0 0.0 0.0 0.0 0.0 0.0 0.0 0.0 0.0 0.0 0.0 0.0 0.0 0.0 414.45 414.05 414.3 
473 0.0 0.0 0.0 0.0 0.0 0.0 0.0 0.0 0.0 0.0 0.0 0.0 0.0 0.0 0.0 0.0 0.0 0.0 413.0 408.05 410.55 
474 0.0 0.0 0.0 0.0 0.0 0.0 0.0 0.0 0.0 0.0 0.0 0.0 0.0 0.0 0.0 0.0 0.0 0.0 406.6 412.1 415.75 
475 0.0 0.0 0.0 0.0 0.0 0.0 0.0 0.0 0.0 0.0 0.0 0.0 0.0 0.0 0.0 0.0 0.0 0.0 410.4 412.45 411.05 
476 0.0 0.0 0.0 0.0 0.0 0.0 0.0 0.0 0.0 0.0 0.0 0.0 0.0 0.0 0.0 0.0 0.0 0.0 408.35 411.65 407.5 
477 0.0 0.0 0.0 0.0 0.0 0.0 0.0 0.0 0.0 0.0 0.0 0.0 0.0 0.0 0.0 0.0 0.0 0.0 411.3 408.05 415.5 
478 0.0 0.0 0.0 0.0 0.0 0.0 0.0 0.0 0.0 0.0 0.0 0.0 0.0 0.0 0.0 0.0 0.0 0.0 411.1 412.95 412.1 
479 0.0 0.0 0.0 0.0 0.0 0.0 0.0 0.0 0.0 0.0 0.0 0.0 0.0 0.0 0.0 0.0 0.0 0.0 399.45 407.85 408.6 
480 0.0 0.0 0.0 0.0 0.0 0.0 0.0 0.0 0.0 0.0 0.0 0.0 0.0 0.0 0.0 0.0 0.0 0.0 395.5 418.45 403.3 
481 0.0 0.0 0.0 0.0 0.0 0.0 0.0 0.0 0.0 0.0 0.0 0.0 0.0 0.0 0.0 0.0 0.0 0.0 336.7 409.85 403.05 
482 0.0 0.0 0.0 0.0 0.0 0.0 0.0 0.0 0.0 0.0 0.0 0.0 0.0 0.0 0.0 0.0 0.0 0.0 313.4 408.8 413.6 
483 0.0 0.0 0.0 0.0 0.0 0.0 0.0 0.0 0.0 0.0 0.0 0.0 0.0 0.0 0.0 0.0 0.0 0.0 296.9 405.7 405.9 
484 0.0 0.0 0.0 0.0 0.0 0.0 0.0 0.0 0.0 0.0 0.0 0.0 0.0 0.0 0.0 0.0 0.0 0.0 293.35 405.6 411.25 
485 0.0 0.0 0.0 0.0 0.0 0.0 0.0 0.0 0.0 0.0 0.0 0.0 0.0 0.0 0.0 0.0 0.0 0.0 222.7 413.2 421.7 
486 0.0 0.0 0.0 0.0 0.0 0.0 0.0 0.0 0.0 0.0 0.0 0.0 0.0 0.0 0.0 0.0 0.0 0.0 154.4 411.25 413.0 
487 0.0 0.0 0.0 0.0 0.0 0.0 0.0 0.0 0.0 0.0 0.0 0.0 0.0 0.0 0.0 0.0 0.0 0.0 129.1 415.2 411.9 
488 0.0 0.0 0.0 0.0 0.0 0.0 0.0 0.0 0.0 0.0 0.0 0.0 0.0 0.0 0.0 0.0 0.0 0.0 94.25 412.8 409.6 
489 0.0 0.0 0.0 0.0 0.0 0.0 0.0 0.0 0.0 0.0 0.0 0.0 0.0 0.0 0.0 0.0 0.0 0.0 57.7 409.65 407.95 
490 0.0 0.0 0.0 0.0 0.0 0.0 0.0 0.0 0.0 0.0 0.0 0.0 0.0 0.0 0.0 0.0 0.0 0.0 42.1 408.0 418.65 
491 0.0 0.0 0.0 0.0 0.0 0.0 0.0 0.0 0.0 0.0 0.0 0.0 0.0 0.0 0.0 0.0 0.0 0.0 29.8 412.2 418.75 
492 0.0 0.0 0.0 0.0 0.0 0.0 0.0 0.0 0.0 0.0 0.0 0.0 0.0 0.0 0.0 0.0 0.0 0.0 9.65 410.0 426.85 
493 0.0 0.0 0.0 0.0 0.0 0.0 0.0 0.0 0.0 0.0 0.0 0.0 0.0 0.0 0.0 0.0 0.0 0.0 2.0 419.55 420.5 
494 0.0 0.0 0.0 0.0 0.0 0.0 0.0 0.0 0.0 0.0 0.0 0.0 0.0 0.0 0.0 0.0 0.0 0.0 0.4 416.6 428.0 
495 0.0 0.0 0.0 0.0 0.0 0.0 0.0 0.0 0.0 0.0 0.0 0.0 0.0 0.0 0.0 0.0 0.0 0.0 0.0 427.8 452.4 
496 0.0 0.0 0.0 0.0 0.0 0.0 0.0 0.0 0.0 0.0 0.0 0.0 0.0 0.0 0.0 0.0 0.0 0.0 0.0 449.9 456.5 
497 0.0 0.0 0.0 0.0 0.0 0.0 0.0 0.0 0.0 0.0 0.0 0.0 0.0 0.0 0.0 0.0 0.0 0.0 0.0 478.25 460.3 
498 0.0 0.0 0.0 0.0 0.0 0.0 0.0 0.0 0.0 0.0 0.0 0.0 0.0 0.0 0.0 0.0 0.0 0.0 0.0 503.3 464.45 
499 0.0 0.0 0.0 0.0 0.0 0.0 0.0 0.0 0.0 0.0 0.0 0.0 0.0 0.0 0.0 0.0 0.0 0.0 0.0 259.3 240.25 
