0 100.5 508.95 507.9 515.8 508.2 500.75 497.85 502.35 495.15 503.0 513.65 511.5 498.2 502.8 512.45 512.05 501.35 505.75 500.35 507.95 499.8 
1 0.15 510.8 508.6 510.1 511.95 502.95 501.15 500.7 511.15 507.9 501.95 505.75 505.8 502.1 503.15 504.45 498.55 503.8 506.85 505.4 507.2 
2 0.0 508.2 508.2 501.65 497.4 506.65 507.1 503.4 510.7 507.1 506.05 500.45 504.05 512.3 501.55 504.35 508.35 504.5 501.55 510.05 507.45 
3 0.0 507.6 511.0 497.65 505.3 506.4 508.45 500.75 500.8 500.65 505.15 513.7 509.55 503.65 518.1 508.9 512.55 513.8 506.8 502.25 503.9 
4 0.0 503.2 499.55 508.35 497.5 507.45 508.9 508.8 508.85 512.05 508.6 498.55 507.9 502.0 503.6 500.75 501.2 502.2 506.3 508.25 506.7 
5 0.0 502.85 502.9 500.5 510.4 504.15 500.5 500.05 505.05 502.05 500.95 498.55 506.15 506.0 508.5 498.2 508.5 502.75 509.2 506.8 501.75 
6 0.0 497.6 501.2 494.6 500.45 491.4 508.35 508.9 506.95 503.7 502.3 504.7 503.5 504.6 495.7 511.7 508.1 495.8 504.45 502.05 514.75 
7 0.0 495.55 494.1 507.1 508.75 501.1 496.2 505.05 496.95 499.15 507.2 510.95 510.0 502.6 497.2 498.05 500.2 503.3 504.25 499.95 497.55 
8 0.0 501.95 501.65 502.75 505.75 501.3 494.85 502.55 506.3 505.1 503.85 499.75 501.95 514.55 500.65 504.1 507.35 506.35 495.15 495.95 501.05 
9 0.0 504.0 504.1 495.2 497.5 507.4 513.65 496.65 501.65 502.6 499.9 496.6 506.3 509.15 499.5 499.05 497.3 499.75 502.95 502.1 497.15 
10 0.0 497.0 501.0 504.6 493.4 505.95 502.6 504.9 499.55 505.3 503.15 502.45 496.35 501.9 500.6 499.75 500.45 495.5 497.7 502.5 499.25 
11 0.0 501.6 495.4 496.05 496.85 501.35 507.25 513.5 504.1 506.7 497.1 506.05 500.65 506.2 511.85 495.65 504.2 502.8 505.65 499.15 501.0 
12 0.0 506.3 496.8 507.15 504.45 506.1 505.35 501.55 498.05 505.15 497.65 504.25 506.9 495.8 502.35 504.65 502.6 507.4 503.45 498.9 493.6 
13 0.0 505.4 507.55 502.7 499.45 493.95 497.95 506.3 502.05 496.85 504.6 506.45 498.05 490.3 494.35 500.4 496.2 504.05 494.5 512.05 507.35 
14 0.0 497.75 502.6 502.55 495.3 503.65 500.6 501.75 504.1 500.2 501.2 499.55 492.9 500.25 505.0 508.35 495.1 495.85 496.5 494.95 512.0 
15 0.0 501.25 506.15 500.1 503.85 498.65 507.35 501.8 506.0 502.15 502.95 493.55 506.3 490.2 503.35 495.05 499.5 497.0 506.35 502.1 504.85 
16 0.0 499.7 495.45 491.95 504.6 501.7 493.9 484.15 503.6 503.25 496.65 502.9 500.1 503.4 494.45 500.8 504.4 504.35 506.75 498.35 495.05 
17 0.0 501.85 502.6 501.8 497.25 504.15 491.6 497.15 497.1 493.75 497.35 502.0 502.45 502.45 494.95 503.85 497.75 498.65 499.2 501.35 502.05 
18 0.0 493.9 499.95 505.45 498.55 502.05 490.25 503.25 496.3 497.0 497.05 492.75 498.05 497.0 501.55 495.0 499.25 497.3 498.5 498.25 496.4 
19 0.0 500.6 492.95 492.0 503.4 492.6 496.95 496.15 494.0 497.4 497.2 500.85 499.15 498.7 502.9 496.5 495.3 501.1 493.0 490.7 501.65 
20 0.0 494.2 502.65 495.65 496.9 495.3 498.85 501.6 491.55 493.7 502.4 492.95 495.6 501.4 498.45 500.75 502.25 499.95 497.8 495.35 494.2 
21 0.0 504.9 500.15 500.5 499.75 500.35 501.55 492.65 490.8 491.2 501.4 499.0 495.1 496.45 493.15 514.3 501.4 495.95 500.45 502.1 497.9 
22 0.0 497.8 498.0 507.55 504.25 496.1 493.15 501.15 503.2 502.45 497.9 505.0 498.8 505.1 507.8 485.05 492.0 491.25 498.85 502.55 496.3 
23 0.0 504.55 494.8 502.0 498.75 502.1 502.3 502.0 503.1 493.45 503.5 495.1 502.9 492.75 490.4 492.7 494.8 496.55 494.7 493.3 498.9 
24 0.0 501.75 504.35 503.55 502.1 499.7 509.9 496.95 499.85 495.25 497.15 493.75 489.5 489.1 485.65 496.45 500.1 494.75 501.15 498.05 497.0 
25 0.0 494.05 498.4 500.9 500.4 500.8 495.15 504.05 494.4 499.3 496.9 491.1 504.25 502.35 491.8 499.35 501.8 501.3 492.35 490.7 489.05 
26 0.0 506.3 505.75 495.15 492.6 509.3 513.1 497.05 496.65 499.0 502.0 505.4 503.2 504.55 505.65 497.2 497.55 498.8 503.2 508.6 505.65 
27 0.0 492.05 496.55 499.85 500.25 506.0 498.6 501.5 500.6 500.4 493.45 504.25 486.75 497.7 502.95 504.7 505.35 505.95 501.0 497.75 492.7 
28 0.0 495.55 501.0 493.1 508.8 513.65 508.25 497.15 508.0 504.35 501.3 497.45 497.8 496.75 498.1 501.25 499.8 501.0 498.2 502.3 497.2 
29 0.0 506.2 500.35 494.1 502.1 497.35 503.2 505.55 498.95 507.5 500.95 501.45 507.4 507.95 505.2 497.95 500.8 506.4 498.85 500.1 499.5 
30 0.0 497.5 502.1 500.7 506.3 492.9 492.7 509.65 503.4 493.85 500.25 494.55 496.3 495.2 501.75 502.3 496.65 499.55 504.0 493.75 509.55 
31 0.0 497.85 494.2 499.6 507.4 495.95 502.45 503.3 500.35 497.65 495.8 496.75 500.2 496.7 499.4 496.8 498.85 502.95 500.85 492.0 498.75 
32 0.0 495.55 501.8 507.65 496.65 498.35 500.1 494.95 502.2 499.8 494.4 493.2 496.45 498.9 494.45 496.5 494.65 497.15 500.8 503.55 498.7 
33 0.0 501.75 498.05 507.9 494.1 502.85 496.7 503.35 498.0 497.9 489.95 502.95 487.6 493.6 496.0 501.15 495.3 497.7 500.05 503.7 500.85 
34 0.0 492.65 508.3 508.6 493.05 495.2 498.5 493.6 491.55 503.65 492.35 491.25 502.2 501.95 510.3 497.8 501.9 494.75 493.85 504.1 509.6 
35 0.0 506.6 494.45 490.55 498.0 500.6 492.05 495.65 491.05 492.8 500.75 500.75 501.0 503.45 498.4 498.05 497.25 502.9 505.7 504.65 494.35 
36 0.0 501.85 496.15 495.5 496.75 498.95 500.6 497.85 514.1 501.25 506.65 496.9 507.25 496.95 498.55 506.45 503.4 502.35 500.1 503.5 504.0 
37 0.0 496.05 503.65 494.2 493.65 491.6 502.25 499.6 499.85 498.05 497.0 502.3 496.45 500.9 496.25 491.65 503.95 499.4 502.45 498.45 490.4 
38 0.0 497.5 495.9 498.45 502.05 499.15 492.65 501.85 501.65 502.15 504.85 506.45 496.7 500.0 493.25 500.7 497.35 500.7 502.1 492.1 499.95 
39 0.0 497.6 498.5 498.6 494.8 496.25 502.1 495.4 493.5 508.6 504.9 501.35 501.65 501.05 510.4 506.35 497.55 492.6 496.0 499.5 495.85 
40 0.0 502.8 494.9 500.75 502.0 508.3 496.05 499.65 508.6 506.0 506.15 506.2 497.25 496.0 491.45 492.35 503.5 500.95 490.65 497.65 500.2 
41 0.0 492.9 499.95 500.5 505.55 494.2 498.35 502.7 497.2 500.3 500.5 502.2 500.15 496.0 494.55 500.75 496.45 499.65 501.5 496.5 497.35 
42 0.0 416.3 495.0 495.6 498.45 502.05 500.3 494.9 491.1 494.9 507.65 507.7 506.0 493.35 497.95 503.15 499.6 496.6 498.0 505.1 506.05 
43 0.0 266.55 502.25 497.1 494.8 501.85 498.45 496.2 503.25 501.75 494.4 494.05 497.6 506.8 501.75 494.85 495.4 501.7 500.1 496.15 488.15 
44 0.0 123.1 495.75 502.15 498.5 492.9 501.4 493.55 499.9 500.45 495.55 501.85 502.35 502.15 502.25 501.65 499.4 495.0 489.8 498.5 499.95 
45 0.0 53.65 494.9 497.4 497.8 497.35 498.3 505.95 499.05 485.05 487.6 498.25 505.65 504.35 505.6 496.6 499.4 500.1 497.15 500.1 497.45 
46 0.0 14.25 498.1 496.6 498.8 501.35 501.75 504.9 496.5 498.25 491.9 493.55 491.85 492.95 499.25 491.85 508.0 503.3 497.1 494.4 486.0 
47 0.0 1.3 499.45 501.95 509.05 500.0 498.55 495.25 498.8 501.55 496.7 492.9 496.45 497.05 496.75 492.1 494.5 498.15 498.7 498.15 502.5 
48 0.0 0.5 501.55 502.3 500.3 503.55 501.15 501.8 492.65 503.25 505.25 501.65 495.8 496.3 495.4 500.15 489.25 494.0 495.35 500.2 496.5 
49 0.0 0.1 501.2 499.4 495.4 495.75 506.75 493.5 495.6 494.65 503.9 493.75 493.2 495.25 491.25 496.75 483.85 493.65 502.15 491.8 497.35 
50 0.0 0.0 499.7 494.55 496.7 498.6 495.05 500.7 503.2 501.05 495.9 501.35 504.55 497.2 494.7 491.7 494.85 486.9 488.25 489.9 496.5 
51 0.0 0.0 494.45 496.25 497.35 498.95 490.35 498.65 506.6 495.15 494.3 489.1 496.55 496.5 491.85 506.95 499.0 484.5 500.0 494.1 503.45 
52 0.0 0.0 498.65 492.65 497.2 494.85 500.85 490.35 496.95 501.25 494.5 498.7 491.35 495.95 490.45 490.65 494.0 497.05 491.2 494.95 500.0 
53 0.0 0.0 500.1 497.65 491.55 499.4 496.4 498.65 495.45 491.4 498.0 498.55 493.55 492.9 501.55 490.3 495.3 502.35 491.25 497.5 499.7 
54 0.0 0.0 497.8 497.8 497.75 498.25 503.35 494.1 496.5 496.45 499.1 497.65 497.25 495.05 498.1 493.45 490.8 496.15 494.6 493.55 492.05 
55 0.0 0.0 494.2 501.6 495.95 490.35 492.3 500.0 496.55 488.8 495.6 489.25 492.2 491.85 496.55 508.8 501.6 497.0 496.3 505.65 497.4 
56 0.0 0.0 502.65 496.8 504.7 487.9 500.15 502.75 495.15 498.65 497.7 491.1 493.4 502.65 497.6 496.25 502.8 500.6 501.45 497.6 496.1 
57 0.0 0.0 498.5 496.4 491.65 489.1 488.35 504.3 497.3 494.75 497.15 500.35 503.35 509.3 505.3 494.1 503.95 509.0 507.5 502.2 499.25 
58 0.0 0.0 503.4 501.2 496.4 499.55 492.1 499.35 494.9 494.9 496.85 494.75 495.2 498.0 492.35 504.8 499.3 504.4 508.25 502.75 494.45 
59 0.0 0.0 500.95 506.6 491.85 502.65 499.6 495.1 502.2 496.8 492.05 498.4 502.05 496.2 497.3 497.75 500.75 499.35 501.55 499.15 503.5 
60 0.0 0.0 493.65 491.2 494.65 501.7 502.85 494.65 491.8 506.45 501.6 507.8 500.35 498.5 504.2 504.3 507.45 504.35 496.55 494.0 501.5 
61 0.0 0.0 504.75 498.2 493.35 495.1 495.15 495.95 487.1 500.7 500.2 500.7 501.95 497.15 497.7 496.8 505.35 499.35 489.3 493.9 500.15 
62 0.0 0.0 493.2 494.95 497.4 501.2 500.25 488.95 497.1 497.65 505.6 502.85 501.7 493.75 495.3 506.8 501.75 497.9 500.15 496.2 494.2 
63 0.0 0.0 495.4 494.0 506.75 498.2 490.6 491.55 496.4 499.15 496.35 499.9 492.4 503.55 500.7 490.95 505.4 500.65 493.45 489.95 500.15 
64 0.0 0.0 491.5 488.85 495.65 494.35 495.6 493.95 494.15 495.6 500.55 493.75 499.75 503.45 500.2 502.85 504.6 494.75 495.9 503.6 486.5 
65 0.0 0.0 496.4 509.25 500.55 501.3 489.45 498.85 500.9 490.8 496.85 499.65 501.8 490.9 502.35 488.25 489.15 497.95 501.55 504.05 500.45 
66 0.0 0.0 494.25 497.85 504.05 499.7 502.3 494.35 495.15 499.65 494.65 499.35 505.65 499.65 494.6 500.3 494.0 493.05 503.6 498.45 503.15 
67 0.0 0.0 499.65 502.35 496.05 503.05 496.05 504.0 501.85 500.7 501.55 500.15 497.8 495.15 498.85 500.7 498.35 496.65 503.1 502.65 495.85 
68 0.0 0.0 488.9 497.35 494.55 493.85 503.3 492.15 497.2 495.35 495.1 494.6 494.45 500.75 501.55 499.95 495.6 496.35 496.55 499.55 502.35 
69 0.0 0.0 383.55 497.4 504.6 502.05 506.65 497.05 501.75 501.85 509.65 497.15 496.95 498.95 496.8 510.25 490.7 494.15 499.05 500.4 493.6 
70 0.0 0.0 197.0 500.95 501.0 497.65 496.25 498.25 499.7 493.75 495.3 494.9 498.5 507.1 503.55 495.35 497.1 499.65 488.9 492.9 496.75 
71 0.0 0.0 47.5 495.35 497.55 487.2 502.2 496.45 505.55 502.25 496.25 504.7 499.7 501.4 495.75 499.75 503.15 507.4 496.45 494.95 500.6 
72 0.0 0.0 10.55 494.95 497.85 500.05 479.0 500.55 492.2 504.65 499.7 495.55 502.05 501.45 507.5 491.7 501.05 494.5 506.05 502.15 499.55 
73 0.0 0.0 2.55 505.15 499.3 500.05 500.9 496.9 497.4 497.15 499.25 502.1 505.5 493.7 506.25 496.5 486.0 499.2 494.0 499.75 505.4 
74 0.0 0.0 0.15 497.7 496.6 497.6 491.05 500.7 497.5 497.9 503.7 498.85 496.4 496.5 499.35 502.35 505.45 495.7 506.45 488.05 495.35 
75 0.0 0.0 0.0 494.9 498.75 497.15 496.3 503.7 494.05 496.7 499.1 489.6 494.0 495.05 494.15 499.35 491.35 492.85 494.8 492.8 494.2 
76 0.0 0.0 0.0 497.65 494.0 495.8 508.1 501.35 495.3 502.35 490.15 505.4 500.45 501.5 494.45 503.0 496.65 495.8 496.95 497.35 502.0 
77 0.0 0.0 0.0 492.35 496.15 503.65 497.1 490.65 505.45 493.25 496.1 499.05 498.25 491.95 495.95 488.0 508.9 498.0 490.85 496.25 498.45 
78 0.0 0.0 0.0 490.1 490.55 496.75 500.9 502.4 499.3 503.25 496.8 493.6 491.55 499.35 494.95 488.5 498.35 491.2 496.15 502.5 498.6 
79 0.0 0.0 0.0 493.9 497.2 490.05 499.55 498.25 502.65 489.65 495.65 496.35 499.6 493.3 489.0 491.25 492.3 495.75 500.1 509.4 494.75 
80 0.0 0.0 0.0 498.3 495.5 494.7 491.25 499.05 492.8 491.75 491.8 497.75 489.4 493.45 499.6 501.05 491.3 502.9 492.8 502.3 488.95 
81 0.0 0.0 0.0 497.6 498.45 492.3 486.6 495.85 495.05 493.1 493.7 488.6 492.65 496.15 498.45 498.85 495.85 504.6 500.45 488.75 498.95 
82 0.0 0.0 0.0 503.2 496.4 501.1 495.75 492.85 494.35 497.9 486.05 497.65 496.3 501.95 489.2 493.9 495.8 502.95 503.35 500.95 495.6 
83 0.0 0.0 0.0 483.55 492.95 494.1 499.0 495.3 493.2 501.6 495.75 493.85 496.35 492.5 492.6 497.75 494.55 485.0 503.15 492.05 498.8 
84 0.0 0.0 0.0 498.9 487.6 496.45 498.4 491.9 496.4 488.2 496.45 497.0 490.9 482.25 489.75 490.25 497.5 500.4 496.7 495.8 490.7 
85 0.0 0.0 0.0 482.1 501.85 488.8 490.05 489.5 493.55 490.35 495.15 493.0 487.05 498.55 493.25 493.05 497.5 493.85 499.4 493.4 501.1 
86 0.0 0.0 0.0 340.05 489.15 497.8 493.35 497.45 492.65 498.0 490.1 497.15 488.1 487.6 497.9 492.65 492.95 501.2 483.45 500.4 493.5 
87 0.0 0.0 0.0 159.85 496.25 497.25 499.15 491.75 486.55 489.75 489.6 488.45 491.5 491.05 502.85 495.2 497.45 490.5 492.95 489.85 497.45 
88 0.0 0.0 0.0 51.95 495.55 491.45 496.05 493.95 490.7 494.4 497.1 493.55 502.6 496.3 492.0 496.3 494.25 492.05 491.95 493.35 493.7 
89 0.0 0.0 0.0 15.65 487.65 486.85 492.9 490.85 489.5 492.5 493.75 492.4 486.15 502.95 484.5 496.2 491.3 490.55 495.9 500.9 493.0 
90 0.0 0.0 0.0 4.8 506.6 488.5 493.4 501.3 498.45 498.4 497.95 496.65 504.35 493.5 502.0 503.2 492.8 496.1 499.85 492.2 498.7 
91 0.0 0.0 0.0 1.2 494.0 496.9 488.6 497.2 496.85 491.05 488.45 491.55 502.0 494.6 493.25 489.9 490.05 490.7 492.1 494.55 494.55 
92 0.0 0.0 0.0 0.25 490.75 495.45 504.75 490.75 507.25 491.7 499.9 491.75 496.8 495.15 497.0 502.8 496.1 496.9 496.7 493.7 494.1 
93 0.0 0.0 0.0 0.05 492.75 501.2 496.75 491.6 486.3 492.1 490.35 493.15 490.1 491.45 492.15 495.6 497.65 492.45 497.35 487.5 491.45 
94 0.0 0.0 0.0 0.0 494.9 501.1 487.65 495.8 490.3 500.55 486.2 496.15 489.85 496.65 496.1 485.0 493.05 496.35 490.05 500.2 498.6 
95 0.0 0.0 0.0 0.0 496.95 490.9 503.7 495.35 494.8 486.6 501.05 484.9 496.95 497.35 500.3 490.6 488.3 496.25 487.9 499.4 489.95 
96 0.0 0.0 0.0 0.0 497.3 503.55 504.1 493.0 497.5 503.05 488.8 485.5 490.3 487.0 498.3 500.95 504.2 496.65 494.65 492.1 495.6 
97 0.0 0.0 0.0 0.0 420.05 501.05 491.2 499.1 493.05 495.65 483.85 496.25 495.5 496.15 483.65 495.25 496.95 490.65 493.35 496.55 491.1 
98 0.0 0.0 0.0 0.0 258.5 491.85 488.2 494.45 508.95 487.15 501.75 501.95 500.45 507.45 502.8 491.35 493.9 499.05 495.5 489.4 490.2 
99 0.0 0.0 0.0 0.0 121.9 498.0 485.85 488.1 488.35 493.45 497.7 494.7 497.8 486.0 493.7 495.95 490.05 488.6 487.25 483.75 492.05 
100 0.0 0.0 0.0 0.0 49.9 489.65 494.5 493.85 479.1 493.45 505.3 501.75 490.35 498.05 488.05 496.35 482.75 484.9 493.4 492.2 488.9 
101 0.0 0.0 0.0 0.0 17.3 485.35 499.45 490.95 496.35 497.45 494.7 497.75 498.15 496.95 497.65 489.6 495.6 494.55 488.4 490.8 491.85 
102 0.0 0.0 0.0 0.0 4.3 494.2 483.0 499.15 498.05 493.85 501.1 492.15 495.7 489.4 490.95 495.8 502.55 491.75 494.3 486.0 485.05 
103 0.0 0.0 0.0 0.0 1.25 494.85 498.0 493.65 492.65 495.5 497.9 507.1 494.95 499.4 490.5 485.7 485.65 500.1 500.85 497.05 499.5 
104 0.0 0.0 0.0 0.0 0.15 491.05 495.85 494.4 496.3 496.25 499.3 496.15 492.85 489.2 497.5 491.85 496.9 490.7 487.6 486.15 487.55 
105 0.0 0.0 0.0 0.0 0.15 476.7 488.75 493.15 494.45 494.55 495.1 490.15 498.85 495.05 486.9 498.7 498.65 490.5 491.75 496.35 491.15 
106 0.0 0.0 0.0 0.0 0.0 395.8 493.35 500.8 494.65 501.85 488.45 490.75 487.15 497.0 496.25 494.25 493.05 487.25 489.85 495.2 496.25 
107 0.0 0.0 0.0 0.0 0.1 245.9 502.65 500.65 501.05 491.9 492.95 494.6 486.95 496.0 491.9 492.55 489.8 499.0 495.6 497.9 489.2 
108 0.0 0.0 0.0 0.0 0.05 123.7 501.5 493.2 497.3 498.3 496.95 479.9 491.35 483.55 492.55 487.05 494.95 491.15 492.85 493.2 497.6 
109 0.0 0.0 0.0 0.0 0.0 56.0 491.4 489.45 499.35 494.0 490.4 494.25 489.35 495.1 493.6 502.1 490.45 495.15 496.45 486.5 487.4 
110 0.0 0.0 0.0 0.0 0.0 21.45 489.9 489.9 487.3 494.7 491.55 494.4 490.85 495.0 490.3 489.7 494.45 490.1 481.3 493.25 494.15 
111 0.0 0.0 0.0 0.0 0.0 8.6 489.15 489.15 495.3 494.55 485.05 498.65 496.0 486.25 485.45 488.9 487.35 485.25 491.9 494.25 486.2 
112 0.0 0.0 0.0 0.0 0.0 3.25 472.85 488.5 493.9 492.0 487.4 492.15 487.3 496.6 499.3 491.95 482.55 491.05 486.3 497.95 495.25 
113 0.0 0.0 0.0 0.0 0.0 0.95 406.35 487.15 479.2 497.8 495.6 479.1 488.95 489.55 486.0 493.2 484.7 497.0 496.6 486.8 489.55 
114 0.0 0.0 0.0 0.0 0.0 0.55 271.1 490.8 483.7 474.9 480.1 491.4 489.65 491.4 484.3 490.3 496.2 478.6 493.8 482.4 490.7 
115 0.0 0.0 0.0 0.0 0.0 0.35 158.65 488.15 491.1 478.85 489.25 496.65 487.35 485.75 498.2 482.15 488.2 489.85 492.75 485.8 491.8 
116 0.0 0.0 0.0 0.0 0.0 0.15 76.7 488.1 497.1 482.35 492.9 484.9 486.75 484.9 502.2 493.95 483.55 486.75 478.8 483.55 484.35 
117 0.0 0.0 0.0 0.0 0.0 0.05 39.55 489.45 488.7 493.05 492.45 493.25 494.75 484.4 477.35 483.4 488.9 488.0 484.9 493.15 490.8 
118 0.0 0.0 0.0 0.0 0.0 0.0 18.05 459.95 483.0 491.85 489.05 479.55 484.9 478.05 479.8 486.85 480.2 484.4 481.5 478.75 483.7 
119 0.0 0.0 0.0 0.0 0.0 0.0 6.65 389.75 488.4 482.5 496.5 483.95 490.2 494.6 492.75 481.9 490.7 487.45 483.6 490.8 485.0 
120 0.0 0.0 0.0 0.0 0.0 0.0 3.9 275.3 483.55 492.05 481.45 494.1 486.7 474.55 487.25 483.95 489.85 490.95 490.75 487.7 488.1 
121 0.0 0.0 0.0 0.0 0.0 0.0 0.8 171.2 496.95 490.75 487.85 491.65 490.25 490.05 488.75 485.6 485.55 484.25 491.25 489.0 478.45 
122 0.0 0.0 0.0 0.0 0.0 0.0 0.55 97.75 473.25 491.6 472.8 484.4 489.3 496.85 483.4 488.1 496.45 490.2 491.9 495.05 491.8 
123 0.0 0.0 0.0 0.0 0.0 0.0 0.35 50.65 464.05 488.25 488.4 488.5 476.3 487.5 483.85 485.2 484.85 489.1 487.5 477.55 497.25 
124 0.0 0.0 0.0 0.0 0.0 0.0 0.05 25.5 400.25 490.6 489.6 479.5 487.7 481.15 486.15 491.7 483.8 487.95 491.5 488.55 489.85 
125 0.0 0.0 0.0 0.0 0.0 0.0 0.0 12.7 295.75 483.05 481.7 488.45 486.65 488.05 488.0 485.05 481.25 481.45 482.3 480.05 483.15 
126 0.0 0.0 0.0 0.0 0.0 0.0 0.0 5.85 195.3 474.25 488.2 485.85 487.9 486.45 484.75 492.9 488.7 476.9 488.1 486.15 483.1 
127 0.0 0.0 0.0 0.0 0.0 0.0 0.0 1.6 120.75 475.1 483.75 483.4 485.0 484.85 473.55 481.75 487.4 495.8 490.55 490.75 485.05 
128 0.0 0.0 0.0 0.0 0.0 0.0 0.0 1.55 66.8 429.8 490.55 486.7 482.35 486.15 482.45 480.15 490.4 481.25 478.9 490.45 485.15 
129 0.0 0.0 0.0 0.0 0.0 0.0 0.0 0.55 35.25 345.4 486.25 493.5 492.5 483.3 485.5 484.9 480.9 484.1 475.55 485.8 491.5 
130 0.0 0.0 0.0 0.0 0.0 0.0 0.0 0.25 18.5 236.5 484.1 478.5 491.2 479.8 487.35 484.3 484.45 490.85 482.8 480.25 475.4 
131 0.0 0.0 0.0 0.0 0.0 0.0 0.0 0.1 9.7 164.8 470.85 484.7 476.85 478.95 480.75 479.9 478.9 485.2 483.95 480.55 480.9 
132 0.0 0.0 0.0 0.0 0.0 0.0 0.0 0.0 3.75 105.4 416.8 476.95 484.65 484.45 481.55 485.9 468.5 484.3 482.45 483.8 485.2 
133 0.0 0.0 0.0 0.0 0.0 0.0 0.0 0.0 1.5 60.6 348.15 497.6 481.9 487.1 489.0 484.2 493.4 478.9 487.6 491.6 480.4 
134 0.0 0.0 0.0 0.0 0.0 0.0 0.0 0.05 1.15 36.75 255.5 472.7 489.45 486.25 484.5 477.8 482.2 478.2 480.15 484.1 491.3 
135 0.0 0.0 0.0 0.0 0.0 0.0 0.0 0.0 0.3 18.25 176.4 453.55 484.3 489.0 481.25 485.85 484.4 482.4 484.3 491.8 469.8 
136 0.0 0.0 0.0 0.0 0.0 0.0 0.0 0.0 0.35 9.3 115.6 385.15 477.9 486.2 484.5 485.5 480.65 479.2 494.75 477.75 491.2 
137 0.0 0.0 0.0 0.0 0.0 0.0 0.0 0.0 0.15 5.2 70.85 304.5 472.15 486.45 491.35 485.8 481.75 487.2 481.6 486.75 486.9 
138 0.0 0.0 0.0 0.0 0.0 0.0 0.0 0.0 0.0 3.25 42.1 222.1 443.95 476.1 486.15 485.6 490.25 489.1 484.35 474.5 480.7 
139 0.0 0.0 0.0 0.0 0.0 0.0 0.0 0.0 0.05 1.15 24.05 160.65 397.95 483.55 479.95 484.7 483.9 482.3 483.3 478.45 482.35 
140 0.0 0.0 0.0 0.0 0.0 0.0 0.0 0.0 0.0 0.5 13.2 102.55 326.55 473.05 476.95 497.3 480.85 487.7 483.25 484.2 482.35 
141 0.0 0.0 0.0 0.0 0.0 0.0 0.0 0.0 0.0 0.15 7.15 63.7 245.05 452.45 487.15 480.0 491.85 484.05 484.8 479.1 483.55 
142 0.0 0.0 0.0 0.0 0.0 0.0 0.0 0.0 0.0 0.15 3.4 39.45 176.3 382.75 470.05 473.35 497.45 482.05 477.9 478.4 485.55 
143 0.0 0.0 0.0 0.0 0.0 0.0 0.0 0.0 0.0 0.1 2.05 24.95 129.0 325.05 473.6 482.75 481.55 473.8 481.7 480.9 484.1 
144 0.0 0.0 0.0 0.0 0.0 0.0 0.0 0.0 0.0 0.0 1.0 13.55 82.7 254.7 428.85 473.25 478.85 476.4 482.5 483.15 481.4 
145 0.0 0.0 0.0 0.0 0.0 0.0 0.0 0.0 0.0 0.0 0.35 7.55 51.45 184.35 368.4 471.7 475.9 488.05 480.0 477.25 488.3 
146 0.0 0.0 0.0 0.0 0.0 0.0 0.0 0.0 0.0 0.0 0.0 3.45 34.15 132.35 308.05 450.15 467.8 480.55 479.65 483.3 472.4 
147 0.0 0.0 0.0 0.0 0.0 0.0 0.0 0.0 0.0 0.0 0.0 2.3 20.45 90.75 238.5 400.8 475.6 474.95 477.7 478.6 476.5 
148 0.0 0.0 0.0 0.0 0.0 0.0 0.0 0.0 0.0 0.0 0.05 0.45 10.85 59.0 178.95 336.85 449.2 484.0 478.3 479.0 482.9 
149 0.0 0.0 0.0 0.0 0.0 0.0 0.0 0.0 0.0 0.0 0.0 0.3 6.55 39.0 124.75 278.45 418.6 465.75 474.0 481.3 476.0 
150 0.0 0.0 0.0 0.0 0.0 0.0 0.0 0.0 0.0 0.0 0.0 0.1 3.85 24.35 87.4 220.0 364.9 454.05 480.2 481.25 473.3 
151 0.0 0.0 0.0 0.0 0.0 0.0 0.0 0.0 0.0 0.0 0.0 0.0 2.35 14.85 63.45 163.75 304.45 415.65 467.35 468.05 467.95 
152 0.0 0.0 0.0 0.0 0.0 0.0 0.0 0.0 0.0 0.0 0.0 0.1 1.15 9.75 40.0 121.4 240.0 374.2 448.65 469.15 471.7 
153 0.0 0.0 0.0 0.0 0.0 0.0 0.0 0.0 0.0 0.0 0.0 0.05 0.4 5.05 26.75 78.75 186.05 316.7 402.55 461.5 474.55 
154 0.0 0.0 0.0 0.0 0.0 0.0 0.0 0.0 0.0 0.0 0.0 0.05 0.3 2.4 16.25 55.75 136.1 250.55 372.3 444.65 474.95 
155 0.0 0.0 0.0 0.0 0.0 0.0 0.0 0.0 0.0 0.0 0.0 0.0 0.05 1.6 9.45 37.7 101.9 202.9 315.3 407.55 458.35 
156 0.0 0.0 0.0 0.0 0.0 0.0 0.0 0.0 0.0 0.0 0.0 0.0 0.0 0.9 5.8 25.6 71.0 151.05 264.75 364.35 437.3 
157 0.0 0.0 0.0 0.0 0.0 0.0 0.0 0.0 0.0 0.0 0.0 0.0 0.0 0.5 3.15 14.7 48.15 111.8 207.1 311.75 397.75 
158 0.0 0.0 0.0 0.0 0.0 0.0 0.0 0.0 0.0 0.0 0.0 0.0 0.0 0.25 1.7 9.85 29.7 82.7 155.85 264.5 353.05 
159 0.0 0.0 0.0 0.0 0.0 0.0 0.0 0.0 0.0 0.0 0.0 0.0 0.0 0.15 0.9 4.95 22.15 58.3 121.0 208.7 301.3 
160 0.0 0.0 0.0 0.0 0.0 0.0 0.0 0.0 0.0 0.0 0.0 0.0 0.05 0.15 0.6 3.7 13.65 40.15 93.0 162.7 257.5 
161 0.0 0.0 0.0 0.0 0.0 0.0 0.0 0.0 0.0 0.0 0.0 0.0 0.0 0.0 0.45 2.35 9.25 29.75 67.1 127.8 205.35 
162 0.0 0.0 0.0 0.0 0.0 0.0 0.0 0.0 0.0 0.0 0.0 0.0 0.0 0.05 0.2 1.8 6.0 18.45 46.7 99.4 165.1 
163 0.0 0.0 0.0 0.0 0.0 0.0 0.0 0.0 0.0 0.0 0.0 0.0 0.0 0.05 0.1 0.5 3.8 12.75 34.65 70.1 128.75 
164 0.0 0.0 0.0 0.0 0.0 0.0 0.0 0.0 0.0 0.0 0.0 0.0 0.0 0.0 0.0 0.4 2.6 8.8 23.45 51.7 95.7 
165 0.0 0.0 0.0 0.0 0.0 0.0 0.0 0.0 0.0 0.0 0.0 0.0 0.0 0.0 0.05 0.15 1.35 5.65 15.3 37.05 73.25 
166 0.0 0.0 0.0 0.0 0.0 0.0 0.0 0.0 0.0 0.0 0.0 0.0 0.0 0.0 0.0 0.05 0.75 3.0 9.55 23.1 54.3 
167 0.0 0.0 0.0 0.0 0.0 0.0 0.0 0.0 0.0 0.0 0.0 0.0 0.0 0.0 0.05 0.05 0.05 2.0 5.6 17.95 39.0 
168 0.0 0.0 0.0 0.0 0.0 0.0 0.0 0.0 0.0 0.0 0.0 0.0 0.0 0.0 0.0 0.05 0.35 1.3 4.75 11.15 28.6 
169 0.0 0.0 0.0 0.0 0.0 0.0 0.0 0.0 0.0 0.0 0.0 0.0 0.0 0.0 0.0 0.0 0.0 0.65 2.35 6.55 17.2 
170 0.0 0.0 0.0 0.0 0.0 0.0 0.0 0.0 0.0 0.0 0.0 0.0 0.0 0.0 0.0 0.0 0.05 0.45 1.85 4.8 13.1 
171 0.0 0.0 0.0 0.0 0.0 0.0 0.0 0.0 0.0 0.0 0.0 0.0 0.0 0.0 0.0 0.0 0.05 0.3 1.25 3.5 9.15 
172 0.0 0.0 0.0 0.0 0.0 0.0 0.0 0.0 0.0 0.0 0.0 0.0 0.0 0.0 0.0 0.0 0.05 0.05 0.85 2.55 5.95 
173 0.0 0.0 0.0 0.0 0.0 0.0 0.0 0.0 0.0 0.0 0.0 0.0 0.0 0.0 0.0 0.0 0.0 0.05 0.2 1.8 3.75 
174 0.0 0.0 0.0 0.0 0.0 0.0 0.0 0.0 0.0 0.0 0.0 0.0 0.0 0.0 0.0 0.0 0.0 0.15 0.35 0.95 2.9 
175 0.0 0.0 0.0 0.0 0.0 0.0 0.0 0.0 0.0 0.0 0.0 0.0 0.0 0.0 0.0 0.0 0.0 0.0 0.05 0.85 1.65 
176 0.0 0.0 0.0 0.0 0.0 0.0 0.0 0.0 0.0 0.0 0.0 0.0 0.0 0.0 0.0 0.0 0.0 0.0 0.05 0.05 0.75 
177 0.0 0.0 0.0 0.0 0.0 0.0 0.0 0.0 0.0 0.0 0.0 0.0 0.0 0.0 0.0 0.0 0.0 0.0 0.0 0.3 0.85 
178 0.0 0.0 0.0 0.0 0.0 0.0 0.0 0.0 0.0 0.0 0.0 0.0 0.0 0.0 0.0 0.0 0.0 0.0 0.05 0.1 0.3 
179 0.0 0.0 0.0 0.0 0.0 0.0 0.0 0.0 0.0 0.0 0.0 0.0 0.0 0.0 0.0 0.0 0.0 0.0 0.0 0.0 0.55 
180 0.0 0.0 0.0 0.0 0.0 0.0 0.0 0.0 0.0 0.0 0.0 0.0 0.0 0.0 0.0 0.0 0.0 0.0 0.0 0.15 0.05 
181 0.0 0.0 0.0 0.0 0.0 0.0 0.0 0.0 0.0 0.0 0.0 0.0 0.0 0.0 0.0 0.0 0.0 0.0 0.0 0.0 0.05 
182 0.0 0.0 0.0 0.0 0.0 0.0 0.0 0.0 0.0 0.0 0.0 0.0 0.0 0.0 0.0 0.0 0.0 0.0 0.0 0.0 0.05 
183 0.0 0.0 0.0 0.0 0.0 0.0 0.0 0.0 0.0 0.0 0.0 0.0 0.0 0.0 0.0 0.0 0.0 0.0 0.0 0.0 0.1 
184 0.0 0.0 0.0 0.0 0.0 0.0 0.0 0.0 0.0 0.0 0.0 0.0 0.0 0.0 0.0 0.0 0.0 0.0 0.0 0.0 0.0 
185 0.0 0.0 0.0 0.0 0.0 0.0 0.0 0.0 0.0 0.0 0.0 0.0 0.0 0.0 0.0 0.0 0.0 0.0 0.0 0.0 0.0 
186 0.0 0.0 0.0 0.0 0.0 0.0 0.0 0.0 0.0 0.0 0.0 0.0 0.0 0.0 0.0 0.0 0.0 0.0 0.0 0.0 0.0 
187 0.0 0.0 0.0 0.0 0.0 0.0 0.0 0.0 0.0 0.0 0.0 0.0 0.0 0.0 0.0 0.0 0.0 0.0 0.0 0.0 0.0 
188 0.0 0.0 0.0 0.0 0.0 0.0 0.0 0.0 0.0 0.0 0.0 0.0 0.0 0.0 0.0 0.0 0.0 0.0 0.0 0.0 0.0 
189 0.0 0.0 0.0 0.0 0.0 0.0 0.0 0.0 0.0 0.0 0.0 0.0 0.0 0.0 0.0 0.0 0.0 0.0 0.0 0.0 0.0 
190 0.0 0.0 0.0 0.0 0.0 0.0 0.0 0.0 0.0 0.0 0.0 0.0 0.0 0.0 0.0 0.0 0.0 0.0 0.0 0.0 0.0 
191 0.0 0.0 0.0 0.0 0.0 0.0 0.0 0.0 0.0 0.0 0.0 0.0 0.0 0.0 0.0 0.0 0.0 0.0 0.0 0.0 0.0 
192 0.0 0.0 0.0 0.0 0.0 0.0 0.0 0.0 0.0 0.0 0.0 0.0 0.0 0.0 0.0 0.0 0.0 0.0 0.0 0.0 0.0 
193 0.0 0.0 0.0 0.0 0.0 0.0 0.0 0.0 0.0 0.0 0.0 0.0 0.0 0.0 0.0 0.0 0.0 0.0 0.0 0.0 0.0 
194 0.0 0.0 0.0 0.0 0.0 0.0 0.0 0.0 0.0 0.0 0.0 0.0 0.0 0.0 0.0 0.0 0.0 0.0 0.0 0.0 0.0 
195 0.0 0.0 0.0 0.0 0.0 0.0 0.0 0.0 0.0 0.0 0.0 0.0 0.0 0.0 0.0 0.0 0.0 0.0 0.0 0.0 0.0 
196 0.0 0.0 0.0 0.0 0.0 0.0 0.0 0.0 0.0 0.0 0.0 0.0 0.0 0.0 0.0 0.0 0.0 0.0 0.0 0.0 0.0 
197 0.0 0.0 0.0 0.0 0.0 0.0 0.0 0.0 0.0 0.0 0.0 0.0 0.0 0.0 0.0 0.0 0.0 0.0 0.0 0.0 0.0 
198 0.0 0.0 0.0 0.0 0.0 0.0 0.0 0.0 0.0 0.0 0.0 0.0 0.0 0.0 0.0 0.0 0.0 0.0 0.0 0.0 0.0 
199 0.0 0.0 0.0 0.0 0.0 0.0 0.0 0.0 0.0 0.0 0.0 0.0 0.0 0.0 0.0 0.0 0.0 0.0 0.0 0.0 0.0 
200 0.0 0.0 0.0 0.0 0.0 0.0 0.0 0.0 0.0 0.0 0.0 0.0 0.0 0.0 0.0 0.0 0.0 0.0 0.0 0.0 0.0 
201 0.0 0.0 0.0 0.0 0.0 0.0 0.0 0.0 0.0 0.0 0.0 0.0 0.0 0.0 0.0 0.0 0.0 0.0 0.0 0.0 0.0 
202 0.0 0.0 0.0 0.0 0.0 0.0 0.0 0.0 0.0 0.0 0.0 0.0 0.0 0.0 0.0 0.0 0.0 0.0 0.0 0.0 0.0 
203 0.0 0.0 0.0 0.0 0.0 0.0 0.0 0.0 0.0 0.0 0.0 0.0 0.0 0.0 0.0 0.0 0.0 0.0 0.0 0.0 0.0 
204 0.0 0.0 0.0 0.0 0.0 0.0 0.0 0.0 0.0 0.0 0.0 0.0 0.0 0.0 0.0 0.0 0.0 0.0 0.0 0.0 0.0 
205 0.0 0.0 0.0 0.0 0.0 0.0 0.0 0.0 0.0 0.0 0.0 0.0 0.0 0.0 0.0 0.0 0.0 0.0 0.0 0.0 0.0 
206 0.0 0.0 0.0 0.0 0.0 0.0 0.0 0.0 0.0 0.0 0.0 0.0 0.0 0.0 0.0 0.0 0.0 0.0 0.0 0.0 0.0 
207 0.0 0.0 0.0 0.0 0.0 0.0 0.0 0.0 0.0 0.0 0.0 0.0 0.0 0.0 0.0 0.0 0.0 0.0 0.0 0.0 0.0 
208 0.0 0.0 0.0 0.0 0.0 0.0 0.0 0.0 0.0 0.0 0.0 0.0 0.0 0.0 0.0 0.0 0.0 0.0 0.0 0.0 0.0 
209 0.0 0.0 0.0 0.0 0.0 0.0 0.0 0.0 0.0 0.0 0.0 0.0 0.0 0.0 0.0 0.0 0.0 0.0 0.0 0.0 0.0 
210 0.0 0.0 0.0 0.0 0.0 0.0 0.0 0.0 0.0 0.0 0.0 0.0 0.0 0.0 0.0 0.0 0.0 0.0 0.0 0.0 0.0 
211 0.0 0.0 0.0 0.0 0.0 0.0 0.0 0.0 0.0 0.0 0.0 0.0 0.0 0.0 0.0 0.0 0.0 0.0 0.0 0.0 0.0 
212 0.0 0.0 0.0 0.0 0.0 0.0 0.0 0.0 0.0 0.0 0.0 0.0 0.0 0.0 0.0 0.0 0.0 0.0 0.0 0.0 0.0 
213 0.0 0.0 0.0 0.0 0.0 0.0 0.0 0.0 0.0 0.0 0.0 0.0 0.0 0.0 0.0 0.0 0.0 0.0 0.0 0.0 0.0 
214 0.0 0.0 0.0 0.0 0.0 0.0 0.0 0.0 0.0 0.0 0.0 0.0 0.0 0.0 0.0 0.0 0.0 0.0 0.0 0.0 0.0 
215 0.0 0.0 0.0 0.0 0.0 0.0 0.0 0.0 0.0 0.0 0.0 0.0 0.0 0.0 0.0 0.0 0.0 0.0 0.0 0.0 0.0 
216 0.0 0.0 0.0 0.0 0.0 0.0 0.0 0.0 0.0 0.0 0.0 0.0 0.0 0.0 0.0 0.0 0.0 0.0 0.0 0.0 0.0 
217 0.0 0.0 0.0 0.0 0.0 0.0 0.0 0.0 0.0 0.0 0.0 0.0 0.0 0.0 0.0 0.0 0.0 0.0 0.0 0.0 0.0 
218 0.0 0.0 0.0 0.0 0.0 0.0 0.0 0.0 0.0 0.0 0.0 0.0 0.0 0.0 0.0 0.0 0.0 0.0 0.0 0.0 0.0 
219 0.0 0.0 0.0 0.0 0.0 0.0 0.0 0.0 0.0 0.0 0.0 0.0 0.0 0.0 0.0 0.0 0.0 0.0 0.0 0.0 0.0 
220 0.0 0.0 0.0 0.0 0.0 0.0 0.0 0.0 0.0 0.0 0.0 0.0 0.0 0.0 0.0 0.0 0.0 0.0 0.0 0.0 0.0 
221 0.0 0.0 0.0 0.0 0.0 0.0 0.0 0.0 0.0 0.0 0.0 0.0 0.0 0.0 0.0 0.0 0.0 0.0 0.0 0.0 0.0 
222 0.0 0.0 0.0 0.0 0.0 0.0 0.0 0.0 0.0 0.0 0.0 0.0 0.0 0.0 0.0 0.0 0.0 0.0 0.0 0.0 0.0 
223 0.0 0.0 0.0 0.0 0.0 0.0 0.0 0.0 0.0 0.0 0.0 0.0 0.0 0.0 0.0 0.0 0.0 0.0 0.0 0.0 0.0 
224 0.0 0.0 0.0 0.0 0.0 0.0 0.0 0.0 0.0 0.0 0.0 0.0 0.0 0.0 0.0 0.0 0.0 0.0 0.0 0.0 0.0 
225 0.0 0.0 0.0 0.0 0.0 0.0 0.0 0.0 0.0 0.0 0.0 0.0 0.0 0.0 0.0 0.0 0.0 0.0 0.0 0.0 0.0 
226 0.0 0.0 0.0 0.0 0.0 0.0 0.0 0.0 0.0 0.0 0.0 0.0 0.0 0.0 0.0 0.0 0.0 0.0 0.0 0.0 0.0 
227 0.0 0.0 0.0 0.0 0.0 0.0 0.0 0.0 0.0 0.0 0.0 0.0 0.0 0.0 0.0 0.0 0.0 0.0 0.0 0.0 0.0 
228 0.0 0.0 0.0 0.0 0.0 0.0 0.0 0.0 0.0 0.0 0.0 0.0 0.0 0.0 0.0 0.0 0.0 0.0 0.0 0.0 0.0 
229 0.0 0.0 0.0 0.0 0.0 0.0 0.0 0.0 0.0 0.0 0.0 0.0 0.0 0.0 0.0 0.0 0.0 0.0 0.0 0.0 0.0 
230 0.0 0.0 0.0 0.0 0.0 0.0 0.0 0.0 0.0 0.0 0.0 0.0 0.0 0.0 0.0 0.0 0.0 0.0 0.0 0.0 0.0 
231 0.0 0.0 0.0 0.0 0.0 0.0 0.0 0.0 0.0 0.0 0.0 0.0 0.0 0.0 0.0 0.0 0.0 0.0 0.0 0.0 0.0 
232 0.0 0.0 0.0 0.0 0.0 0.0 0.0 0.0 0.0 0.0 0.0 0.0 0.0 0.0 0.0 0.0 0.0 0.0 0.0 0.0 0.0 
233 0.0 0.0 0.0 0.0 0.0 0.0 0.0 0.0 0.0 0.0 0.0 0.0 0.0 0.0 0.0 0.0 0.0 0.0 0.0 0.0 0.0 
234 0.0 0.0 0.0 0.0 0.0 0.0 0.0 0.0 0.0 0.0 0.0 0.0 0.0 0.0 0.0 0.0 0.0 0.0 0.0 0.0 0.0 
235 0.0 0.0 0.0 0.0 0.0 0.0 0.0 0.0 0.0 0.0 0.0 0.0 0.0 0.0 0.0 0.0 0.0 0.0 0.0 0.0 0.0 
236 0.0 0.0 0.0 0.0 0.0 0.0 0.0 0.0 0.0 0.0 0.0 0.0 0.0 0.0 0.0 0.0 0.0 0.0 0.0 0.0 0.0 
237 0.0 0.0 0.0 0.0 0.0 0.0 0.0 0.0 0.0 0.0 0.0 0.0 0.0 0.0 0.0 0.0 0.0 0.0 0.0 0.0 0.0 
238 0.0 0.0 0.0 0.0 0.0 0.0 0.0 0.0 0.0 0.0 0.0 0.0 0.0 0.0 0.0 0.0 0.0 0.0 0.0 0.0 0.0 
239 0.0 0.0 0.0 0.0 0.0 0.0 0.0 0.0 0.0 0.0 0.0 0.0 0.0 0.0 0.0 0.0 0.0 0.0 0.0 0.0 0.0 
240 0.0 0.0 0.0 0.0 0.0 0.0 0.0 0.0 0.0 0.0 0.0 0.0 0.0 0.0 0.0 0.0 0.0 0.0 0.0 0.0 0.0 
241 0.0 0.0 0.0 0.0 0.0 0.0 0.0 0.0 0.0 0.0 0.0 0.0 0.0 0.0 0.0 0.0 0.0 0.0 0.0 0.0 0.0 
242 0.0 0.0 0.0 0.0 0.0 0.0 0.0 0.0 0.0 0.0 0.0 0.0 0.0 0.0 0.0 0.0 0.0 0.0 0.0 0.0 0.0 
243 0.0 0.0 0.0 0.0 0.0 0.0 0.0 0.0 0.0 0.0 0.0 0.0 0.0 0.0 0.0 0.0 0.0 0.0 0.0 0.0 0.0 
244 0.0 0.0 0.0 0.0 0.0 0.0 0.0 0.0 0.0 0.0 0.0 0.0 0.0 0.0 0.0 0.0 0.0 0.0 0.0 0.0 0.0 
245 0.0 0.0 0.0 0.0 0.0 0.0 0.0 0.0 0.0 0.0 0.0 0.0 0.0 0.0 0.0 0.0 0.0 0.0 0.0 0.0 0.0 
246 0.0 0.0 0.0 0.0 0.0 0.0 0.0 0.0 0.0 0.0 0.0 0.0 0.0 0.0 0.0 0.0 0.0 0.0 0.0 0.0 0.0 
247 0.0 0.0 0.0 0.0 0.0 0.0 0.0 0.0 0.0 0.0 0.0 0.0 0.0 0.0 0.0 0.0 0.0 0.0 0.0 0.0 0.0 
248 0.0 0.0 0.0 0.0 0.0 0.0 0.0 0.0 0.0 0.0 0.0 0.0 0.0 0.0 0.0 0.0 0.0 0.0 0.0 0.0 0.0 
249 0.0 0.0 0.0 0.0 0.0 0.0 0.0 0.0 0.0 0.0 0.0 0.0 0.0 0.0 0.0 0.0 0.0 0.0 0.0 0.0 0.0 
250 0.0 0.0 0.0 0.0 0.0 0.0 0.0 0.0 0.0 0.0 0.0 0.0 0.0 0.0 0.0 0.0 0.0 0.0 0.0 0.0 0.0 
251 0.0 0.0 0.0 0.0 0.0 0.0 0.0 0.0 0.0 0.0 0.0 0.0 0.0 0.0 0.0 0.0 0.0 0.0 0.0 0.0 0.0 
252 0.0 0.0 0.0 0.0 0.0 0.0 0.0 0.0 0.0 0.0 0.0 0.0 0.0 0.0 0.0 0.0 0.0 0.0 0.0 0.0 0.0 
253 0.0 0.0 0.0 0.0 0.0 0.0 0.0 0.0 0.0 0.0 0.0 0.0 0.0 0.0 0.0 0.0 0.0 0.0 0.0 0.0 0.0 
254 0.0 0.0 0.0 0.0 0.0 0.0 0.0 0.0 0.0 0.0 0.0 0.0 0.0 0.0 0.0 0.0 0.0 0.0 0.0 0.0 0.0 
255 0.0 0.0 0.0 0.0 0.0 0.0 0.0 0.0 0.0 0.0 0.0 0.0 0.0 0.0 0.0 0.0 0.0 0.0 0.0 0.0 0.0 
256 0.0 0.0 0.0 0.0 0.0 0.0 0.0 0.0 0.0 0.0 0.0 0.0 0.0 0.0 0.0 0.0 0.0 0.0 0.0 0.0 0.0 
257 0.0 0.0 0.0 0.0 0.0 0.0 0.0 0.0 0.0 0.0 0.0 0.0 0.0 0.0 0.0 0.0 0.0 0.0 0.0 0.0 0.0 
258 0.0 0.0 0.0 0.0 0.0 0.0 0.0 0.0 0.0 0.0 0.0 0.0 0.0 0.0 0.0 0.0 0.0 0.0 0.0 0.0 0.0 
259 0.0 0.0 0.0 0.0 0.0 0.0 0.0 0.0 0.0 0.0 0.0 0.0 0.0 0.0 0.0 0.0 0.0 0.0 0.0 0.0 0.0 
260 0.0 0.0 0.0 0.0 0.0 0.0 0.0 0.0 0.0 0.0 0.0 0.0 0.0 0.0 0.0 0.0 0.0 0.0 0.0 0.0 0.0 
261 0.0 0.0 0.0 0.0 0.0 0.0 0.0 0.0 0.0 0.0 0.0 0.0 0.0 0.0 0.0 0.0 0.0 0.0 0.0 0.0 0.0 
262 0.0 0.0 0.0 0.0 0.0 0.0 0.0 0.0 0.0 0.0 0.0 0.0 0.0 0.0 0.0 0.0 0.0 0.0 0.0 0.0 0.0 
263 0.0 0.0 0.0 0.0 0.0 0.0 0.0 0.0 0.0 0.0 0.0 0.0 0.0 0.0 0.0 0.0 0.0 0.0 0.0 0.0 0.0 
264 0.0 0.0 0.0 0.0 0.0 0.0 0.0 0.0 0.0 0.0 0.0 0.0 0.0 0.0 0.0 0.0 0.0 0.0 0.0 0.0 0.0 
265 0.0 0.0 0.0 0.0 0.0 0.0 0.0 0.0 0.0 0.0 0.0 0.0 0.0 0.0 0.0 0.0 0.0 0.0 0.0 0.0 0.0 
266 0.0 0.0 0.0 0.0 0.0 0.0 0.0 0.0 0.0 0.0 0.0 0.0 0.0 0.0 0.0 0.0 0.0 0.0 0.0 0.0 0.0 
267 0.0 0.0 0.0 0.0 0.0 0.0 0.0 0.0 0.0 0.0 0.0 0.0 0.0 0.0 0.0 0.0 0.0 0.0 0.0 0.0 0.0 
268 0.0 0.0 0.0 0.0 0.0 0.0 0.0 0.0 0.0 0.0 0.0 0.0 0.0 0.0 0.0 0.0 0.0 0.0 0.0 0.0 0.0 
269 0.0 0.0 0.0 0.0 0.0 0.0 0.0 0.0 0.0 0.0 0.0 0.0 0.0 0.0 0.0 0.0 0.0 0.0 0.0 0.0 0.0 
270 0.0 0.0 0.0 0.0 0.0 0.0 0.0 0.0 0.0 0.0 0.0 0.0 0.0 0.0 0.0 0.0 0.0 0.0 0.0 0.0 0.0 
271 0.0 0.0 0.0 0.0 0.0 0.0 0.0 0.0 0.0 0.0 0.0 0.0 0.0 0.0 0.0 0.0 0.0 0.0 0.0 0.0 0.0 
272 0.0 0.0 0.0 0.0 0.0 0.0 0.0 0.0 0.0 0.0 0.0 0.0 0.0 0.0 0.0 0.0 0.0 0.0 0.0 0.0 0.0 
273 0.0 0.0 0.0 0.0 0.0 0.0 0.0 0.0 0.0 0.0 0.0 0.0 0.0 0.0 0.0 0.0 0.0 0.0 0.0 0.0 0.0 
274 0.0 0.0 0.0 0.0 0.0 0.0 0.0 0.0 0.0 0.0 0.0 0.0 0.0 0.0 0.0 0.0 0.0 0.0 0.0 0.0 0.0 
275 0.0 0.0 0.0 0.0 0.0 0.0 0.0 0.0 0.0 0.0 0.0 0.0 0.0 0.0 0.0 0.0 0.0 0.0 0.0 0.0 0.0 
276 0.0 0.0 0.0 0.0 0.0 0.0 0.0 0.0 0.0 0.0 0.0 0.0 0.0 0.0 0.0 0.0 0.0 0.0 0.0 0.0 0.0 
277 0.0 0.0 0.0 0.0 0.0 0.0 0.0 0.0 0.0 0.0 0.0 0.0 0.0 0.0 0.0 0.0 0.0 0.0 0.0 0.0 0.0 
278 0.0 0.0 0.0 0.0 0.0 0.0 0.0 0.0 0.0 0.0 0.0 0.0 0.0 0.0 0.0 0.0 0.0 0.0 0.0 0.0 0.0 
279 0.0 0.0 0.0 0.0 0.0 0.0 0.0 0.0 0.0 0.0 0.0 0.0 0.0 0.0 0.0 0.0 0.0 0.0 0.0 0.0 0.0 
280 0.0 0.0 0.0 0.0 0.0 0.0 0.0 0.0 0.0 0.0 0.0 0.0 0.0 0.0 0.0 0.0 0.0 0.0 0.0 0.0 0.0 
281 0.0 0.0 0.0 0.0 0.0 0.0 0.0 0.0 0.0 0.0 0.0 0.0 0.0 0.0 0.0 0.0 0.0 0.0 0.0 0.0 0.0 
282 0.0 0.0 0.0 0.0 0.0 0.0 0.0 0.0 0.0 0.0 0.0 0.0 0.0 0.0 0.0 0.0 0.0 0.0 0.0 0.0 0.0 
283 0.0 0.0 0.0 0.0 0.0 0.0 0.0 0.0 0.0 0.0 0.0 0.0 0.0 0.0 0.0 0.0 0.0 0.0 0.0 0.0 0.0 
284 0.0 0.0 0.0 0.0 0.0 0.0 0.0 0.0 0.0 0.0 0.0 0.0 0.0 0.0 0.0 0.0 0.0 0.0 0.0 0.0 0.0 
285 0.0 0.0 0.0 0.0 0.0 0.0 0.0 0.0 0.0 0.0 0.0 0.0 0.0 0.0 0.0 0.0 0.0 0.0 0.0 0.0 0.0 
286 0.0 0.0 0.0 0.0 0.0 0.0 0.0 0.0 0.0 0.0 0.0 0.0 0.0 0.0 0.0 0.0 0.0 0.0 0.0 0.0 0.0 
287 0.0 0.0 0.0 0.0 0.0 0.0 0.0 0.0 0.0 0.0 0.0 0.0 0.0 0.0 0.0 0.0 0.0 0.0 0.0 0.0 0.0 
288 0.0 0.0 0.0 0.0 0.0 0.0 0.0 0.0 0.0 0.0 0.0 0.0 0.0 0.0 0.0 0.0 0.0 0.0 0.0 0.0 0.0 
289 0.0 0.0 0.0 0.0 0.0 0.0 0.0 0.0 0.0 0.0 0.0 0.0 0.0 0.0 0.0 0.0 0.0 0.0 0.0 0.0 0.0 
290 0.0 0.0 0.0 0.0 0.0 0.0 0.0 0.0 0.0 0.0 0.0 0.0 0.0 0.0 0.0 0.0 0.0 0.0 0.0 0.0 0.0 
291 0.0 0.0 0.0 0.0 0.0 0.0 0.0 0.0 0.0 0.0 0.0 0.0 0.0 0.0 0.0 0.0 0.0 0.0 0.0 0.0 0.0 
292 0.0 0.0 0.0 0.0 0.0 0.0 0.0 0.0 0.0 0.0 0.0 0.0 0.0 0.0 0.0 0.0 0.0 0.0 0.0 0.0 0.0 
293 0.0 0.0 0.0 0.0 0.0 0.0 0.0 0.0 0.0 0.0 0.0 0.0 0.0 0.0 0.0 0.0 0.0 0.0 0.0 0.0 0.0 
294 0.0 0.0 0.0 0.0 0.0 0.0 0.0 0.0 0.0 0.0 0.0 0.0 0.0 0.0 0.0 0.0 0.0 0.0 0.0 0.0 0.0 
295 0.0 0.0 0.0 0.0 0.0 0.0 0.0 0.0 0.0 0.0 0.0 0.0 0.0 0.0 0.0 0.0 0.0 0.0 0.0 0.0 0.0 
296 0.0 0.0 0.0 0.0 0.0 0.0 0.0 0.0 0.0 0.0 0.0 0.0 0.0 0.0 0.0 0.0 0.0 0.0 0.0 0.0 0.0 
297 0.0 0.0 0.0 0.0 0.0 0.0 0.0 0.0 0.0 0.0 0.0 0.0 0.0 0.0 0.0 0.0 0.0 0.0 0.0 0.0 0.0 
298 0.0 0.0 0.0 0.0 0.0 0.0 0.0 0.0 0.0 0.0 0.0 0.0 0.0 0.0 0.0 0.0 0.0 0.0 0.0 0.0 0.0 
299 0.0 0.0 0.0 0.0 0.0 0.0 0.0 0.0 0.0 0.0 0.0 0.0 0.0 0.0 0.0 0.0 0.0 0.0 0.0 0.0 0.0 
300 0.0 0.0 0.0 0.0 0.0 0.0 0.0 0.0 0.0 0.0 0.0 0.0 0.0 0.0 0.0 0.0 0.0 0.0 0.0 0.0 0.0 
301 0.0 0.0 0.0 0.0 0.0 0.0 0.0 0.0 0.0 0.0 0.0 0.0 0.0 0.0 0.0 0.0 0.0 0.0 0.0 0.0 0.0 
302 0.0 0.0 0.0 0.0 0.0 0.0 0.0 0.0 0.0 0.0 0.0 0.0 0.0 0.0 0.0 0.0 0.0 0.0 0.0 0.0 0.0 
303 0.0 0.0 0.0 0.0 0.0 0.0 0.0 0.0 0.0 0.0 0.0 0.0 0.0 0.0 0.0 0.0 0.0 0.0 0.0 0.0 0.0 
304 0.0 0.0 0.0 0.0 0.0 0.0 0.0 0.0 0.0 0.0 0.0 0.0 0.0 0.0 0.0 0.0 0.0 0.0 0.0 0.0 0.0 
305 0.0 0.0 0.0 0.0 0.0 0.0 0.0 0.0 0.0 0.0 0.0 0.0 0.0 0.0 0.0 0.0 0.0 0.0 0.0 0.0 0.0 
306 0.0 0.0 0.0 0.0 0.0 0.0 0.0 0.0 0.0 0.0 0.0 0.0 0.0 0.0 0.0 0.0 0.0 0.0 0.0 0.0 0.0 
307 0.0 0.0 0.0 0.0 0.0 0.0 0.0 0.0 0.0 0.0 0.0 0.0 0.0 0.0 0.0 0.0 0.0 0.0 0.0 0.0 0.0 
308 0.0 0.0 0.0 0.0 0.0 0.0 0.0 0.0 0.0 0.0 0.0 0.0 0.0 0.0 0.0 0.0 0.0 0.0 0.0 0.0 0.0 
309 0.0 0.0 0.0 0.0 0.0 0.0 0.0 0.0 0.0 0.0 0.0 0.0 0.0 0.0 0.0 0.0 0.0 0.0 0.0 0.0 0.0 
310 0.0 0.0 0.0 0.0 0.0 0.0 0.0 0.0 0.0 0.0 0.0 0.0 0.0 0.0 0.0 0.0 0.0 0.0 0.0 0.0 0.0 
311 0.0 0.0 0.0 0.0 0.0 0.0 0.0 0.0 0.0 0.0 0.0 0.0 0.0 0.0 0.0 0.0 0.0 0.0 0.0 0.0 0.0 
312 0.0 0.0 0.0 0.0 0.0 0.0 0.0 0.0 0.0 0.0 0.0 0.0 0.0 0.0 0.0 0.0 0.0 0.0 0.0 0.0 0.0 
313 0.0 0.0 0.0 0.0 0.0 0.0 0.0 0.0 0.0 0.0 0.0 0.0 0.0 0.0 0.0 0.0 0.0 0.0 0.0 0.0 0.0 
314 0.0 0.0 0.0 0.0 0.0 0.0 0.0 0.0 0.0 0.0 0.0 0.0 0.0 0.0 0.0 0.0 0.0 0.0 0.0 0.0 0.0 
315 0.0 0.0 0.0 0.0 0.0 0.0 0.0 0.0 0.0 0.0 0.0 0.0 0.0 0.0 0.0 0.0 0.0 0.0 0.0 0.0 0.0 
316 0.0 0.0 0.0 0.0 0.0 0.0 0.0 0.0 0.0 0.0 0.0 0.0 0.0 0.0 0.0 0.0 0.0 0.0 0.0 0.0 0.0 
317 0.0 0.0 0.0 0.0 0.0 0.0 0.0 0.0 0.0 0.0 0.0 0.0 0.0 0.0 0.0 0.0 0.0 0.0 0.0 0.0 0.0 
318 0.0 0.0 0.0 0.0 0.0 0.0 0.0 0.0 0.0 0.0 0.0 0.0 0.0 0.0 0.0 0.0 0.0 0.0 0.0 0.0 0.0 
319 0.0 0.0 0.0 0.0 0.0 0.0 0.0 0.0 0.0 0.0 0.0 0.0 0.0 0.0 0.0 0.0 0.0 0.0 0.0 0.0 0.0 
320 0.0 0.0 0.0 0.0 0.0 0.0 0.0 0.0 0.0 0.0 0.0 0.0 0.0 0.0 0.0 0.0 0.0 0.0 0.0 0.0 0.0 
321 0.0 0.0 0.0 0.0 0.0 0.0 0.0 0.0 0.0 0.0 0.0 0.0 0.0 0.0 0.0 0.0 0.0 0.0 0.0 0.0 0.0 
322 0.0 0.0 0.0 0.0 0.0 0.0 0.0 0.0 0.0 0.0 0.0 0.0 0.0 0.0 0.0 0.0 0.0 0.0 0.0 0.0 0.0 
323 0.0 0.0 0.0 0.0 0.0 0.0 0.0 0.0 0.0 0.0 0.0 0.0 0.0 0.0 0.0 0.0 0.0 0.0 0.0 0.0 0.0 
324 0.0 0.0 0.0 0.0 0.0 0.0 0.0 0.0 0.0 0.0 0.0 0.0 0.0 0.0 0.0 0.0 0.0 0.0 0.0 0.0 0.0 
325 0.0 0.0 0.0 0.0 0.0 0.0 0.0 0.0 0.0 0.0 0.0 0.0 0.0 0.0 0.0 0.0 0.0 0.0 0.0 0.0 0.0 
326 0.0 0.0 0.0 0.0 0.0 0.0 0.0 0.0 0.0 0.0 0.0 0.0 0.0 0.0 0.0 0.0 0.0 0.0 0.0 0.0 0.0 
327 0.0 0.0 0.0 0.0 0.0 0.0 0.0 0.0 0.0 0.0 0.0 0.0 0.0 0.0 0.0 0.0 0.0 0.0 0.0 0.0 0.0 
328 0.0 0.0 0.0 0.0 0.0 0.0 0.0 0.0 0.0 0.0 0.0 0.0 0.0 0.0 0.0 0.0 0.0 0.0 0.0 0.0 0.0 
329 0.0 0.0 0.0 0.0 0.0 0.0 0.0 0.0 0.0 0.0 0.0 0.0 0.0 0.0 0.0 0.0 0.0 0.0 0.0 0.0 0.0 
330 0.0 0.0 0.0 0.0 0.0 0.0 0.0 0.0 0.0 0.0 0.0 0.0 0.0 0.0 0.0 0.0 0.0 0.0 0.0 0.0 0.0 
331 0.0 0.0 0.0 0.0 0.0 0.0 0.0 0.0 0.0 0.0 0.0 0.0 0.0 0.0 0.0 0.0 0.0 0.0 0.0 0.0 0.0 
332 0.0 0.0 0.0 0.0 0.0 0.0 0.0 0.0 0.0 0.0 0.0 0.0 0.0 0.0 0.0 0.0 0.0 0.0 0.0 0.0 0.0 
333 0.0 0.0 0.0 0.0 0.0 0.0 0.0 0.0 0.0 0.0 0.0 0.0 0.0 0.0 0.0 0.0 0.0 0.0 0.0 0.0 0.0 
334 0.0 0.0 0.0 0.0 0.0 0.0 0.0 0.0 0.0 0.0 0.0 0.0 0.0 0.0 0.0 0.0 0.0 0.0 0.0 0.0 0.0 
335 0.0 0.0 0.0 0.0 0.0 0.0 0.0 0.0 0.0 0.0 0.0 0.0 0.0 0.0 0.0 0.0 0.0 0.0 0.0 0.0 0.0 
336 0.0 0.0 0.0 0.0 0.0 0.0 0.0 0.0 0.0 0.0 0.0 0.0 0.0 0.0 0.0 0.0 0.0 0.0 0.0 0.0 0.0 
337 0.0 0.0 0.0 0.0 0.0 0.0 0.0 0.0 0.0 0.0 0.0 0.0 0.0 0.0 0.0 0.0 0.0 0.0 0.0 0.0 0.0 
338 0.0 0.0 0.0 0.0 0.0 0.0 0.0 0.0 0.0 0.0 0.0 0.0 0.0 0.0 0.0 0.0 0.0 0.0 0.0 0.0 0.0 
339 0.0 0.0 0.0 0.0 0.0 0.0 0.0 0.0 0.0 0.0 0.0 0.0 0.0 0.0 0.0 0.0 0.0 0.0 0.0 0.0 0.0 
340 0.0 0.0 0.0 0.0 0.0 0.0 0.0 0.0 0.0 0.0 0.0 0.0 0.0 0.0 0.0 0.0 0.0 0.0 0.0 0.0 0.0 
341 0.0 0.0 0.0 0.0 0.0 0.0 0.0 0.0 0.0 0.0 0.0 0.0 0.0 0.0 0.0 0.0 0.0 0.0 0.0 0.0 0.0 
342 0.0 0.0 0.0 0.0 0.0 0.0 0.0 0.0 0.0 0.0 0.0 0.0 0.0 0.0 0.0 0.0 0.0 0.0 0.0 0.0 0.0 
343 0.0 0.0 0.0 0.0 0.0 0.0 0.0 0.0 0.0 0.0 0.0 0.0 0.0 0.0 0.0 0.0 0.0 0.0 0.0 0.0 0.0 
344 0.0 0.0 0.0 0.0 0.0 0.0 0.0 0.0 0.0 0.0 0.0 0.0 0.0 0.0 0.0 0.0 0.0 0.0 0.0 0.0 0.0 
345 0.0 0.0 0.0 0.0 0.0 0.0 0.0 0.0 0.0 0.0 0.0 0.0 0.0 0.0 0.0 0.0 0.0 0.0 0.0 0.0 0.0 
346 0.0 0.0 0.0 0.0 0.0 0.0 0.0 0.0 0.0 0.0 0.0 0.0 0.0 0.0 0.0 0.0 0.0 0.0 0.0 0.0 0.0 
347 0.0 0.0 0.0 0.0 0.0 0.0 0.0 0.0 0.0 0.0 0.0 0.0 0.0 0.0 0.0 0.0 0.0 0.0 0.0 0.0 0.0 
348 0.0 0.0 0.0 0.0 0.0 0.0 0.0 0.0 0.0 0.0 0.0 0.0 0.0 0.0 0.0 0.0 0.0 0.0 0.0 0.0 0.0 
349 0.0 0.0 0.0 0.0 0.0 0.0 0.0 0.0 0.0 0.0 0.0 0.0 0.0 0.0 0.0 0.0 0.0 0.0 0.0 0.0 0.0 
350 0.0 0.0 0.0 0.0 0.0 0.0 0.0 0.0 0.0 0.0 0.0 0.0 0.0 0.0 0.0 0.0 0.0 0.0 0.0 0.0 0.0 
351 0.0 0.0 0.0 0.0 0.0 0.0 0.0 0.0 0.0 0.0 0.0 0.0 0.0 0.0 0.0 0.0 0.0 0.0 0.0 0.0 0.0 
352 0.0 0.0 0.0 0.0 0.0 0.0 0.0 0.0 0.0 0.0 0.0 0.0 0.0 0.0 0.0 0.0 0.0 0.0 0.0 0.0 0.0 
353 0.0 0.0 0.0 0.0 0.0 0.0 0.0 0.0 0.0 0.0 0.0 0.0 0.0 0.0 0.0 0.0 0.0 0.0 0.0 0.0 0.0 
354 0.0 0.0 0.0 0.0 0.0 0.0 0.0 0.0 0.0 0.0 0.0 0.0 0.0 0.0 0.0 0.0 0.0 0.0 0.0 0.0 0.0 
355 0.0 0.0 0.0 0.0 0.0 0.0 0.0 0.0 0.0 0.0 0.0 0.0 0.0 0.0 0.0 0.0 0.0 0.0 0.0 0.0 0.0 
356 0.0 0.0 0.0 0.0 0.0 0.0 0.0 0.0 0.0 0.0 0.0 0.0 0.0 0.0 0.0 0.0 0.0 0.0 0.0 0.0 0.0 
357 0.0 0.0 0.0 0.0 0.0 0.0 0.0 0.0 0.0 0.0 0.0 0.0 0.0 0.0 0.0 0.0 0.0 0.0 0.0 0.0 0.0 
358 0.0 0.0 0.0 0.0 0.0 0.0 0.0 0.0 0.0 0.0 0.0 0.0 0.0 0.0 0.0 0.0 0.0 0.0 0.0 0.0 0.0 
359 0.0 0.0 0.0 0.0 0.0 0.0 0.0 0.0 0.0 0.0 0.0 0.0 0.0 0.0 0.0 0.0 0.0 0.0 0.0 0.0 0.0 
360 0.0 0.0 0.0 0.0 0.0 0.0 0.0 0.0 0.0 0.0 0.0 0.0 0.0 0.0 0.0 0.0 0.0 0.0 0.0 0.0 0.0 
361 0.0 0.0 0.0 0.0 0.0 0.0 0.0 0.0 0.0 0.0 0.0 0.0 0.0 0.0 0.0 0.0 0.0 0.0 0.0 0.0 0.0 
362 0.0 0.0 0.0 0.0 0.0 0.0 0.0 0.0 0.0 0.0 0.0 0.0 0.0 0.0 0.0 0.0 0.0 0.0 0.0 0.0 0.0 
363 0.0 0.0 0.0 0.0 0.0 0.0 0.0 0.0 0.0 0.0 0.0 0.0 0.0 0.0 0.0 0.0 0.0 0.0 0.0 0.0 0.0 
364 0.0 0.0 0.0 0.0 0.0 0.0 0.0 0.0 0.0 0.0 0.0 0.0 0.0 0.0 0.0 0.0 0.0 0.0 0.0 0.0 0.0 
365 0.0 0.0 0.0 0.0 0.0 0.0 0.0 0.0 0.0 0.0 0.0 0.0 0.0 0.0 0.0 0.0 0.0 0.0 0.0 0.0 0.0 
366 0.0 0.0 0.0 0.0 0.0 0.0 0.0 0.0 0.0 0.0 0.0 0.0 0.0 0.0 0.0 0.0 0.0 0.0 0.0 0.0 0.0 
367 0.0 0.0 0.0 0.0 0.0 0.0 0.0 0.0 0.0 0.0 0.0 0.0 0.0 0.0 0.0 0.0 0.0 0.0 0.0 0.0 0.0 
368 0.0 0.0 0.0 0.0 0.0 0.0 0.0 0.0 0.0 0.0 0.0 0.0 0.0 0.0 0.0 0.0 0.0 0.0 0.0 0.0 0.0 
369 0.0 0.0 0.0 0.0 0.0 0.0 0.0 0.0 0.0 0.0 0.0 0.0 0.0 0.0 0.0 0.0 0.0 0.0 0.0 0.0 0.0 
370 0.0 0.0 0.0 0.0 0.0 0.0 0.0 0.0 0.0 0.0 0.0 0.0 0.0 0.0 0.0 0.0 0.0 0.0 0.0 0.0 0.0 
371 0.0 0.0 0.0 0.0 0.0 0.0 0.0 0.0 0.0 0.0 0.0 0.0 0.0 0.0 0.0 0.0 0.0 0.0 0.0 0.0 0.0 
372 0.0 0.0 0.0 0.0 0.0 0.0 0.0 0.0 0.0 0.0 0.0 0.0 0.0 0.0 0.0 0.0 0.0 0.0 0.0 0.0 0.0 
373 0.0 0.0 0.0 0.0 0.0 0.0 0.0 0.0 0.0 0.0 0.0 0.0 0.0 0.0 0.0 0.0 0.0 0.0 0.0 0.0 0.0 
374 0.0 0.0 0.0 0.0 0.0 0.0 0.0 0.0 0.0 0.0 0.0 0.0 0.0 0.0 0.0 0.0 0.0 0.0 0.0 0.0 0.0 
375 0.0 0.0 0.0 0.0 0.0 0.0 0.0 0.0 0.0 0.0 0.0 0.0 0.0 0.0 0.0 0.0 0.0 0.0 0.0 0.0 0.0 
376 0.0 0.0 0.0 0.0 0.0 0.0 0.0 0.0 0.0 0.0 0.0 0.0 0.0 0.0 0.0 0.0 0.0 0.0 0.0 0.0 0.0 
377 0.0 0.0 0.0 0.0 0.0 0.0 0.0 0.0 0.0 0.0 0.0 0.0 0.0 0.0 0.0 0.0 0.0 0.0 0.0 0.0 0.0 
378 0.0 0.0 0.0 0.0 0.0 0.0 0.0 0.0 0.0 0.0 0.0 0.0 0.0 0.0 0.0 0.0 0.0 0.0 0.0 0.0 0.0 
379 0.0 0.0 0.0 0.0 0.0 0.0 0.0 0.0 0.0 0.0 0.0 0.0 0.0 0.0 0.0 0.0 0.0 0.0 0.0 0.0 0.0 
380 0.0 0.0 0.0 0.0 0.0 0.0 0.0 0.0 0.0 0.0 0.0 0.0 0.0 0.0 0.0 0.0 0.0 0.0 0.0 0.0 0.0 
381 0.0 0.0 0.0 0.0 0.0 0.0 0.0 0.0 0.0 0.0 0.0 0.0 0.0 0.0 0.0 0.0 0.0 0.0 0.0 0.0 0.0 
382 0.0 0.0 0.0 0.0 0.0 0.0 0.0 0.0 0.0 0.0 0.0 0.0 0.0 0.0 0.0 0.0 0.0 0.0 0.0 0.0 0.0 
383 0.0 0.0 0.0 0.0 0.0 0.0 0.0 0.0 0.0 0.0 0.0 0.0 0.0 0.0 0.0 0.0 0.0 0.0 0.0 0.0 0.0 
384 0.0 0.0 0.0 0.0 0.0 0.0 0.0 0.0 0.0 0.0 0.0 0.0 0.0 0.0 0.0 0.0 0.0 0.0 0.0 0.0 0.0 
385 0.0 0.0 0.0 0.0 0.0 0.0 0.0 0.0 0.0 0.0 0.0 0.0 0.0 0.0 0.0 0.0 0.0 0.0 0.0 0.0 0.0 
386 0.0 0.0 0.0 0.0 0.0 0.0 0.0 0.0 0.0 0.0 0.0 0.0 0.0 0.0 0.0 0.0 0.0 0.0 0.0 0.0 0.0 
387 0.0 0.0 0.0 0.0 0.0 0.0 0.0 0.0 0.0 0.0 0.0 0.0 0.0 0.0 0.0 0.0 0.0 0.0 0.0 0.0 0.0 
388 0.0 0.0 0.0 0.0 0.0 0.0 0.0 0.0 0.0 0.0 0.0 0.0 0.0 0.0 0.0 0.0 0.0 0.0 0.0 0.0 0.0 
389 0.0 0.0 0.0 0.0 0.0 0.0 0.0 0.0 0.0 0.0 0.0 0.0 0.0 0.0 0.0 0.0 0.0 0.0 0.0 0.0 0.0 
390 0.0 0.0 0.0 0.0 0.0 0.0 0.0 0.0 0.0 0.0 0.0 0.0 0.0 0.0 0.0 0.0 0.0 0.0 0.0 0.0 0.0 
391 0.0 0.0 0.0 0.0 0.0 0.0 0.0 0.0 0.0 0.0 0.0 0.0 0.0 0.0 0.0 0.0 0.0 0.0 0.0 0.0 0.0 
392 0.0 0.0 0.0 0.0 0.0 0.0 0.0 0.0 0.0 0.0 0.0 0.0 0.0 0.0 0.0 0.0 0.0 0.0 0.0 0.0 0.0 
393 0.0 0.0 0.0 0.0 0.0 0.0 0.0 0.0 0.0 0.0 0.0 0.0 0.0 0.0 0.0 0.0 0.0 0.0 0.0 0.0 0.0 
394 0.0 0.0 0.0 0.0 0.0 0.0 0.0 0.0 0.0 0.0 0.0 0.0 0.0 0.0 0.0 0.0 0.0 0.0 0.0 0.0 0.0 
395 0.0 0.0 0.0 0.0 0.0 0.0 0.0 0.0 0.0 0.0 0.0 0.0 0.0 0.0 0.0 0.0 0.0 0.0 0.0 0.0 0.0 
396 0.0 0.0 0.0 0.0 0.0 0.0 0.0 0.0 0.0 0.0 0.0 0.0 0.0 0.0 0.0 0.0 0.0 0.0 0.0 0.0 0.0 
397 0.0 0.0 0.0 0.0 0.0 0.0 0.0 0.0 0.0 0.0 0.0 0.0 0.0 0.0 0.0 0.0 0.0 0.0 0.0 0.0 0.0 
398 0.0 0.0 0.0 0.0 0.0 0.0 0.0 0.0 0.0 0.0 0.0 0.0 0.0 0.0 0.0 0.0 0.0 0.0 0.0 0.0 0.0 
399 0.0 0.0 0.0 0.0 0.0 0.0 0.0 0.0 0.0 0.0 0.0 0.0 0.0 0.0 0.0 0.0 0.0 0.0 0.0 0.0 0.0 
400 0.0 0.0 0.0 0.0 0.0 0.0 0.0 0.0 0.0 0.0 0.0 0.0 0.0 0.0 0.0 0.0 0.0 0.0 0.0 0.0 0.0 
401 0.0 0.0 0.0 0.0 0.0 0.0 0.0 0.0 0.0 0.0 0.0 0.0 0.0 0.0 0.0 0.0 0.0 0.0 0.0 0.0 0.0 
402 0.0 0.0 0.0 0.0 0.0 0.0 0.0 0.0 0.0 0.0 0.0 0.0 0.0 0.0 0.0 0.0 0.0 0.0 0.0 0.0 0.0 
403 0.0 0.0 0.0 0.0 0.0 0.0 0.0 0.0 0.0 0.0 0.0 0.0 0.0 0.0 0.0 0.0 0.0 0.0 0.0 0.0 0.0 
404 0.0 0.0 0.0 0.0 0.0 0.0 0.0 0.0 0.0 0.0 0.0 0.0 0.0 0.0 0.0 0.0 0.0 0.0 0.0 0.0 0.0 
405 0.0 0.0 0.0 0.0 0.0 0.0 0.0 0.0 0.0 0.0 0.0 0.0 0.0 0.0 0.0 0.0 0.0 0.0 0.0 0.0 0.0 
406 0.0 0.0 0.0 0.0 0.0 0.0 0.0 0.0 0.0 0.0 0.0 0.0 0.0 0.0 0.0 0.0 0.0 0.0 0.0 0.0 0.0 
407 0.0 0.0 0.0 0.0 0.0 0.0 0.0 0.0 0.0 0.0 0.0 0.0 0.0 0.0 0.0 0.0 0.0 0.0 0.0 0.0 0.0 
408 0.0 0.0 0.0 0.0 0.0 0.0 0.0 0.0 0.0 0.0 0.0 0.0 0.0 0.0 0.0 0.0 0.0 0.0 0.0 0.0 0.0 
409 0.0 0.0 0.0 0.0 0.0 0.0 0.0 0.0 0.0 0.0 0.0 0.0 0.0 0.0 0.0 0.0 0.0 0.0 0.0 0.0 0.0 
410 0.0 0.0 0.0 0.0 0.0 0.0 0.0 0.0 0.0 0.0 0.0 0.0 0.0 0.0 0.0 0.0 0.0 0.0 0.0 0.0 0.0 
411 0.0 0.0 0.0 0.0 0.0 0.0 0.0 0.0 0.0 0.0 0.0 0.0 0.0 0.0 0.0 0.0 0.0 0.0 0.0 0.0 0.0 
412 0.0 0.0 0.0 0.0 0.0 0.0 0.0 0.0 0.0 0.0 0.0 0.0 0.0 0.0 0.0 0.0 0.0 0.0 0.0 0.0 0.0 
413 0.0 0.0 0.0 0.0 0.0 0.0 0.0 0.0 0.0 0.0 0.0 0.0 0.0 0.0 0.0 0.0 0.0 0.0 0.0 0.0 0.0 
414 0.0 0.0 0.0 0.0 0.0 0.0 0.0 0.0 0.0 0.0 0.0 0.0 0.0 0.0 0.0 0.0 0.0 0.0 0.0 0.0 0.0 
415 0.0 0.0 0.0 0.0 0.0 0.0 0.0 0.0 0.0 0.0 0.0 0.0 0.0 0.0 0.0 0.0 0.0 0.0 0.0 0.0 0.0 
416 0.0 0.0 0.0 0.0 0.0 0.0 0.0 0.0 0.0 0.0 0.0 0.0 0.0 0.0 0.0 0.0 0.0 0.0 0.0 0.0 0.0 
417 0.0 0.0 0.0 0.0 0.0 0.0 0.0 0.0 0.0 0.0 0.0 0.0 0.0 0.0 0.0 0.0 0.0 0.0 0.0 0.0 0.0 
418 0.0 0.0 0.0 0.0 0.0 0.0 0.0 0.0 0.0 0.0 0.0 0.0 0.0 0.0 0.0 0.0 0.0 0.0 0.0 0.0 0.0 
419 0.0 0.0 0.0 0.0 0.0 0.0 0.0 0.0 0.0 0.0 0.0 0.0 0.0 0.0 0.0 0.0 0.0 0.0 0.0 0.0 0.0 
420 0.0 0.0 0.0 0.0 0.0 0.0 0.0 0.0 0.0 0.0 0.0 0.0 0.0 0.0 0.0 0.0 0.0 0.0 0.0 0.0 0.0 
421 0.0 0.0 0.0 0.0 0.0 0.0 0.0 0.0 0.0 0.0 0.0 0.0 0.0 0.0 0.0 0.0 0.0 0.0 0.0 0.0 0.0 
422 0.0 0.0 0.0 0.0 0.0 0.0 0.0 0.0 0.0 0.0 0.0 0.0 0.0 0.0 0.0 0.0 0.0 0.0 0.0 0.0 0.0 
423 0.0 0.0 0.0 0.0 0.0 0.0 0.0 0.0 0.0 0.0 0.0 0.0 0.0 0.0 0.0 0.0 0.0 0.0 0.0 0.0 0.0 
424 0.0 0.0 0.0 0.0 0.0 0.0 0.0 0.0 0.0 0.0 0.0 0.0 0.0 0.0 0.0 0.0 0.0 0.0 0.0 0.0 0.0 
425 0.0 0.0 0.0 0.0 0.0 0.0 0.0 0.0 0.0 0.0 0.0 0.0 0.0 0.0 0.0 0.0 0.0 0.0 0.0 0.0 0.0 
426 0.0 0.0 0.0 0.0 0.0 0.0 0.0 0.0 0.0 0.0 0.0 0.0 0.0 0.0 0.0 0.0 0.0 0.0 0.0 0.0 0.0 
427 0.0 0.0 0.0 0.0 0.0 0.0 0.0 0.0 0.0 0.0 0.0 0.0 0.0 0.0 0.0 0.0 0.0 0.0 0.0 0.0 0.0 
428 0.0 0.0 0.0 0.0 0.0 0.0 0.0 0.0 0.0 0.0 0.0 0.0 0.0 0.0 0.0 0.0 0.0 0.0 0.0 0.0 0.0 
429 0.0 0.0 0.0 0.0 0.0 0.0 0.0 0.0 0.0 0.0 0.0 0.0 0.0 0.0 0.0 0.0 0.0 0.0 0.0 0.0 0.0 
430 0.0 0.0 0.0 0.0 0.0 0.0 0.0 0.0 0.0 0.0 0.0 0.0 0.0 0.0 0.0 0.0 0.0 0.0 0.0 0.0 0.0 
431 0.0 0.0 0.0 0.0 0.0 0.0 0.0 0.0 0.0 0.0 0.0 0.0 0.0 0.0 0.0 0.0 0.0 0.0 0.0 0.0 0.0 
432 0.0 0.0 0.0 0.0 0.0 0.0 0.0 0.0 0.0 0.0 0.0 0.0 0.0 0.0 0.0 0.0 0.0 0.0 0.0 0.0 0.0 
433 0.0 0.0 0.0 0.0 0.0 0.0 0.0 0.0 0.0 0.0 0.0 0.0 0.0 0.0 0.0 0.0 0.0 0.0 0.0 0.0 0.0 
434 0.0 0.0 0.0 0.0 0.0 0.0 0.0 0.0 0.0 0.0 0.0 0.0 0.0 0.0 0.0 0.0 0.0 0.0 0.0 0.0 0.0 
435 0.0 0.0 0.0 0.0 0.0 0.0 0.0 0.0 0.0 0.0 0.0 0.0 0.0 0.0 0.0 0.0 0.0 0.0 0.0 0.0 0.0 
436 0.0 0.0 0.0 0.0 0.0 0.0 0.0 0.0 0.0 0.0 0.0 0.0 0.0 0.0 0.0 0.0 0.0 0.0 0.0 0.0 0.0 
437 0.0 0.0 0.0 0.0 0.0 0.0 0.0 0.0 0.0 0.0 0.0 0.0 0.0 0.0 0.0 0.0 0.0 0.0 0.0 0.0 0.0 
438 0.0 0.0 0.0 0.0 0.0 0.0 0.0 0.0 0.0 0.0 0.0 0.0 0.0 0.0 0.0 0.0 0.0 0.0 0.0 0.0 0.0 
439 0.0 0.0 0.0 0.0 0.0 0.0 0.0 0.0 0.0 0.0 0.0 0.0 0.0 0.0 0.0 0.0 0.0 0.0 0.0 0.0 0.0 
440 0.0 0.0 0.0 0.0 0.0 0.0 0.0 0.0 0.0 0.0 0.0 0.0 0.0 0.0 0.0 0.0 0.0 0.0 0.0 0.0 0.0 
441 0.0 0.0 0.0 0.0 0.0 0.0 0.0 0.0 0.0 0.0 0.0 0.0 0.0 0.0 0.0 0.0 0.0 0.0 0.0 0.0 0.0 
442 0.0 0.0 0.0 0.0 0.0 0.0 0.0 0.0 0.0 0.0 0.0 0.0 0.0 0.0 0.0 0.0 0.0 0.0 0.0 0.0 0.0 
443 0.0 0.0 0.0 0.0 0.0 0.0 0.0 0.0 0.0 0.0 0.0 0.0 0.0 0.0 0.0 0.0 0.0 0.0 0.0 0.0 0.0 
444 0.0 0.0 0.0 0.0 0.0 0.0 0.0 0.0 0.0 0.0 0.0 0.0 0.0 0.0 0.0 0.0 0.0 0.0 0.0 0.0 0.0 
445 0.0 0.0 0.0 0.0 0.0 0.0 0.0 0.0 0.0 0.0 0.0 0.0 0.0 0.0 0.0 0.0 0.0 0.0 0.0 0.0 0.0 
446 0.0 0.0 0.0 0.0 0.0 0.0 0.0 0.0 0.0 0.0 0.0 0.0 0.0 0.0 0.0 0.0 0.0 0.0 0.0 0.0 0.0 
447 0.0 0.0 0.0 0.0 0.0 0.0 0.0 0.0 0.0 0.0 0.0 0.0 0.0 0.0 0.0 0.0 0.0 0.0 0.0 0.0 0.0 
448 0.0 0.0 0.0 0.0 0.0 0.0 0.0 0.0 0.0 0.0 0.0 0.0 0.0 0.0 0.0 0.0 0.0 0.0 0.0 0.0 0.0 
449 0.0 0.0 0.0 0.0 0.0 0.0 0.0 0.0 0.0 0.0 0.0 0.0 0.0 0.0 0.0 0.0 0.0 0.0 0.0 0.0 0.0 
450 0.0 0.0 0.0 0.0 0.0 0.0 0.0 0.0 0.0 0.0 0.0 0.0 0.0 0.0 0.0 0.0 0.0 0.0 0.0 0.0 0.0 
451 0.0 0.0 0.0 0.0 0.0 0.0 0.0 0.0 0.0 0.0 0.0 0.0 0.0 0.0 0.0 0.0 0.0 0.0 0.0 0.0 0.0 
452 0.0 0.0 0.0 0.0 0.0 0.0 0.0 0.0 0.0 0.0 0.0 0.0 0.0 0.0 0.0 0.0 0.0 0.0 0.0 0.0 0.0 
453 0.0 0.0 0.0 0.0 0.0 0.0 0.0 0.0 0.0 0.0 0.0 0.0 0.0 0.0 0.0 0.0 0.0 0.0 0.0 0.0 0.0 
454 0.0 0.0 0.0 0.0 0.0 0.0 0.0 0.0 0.0 0.0 0.0 0.0 0.0 0.0 0.0 0.0 0.0 0.0 0.0 0.0 0.0 
455 0.0 0.0 0.0 0.0 0.0 0.0 0.0 0.0 0.0 0.0 0.0 0.0 0.0 0.0 0.0 0.0 0.0 0.0 0.0 0.0 0.0 
456 0.0 0.0 0.0 0.0 0.0 0.0 0.0 0.0 0.0 0.0 0.0 0.0 0.0 0.0 0.0 0.0 0.0 0.0 0.0 0.0 0.0 
457 0.0 0.0 0.0 0.0 0.0 0.0 0.0 0.0 0.0 0.0 0.0 0.0 0.0 0.0 0.0 0.0 0.0 0.0 0.0 0.0 0.0 
458 0.0 0.0 0.0 0.0 0.0 0.0 0.0 0.0 0.0 0.0 0.0 0.0 0.0 0.0 0.0 0.0 0.0 0.0 0.0 0.0 0.0 
459 0.0 0.0 0.0 0.0 0.0 0.0 0.0 0.0 0.0 0.0 0.0 0.0 0.0 0.0 0.0 0.0 0.0 0.0 0.0 0.0 0.0 
460 0.0 0.0 0.0 0.0 0.0 0.0 0.0 0.0 0.0 0.0 0.0 0.0 0.0 0.0 0.0 0.0 0.0 0.0 0.0 0.0 0.0 
461 0.0 0.0 0.0 0.0 0.0 0.0 0.0 0.0 0.0 0.0 0.0 0.0 0.0 0.0 0.0 0.0 0.0 0.0 0.0 0.0 0.0 
462 0.0 0.0 0.0 0.0 0.0 0.0 0.0 0.0 0.0 0.0 0.0 0.0 0.0 0.0 0.0 0.0 0.0 0.0 0.0 0.0 0.0 
463 0.0 0.0 0.0 0.0 0.0 0.0 0.0 0.0 0.0 0.0 0.0 0.0 0.0 0.0 0.0 0.0 0.0 0.0 0.0 0.0 0.0 
464 0.0 0.0 0.0 0.0 0.0 0.0 0.0 0.0 0.0 0.0 0.0 0.0 0.0 0.0 0.0 0.0 0.0 0.0 0.0 0.0 0.0 
465 0.0 0.0 0.0 0.0 0.0 0.0 0.0 0.0 0.0 0.0 0.0 0.0 0.0 0.0 0.0 0.0 0.0 0.0 0.0 0.0 0.0 
466 0.0 0.0 0.0 0.0 0.0 0.0 0.0 0.0 0.0 0.0 0.0 0.0 0.0 0.0 0.0 0.0 0.0 0.0 0.0 0.0 0.0 
467 0.0 0.0 0.0 0.0 0.0 0.0 0.0 0.0 0.0 0.0 0.0 0.0 0.0 0.0 0.0 0.0 0.0 0.0 0.0 0.0 0.0 
468 0.0 0.0 0.0 0.0 0.0 0.0 0.0 0.0 0.0 0.0 0.0 0.0 0.0 0.0 0.0 0.0 0.0 0.0 0.0 0.0 0.0 
469 0.0 0.0 0.0 0.0 0.0 0.0 0.0 0.0 0.0 0.0 0.0 0.0 0.0 0.0 0.0 0.0 0.0 0.0 0.0 0.0 0.0 
470 0.0 0.0 0.0 0.0 0.0 0.0 0.0 0.0 0.0 0.0 0.0 0.0 0.0 0.0 0.0 0.0 0.0 0.0 0.0 0.0 0.0 
471 0.0 0.0 0.0 0.0 0.0 0.0 0.0 0.0 0.0 0.0 0.0 0.0 0.0 0.0 0.0 0.0 0.0 0.0 0.0 0.0 0.0 
472 0.0 0.0 0.0 0.0 0.0 0.0 0.0 0.0 0.0 0.0 0.0 0.0 0.0 0.0 0.0 0.0 0.0 0.0 0.0 0.0 0.0 
473 0.0 0.0 0.0 0.0 0.0 0.0 0.0 0.0 0.0 0.0 0.0 0.0 0.0 0.0 0.0 0.0 0.0 0.0 0.0 0.0 0.0 
474 0.0 0.0 0.0 0.0 0.0 0.0 0.0 0.0 0.0 0.0 0.0 0.0 0.0 0.0 0.0 0.0 0.0 0.0 0.0 0.0 0.0 
475 0.0 0.0 0.0 0.0 0.0 0.0 0.0 0.0 0.0 0.0 0.0 0.0 0.0 0.0 0.0 0.0 0.0 0.0 0.0 0.0 0.0 
476 0.0 0.0 0.0 0.0 0.0 0.0 0.0 0.0 0.0 0.0 0.0 0.0 0.0 0.0 0.0 0.0 0.0 0.0 0.0 0.0 0.0 
477 0.0 0.0 0.0 0.0 0.0 0.0 0.0 0.0 0.0 0.0 0.0 0.0 0.0 0.0 0.0 0.0 0.0 0.0 0.0 0.0 0.0 
478 0.0 0.0 0.0 0.0 0.0 0.0 0.0 0.0 0.0 0.0 0.0 0.0 0.0 0.0 0.0 0.0 0.0 0.0 0.0 0.0 0.0 
479 0.0 0.0 0.0 0.0 0.0 0.0 0.0 0.0 0.0 0.0 0.0 0.0 0.0 0.0 0.0 0.0 0.0 0.0 0.0 0.0 0.0 
480 0.0 0.0 0.0 0.0 0.0 0.0 0.0 0.0 0.0 0.0 0.0 0.0 0.0 0.0 0.0 0.0 0.0 0.0 0.0 0.0 0.0 
481 0.0 0.0 0.0 0.0 0.0 0.0 0.0 0.0 0.0 0.0 0.0 0.0 0.0 0.0 0.0 0.0 0.0 0.0 0.0 0.0 0.0 
482 0.0 0.0 0.0 0.0 0.0 0.0 0.0 0.0 0.0 0.0 0.0 0.0 0.0 0.0 0.0 0.0 0.0 0.0 0.0 0.0 0.0 
483 0.0 0.0 0.0 0.0 0.0 0.0 0.0 0.0 0.0 0.0 0.0 0.0 0.0 0.0 0.0 0.0 0.0 0.0 0.0 0.0 0.0 
484 0.0 0.0 0.0 0.0 0.0 0.0 0.0 0.0 0.0 0.0 0.0 0.0 0.0 0.0 0.0 0.0 0.0 0.0 0.0 0.0 0.0 
485 0.0 0.0 0.0 0.0 0.0 0.0 0.0 0.0 0.0 0.0 0.0 0.0 0.0 0.0 0.0 0.0 0.0 0.0 0.0 0.0 0.0 
486 0.0 0.0 0.0 0.0 0.0 0.0 0.0 0.0 0.0 0.0 0.0 0.0 0.0 0.0 0.0 0.0 0.0 0.0 0.0 0.0 0.0 
487 0.0 0.0 0.0 0.0 0.0 0.0 0.0 0.0 0.0 0.0 0.0 0.0 0.0 0.0 0.0 0.0 0.0 0.0 0.0 0.0 0.0 
488 0.0 0.0 0.0 0.0 0.0 0.0 0.0 0.0 0.0 0.0 0.0 0.0 0.0 0.0 0.0 0.0 0.0 0.0 0.0 0.0 0.0 
489 0.0 0.0 0.0 0.0 0.0 0.0 0.0 0.0 0.0 0.0 0.0 0.0 0.0 0.0 0.0 0.0 0.0 0.0 0.0 0.0 0.0 
490 0.0 0.0 0.0 0.0 0.0 0.0 0.0 0.0 0.0 0.0 0.0 0.0 0.0 0.0 0.0 0.0 0.0 0.0 0.0 0.0 0.0 
491 0.0 0.0 0.0 0.0 0.0 0.0 0.0 0.0 0.0 0.0 0.0 0.0 0.0 0.0 0.0 0.0 0.0 0.0 0.0 0.0 0.0 
492 0.0 0.0 0.0 0.0 0.0 0.0 0.0 0.0 0.0 0.0 0.0 0.0 0.0 0.0 0.0 0.0 0.0 0.0 0.0 0.0 0.0 
493 0.0 0.0 0.0 0.0 0.0 0.0 0.0 0.0 0.0 0.0 0.0 0.0 0.0 0.0 0.0 0.0 0.0 0.0 0.0 0.0 0.0 
494 0.0 0.0 0.0 0.0 0.0 0.0 0.0 0.0 0.0 0.0 0.0 0.0 0.0 0.0 0.0 0.0 0.0 0.0 0.0 0.0 0.0 
495 0.0 0.0 0.0 0.0 0.0 0.0 0.0 0.0 0.0 0.0 0.0 0.0 0.0 0.0 0.0 0.0 0.0 0.0 0.0 0.0 0.0 
496 0.0 0.0 0.0 0.0 0.0 0.0 0.0 0.0 0.0 0.0 0.0 0.0 0.0 0.0 0.0 0.0 0.0 0.0 0.0 0.0 0.0 
497 0.0 0.0 0.0 0.0 0.0 0.0 0.0 0.0 0.0 0.0 0.0 0.0 0.0 0.0 0.0 0.0 0.0 0.0 0.0 0.0 0.0 
498 0.0 0.0 0.0 0.0 0.0 0.0 0.0 0.0 0.0 0.0 0.0 0.0 0.0 0.0 0.0 0.0 0.0 0.0 0.0 0.0 0.0 
499 0.0 0.0 0.0 0.0 0.0 0.0 0.0 0.0 0.0 0.0 0.0 0.0 0.0 0.0 0.0 0.0 0.0 0.0 0.0 0.0 0.0 
