0 100.65 285.1 275.3 269.3 272.65 273.45 263.55 264.5 260.65 265.85 257.55 261.15 261.2 261.5 262.35 257.4 258.55 260.55 257.45 258.7 255.75 
1 0.05 573.8 544.3 540.0 528.15 532.5 531.55 524.35 526.95 521.55 522.8 532.4 524.65 518.75 529.35 524.9 513.25 516.8 518.2 526.4 520.4 
2 0.0 561.2 542.25 538.5 541.2 521.5 531.75 523.1 531.25 526.8 538.85 518.85 525.0 528.8 516.9 520.6 520.05 521.35 522.3 506.85 518.35 
3 0.0 549.75 538.8 540.45 528.8 534.7 523.6 525.8 527.35 528.0 522.6 520.45 529.15 520.6 517.9 517.05 520.1 516.4 507.5 515.1 514.45 
4 0.0 531.75 532.5 529.2 522.4 528.15 530.1 530.9 523.6 526.35 517.75 526.85 518.25 517.35 515.6 527.55 519.3 517.75 521.7 522.15 514.9 
5 0.0 518.9 533.05 518.15 527.8 525.25 530.25 525.15 525.05 527.05 519.65 513.65 519.85 518.25 518.7 518.7 522.15 518.9 524.4 514.65 510.15 
6 0.0 511.65 531.8 516.75 527.6 516.25 519.45 527.6 518.95 523.85 516.65 515.65 509.75 513.25 513.3 511.1 515.15 517.9 524.25 517.15 511.35 
7 0.0 501.9 511.4 531.05 517.0 521.05 522.0 521.85 516.15 510.95 523.55 515.3 517.85 522.3 523.2 512.05 522.3 513.95 507.75 516.7 523.6 
8 0.0 504.85 512.45 509.6 513.75 523.25 510.4 508.5 521.8 517.9 514.8 518.05 516.1 514.25 514.2 522.25 515.55 513.15 509.5 504.25 502.5 
9 0.0 498.0 503.2 519.05 511.4 513.05 508.45 518.75 518.0 515.9 510.75 511.05 508.45 504.9 515.85 522.55 514.15 516.6 515.25 512.65 523.15 
10 0.0 500.15 499.7 508.7 513.55 507.15 522.4 519.5 521.55 511.25 524.15 524.05 506.95 504.4 512.55 508.5 519.5 517.5 509.9 516.8 514.55 
11 0.0 499.75 507.7 504.9 502.15 515.55 513.4 510.5 512.35 510.1 507.75 510.15 511.75 517.9 508.55 508.5 515.35 503.75 516.8 513.6 512.15 
12 0.0 498.1 502.25 504.4 514.1 514.45 508.65 512.0 509.85 509.8 511.2 511.85 516.7 510.35 506.1 502.95 509.1 505.95 505.95 510.75 510.55 
13 0.0 499.15 498.6 505.35 496.55 504.55 503.0 517.6 509.8 509.85 520.6 510.0 497.2 512.05 513.05 514.4 503.15 513.05 509.9 511.4 505.45 
14 0.0 496.6 504.75 502.0 510.15 510.95 512.9 504.55 500.95 510.7 503.75 506.65 510.4 510.25 507.3 512.9 505.35 511.05 510.1 507.5 507.7 
15 0.0 507.65 502.15 501.6 511.65 501.95 513.2 503.45 505.9 512.6 504.35 507.2 511.7 509.05 508.6 504.5 502.0 503.6 506.95 510.9 510.7 
16 0.0 508.8 507.4 505.3 502.0 498.3 497.5 502.75 506.95 499.95 507.8 502.8 510.55 513.8 502.25 504.1 495.8 500.2 503.35 502.15 516.45 
17 0.0 494.25 502.0 494.5 510.5 503.05 504.1 500.35 499.9 508.0 500.8 509.35 499.6 498.9 507.0 492.55 498.75 497.95 502.8 511.6 510.65 
18 0.0 498.05 497.8 512.15 492.4 498.75 493.25 502.25 500.4 500.5 492.35 498.95 503.65 505.6 513.9 511.55 503.75 506.1 506.65 505.4 505.6 
19 0.0 505.85 498.4 497.45 510.35 508.0 499.9 506.85 504.7 502.7 501.85 510.15 513.4 506.45 494.8 497.0 508.35 516.3 513.45 503.4 502.7 
20 0.0 502.55 505.3 506.55 501.65 504.85 505.8 492.05 499.9 501.45 501.9 495.65 495.2 513.0 503.4 507.5 503.05 501.85 503.45 501.2 510.35 
21 0.0 500.75 489.3 494.6 501.95 499.75 501.05 496.6 500.3 499.3 505.05 506.55 509.25 500.65 508.4 509.85 510.75 506.1 496.65 505.55 501.1 
22 0.0 496.75 507.85 506.05 492.7 493.85 501.65 501.7 498.05 503.2 502.25 500.0 500.9 495.2 501.75 501.75 505.9 509.5 508.05 501.3 500.25 
23 0.0 501.0 503.2 493.25 494.5 500.25 498.7 500.7 501.8 499.15 506.2 502.8 510.65 508.15 501.9 500.4 504.85 505.4 508.3 506.05 501.35 
24 0.0 496.5 500.05 495.7 493.7 500.5 503.15 504.45 506.55 506.55 497.5 505.6 501.1 500.1 509.05 498.95 507.55 513.1 505.45 506.35 504.7 
25 0.0 494.65 492.05 501.25 497.5 498.65 493.95 502.9 509.8 510.9 504.85 500.9 500.65 492.95 501.15 514.8 512.9 507.65 506.55 504.85 499.3 
26 0.0 496.4 494.7 499.8 503.55 491.85 495.6 500.45 497.9 495.95 503.05 508.0 500.5 502.35 505.0 507.1 508.45 505.5 515.25 507.6 501.05 
27 0.0 504.75 505.1 502.7 491.7 494.55 495.65 497.25 498.75 495.05 502.1 493.1 506.15 506.8 496.65 497.85 504.1 495.0 497.55 505.65 509.7 
28 0.0 495.6 509.9 504.05 507.05 493.35 504.85 496.4 497.8 494.4 501.0 496.65 502.25 506.25 500.15 503.45 502.55 508.15 501.65 504.9 502.5 
29 0.0 507.0 497.85 500.85 504.0 507.45 504.55 499.1 499.9 502.15 499.1 496.65 501.8 502.7 505.35 505.0 500.15 495.5 501.2 505.8 506.75 
30 0.0 505.2 502.55 503.85 501.95 500.45 500.15 506.05 490.9 498.2 500.8 506.55 497.45 503.4 505.8 493.65 501.4 498.85 502.05 497.05 493.8 
31 0.0 501.65 493.85 494.05 502.6 500.65 503.6 502.4 501.2 496.85 489.9 506.7 497.85 507.4 502.85 493.75 494.45 507.3 497.55 507.4 502.6 
32 0.0 493.4 497.85 493.8 500.8 503.05 500.2 501.6 493.4 498.6 498.0 504.85 498.6 503.45 508.55 508.25 500.15 505.85 505.6 497.0 507.85 
33 0.0 502.05 494.4 492.35 494.2 506.65 508.35 495.9 500.95 501.2 501.55 498.7 501.05 498.7 498.2 503.0 497.55 496.4 503.8 495.15 503.35 
34 0.0 498.85 495.8 498.65 499.15 489.15 486.6 502.4 506.05 507.0 505.75 500.4 498.85 498.9 499.25 506.2 504.6 501.15 493.3 497.15 507.65 
35 0.0 493.8 501.4 492.25 492.25 494.45 496.75 498.1 507.05 495.8 500.15 493.65 502.75 497.3 501.15 506.25 505.15 509.7 500.4 507.1 503.35 
36 0.0 502.6 488.4 493.75 496.0 504.6 494.55 503.2 504.75 499.2 495.6 496.95 511.0 493.15 502.95 506.0 503.05 491.35 508.55 507.6 504.85 
37 0.0 498.55 496.35 497.15 509.05 505.15 499.05 497.45 496.95 497.0 504.05 498.35 506.5 502.0 497.3 497.05 500.2 500.1 506.3 499.3 494.75 
38 0.0 499.6 502.9 506.05 503.75 502.2 498.25 501.25 490.7 500.8 492.6 497.25 494.2 502.15 498.7 498.0 501.9 506.05 487.6 498.8 492.9 
39 0.0 505.85 502.4 501.7 492.1 495.85 502.45 492.5 496.5 499.05 510.4 496.95 500.95 512.15 490.95 493.4 495.25 498.05 510.85 503.15 501.0 
40 0.0 505.6 500.55 502.65 503.05 490.3 506.6 496.35 500.15 497.3 501.2 500.8 497.85 501.05 499.9 501.85 489.05 505.15 498.25 496.35 504.85 
41 0.0 469.9 505.0 501.15 492.6 513.1 496.4 495.15 501.45 499.15 495.1 507.2 500.7 493.8 499.05 501.3 499.65 495.45 492.3 498.3 495.45 
42 0.0 353.85 504.4 500.15 504.2 491.55 498.15 500.2 494.95 506.9 510.15 504.05 500.5 499.1 498.85 502.0 498.6 502.55 493.0 500.45 508.15 
43 0.0 182.9 499.95 495.3 496.35 496.1 498.4 503.55 503.65 500.1 501.9 497.1 496.65 507.45 503.8 494.5 503.3 494.55 496.3 511.9 497.1 
44 0.0 90.6 513.4 503.55 499.8 492.4 501.05 495.8 501.95 504.3 492.05 499.1 505.25 487.1 497.3 498.9 509.25 494.8 498.65 495.4 503.2 
45 0.0 56.85 498.85 509.55 501.55 501.15 501.4 501.25 502.35 498.8 492.25 507.7 499.05 495.65 505.3 504.8 502.4 503.0 506.85 495.5 495.85 
46 0.0 20.35 497.3 505.9 502.4 502.8 493.65 506.95 497.7 495.85 504.0 501.4 495.15 500.95 496.8 505.7 498.4 494.6 502.95 497.05 497.55 
47 0.0 2.15 497.0 492.4 504.45 500.55 511.45 499.8 502.25 496.5 500.6 498.75 498.75 497.65 502.3 493.2 494.5 503.05 501.8 500.5 489.55 
48 0.0 0.2 502.9 498.45 507.75 507.1 505.1 503.2 502.9 497.15 498.55 502.1 495.6 504.6 499.55 500.25 500.55 499.15 496.8 505.1 507.05 
49 0.0 0.0 493.65 499.4 496.7 499.95 502.95 503.8 500.55 494.5 494.0 496.45 503.7 502.9 503.55 494.95 500.35 500.9 497.3 496.5 499.6 
50 0.0 0.0 492.1 498.65 496.8 506.2 498.05 499.7 496.85 501.85 492.75 501.4 496.15 497.2 499.9 500.6 498.9 495.65 497.15 506.3 506.45 
51 0.0 0.0 499.55 498.95 500.05 505.8 498.7 495.25 489.85 502.95 498.5 503.45 503.25 502.85 495.35 500.4 497.4 497.7 497.7 500.75 505.05 
52 0.0 0.0 506.75 506.65 502.8 500.75 501.45 498.5 492.0 498.9 511.6 498.55 494.35 496.25 491.9 491.0 496.8 502.8 509.1 495.3 502.85 
53 0.0 0.0 503.6 503.75 496.35 500.4 496.65 501.1 494.9 506.3 507.1 494.65 501.3 495.3 503.75 504.25 498.95 495.45 506.8 497.5 504.75 
54 0.0 0.0 505.1 503.45 502.55 502.95 500.65 500.3 515.25 501.15 504.1 500.8 497.45 500.85 496.65 508.15 505.1 509.05 501.4 490.6 497.25 
55 0.0 0.0 501.6 499.8 502.7 502.4 494.8 501.15 508.2 501.9 499.9 499.25 491.15 495.8 496.55 494.9 496.4 501.05 492.6 503.35 492.4 
56 0.0 0.0 507.35 511.6 507.45 498.5 500.75 512.15 500.05 496.4 488.8 492.25 504.3 494.35 498.8 496.95 498.25 494.4 494.2 492.65 492.85 
57 0.0 0.0 497.25 488.25 495.9 505.6 501.65 501.1 495.55 498.35 511.75 487.9 490.1 496.7 498.1 498.85 492.55 494.35 497.2 496.4 492.1 
58 0.0 0.0 494.7 503.45 500.45 505.0 499.25 497.4 504.0 495.5 492.3 492.8 498.4 497.45 506.75 493.2 499.8 498.7 496.15 498.2 502.65 
59 0.0 0.0 505.8 495.35 500.6 495.15 513.5 491.15 507.9 500.55 491.65 497.75 501.55 500.15 501.4 496.1 502.15 502.6 504.9 510.55 498.75 
60 0.0 0.0 494.25 496.3 503.95 500.45 506.45 498.95 497.8 498.3 493.0 498.15 497.65 491.3 499.0 500.05 505.45 496.8 497.2 494.8 501.55 
61 0.0 0.0 499.9 495.4 495.3 507.7 493.1 507.15 493.25 498.75 491.75 501.15 493.45 503.6 495.9 499.3 502.2 503.1 504.4 503.5 493.65 
62 0.0 0.0 499.6 499.5 497.65 492.15 498.3 506.85 499.4 501.25 497.9 500.4 496.6 501.0 496.5 512.6 505.8 496.85 492.45 498.9 500.9 
63 0.0 0.0 493.45 498.8 493.6 499.75 499.3 495.55 503.95 500.75 505.65 507.1 508.05 506.4 493.4 495.15 503.85 508.1 497.2 500.25 502.35 
64 0.0 0.0 499.05 491.85 494.4 499.1 501.9 496.3 496.1 502.45 500.6 498.65 504.7 502.95 498.35 504.0 497.35 493.8 501.05 495.4 495.05 
65 0.0 0.0 507.4 503.75 507.4 498.05 497.1 502.4 502.3 505.65 511.2 511.7 511.55 505.2 504.2 509.85 495.0 494.0 503.4 497.9 500.25 
66 0.0 0.0 498.15 508.1 497.1 500.6 492.05 495.3 500.05 507.7 501.25 507.7 500.7 500.45 506.2 505.3 500.2 501.05 506.85 501.7 499.75 
67 0.0 0.0 502.85 502.1 500.05 488.05 493.7 500.55 503.0 495.8 505.5 499.5 500.3 497.7 507.85 503.05 506.05 508.65 502.15 497.3 503.55 
68 0.0 0.0 499.1 506.35 500.75 501.8 500.65 497.75 498.1 497.6 501.6 511.05 505.1 502.5 507.45 488.6 501.0 500.9 492.5 509.5 502.95 
69 0.0 0.0 500.25 499.0 506.5 497.0 505.05 500.1 486.9 499.45 502.0 495.55 501.85 499.7 492.0 498.05 495.4 505.05 496.5 499.85 500.2 
70 0.0 0.0 503.75 497.95 493.5 501.7 499.6 505.15 506.85 501.15 501.3 497.3 500.25 499.75 510.2 500.0 503.25 499.6 503.05 495.7 497.35 
71 0.0 0.0 497.65 504.9 501.35 500.55 509.05 502.7 502.1 504.3 501.95 500.85 498.6 508.15 504.25 502.35 500.1 507.9 507.85 497.0 507.2 
72 0.0 0.0 499.25 496.0 504.75 491.95 505.9 493.2 503.85 503.1 503.5 501.95 501.65 503.05 506.1 503.85 505.95 494.0 499.9 509.85 500.05 
73 0.0 0.0 503.5 504.05 503.2 509.45 495.65 509.25 508.5 499.85 498.4 508.25 502.45 499.0 504.05 502.25 491.9 502.2 503.7 506.95 502.85 
74 0.0 0.0 494.25 496.25 495.1 503.35 498.45 502.75 501.5 506.45 505.8 505.85 507.8 502.7 498.8 490.95 500.05 501.5 510.75 505.25 502.45 
75 0.0 0.0 495.75 497.45 489.2 504.75 497.95 499.15 500.55 502.05 509.6 495.3 503.1 503.75 485.8 504.4 492.45 502.65 498.15 498.25 506.1 
76 0.0 0.0 500.95 497.25 504.35 489.85 499.05 501.2 497.35 505.45 497.55 499.0 500.2 492.9 504.9 499.65 499.1 495.6 491.6 501.35 501.35 
77 0.0 0.0 501.5 503.9 505.3 494.95 496.9 495.4 499.85 498.95 504.55 493.0 496.5 503.8 497.65 498.4 505.45 499.8 498.35 488.85 498.15 
78 0.0 0.0 499.5 497.6 486.75 499.45 498.65 503.25 500.95 488.7 501.3 496.5 498.25 499.35 491.95 491.7 498.3 503.35 495.2 504.5 495.35 
79 0.0 0.0 489.55 495.9 503.45 505.1 500.55 485.25 490.8 489.5 493.0 495.5 501.15 499.95 503.85 497.1 501.85 498.9 507.3 504.9 496.95 
80 0.0 0.0 498.8 503.15 504.9 501.0 498.45 496.55 501.6 499.4 486.2 499.6 501.95 499.15 492.95 501.0 502.35 494.5 502.9 494.65 500.35 
81 0.0 0.0 509.65 496.5 498.95 497.25 494.0 503.15 494.15 497.55 505.3 508.75 502.7 494.8 496.05 505.9 500.95 494.8 486.05 498.95 507.2 
82 0.0 0.0 504.05 500.7 500.2 501.35 501.3 498.25 498.75 508.9 490.65 499.35 496.3 502.5 499.2 503.2 499.8 498.3 496.55 500.15 508.3 
83 0.0 0.0 450.95 499.0 500.5 497.55 500.0 496.95 500.05 507.2 498.35 500.45 499.3 498.85 501.7 497.0 495.05 496.9 501.65 498.05 494.25 
84 0.0 0.0 400.3 507.75 495.9 501.15 495.95 494.6 505.75 488.6 504.35 492.25 498.35 492.05 501.2 500.05 501.1 500.9 503.85 505.65 506.85 
85 0.0 0.0 315.1 501.5 499.25 506.65 507.45 503.95 494.75 502.2 500.1 487.45 495.4 501.85 498.75 498.4 491.6 503.15 498.35 501.95 491.7 
86 0.0 0.0 253.2 498.8 499.25 489.0 492.05 506.05 506.65 493.1 500.95 502.95 490.9 491.45 493.45 495.65 502.45 497.55 505.0 496.0 498.85 
87 0.0 0.0 199.8 499.9 504.4 496.45 502.95 488.65 494.15 490.2 501.45 498.85 497.7 505.15 503.7 495.25 494.3 502.5 498.35 497.2 490.5 
88 0.0 0.0 140.25 494.15 506.9 501.3 501.2 504.3 493.35 508.25 496.4 507.3 503.3 492.05 500.25 497.55 490.15 503.45 502.95 498.9 498.6 
89 0.0 0.0 95.5 500.0 499.3 505.2 498.6 499.05 497.1 503.4 498.6 504.05 498.05 497.3 498.55 498.5 504.55 495.0 498.55 498.65 501.9 
90 0.0 0.0 42.2 502.8 504.85 502.1 503.5 500.15 505.45 496.85 503.6 501.65 506.1 509.65 497.4 492.05 502.25 493.3 503.35 500.7 495.15 
91 0.0 0.0 25.9 500.6 505.95 506.75 497.0 497.3 495.25 502.05 490.65 497.85 501.55 504.05 503.65 499.85 491.9 500.3 490.45 499.95 497.1 
92 0.0 0.0 11.15 499.0 501.15 506.5 500.3 497.45 498.25 500.1 501.75 499.85 498.05 499.85 505.4 505.0 499.55 497.1 504.45 502.55 502.8 
93 0.0 0.0 0.75 506.75 491.5 496.75 495.95 496.9 501.2 492.95 502.5 491.25 491.05 504.7 498.25 498.05 498.95 507.95 496.0 496.95 499.85 
94 0.0 0.0 0.25 494.6 497.55 491.4 496.55 495.65 499.4 495.05 499.2 497.0 499.8 495.85 504.95 504.9 508.95 492.45 501.7 500.25 501.6 
95 0.0 0.0 0.0 499.25 505.85 503.8 503.9 493.25 494.25 501.55 506.25 500.9 494.75 493.6 495.25 501.7 513.2 509.65 503.1 504.55 495.65 
96 0.0 0.0 0.0 504.05 491.75 490.3 493.3 504.7 501.1 496.85 493.3 499.8 498.3 503.55 496.2 503.3 499.35 501.75 502.7 496.55 495.1 
97 0.0 0.0 0.0 507.6 498.85 502.95 499.45 497.7 498.35 494.75 494.35 505.25 504.4 502.95 503.9 505.0 502.8 496.45 497.9 498.7 502.2 
98 0.0 0.0 0.0 491.4 505.9 498.6 500.1 508.4 502.25 498.45 495.15 497.05 509.65 499.15 509.1 499.05 494.35 501.2 495.95 498.75 508.0 
99 0.0 0.0 0.0 496.05 493.5 503.6 506.05 499.1 507.2 500.2 505.05 503.3 506.3 496.85 498.85 494.15 509.25 500.95 506.25 508.75 501.95 
100 0.0 0.0 0.0 492.0 495.45 494.0 506.75 499.0 497.1 515.55 500.3 505.85 493.5 502.45 500.1 498.0 502.05 500.2 502.4 500.8 505.65 
101 0.0 0.0 0.0 500.65 491.2 493.85 502.2 500.95 497.95 505.55 502.0 500.6 502.8 507.85 497.95 505.0 501.6 498.2 500.55 498.65 500.7 
102 0.0 0.0 0.0 502.4 503.45 496.75 496.7 500.0 508.35 501.3 509.35 498.25 500.2 512.35 506.05 493.6 493.75 507.0 501.4 505.6 500.55 
103 0.0 0.0 0.0 507.5 501.8 498.9 497.95 502.05 505.95 497.15 504.05 501.9 498.15 509.2 506.65 509.9 510.35 508.9 501.4 499.9 500.7 
104 0.0 0.0 0.0 500.95 500.25 496.6 491.7 503.65 491.8 506.55 502.65 505.85 506.2 494.25 499.85 514.05 502.15 504.2 492.95 505.55 495.5 
105 0.0 0.0 0.0 498.55 504.45 495.4 502.1 495.15 503.1 497.2 505.05 499.8 501.45 504.3 507.6 503.9 507.1 502.3 503.75 498.95 496.4 
106 0.0 0.0 0.0 502.2 499.1 515.9 502.7 495.75 500.9 496.05 497.2 504.1 501.75 503.75 508.2 507.1 492.95 497.8 504.8 503.0 510.5 
107 0.0 0.0 0.0 492.5 494.95 499.5 496.3 502.25 496.0 505.0 489.7 498.05 505.75 492.0 494.7 495.8 495.4 500.5 503.4 494.3 503.85 
108 0.0 0.0 0.0 500.75 504.1 498.55 501.5 493.85 497.0 502.35 501.65 496.65 503.15 503.25 503.65 504.6 498.6 498.55 502.65 507.15 504.15 
109 0.0 0.0 0.0 504.6 502.9 504.1 499.4 508.8 510.1 501.5 504.25 511.75 496.55 496.65 497.9 494.65 499.75 500.55 497.05 500.25 494.3 
110 0.0 0.0 0.0 506.15 495.15 503.35 497.75 504.95 499.0 498.1 503.95 497.7 500.3 498.3 488.8 499.2 494.2 500.55 502.35 496.55 500.9 
111 0.0 0.0 0.0 494.55 511.35 500.95 497.65 499.6 498.15 498.85 500.95 504.3 494.8 496.7 508.2 505.4 499.35 500.15 506.85 497.95 494.4 
112 0.0 0.0 0.0 505.15 502.8 502.55 510.25 501.45 508.25 501.35 496.0 494.3 501.0 500.75 498.55 497.3 507.6 488.15 499.6 498.25 504.35 
113 0.0 0.0 0.0 505.05 496.8 495.0 499.45 502.7 494.85 499.95 502.85 498.6 501.8 496.9 497.7 498.7 501.95 507.75 503.5 506.2 496.65 
114 0.0 0.0 0.0 491.5 498.25 498.85 502.9 498.2 507.7 506.25 502.05 501.15 502.4 495.95 497.25 501.85 502.0 492.5 496.55 495.05 508.1 
115 0.0 0.0 0.0 491.5 502.45 503.4 503.1 503.5 501.5 499.65 495.55 498.75 492.9 511.85 492.2 498.35 499.4 508.05 492.95 492.95 502.0 
116 0.0 0.0 0.0 500.2 505.1 506.05 504.3 504.15 498.05 494.3 493.45 489.7 502.9 499.25 496.1 495.15 503.05 502.15 493.75 498.55 485.05 
117 0.0 0.0 0.0 497.85 501.35 495.55 499.85 499.1 505.2 493.6 500.65 500.6 505.3 490.65 496.4 501.05 493.5 495.85 500.7 498.35 497.75 
118 0.0 0.0 0.0 506.6 497.85 510.45 490.65 510.6 485.85 508.0 501.35 500.0 491.8 496.45 494.95 494.95 496.5 498.35 491.1 492.4 501.05 
119 0.0 0.0 0.0 501.7 496.3 494.1 505.0 498.2 498.7 500.45 504.85 500.4 494.6 498.65 493.5 489.7 494.25 493.15 505.7 501.6 499.3 
120 0.0 0.0 0.0 506.05 500.05 498.7 491.0 494.95 497.9 493.9 494.75 497.1 498.9 490.55 497.2 496.25 504.55 487.2 500.5 502.15 496.55 
121 0.0 0.0 0.0 496.3 493.55 500.7 502.35 490.7 504.95 497.5 494.15 501.65 491.7 497.5 503.35 490.9 493.05 503.15 491.85 503.95 495.3 
122 0.0 0.0 0.0 495.65 503.3 493.75 507.45 502.45 497.5 502.3 504.7 508.15 505.05 507.85 501.9 496.0 491.5 489.65 498.4 496.0 499.15 
123 0.0 0.0 0.0 478.2 503.75 496.6 496.25 503.5 497.45 502.6 505.7 504.45 500.65 500.35 499.45 498.3 501.5 502.05 495.05 508.15 502.15 
124 0.0 0.0 0.0 477.3 496.5 501.4 492.65 497.95 496.7 499.95 510.1 498.45 491.45 493.5 501.25 504.25 499.45 505.8 506.2 495.4 492.1 
125 0.0 0.0 0.0 431.2 500.1 500.5 499.05 499.65 509.0 500.6 495.2 503.65 506.0 501.25 502.5 509.75 498.55 498.2 502.7 498.65 514.25 
126 0.0 0.0 0.0 407.15 503.0 497.8 495.85 496.85 490.65 500.5 492.6 496.25 503.35 504.85 494.25 507.15 511.3 506.55 492.0 500.45 489.6 
127 0.0 0.0 0.0 386.45 497.8 506.25 502.65 490.1 502.5 503.35 504.4 497.4 499.9 496.8 510.8 498.55 503.7 497.85 509.35 503.3 502.6 
128 0.0 0.0 0.0 318.65 488.55 492.45 502.05 500.3 484.4 496.5 496.05 504.85 498.15 508.8 505.65 501.8 506.35 506.5 502.5 500.45 504.85 
129 0.0 0.0 0.0 300.3 502.95 497.6 501.8 489.55 501.2 501.0 500.0 498.05 508.95 502.7 500.7 510.15 507.05 497.65 503.95 494.3 503.7 
130 0.0 0.0 0.0 223.55 505.65 498.6 507.55 508.85 508.5 480.9 491.8 492.9 507.25 501.55 500.8 498.3 500.2 509.65 503.55 504.9 499.65 
131 0.0 0.0 0.0 110.9 500.65 508.7 499.5 501.35 496.05 502.0 495.75 507.55 502.1 496.95 503.7 499.3 500.5 505.05 503.15 503.65 499.2 
132 0.0 0.0 0.0 81.6 501.7 502.3 498.05 506.1 502.5 495.45 503.4 495.0 499.7 504.95 505.85 495.7 504.2 498.45 500.8 499.2 506.1 
133 0.0 0.0 0.0 55.15 504.45 507.55 498.85 502.65 501.15 501.65 491.4 495.7 497.15 497.2 509.1 509.2 505.7 507.2 493.25 491.85 496.8 
134 0.0 0.0 0.0 49.3 496.1 495.95 497.85 497.45 516.7 497.45 509.05 504.75 498.6 497.9 496.15 507.55 494.4 500.55 504.55 510.5 504.95 
135 0.0 0.0 0.0 16.1 494.0 499.35 500.15 504.0 502.1 514.85 509.5 492.05 498.25 506.15 490.4 506.6 500.2 495.15 504.35 502.0 496.2 
136 0.0 0.0 0.0 1.0 502.65 493.9 498.7 496.0 498.35 510.3 500.75 492.15 497.85 497.4 498.75 490.35 503.85 502.75 499.9 501.7 506.8 
137 0.0 0.0 0.0 0.0 502.5 496.8 507.45 497.6 501.5 496.9 505.25 502.15 502.65 499.15 493.6 495.45 502.2 495.7 501.25 505.8 506.55 
138 0.0 0.0 0.0 0.0 491.45 499.45 500.3 499.75 499.0 493.95 490.05 501.95 503.25 506.7 507.1 499.55 498.05 506.5 497.75 503.45 503.05 
139 0.0 0.0 0.0 0.0 504.4 494.85 499.6 500.2 497.75 505.3 493.5 502.6 492.65 500.2 497.0 506.05 500.4 503.5 504.9 504.2 505.8 
140 0.0 0.0 0.0 0.0 498.3 502.05 496.3 507.5 500.9 497.1 499.8 500.5 497.8 500.75 504.95 497.95 501.65 502.15 505.3 505.0 506.85 
141 0.0 0.0 0.0 0.0 505.4 504.3 499.85 505.4 495.65 500.7 497.8 503.8 506.2 495.15 498.55 503.25 495.45 496.5 497.6 509.6 491.9 
142 0.0 0.0 0.0 0.0 502.85 497.75 498.65 497.3 507.15 497.9 506.3 493.65 495.45 501.2 500.35 496.4 494.25 501.3 500.6 494.85 512.2 
143 0.0 0.0 0.0 0.0 495.55 507.7 509.9 500.15 491.1 498.1 506.25 496.95 493.8 494.2 503.4 494.95 500.55 497.4 490.1 497.25 497.95 
144 0.0 0.0 0.0 0.0 495.75 501.35 500.45 491.85 496.65 496.95 495.95 506.15 493.0 495.5 491.15 491.95 496.3 493.05 498.5 490.45 497.7 
145 0.0 0.0 0.0 0.0 505.4 495.8 502.0 499.8 504.15 497.8 494.05 499.0 501.5 492.9 494.75 501.8 492.65 499.95 501.1 499.85 490.3 
146 0.0 0.0 0.0 0.0 498.8 505.35 491.35 504.35 498.1 497.4 503.25 499.3 493.0 500.5 492.3 492.55 496.15 501.15 501.5 499.65 501.6 
147 0.0 0.0 0.0 0.0 502.8 493.0 494.8 505.6 498.45 503.3 498.75 494.2 503.1 504.25 499.55 499.75 500.55 490.5 499.05 497.65 500.2 
148 0.0 0.0 0.0 0.0 490.35 497.3 503.8 500.4 501.5 495.15 499.4 498.25 504.9 502.35 491.4 502.0 508.65 500.9 501.15 500.95 498.35 
149 0.0 0.0 0.0 0.0 501.7 500.0 491.85 500.9 496.95 501.95 497.9 500.1 497.8 497.55 511.2 507.15 501.15 506.55 498.8 503.9 494.25 
150 0.0 0.0 0.0 0.0 502.0 501.2 494.35 499.1 501.15 502.8 494.3 498.35 501.75 497.75 502.05 504.0 502.8 503.8 495.35 500.15 491.6 
151 0.0 0.0 0.0 0.0 496.25 491.65 504.85 501.8 503.15 504.15 504.35 502.7 497.95 507.85 502.3 509.1 500.75 499.8 502.85 491.0 503.85 
152 0.0 0.0 0.0 0.0 497.8 502.3 500.25 502.6 508.95 500.75 495.45 505.65 502.1 497.6 503.95 506.4 509.8 504.05 495.7 495.8 496.5 
153 0.0 0.0 0.0 0.0 505.65 502.25 507.35 500.75 491.75 496.05 507.55 495.9 506.7 503.9 501.75 495.15 494.1 501.05 502.4 496.65 505.25 
154 0.0 0.0 0.0 0.0 505.85 506.65 501.0 497.35 497.4 500.7 506.55 501.0 499.1 494.75 505.0 496.45 499.0 503.5 500.05 494.5 501.75 
155 0.0 0.0 0.0 0.0 500.45 498.3 499.15 500.95 498.8 504.25 495.35 508.6 505.45 506.7 498.5 498.9 502.2 497.0 496.25 502.55 499.2 
156 0.0 0.0 0.0 0.0 508.75 499.1 501.8 491.95 494.05 499.15 502.8 509.0 496.2 498.95 503.9 499.35 497.85 505.35 502.65 507.0 508.55 
157 0.0 0.0 0.0 0.0 494.95 509.65 505.3 511.5 497.3 501.15 499.35 499.3 503.45 499.6 497.75 502.05 498.45 499.45 506.6 503.6 499.7 
158 0.0 0.0 0.0 0.0 494.75 499.65 507.1 496.6 492.6 494.85 507.8 498.35 511.95 502.9 495.8 509.05 499.95 505.65 505.55 506.9 495.55 
159 0.0 0.0 0.0 0.0 499.15 498.75 493.05 498.35 506.25 504.55 497.85 506.1 499.6 490.55 499.4 501.7 500.15 493.4 501.1 494.6 494.1 
160 0.0 0.0 0.0 0.0 500.0 493.4 498.2 499.0 499.35 501.25 491.65 494.55 497.6 505.15 502.75 498.8 503.4 494.0 500.7 498.6 499.65 
161 0.0 0.0 0.0 0.0 497.7 498.1 495.85 504.1 498.25 496.2 506.6 510.15 502.65 505.7 501.35 493.5 504.2 499.9 502.95 498.65 503.75 
162 0.0 0.0 0.0 0.0 504.65 504.2 498.8 495.85 501.3 502.0 500.5 498.85 501.35 501.95 496.3 488.4 498.25 498.35 492.25 501.0 497.55 
163 0.0 0.0 0.0 0.0 496.6 509.6 494.6 497.65 509.7 503.85 499.55 498.6 499.45 503.35 501.15 512.8 492.8 501.3 501.95 495.8 498.7 
164 0.0 0.0 0.0 0.0 495.15 501.55 505.75 500.25 507.05 495.8 496.35 503.15 500.0 496.1 499.25 492.75 497.45 499.55 506.95 491.75 492.25 
165 0.0 0.0 0.0 0.0 481.7 497.95 500.95 505.55 501.6 502.35 506.75 504.5 498.8 499.05 497.65 495.75 496.05 500.3 490.8 503.9 500.5 
166 0.0 0.0 0.0 0.0 480.5 503.35 505.05 503.75 500.95 504.8 500.2 494.35 495.85 492.75 498.35 489.0 497.2 496.75 495.7 497.9 499.25 
167 0.0 0.0 0.0 0.0 457.45 493.2 503.1 496.85 499.65 505.9 498.35 497.5 498.1 495.75 498.2 500.15 493.25 497.35 488.25 495.95 505.15 
168 0.0 0.0 0.0 0.0 432.3 503.15 499.9 498.85 508.8 494.35 498.85 500.8 499.25 503.4 506.4 503.2 494.1 490.7 499.7 497.55 497.6 
169 0.0 0.0 0.0 0.0 387.65 495.05 496.45 492.4 496.8 502.15 498.25 497.75 503.25 499.1 494.4 500.35 500.65 490.6 499.8 499.55 491.9 
170 0.0 0.0 0.0 0.0 354.75 500.8 499.65 501.2 502.4 500.3 504.0 493.15 498.5 507.7 498.25 498.05 505.2 497.65 501.8 503.05 499.3 
171 0.0 0.0 0.0 0.0 303.95 493.55 502.05 498.1 501.3 502.7 503.65 498.25 494.7 497.15 500.0 494.55 501.8 500.25 495.6 490.6 494.5 
172 0.0 0.0 0.0 0.0 246.6 500.85 503.4 503.0 494.45 501.3 499.65 507.55 494.7 504.35 496.55 498.35 492.15 507.55 494.8 498.05 498.35 
173 0.0 0.0 0.0 0.0 198.05 513.7 505.2 505.75 499.35 502.2 496.1 503.95 501.3 496.4 494.4 498.75 496.4 496.65 502.7 511.75 515.3 
174 0.0 0.0 0.0 0.0 152.5 499.1 496.7 497.15 495.2 503.55 493.85 490.25 498.7 491.0 494.05 503.85 504.9 501.9 501.45 501.1 502.7 
175 0.0 0.0 0.0 0.0 80.45 495.5 496.45 496.25 499.6 491.05 495.5 497.65 503.75 493.35 505.75 500.45 495.75 499.7 511.3 499.65 497.6 
176 0.0 0.0 0.0 0.0 55.35 506.0 498.25 501.4 496.35 496.15 501.9 497.55 497.25 502.8 499.6 505.45 510.15 507.65 503.0 497.4 496.65 
177 0.0 0.0 0.0 0.0 51.8 499.15 500.4 498.75 497.05 499.6 505.1 497.0 491.85 495.45 501.75 502.15 499.95 503.3 498.75 503.3 501.1 
178 0.0 0.0 0.0 0.0 48.95 494.45 494.4 493.45 497.3 500.5 501.15 498.5 503.25 496.1 496.25 499.3 500.45 501.0 498.6 499.4 503.4 
179 0.0 0.0 0.0 0.0 36.4 504.4 500.7 492.55 499.95 493.1 492.0 488.65 495.05 498.25 501.15 504.7 502.7 499.9 505.0 500.0 497.65 
180 0.0 0.0 0.0 0.0 5.85 499.65 500.6 499.6 502.5 498.8 498.25 494.65 493.5 498.15 502.1 502.35 501.1 500.6 491.45 503.7 498.25 
181 0.0 0.0 0.0 0.0 1.1 491.6 511.9 508.15 495.85 496.9 497.2 499.85 496.1 498.5 499.95 495.65 510.7 496.5 492.05 497.95 505.05 
182 0.0 0.0 0.0 0.0 0.05 503.25 491.5 499.2 501.15 504.3 504.25 502.5 499.35 501.55 504.0 491.15 502.3 492.25 506.7 494.15 486.25 
183 0.0 0.0 0.0 0.0 0.0 488.65 502.2 500.25 497.1 497.1 499.1 499.2 510.95 500.4 488.7 494.95 487.3 492.25 500.25 501.1 495.95 
184 0.0 0.0 0.0 0.0 0.0 493.75 501.15 502.35 508.45 500.55 496.0 501.8 501.9 500.9 503.45 498.2 495.8 505.2 500.05 498.35 503.8 
185 0.0 0.0 0.0 0.0 0.0 506.1 502.05 503.8 501.55 495.25 494.7 509.3 499.75 502.7 503.3 502.95 491.6 497.5 492.3 507.9 505.4 
186 0.0 0.0 0.0 0.0 0.0 504.05 492.45 504.45 497.25 498.1 509.3 500.4 502.15 507.95 497.05 500.8 495.85 496.85 494.75 496.65 503.4 
187 0.0 0.0 0.0 0.0 0.0 501.75 495.35 497.2 494.45 505.8 501.8 497.85 494.05 494.9 492.3 496.55 496.7 504.65 502.8 489.75 495.65 
188 0.0 0.0 0.0 0.0 0.0 496.0 492.55 494.9 499.6 500.1 499.1 498.85 505.15 493.55 498.05 496.35 505.05 493.2 498.65 498.55 509.85 
189 0.0 0.0 0.0 0.0 0.0 505.6 498.45 497.65 495.9 501.9 501.0 496.5 490.3 496.05 501.85 509.45 511.4 493.4 484.35 505.2 495.35 
190 0.0 0.0 0.0 0.0 0.0 500.95 494.85 501.2 503.25 495.9 489.6 499.5 500.05 494.9 504.8 491.3 501.9 505.0 506.8 500.25 494.7 
191 0.0 0.0 0.0 0.0 0.0 492.0 504.6 491.5 504.15 496.95 496.9 493.45 501.2 504.75 497.3 498.5 498.75 495.35 503.65 494.55 495.7 
192 0.0 0.0 0.0 0.0 0.0 501.85 514.3 507.55 493.15 495.6 504.45 496.9 499.1 504.5 500.7 505.9 502.6 507.75 501.5 497.9 495.8 
193 0.0 0.0 0.0 0.0 0.0 501.75 501.25 500.1 497.2 504.6 498.4 495.2 497.0 492.7 498.15 500.35 493.9 503.5 496.7 496.25 490.85 
194 0.0 0.0 0.0 0.0 0.0 499.55 501.0 501.5 499.45 501.3 504.4 494.5 497.4 498.3 510.25 500.8 491.15 501.55 497.4 496.95 498.95 
195 0.0 0.0 0.0 0.0 0.0 501.25 500.2 501.0 502.35 494.35 498.95 500.4 498.15 504.45 500.15 500.05 497.55 501.45 497.65 499.65 499.05 
196 0.0 0.0 0.0 0.0 0.0 506.15 494.4 508.15 502.55 502.7 494.75 506.25 500.7 503.2 501.2 502.85 500.4 494.75 501.2 501.3 502.8 
197 0.0 0.0 0.0 0.0 0.0 495.65 499.4 495.6 495.45 497.25 497.7 503.8 504.15 497.2 495.85 501.35 501.7 490.3 506.55 495.0 499.65 
198 0.0 0.0 0.0 0.0 0.0 492.8 495.45 497.75 502.05 502.45 496.35 507.6 500.85 501.4 497.5 493.0 503.65 504.4 501.15 505.55 498.6 
199 0.0 0.0 0.0 0.0 0.0 508.0 501.2 501.9 507.95 501.4 506.95 506.6 497.0 502.15 494.85 500.35 502.0 499.25 499.55 498.5 509.55 
200 0.0 0.0 0.0 0.0 0.0 504.6 505.7 499.65 502.4 502.4 510.1 493.25 510.3 504.4 499.0 501.55 498.55 506.7 505.95 499.75 500.0 
201 0.0 0.0 0.0 0.0 0.0 497.2 502.4 501.4 494.3 502.5 505.45 497.85 500.5 502.6 510.75 498.5 499.55 501.8 503.95 508.2 499.35 
202 0.0 0.0 0.0 0.0 0.0 497.5 503.8 499.9 501.4 507.5 498.75 503.2 503.15 501.3 500.8 495.3 498.15 499.05 492.3 508.35 505.9 
203 0.0 0.0 0.0 0.0 0.0 506.25 496.65 501.55 492.7 494.6 499.15 505.6 499.35 499.8 503.35 501.75 505.1 500.0 495.5 500.45 503.85 
204 0.0 0.0 0.0 0.0 0.0 493.45 503.7 496.65 510.0 502.9 502.25 503.85 503.85 509.65 498.25 498.9 499.25 502.85 512.8 499.05 500.35 
205 0.0 0.0 0.0 0.0 0.0 505.1 502.85 503.1 499.95 501.05 494.6 501.6 496.1 497.6 498.7 499.75 498.2 499.6 501.4 500.3 502.65 
206 0.0 0.0 0.0 0.0 0.0 493.45 502.55 501.8 500.4 501.9 496.1 495.2 496.0 504.2 503.85 510.45 502.2 500.9 494.1 498.65 488.1 
207 0.0 0.0 0.0 0.0 0.0 502.5 497.0 496.15 501.9 491.8 499.9 502.9 499.05 501.85 494.4 506.5 503.5 502.25 498.25 501.35 499.55 
208 0.0 0.0 0.0 0.0 0.0 495.3 494.0 497.4 506.75 503.0 501.55 505.5 500.8 500.7 498.85 501.2 497.25 491.95 492.35 497.5 496.05 
209 0.0 0.0 0.0 0.0 0.0 457.65 504.05 503.05 505.15 507.15 504.3 496.7 503.25 507.05 505.0 494.5 502.55 498.7 502.7 491.5 502.9 
210 0.0 0.0 0.0 0.0 0.0 446.25 497.4 503.05 493.2 496.65 500.05 504.95 506.85 503.95 504.1 498.55 491.75 500.85 500.0 502.8 500.05 
211 0.0 0.0 0.0 0.0 0.0 402.85 499.1 501.6 499.35 493.0 503.15 502.5 503.2 492.1 506.3 505.7 499.35 501.5 490.15 501.4 499.8 
212 0.0 0.0 0.0 0.0 0.0 348.1 503.75 493.65 497.75 497.95 507.25 503.75 508.45 501.75 497.5 496.9 504.7 509.1 503.85 504.9 499.7 
213 0.0 0.0 0.0 0.0 0.0 313.7 489.15 497.9 495.05 488.15 499.0 498.65 498.7 496.2 501.4 497.7 494.6 500.65 500.75 501.6 508.45 
214 0.0 0.0 0.0 0.0 0.0 278.7 501.6 494.7 497.9 499.1 496.1 497.7 500.8 500.7 500.7 502.1 497.8 504.0 508.85 498.85 500.45 
215 0.0 0.0 0.0 0.0 0.0 239.4 498.7 501.75 500.4 495.45 500.0 511.95 499.4 501.25 494.05 502.15 504.5 499.85 505.35 507.95 508.0 
216 0.0 0.0 0.0 0.0 0.0 190.4 504.3 496.95 504.9 505.15 494.65 495.85 499.05 494.65 503.15 498.95 502.6 497.65 498.9 508.05 499.3 
217 0.0 0.0 0.0 0.0 0.0 136.05 508.35 502.35 501.4 507.6 501.85 495.25 497.3 497.75 494.75 495.25 497.55 502.05 498.95 500.25 499.65 
218 0.0 0.0 0.0 0.0 0.0 93.9 504.3 502.2 498.75 502.95 502.5 487.2 498.25 503.0 502.3 498.95 499.35 495.65 507.25 491.85 486.9 
219 0.0 0.0 0.0 0.0 0.0 59.15 502.0 506.9 504.75 503.15 493.55 504.05 506.4 501.65 503.6 499.45 506.6 500.0 505.8 496.9 496.0 
220 0.0 0.0 0.0 0.0 0.0 52.4 498.25 503.2 497.0 503.25 500.6 498.0 505.3 500.35 497.7 506.5 507.0 510.5 496.05 497.05 505.0 
221 0.0 0.0 0.0 0.0 0.0 32.4 505.9 502.9 508.7 499.85 502.05 502.0 498.05 499.55 505.2 490.15 500.7 495.0 498.9 498.4 499.4 
222 0.0 0.0 0.0 0.0 0.0 25.15 493.3 506.5 497.6 503.05 499.6 501.85 496.85 505.65 493.05 511.2 503.6 508.45 497.25 504.75 496.4 
223 0.0 0.0 0.0 0.0 0.0 26.05 504.05 503.2 499.35 501.65 499.75 495.65 498.6 495.55 509.95 501.25 497.1 497.9 495.95 495.8 497.5 
224 0.0 0.0 0.0 0.0 0.0 8.95 491.25 495.85 505.3 501.85 497.9 506.8 501.1 493.15 490.35 503.45 496.85 490.75 494.5 491.75 503.0 
225 0.0 0.0 0.0 0.0 0.0 0.75 499.4 497.6 506.85 495.35 508.8 503.45 498.85 514.05 505.35 490.35 494.95 493.35 496.9 497.85 493.85 
226 0.0 0.0 0.0 0.0 0.0 0.0 499.45 493.45 494.35 499.85 500.0 497.85 503.05 500.45 503.35 499.15 498.1 501.05 509.25 498.4 503.9 
227 0.0 0.0 0.0 0.0 0.0 0.0 504.95 495.6 501.6 505.35 501.35 502.4 501.55 495.55 489.1 497.55 500.2 507.7 497.9 505.7 509.05 
228 0.0 0.0 0.0 0.0 0.0 0.0 494.3 507.5 493.15 493.1 495.45 497.1 493.6 494.5 494.85 502.7 505.7 500.05 502.95 502.95 495.45 
229 0.0 0.0 0.0 0.0 0.0 0.0 499.8 509.45 504.65 497.5 501.55 500.75 491.4 493.45 499.8 499.3 498.65 494.05 493.15 497.65 505.0 
230 0.0 0.0 0.0 0.0 0.0 0.0 498.9 486.4 495.0 503.55 492.3 499.35 499.15 490.65 499.25 507.7 507.75 499.25 507.0 500.8 500.35 
231 0.0 0.0 0.0 0.0 0.0 0.0 503.1 496.45 491.9 490.65 506.1 495.85 503.5 499.8 500.3 502.4 505.75 496.5 497.6 495.45 497.05 
232 0.0 0.0 0.0 0.0 0.0 0.0 490.75 498.65 500.4 503.85 499.1 501.8 492.4 496.35 500.9 494.5 492.05 503.65 496.9 497.4 497.9 
233 0.0 0.0 0.0 0.0 0.0 0.0 505.45 498.5 498.45 495.3 495.2 496.4 495.85 498.95 495.35 494.65 499.7 508.35 498.5 498.55 490.9 
234 0.0 0.0 0.0 0.0 0.0 0.0 501.45 499.65 505.1 506.65 501.15 496.9 504.7 498.6 495.65 490.5 498.15 501.45 499.5 502.95 495.7 
235 0.0 0.0 0.0 0.0 0.0 0.0 500.8 491.5 492.9 493.45 498.45 500.05 499.45 502.85 503.9 492.75 487.65 489.15 495.55 494.95 491.75 
236 0.0 0.0 0.0 0.0 0.0 0.0 507.3 510.6 498.2 499.5 500.85 500.75 501.35 501.8 506.7 500.7 490.65 496.2 500.8 494.0 505.95 
237 0.0 0.0 0.0 0.0 0.0 0.0 498.55 499.0 497.05 497.8 497.7 506.05 506.4 499.4 502.8 504.2 508.7 489.5 494.5 504.25 501.6 
238 0.0 0.0 0.0 0.0 0.0 0.0 492.8 510.1 499.2 498.1 501.55 490.65 492.0 509.7 493.05 500.3 501.75 494.95 499.9 499.55 503.0 
239 0.0 0.0 0.0 0.0 0.0 0.0 498.35 495.5 507.2 498.9 493.85 505.25 502.25 500.85 503.45 502.6 495.6 498.5 499.95 511.85 495.2 
240 0.0 0.0 0.0 0.0 0.0 0.0 500.4 493.75 494.8 501.25 506.7 493.65 491.35 505.85 498.65 503.5 505.55 504.75 504.4 500.15 503.45 
241 0.0 0.0 0.0 0.0 0.0 0.0 498.0 505.65 502.0 510.95 500.95 499.2 512.1 493.95 504.45 506.1 502.7 501.4 501.15 499.55 500.8 
242 0.0 0.0 0.0 0.0 0.0 0.0 503.45 503.8 500.0 496.2 487.95 499.85 495.2 504.2 502.95 503.0 497.85 505.7 507.3 499.65 511.3 
243 0.0 0.0 0.0 0.0 0.0 0.0 502.2 493.35 501.4 500.75 505.95 497.7 507.35 498.55 508.55 500.55 504.45 506.55 505.8 503.4 504.4 
244 0.0 0.0 0.0 0.0 0.0 0.0 496.85 498.0 494.95 505.0 507.65 502.8 504.2 495.6 496.75 503.15 502.1 506.3 503.2 503.15 504.1 
245 0.0 0.0 0.0 0.0 0.0 0.0 495.15 497.5 502.25 501.35 506.85 508.6 493.3 503.75 497.15 499.65 509.8 506.85 488.95 500.95 496.45 
246 0.0 0.0 0.0 0.0 0.0 0.0 500.25 494.95 505.7 497.75 501.75 505.45 506.35 508.55 507.1 505.75 501.9 495.1 503.35 500.15 506.55 
247 0.0 0.0 0.0 0.0 0.0 0.0 501.95 500.6 500.35 502.85 505.95 503.2 498.75 502.3 500.25 503.85 492.1 500.75 494.75 496.85 496.25 
248 0.0 0.0 0.0 0.0 0.0 0.0 497.8 503.15 502.0 505.0 498.4 501.4 491.4 498.95 496.05 498.15 490.25 495.45 496.5 492.65 489.7 
249 0.0 0.0 0.0 0.0 0.0 0.0 501.95 501.55 499.45 493.65 496.6 500.95 511.55 493.6 506.4 499.65 500.35 496.65 501.25 501.4 498.6 
250 0.0 0.0 0.0 0.0 0.0 0.0 508.45 501.2 495.7 508.25 494.6 503.6 503.65 504.8 501.4 499.7 504.25 492.1 502.25 497.05 499.35 
251 0.0 0.0 0.0 0.0 0.0 0.0 493.5 501.6 498.0 497.4 491.2 489.65 494.5 505.05 495.25 500.3 499.25 501.95 500.05 502.7 496.75 
252 0.0 0.0 0.0 0.0 0.0 0.0 487.35 500.45 502.6 490.05 502.45 497.6 498.3 491.35 490.8 498.25 499.4 507.45 509.75 499.5 494.05 
253 0.0 0.0 0.0 0.0 0.0 0.0 462.4 499.25 500.1 499.8 497.95 498.85 497.05 507.0 504.8 497.05 499.05 497.55 496.4 501.2 502.7 
254 0.0 0.0 0.0 0.0 0.0 0.0 448.1 496.05 499.45 506.95 500.05 495.75 501.1 496.8 499.6 498.05 501.7 497.7 499.75 487.7 508.2 
255 0.0 0.0 0.0 0.0 0.0 0.0 416.85 502.6 501.35 497.75 493.35 496.6 492.95 497.15 498.7 499.05 493.95 500.2 495.35 495.25 496.55 
256 0.0 0.0 0.0 0.0 0.0 0.0 358.75 511.75 507.15 503.4 500.5 495.6 493.45 501.55 504.5 501.55 506.85 499.4 500.8 499.9 499.8 
257 0.0 0.0 0.0 0.0 0.0 0.0 268.2 497.25 501.8 497.35 505.25 500.3 496.9 499.35 498.9 496.85 498.4 505.05 496.65 507.75 494.55 
258 0.0 0.0 0.0 0.0 0.0 0.0 228.6 498.7 493.65 499.7 510.1 495.65 499.8 493.55 490.5 493.7 507.2 494.65 490.5 503.2 500.65 
259 0.0 0.0 0.0 0.0 0.0 0.0 183.65 505.05 487.0 503.25 492.85 504.8 497.0 493.5 502.3 497.65 498.15 509.6 503.0 505.0 499.25 
260 0.0 0.0 0.0 0.0 0.0 0.0 132.1 502.15 505.25 498.5 498.05 502.5 503.0 498.55 496.9 500.65 487.9 505.45 507.45 501.2 505.0 
261 0.0 0.0 0.0 0.0 0.0 0.0 84.85 495.3 503.9 500.0 498.1 495.5 501.5 500.5 500.85 496.65 497.85 494.65 504.5 499.35 501.05 
262 0.0 0.0 0.0 0.0 0.0 0.0 61.55 495.5 502.2 500.65 506.6 504.5 503.45 491.6 507.9 497.35 497.75 501.45 501.25 494.9 501.55 
263 0.0 0.0 0.0 0.0 0.0 0.0 49.6 504.55 505.05 499.25 497.55 502.25 498.05 501.0 496.9 503.7 501.25 494.0 495.9 502.45 494.75 
264 0.0 0.0 0.0 0.0 0.0 0.0 50.75 505.15 498.85 500.7 495.5 498.3 504.85 492.75 496.5 502.0 500.05 496.3 503.75 503.4 500.9 
265 0.0 0.0 0.0 0.0 0.0 0.0 38.15 487.65 500.85 498.8 495.05 499.05 502.7 499.4 495.5 504.85 501.3 490.8 501.35 502.75 500.65 
266 0.0 0.0 0.0 0.0 0.0 0.0 27.1 498.6 502.9 499.1 498.05 498.7 499.25 498.5 502.95 494.25 502.7 497.15 501.45 509.8 499.15 
267 0.0 0.0 0.0 0.0 0.0 0.0 12.4 506.2 494.0 500.1 509.1 504.15 497.4 504.75 492.6 500.7 499.0 508.65 496.8 505.25 505.65 
268 0.0 0.0 0.0 0.0 0.0 0.0 1.0 496.95 500.8 502.85 503.0 508.3 504.05 508.8 496.55 495.7 505.55 501.85 496.6 494.05 503.0 
269 0.0 0.0 0.0 0.0 0.0 0.0 0.05 499.45 493.55 506.4 505.8 502.3 506.35 501.8 498.45 503.7 495.0 505.15 502.8 487.55 500.5 
270 0.0 0.0 0.0 0.0 0.0 0.0 0.0 504.6 500.05 497.1 505.15 497.8 502.35 509.25 505.2 498.5 495.75 499.85 505.6 497.0 501.5 
271 0.0 0.0 0.0 0.0 0.0 0.0 0.0 492.3 503.65 495.3 495.55 495.05 492.45 501.8 503.9 499.9 505.25 499.15 498.3 493.6 499.1 
272 0.0 0.0 0.0 0.0 0.0 0.0 0.0 502.15 504.1 510.45 491.3 496.6 490.9 493.0 500.55 491.25 493.2 500.65 494.1 514.05 497.05 
273 0.0 0.0 0.0 0.0 0.0 0.0 0.0 500.4 502.85 497.25 500.2 502.6 495.9 497.3 491.55 504.4 506.6 510.55 493.55 498.15 503.8 
274 0.0 0.0 0.0 0.0 0.0 0.0 0.0 501.7 492.9 495.45 501.6 504.75 508.55 496.85 500.5 501.95 509.15 495.2 500.75 501.65 498.5 
275 0.0 0.0 0.0 0.0 0.0 0.0 0.0 497.9 497.7 502.0 506.25 498.65 506.45 497.15 498.4 495.1 490.2 493.15 489.75 499.55 502.25 
276 0.0 0.0 0.0 0.0 0.0 0.0 0.0 499.95 506.25 497.25 498.05 503.3 499.35 500.5 499.1 503.0 505.15 493.4 500.95 496.75 499.25 
277 0.0 0.0 0.0 0.0 0.0 0.0 0.0 496.15 495.45 496.55 500.2 493.1 487.6 494.1 506.85 504.25 497.85 500.3 503.65 504.45 492.5 
278 0.0 0.0 0.0 0.0 0.0 0.0 0.0 501.05 497.25 497.9 490.05 494.15 503.35 506.85 497.9 506.8 499.45 495.1 505.25 499.5 505.4 
279 0.0 0.0 0.0 0.0 0.0 0.0 0.0 496.85 506.75 500.4 501.4 499.2 500.5 502.5 498.35 495.4 496.35 497.7 500.95 499.45 499.45 
280 0.0 0.0 0.0 0.0 0.0 0.0 0.0 497.8 500.85 497.35 503.0 492.05 503.4 492.5 505.9 502.55 500.9 502.4 504.2 498.9 498.25 
281 0.0 0.0 0.0 0.0 0.0 0.0 0.0 504.4 493.0 502.5 498.15 503.45 496.9 494.05 492.3 505.15 500.5 500.55 497.7 508.8 505.0 
282 0.0 0.0 0.0 0.0 0.0 0.0 0.0 498.95 503.9 502.9 503.6 495.15 501.85 504.35 502.5 507.05 491.9 501.95 505.35 500.3 509.1 
283 0.0 0.0 0.0 0.0 0.0 0.0 0.0 513.45 496.95 500.05 497.7 504.65 499.35 502.8 503.45 494.7 498.5 501.45 507.3 494.4 493.7 
284 0.0 0.0 0.0 0.0 0.0 0.0 0.0 499.75 494.6 515.15 497.5 500.4 493.25 502.65 494.4 501.45 510.45 495.85 490.0 511.25 500.05 
285 0.0 0.0 0.0 0.0 0.0 0.0 0.0 487.75 498.0 496.8 507.5 500.95 494.05 495.9 503.75 488.4 498.65 505.7 504.65 497.95 505.5 
286 0.0 0.0 0.0 0.0 0.0 0.0 0.0 497.8 511.35 499.0 504.8 496.65 504.75 503.45 504.75 493.45 498.8 501.4 506.3 499.4 501.75 
287 0.0 0.0 0.0 0.0 0.0 0.0 0.0 498.3 501.65 500.85 488.05 505.7 505.25 503.3 496.05 504.65 502.2 502.4 508.95 506.05 505.05 
288 0.0 0.0 0.0 0.0 0.0 0.0 0.0 510.5 500.4 497.45 507.1 510.8 503.1 509.4 504.6 511.4 505.8 501.95 498.05 498.5 503.7 
289 0.0 0.0 0.0 0.0 0.0 0.0 0.0 496.55 497.85 489.45 497.9 499.3 493.2 500.5 498.9 505.0 501.4 506.2 504.3 504.9 496.0 
290 0.0 0.0 0.0 0.0 0.0 0.0 0.0 498.5 494.85 495.75 503.45 494.65 506.25 499.7 499.65 498.2 505.1 498.75 504.0 503.8 499.05 
291 0.0 0.0 0.0 0.0 0.0 0.0 0.0 502.0 499.0 498.8 498.4 507.8 515.6 504.2 509.85 500.2 503.85 506.15 505.1 491.15 500.4 
292 0.0 0.0 0.0 0.0 0.0 0.0 0.0 500.5 508.95 502.8 506.9 498.85 504.5 498.65 496.8 496.3 498.75 494.95 498.15 496.0 500.1 
293 0.0 0.0 0.0 0.0 0.0 0.0 0.0 496.8 501.45 509.15 508.0 507.4 504.5 501.85 506.35 493.6 510.9 500.5 501.45 503.5 509.35 
294 0.0 0.0 0.0 0.0 0.0 0.0 0.0 484.9 492.65 502.7 506.5 510.0 505.75 509.5 502.25 501.45 495.3 505.65 498.5 505.15 501.8 
295 0.0 0.0 0.0 0.0 0.0 0.0 0.0 480.3 504.3 502.85 498.15 507.65 506.1 506.3 497.0 512.6 491.1 509.65 499.5 501.4 497.0 
296 0.0 0.0 0.0 0.0 0.0 0.0 0.0 445.75 504.2 496.35 502.65 508.75 496.1 499.25 498.0 501.3 498.6 499.1 499.5 506.4 507.85 
297 0.0 0.0 0.0 0.0 0.0 0.0 0.0 401.25 500.05 506.55 495.4 495.25 501.85 504.0 501.5 503.15 505.45 496.9 497.2 507.2 501.1 
298 0.0 0.0 0.0 0.0 0.0 0.0 0.0 371.1 499.75 496.35 499.0 490.95 496.95 506.15 507.5 499.65 507.15 506.0 499.65 495.65 504.05 
299 0.0 0.0 0.0 0.0 0.0 0.0 0.0 313.45 500.5 496.35 491.35 492.45 496.3 495.35 498.1 499.35 503.25 502.7 502.55 499.35 497.15 
300 0.0 0.0 0.0 0.0 0.0 0.0 0.0 244.05 500.8 500.5 496.95 502.2 494.3 499.85 496.85 498.6 497.8 496.45 502.95 502.8 501.3 
301 0.0 0.0 0.0 0.0 0.0 0.0 0.0 186.25 500.75 504.9 502.4 490.45 505.3 495.9 508.05 501.4 500.1 499.4 501.1 502.9 497.9 
302 0.0 0.0 0.0 0.0 0.0 0.0 0.0 152.95 489.45 503.65 503.45 498.5 495.2 499.5 487.5 497.9 500.05 501.4 503.35 499.35 498.3 
303 0.0 0.0 0.0 0.0 0.0 0.0 0.0 129.15 502.9 498.25 501.9 495.9 497.45 500.2 499.75 496.7 493.75 505.9 502.9 497.65 501.8 
304 0.0 0.0 0.0 0.0 0.0 0.0 0.0 112.0 500.9 501.05 488.05 504.25 493.55 496.85 495.35 501.35 502.8 500.2 491.75 499.3 495.45 
305 0.0 0.0 0.0 0.0 0.0 0.0 0.0 93.25 497.6 496.6 504.85 502.8 499.2 487.15 501.0 495.2 501.85 498.1 498.7 495.85 497.95 
306 0.0 0.0 0.0 0.0 0.0 0.0 0.0 79.85 501.95 494.7 490.9 497.5 500.1 497.55 503.65 499.95 497.25 496.2 509.95 490.7 502.25 
307 0.0 0.0 0.0 0.0 0.0 0.0 0.0 51.55 505.9 498.5 498.8 498.1 508.35 501.2 498.5 503.0 493.6 499.45 494.7 500.1 491.6 
308 0.0 0.0 0.0 0.0 0.0 0.0 0.0 51.1 507.0 495.35 495.4 492.5 496.55 497.65 499.0 505.05 499.15 502.9 488.55 502.15 501.45 
309 0.0 0.0 0.0 0.0 0.0 0.0 0.0 32.8 496.3 497.2 505.15 501.3 500.6 496.9 501.0 496.3 499.7 492.3 497.6 491.5 498.1 
310 0.0 0.0 0.0 0.0 0.0 0.0 0.0 12.35 487.35 502.35 501.8 496.55 495.25 503.15 500.9 496.3 505.15 490.9 493.5 501.45 494.65 
311 0.0 0.0 0.0 0.0 0.0 0.0 0.0 2.8 505.2 495.95 501.7 497.55 497.85 505.3 503.75 501.6 491.65 496.8 497.35 500.05 499.65 
312 0.0 0.0 0.0 0.0 0.0 0.0 0.0 0.0 500.15 498.65 499.65 497.1 493.0 495.45 501.55 487.85 492.45 505.0 501.3 494.05 504.7 
313 0.0 0.0 0.0 0.0 0.0 0.0 0.0 0.0 498.05 501.4 493.5 497.95 492.5 488.65 495.4 504.2 505.95 497.05 493.7 496.8 499.8 
314 0.0 0.0 0.0 0.0 0.0 0.0 0.0 0.0 503.8 496.95 496.0 496.95 496.5 498.7 498.45 498.55 499.6 490.65 505.15 499.6 498.5 
315 0.0 0.0 0.0 0.0 0.0 0.0 0.0 0.0 501.2 499.85 507.8 502.9 498.6 498.65 496.05 497.85 499.65 503.15 501.3 507.55 494.85 
316 0.0 0.0 0.0 0.0 0.0 0.0 0.0 0.0 494.55 509.25 494.7 500.35 497.45 495.55 492.35 510.15 508.3 502.6 493.25 498.95 500.45 
317 0.0 0.0 0.0 0.0 0.0 0.0 0.0 0.0 497.6 501.85 506.6 500.05 498.25 506.1 501.0 493.45 504.3 498.5 492.1 496.8 496.5 
318 0.0 0.0 0.0 0.0 0.0 0.0 0.0 0.0 495.8 493.55 495.3 502.7 495.5 499.05 492.35 499.1 490.85 495.65 503.15 504.85 502.3 
319 0.0 0.0 0.0 0.0 0.0 0.0 0.0 0.0 499.8 498.2 503.35 499.0 503.95 506.85 496.6 498.15 498.3 498.9 500.75 499.95 505.5 
320 0.0 0.0 0.0 0.0 0.0 0.0 0.0 0.0 500.45 504.8 499.1 498.0 504.9 503.7 502.85 493.7 486.05 503.7 505.3 494.85 497.0 
321 0.0 0.0 0.0 0.0 0.0 0.0 0.0 0.0 503.05 502.0 499.6 501.2 509.35 493.35 507.4 493.35 500.25 488.5 491.9 496.15 495.6 
322 0.0 0.0 0.0 0.0 0.0 0.0 0.0 0.0 503.35 503.25 500.35 503.65 504.3 507.85 495.45 496.95 498.4 499.3 502.7 492.15 500.8 
323 0.0 0.0 0.0 0.0 0.0 0.0 0.0 0.0 496.9 493.35 505.15 501.55 503.95 496.35 504.5 515.95 498.45 499.85 501.35 500.1 500.8 
324 0.0 0.0 0.0 0.0 0.0 0.0 0.0 0.0 502.2 489.25 493.25 509.7 504.25 502.55 503.95 502.5 507.65 501.65 496.45 506.45 495.55 
325 0.0 0.0 0.0 0.0 0.0 0.0 0.0 0.0 510.3 498.95 504.6 508.3 498.8 501.75 509.6 507.7 498.8 500.15 500.8 505.9 497.25 
326 0.0 0.0 0.0 0.0 0.0 0.0 0.0 0.0 497.8 500.95 499.3 494.6 501.9 504.4 511.7 493.05 502.15 499.7 507.0 500.9 499.5 
327 0.0 0.0 0.0 0.0 0.0 0.0 0.0 0.0 495.0 509.55 496.6 500.1 499.85 494.25 498.4 506.05 501.25 506.75 495.45 495.05 502.35 
328 0.0 0.0 0.0 0.0 0.0 0.0 0.0 0.0 497.65 502.5 496.55 498.1 497.45 497.95 501.05 505.6 503.45 502.4 500.2 507.9 499.6 
329 0.0 0.0 0.0 0.0 0.0 0.0 0.0 0.0 500.3 503.4 506.3 502.25 504.6 504.4 502.0 499.7 507.6 504.15 505.3 491.7 502.4 
330 0.0 0.0 0.0 0.0 0.0 0.0 0.0 0.0 498.85 504.85 504.75 500.05 498.85 501.45 493.15 506.4 500.75 503.25 501.55 501.05 492.15 
331 0.0 0.0 0.0 0.0 0.0 0.0 0.0 0.0 500.75 500.2 505.6 494.45 501.6 501.05 490.85 498.3 497.2 489.9 511.7 504.1 505.9 
332 0.0 0.0 0.0 0.0 0.0 0.0 0.0 0.0 498.0 494.1 494.4 500.65 499.85 491.25 502.25 496.8 499.35 500.5 494.1 500.65 506.8 
333 0.0 0.0 0.0 0.0 0.0 0.0 0.0 0.0 506.25 502.5 505.8 500.6 487.3 502.05 500.7 503.75 503.6 509.35 494.05 507.8 502.05 
334 0.0 0.0 0.0 0.0 0.0 0.0 0.0 0.0 500.05 500.6 492.85 495.3 504.8 507.6 501.6 502.35 503.8 502.7 505.7 505.3 507.6 
335 0.0 0.0 0.0 0.0 0.0 0.0 0.0 0.0 504.6 497.0 496.25 503.75 493.55 499.35 508.0 500.05 498.95 497.95 496.9 488.55 490.75 
336 0.0 0.0 0.0 0.0 0.0 0.0 0.0 0.0 490.15 494.4 516.0 504.65 506.55 510.6 499.5 498.4 499.7 499.75 498.6 502.45 495.95 
337 0.0 0.0 0.0 0.0 0.0 0.0 0.0 0.0 502.6 498.6 495.6 504.2 503.95 489.3 505.8 493.05 497.95 498.8 505.5 490.05 500.55 
338 0.0 0.0 0.0 0.0 0.0 0.0 0.0 0.0 504.65 506.55 494.05 505.2 506.7 502.45 503.35 506.05 504.65 502.05 490.25 496.25 493.8 
339 0.0 0.0 0.0 0.0 0.0 0.0 0.0 0.0 465.2 500.5 498.6 498.05 504.65 507.7 498.9 500.15 491.8 490.8 500.55 499.05 505.95 
340 0.0 0.0 0.0 0.0 0.0 0.0 0.0 0.0 436.3 485.9 494.25 494.65 493.7 500.0 505.3 500.8 500.5 494.5 496.6 497.05 497.3 
341 0.0 0.0 0.0 0.0 0.0 0.0 0.0 0.0 363.85 501.75 505.0 500.15 500.9 501.1 494.1 499.45 496.8 498.3 505.1 506.7 486.9 
342 0.0 0.0 0.0 0.0 0.0 0.0 0.0 0.0 331.05 506.55 497.0 497.5 496.0 499.1 495.05 495.65 491.1 499.85 491.25 503.3 493.15 
343 0.0 0.0 0.0 0.0 0.0 0.0 0.0 0.0 293.4 501.95 499.4 499.1 499.65 500.45 501.7 497.05 505.55 491.85 500.1 495.4 501.65 
344 0.0 0.0 0.0 0.0 0.0 0.0 0.0 0.0 229.25 496.45 503.7 498.65 499.5 496.2 507.55 499.3 499.5 504.55 500.5 501.05 509.05 
345 0.0 0.0 0.0 0.0 0.0 0.0 0.0 0.0 175.8 498.55 502.8 496.55 499.6 508.7 494.75 500.1 499.35 508.5 508.0 496.15 496.1 
346 0.0 0.0 0.0 0.0 0.0 0.0 0.0 0.0 108.8 500.1 495.65 504.25 504.35 506.7 495.65 500.1 511.35 509.8 500.35 498.25 496.5 
347 0.0 0.0 0.0 0.0 0.0 0.0 0.0 0.0 90.4 495.1 503.8 506.4 501.9 491.95 496.7 497.75 500.45 500.75 497.3 499.2 507.35 
348 0.0 0.0 0.0 0.0 0.0 0.0 0.0 0.0 63.2 495.25 496.75 496.55 494.0 490.95 494.15 510.4 502.0 496.15 490.25 493.4 506.35 
349 0.0 0.0 0.0 0.0 0.0 0.0 0.0 0.0 52.8 512.1 501.8 503.2 498.7 494.8 500.05 505.8 499.1 504.25 500.25 499.6 503.35 
350 0.0 0.0 0.0 0.0 0.0 0.0 0.0 0.0 51.2 503.0 497.65 496.75 499.5 495.0 500.25 492.0 497.95 501.45 512.6 517.2 502.3 
351 0.0 0.0 0.0 0.0 0.0 0.0 0.0 0.0 50.1 497.65 502.85 490.35 501.85 498.7 501.6 492.25 493.35 496.65 502.9 512.85 507.3 
352 0.0 0.0 0.0 0.0 0.0 0.0 0.0 0.0 31.2 498.9 496.65 499.25 499.75 504.8 503.7 500.5 506.25 498.1 509.0 501.35 498.2 
353 0.0 0.0 0.0 0.0 0.0 0.0 0.0 0.0 27.35 498.25 501.9 511.3 499.3 504.4 500.0 499.6 505.05 500.55 502.9 492.4 496.15 
354 0.0 0.0 0.0 0.0 0.0 0.0 0.0 0.0 3.7 497.15 498.65 492.8 491.5 501.45 502.7 500.8 503.6 508.9 496.25 504.05 504.5 
355 0.0 0.0 0.0 0.0 0.0 0.0 0.0 0.0 0.3 505.05 503.2 496.05 503.7 502.0 497.65 504.9 493.35 508.05 510.7 488.85 503.6 
356 0.0 0.0 0.0 0.0 0.0 0.0 0.0 0.0 0.0 501.45 505.85 505.85 500.45 503.35 501.05 506.65 498.45 503.0 495.5 505.9 506.0 
357 0.0 0.0 0.0 0.0 0.0 0.0 0.0 0.0 0.0 506.5 502.85 503.35 498.85 496.7 504.65 495.3 502.75 498.4 502.35 509.55 495.25 
358 0.0 0.0 0.0 0.0 0.0 0.0 0.0 0.0 0.0 492.55 502.8 513.5 509.65 501.0 504.35 500.05 495.65 504.25 497.35 504.4 499.8 
359 0.0 0.0 0.0 0.0 0.0 0.0 0.0 0.0 0.0 507.55 498.5 492.0 504.65 503.85 498.7 506.75 505.2 505.35 507.6 502.75 499.25 
360 0.0 0.0 0.0 0.0 0.0 0.0 0.0 0.0 0.0 494.45 491.3 500.2 492.5 493.9 499.45 502.7 509.45 502.95 486.55 499.35 498.2 
361 0.0 0.0 0.0 0.0 0.0 0.0 0.0 0.0 0.0 499.25 502.0 497.8 504.9 507.5 499.85 497.9 505.9 501.4 499.65 506.5 504.45 
362 0.0 0.0 0.0 0.0 0.0 0.0 0.0 0.0 0.0 505.15 492.65 497.15 498.1 493.9 490.6 505.75 493.05 492.15 505.55 496.15 497.8 
363 0.0 0.0 0.0 0.0 0.0 0.0 0.0 0.0 0.0 501.3 496.65 495.85 498.35 502.1 500.2 493.5 495.3 503.3 494.65 491.75 495.4 
364 0.0 0.0 0.0 0.0 0.0 0.0 0.0 0.0 0.0 497.35 496.15 495.6 499.6 492.25 498.85 491.1 502.75 497.05 499.2 497.25 501.7 
365 0.0 0.0 0.0 0.0 0.0 0.0 0.0 0.0 0.0 490.35 499.8 501.15 499.05 497.7 495.2 498.15 504.2 491.35 497.05 503.35 495.75 
366 0.0 0.0 0.0 0.0 0.0 0.0 0.0 0.0 0.0 496.35 501.4 503.1 505.9 499.45 500.7 498.1 494.75 498.25 495.55 496.7 495.35 
367 0.0 0.0 0.0 0.0 0.0 0.0 0.0 0.0 0.0 505.7 495.1 497.15 489.1 498.9 498.7 498.8 490.15 500.0 505.15 487.9 508.3 
368 0.0 0.0 0.0 0.0 0.0 0.0 0.0 0.0 0.0 506.5 495.15 496.55 498.4 495.3 493.15 498.45 494.1 499.9 496.5 503.35 490.6 
369 0.0 0.0 0.0 0.0 0.0 0.0 0.0 0.0 0.0 493.85 496.8 493.4 493.85 504.1 492.65 488.8 496.3 488.5 508.65 501.25 498.75 
370 0.0 0.0 0.0 0.0 0.0 0.0 0.0 0.0 0.0 499.75 504.2 498.55 501.85 496.4 500.4 488.6 503.85 495.0 495.05 494.8 497.0 
371 0.0 0.0 0.0 0.0 0.0 0.0 0.0 0.0 0.0 509.1 501.55 498.15 493.8 502.85 500.0 510.4 493.1 496.45 495.7 500.05 504.5 
372 0.0 0.0 0.0 0.0 0.0 0.0 0.0 0.0 0.0 490.25 499.5 502.8 494.1 495.3 503.5 499.45 510.25 503.45 499.4 501.85 508.15 
373 0.0 0.0 0.0 0.0 0.0 0.0 0.0 0.0 0.0 496.8 499.55 502.4 498.9 501.45 499.8 503.7 506.2 514.1 500.25 495.15 497.75 
374 0.0 0.0 0.0 0.0 0.0 0.0 0.0 0.0 0.0 497.45 504.1 495.55 499.75 503.2 498.9 506.4 500.55 508.4 496.3 505.95 489.15 
375 0.0 0.0 0.0 0.0 0.0 0.0 0.0 0.0 0.0 509.75 499.45 499.55 504.35 495.6 504.85 504.7 496.7 507.0 501.6 505.8 498.8 
376 0.0 0.0 0.0 0.0 0.0 0.0 0.0 0.0 0.0 502.0 500.7 502.05 512.2 493.35 507.9 499.35 500.1 492.25 502.2 503.0 503.8 
377 0.0 0.0 0.0 0.0 0.0 0.0 0.0 0.0 0.0 500.55 509.7 509.35 503.7 507.35 496.7 513.45 495.5 498.45 501.15 501.8 499.5 
378 0.0 0.0 0.0 0.0 0.0 0.0 0.0 0.0 0.0 501.45 502.9 499.8 504.2 509.7 501.05 497.0 499.15 498.4 506.55 495.15 501.05 
379 0.0 0.0 0.0 0.0 0.0 0.0 0.0 0.0 0.0 498.45 500.15 496.95 495.0 498.85 501.1 496.65 497.45 499.6 503.45 507.7 496.45 
380 0.0 0.0 0.0 0.0 0.0 0.0 0.0 0.0 0.0 505.85 500.25 502.05 504.6 508.3 507.9 501.8 500.9 501.05 497.25 501.4 502.35 
381 0.0 0.0 0.0 0.0 0.0 0.0 0.0 0.0 0.0 461.25 498.45 507.15 505.95 494.85 489.85 505.6 515.5 492.9 508.8 502.3 504.4 
382 0.0 0.0 0.0 0.0 0.0 0.0 0.0 0.0 0.0 409.95 501.95 504.7 502.9 510.15 505.55 494.95 509.3 503.8 498.95 503.65 516.25 
383 0.0 0.0 0.0 0.0 0.0 0.0 0.0 0.0 0.0 356.8 493.65 508.25 500.25 490.75 506.25 504.85 497.15 504.0 505.7 507.85 502.7 
384 0.0 0.0 0.0 0.0 0.0 0.0 0.0 0.0 0.0 326.1 504.75 503.6 500.15 495.0 498.15 502.8 499.15 504.35 495.3 506.2 505.8 
385 0.0 0.0 0.0 0.0 0.0 0.0 0.0 0.0 0.0 309.85 506.8 503.1 501.65 502.8 499.8 496.15 504.25 497.3 497.2 491.5 500.25 
386 0.0 0.0 0.0 0.0 0.0 0.0 0.0 0.0 0.0 289.7 503.2 491.7 499.55 505.75 506.55 499.35 499.75 495.1 502.2 492.35 502.3 
387 0.0 0.0 0.0 0.0 0.0 0.0 0.0 0.0 0.0 253.75 500.9 501.6 496.6 508.5 500.3 505.9 495.5 496.9 492.2 493.6 501.9 
388 0.0 0.0 0.0 0.0 0.0 0.0 0.0 0.0 0.0 212.0 493.4 492.55 502.15 494.2 496.9 497.1 501.25 504.4 503.6 500.45 500.7 
389 0.0 0.0 0.0 0.0 0.0 0.0 0.0 0.0 0.0 156.45 503.95 500.45 497.05 496.6 499.1 503.0 499.75 499.0 497.8 503.75 499.75 
390 0.0 0.0 0.0 0.0 0.0 0.0 0.0 0.0 0.0 108.8 491.95 502.7 502.6 500.75 497.2 502.75 489.45 503.2 497.2 500.3 498.45 
391 0.0 0.0 0.0 0.0 0.0 0.0 0.0 0.0 0.0 82.35 504.6 491.45 504.5 495.6 502.8 502.75 503.45 495.15 506.1 502.35 497.0 
392 0.0 0.0 0.0 0.0 0.0 0.0 0.0 0.0 0.0 52.55 499.3 505.2 508.65 495.05 501.9 498.95 503.4 503.6 495.15 494.6 497.95 
393 0.0 0.0 0.0 0.0 0.0 0.0 0.0 0.0 0.0 49.05 495.65 498.25 493.6 509.4 504.15 499.55 501.5 505.4 504.75 495.6 496.45 
394 0.0 0.0 0.0 0.0 0.0 0.0 0.0 0.0 0.0 49.3 499.0 499.0 498.65 502.65 492.1 494.45 499.9 489.75 500.75 499.65 495.25 
395 0.0 0.0 0.0 0.0 0.0 0.0 0.0 0.0 0.0 40.95 501.9 503.6 492.1 495.9 507.85 501.95 496.35 493.15 504.85 495.4 498.95 
396 0.0 0.0 0.0 0.0 0.0 0.0 0.0 0.0 0.0 22.05 501.1 498.25 502.4 504.35 499.7 489.15 492.1 495.85 496.6 507.75 500.55 
397 0.0 0.0 0.0 0.0 0.0 0.0 0.0 0.0 0.0 3.75 493.7 504.0 499.8 504.3 491.1 493.5 507.7 498.9 494.45 498.0 500.1 
398 0.0 0.0 0.0 0.0 0.0 0.0 0.0 0.0 0.0 0.3 500.8 489.75 496.1 492.1 492.95 501.4 495.7 499.65 496.3 497.0 494.6 
399 0.0 0.0 0.0 0.0 0.0 0.0 0.0 0.0 0.0 0.1 505.55 501.4 493.5 489.25 499.55 493.75 490.55 502.55 499.65 494.35 499.8 
400 0.0 0.0 0.0 0.0 0.0 0.0 0.0 0.0 0.0 0.0 502.65 496.35 493.3 503.55 491.9 496.3 503.3 495.65 499.2 500.25 505.3 
401 0.0 0.0 0.0 0.0 0.0 0.0 0.0 0.0 0.0 0.0 498.35 501.0 498.15 502.1 505.9 500.2 493.95 502.1 494.85 493.35 506.75 
402 0.0 0.0 0.0 0.0 0.0 0.0 0.0 0.0 0.0 0.0 496.65 497.0 495.3 501.5 502.7 498.75 502.0 501.5 500.5 503.55 494.25 
403 0.0 0.0 0.0 0.0 0.0 0.0 0.0 0.0 0.0 0.0 502.45 499.8 502.15 498.15 495.15 502.0 494.2 494.1 492.75 501.7 493.55 
404 0.0 0.0 0.0 0.0 0.0 0.0 0.0 0.0 0.0 0.0 496.25 497.7 509.4 504.3 500.3 497.45 500.05 500.3 494.75 506.2 498.9 
405 0.0 0.0 0.0 0.0 0.0 0.0 0.0 0.0 0.0 0.0 497.9 502.95 500.0 497.15 502.4 499.9 502.55 502.5 499.9 492.95 500.25 
406 0.0 0.0 0.0 0.0 0.0 0.0 0.0 0.0 0.0 0.0 498.7 498.65 497.85 493.75 497.05 497.3 494.45 504.55 498.4 490.9 495.6 
407 0.0 0.0 0.0 0.0 0.0 0.0 0.0 0.0 0.0 0.0 506.15 506.85 495.6 504.45 503.6 496.9 501.8 497.45 493.5 498.45 496.05 
408 0.0 0.0 0.0 0.0 0.0 0.0 0.0 0.0 0.0 0.0 504.6 496.1 504.95 499.25 498.6 501.65 505.7 499.4 512.55 500.8 496.65 
409 0.0 0.0 0.0 0.0 0.0 0.0 0.0 0.0 0.0 0.0 498.3 497.45 495.6 494.05 500.65 493.5 501.55 494.7 496.85 502.5 492.5 
410 0.0 0.0 0.0 0.0 0.0 0.0 0.0 0.0 0.0 0.0 505.45 512.3 501.55 499.95 492.55 493.15 499.1 494.5 497.2 493.8 505.1 
411 0.0 0.0 0.0 0.0 0.0 0.0 0.0 0.0 0.0 0.0 489.1 500.05 505.8 505.5 492.8 504.7 493.5 497.1 504.6 503.5 507.75 
412 0.0 0.0 0.0 0.0 0.0 0.0 0.0 0.0 0.0 0.0 503.0 504.25 498.2 491.9 499.1 508.7 499.0 502.5 496.6 496.0 490.45 
413 0.0 0.0 0.0 0.0 0.0 0.0 0.0 0.0 0.0 0.0 502.15 495.15 498.75 500.0 502.55 500.35 498.75 501.25 507.0 501.8 480.85 
414 0.0 0.0 0.0 0.0 0.0 0.0 0.0 0.0 0.0 0.0 496.75 492.5 497.65 498.55 502.3 497.35 497.9 497.1 495.9 498.45 503.25 
415 0.0 0.0 0.0 0.0 0.0 0.0 0.0 0.0 0.0 0.0 502.2 496.8 497.05 490.55 503.65 506.35 501.85 506.3 495.95 508.1 506.2 
416 0.0 0.0 0.0 0.0 0.0 0.0 0.0 0.0 0.0 0.0 494.85 503.8 490.8 502.25 490.6 501.3 500.9 496.3 496.4 492.8 499.0 
417 0.0 0.0 0.0 0.0 0.0 0.0 0.0 0.0 0.0 0.0 496.7 489.95 504.95 501.3 502.15 499.2 497.3 499.9 499.5 497.65 501.65 
418 0.0 0.0 0.0 0.0 0.0 0.0 0.0 0.0 0.0 0.0 498.5 504.55 508.3 502.2 505.85 502.2 505.8 499.05 499.2 486.75 496.25 
419 0.0 0.0 0.0 0.0 0.0 0.0 0.0 0.0 0.0 0.0 505.35 502.65 503.5 510.3 510.25 494.0 505.8 507.5 504.7 493.2 494.1 
420 0.0 0.0 0.0 0.0 0.0 0.0 0.0 0.0 0.0 0.0 504.9 508.2 506.65 495.8 498.85 499.55 493.4 500.0 500.85 500.0 501.75 
421 0.0 0.0 0.0 0.0 0.0 0.0 0.0 0.0 0.0 0.0 500.65 501.7 502.7 503.0 496.15 506.8 499.7 499.7 500.2 502.05 492.65 
422 0.0 0.0 0.0 0.0 0.0 0.0 0.0 0.0 0.0 0.0 497.9 497.9 497.55 501.35 502.2 498.65 499.35 492.3 493.1 500.9 503.65 
423 0.0 0.0 0.0 0.0 0.0 0.0 0.0 0.0 0.0 0.0 500.15 501.85 499.05 494.65 500.3 500.45 496.75 492.05 498.05 499.8 503.75 
424 0.0 0.0 0.0 0.0 0.0 0.0 0.0 0.0 0.0 0.0 456.5 498.15 486.2 495.1 513.9 494.45 487.85 499.35 488.0 488.85 496.35 
425 0.0 0.0 0.0 0.0 0.0 0.0 0.0 0.0 0.0 0.0 397.3 505.7 504.2 505.25 495.4 509.85 503.85 495.6 499.2 504.2 503.3 
426 0.0 0.0 0.0 0.0 0.0 0.0 0.0 0.0 0.0 0.0 360.8 490.35 497.65 507.95 501.8 500.4 502.75 497.05 504.8 507.0 507.45 
427 0.0 0.0 0.0 0.0 0.0 0.0 0.0 0.0 0.0 0.0 344.2 497.75 503.1 491.85 497.7 501.75 505.7 508.1 502.05 502.0 495.15 
428 0.0 0.0 0.0 0.0 0.0 0.0 0.0 0.0 0.0 0.0 310.95 500.4 498.8 509.75 488.6 492.85 496.25 498.1 500.65 491.55 497.8 
429 0.0 0.0 0.0 0.0 0.0 0.0 0.0 0.0 0.0 0.0 306.2 496.5 496.6 501.4 496.75 495.35 500.9 502.45 501.05 502.35 503.8 
430 0.0 0.0 0.0 0.0 0.0 0.0 0.0 0.0 0.0 0.0 265.35 496.75 497.15 494.55 496.95 506.6 502.45 515.7 505.65 501.05 499.6 
431 0.0 0.0 0.0 0.0 0.0 0.0 0.0 0.0 0.0 0.0 212.3 505.95 500.2 493.1 497.05 491.0 497.85 496.4 503.7 509.55 492.4 
432 0.0 0.0 0.0 0.0 0.0 0.0 0.0 0.0 0.0 0.0 141.25 504.3 500.8 494.3 497.75 505.9 511.3 495.1 505.65 499.75 500.6 
433 0.0 0.0 0.0 0.0 0.0 0.0 0.0 0.0 0.0 0.0 92.1 493.65 505.2 502.35 507.3 497.75 495.9 499.4 493.7 504.4 510.4 
434 0.0 0.0 0.0 0.0 0.0 0.0 0.0 0.0 0.0 0.0 76.85 500.3 497.4 504.9 500.0 496.55 493.95 514.5 497.9 499.7 505.9 
435 0.0 0.0 0.0 0.0 0.0 0.0 0.0 0.0 0.0 0.0 62.7 499.45 497.65 490.25 498.1 494.85 498.7 500.1 499.9 503.2 498.45 
436 0.0 0.0 0.0 0.0 0.0 0.0 0.0 0.0 0.0 0.0 51.25 494.45 493.75 498.7 502.95 496.9 507.5 497.4 499.3 499.7 510.75 
437 0.0 0.0 0.0 0.0 0.0 0.0 0.0 0.0 0.0 0.0 30.35 498.7 497.35 504.55 499.2 498.3 495.15 494.8 508.15 499.95 503.5 
438 0.0 0.0 0.0 0.0 0.0 0.0 0.0 0.0 0.0 0.0 23.8 510.4 498.35 501.65 500.15 503.3 502.55 493.5 495.9 505.0 496.65 
439 0.0 0.0 0.0 0.0 0.0 0.0 0.0 0.0 0.0 0.0 25.95 498.8 508.5 501.2 498.0 505.85 491.15 501.75 501.1 498.3 495.35 
440 0.0 0.0 0.0 0.0 0.0 0.0 0.0 0.0 0.0 0.0 16.55 494.5 503.0 501.2 505.2 494.95 499.35 500.05 500.1 499.8 500.3 
441 0.0 0.0 0.0 0.0 0.0 0.0 0.0 0.0 0.0 0.0 3.05 498.8 490.5 504.5 495.7 498.25 503.7 505.7 499.0 498.65 502.2 
442 0.0 0.0 0.0 0.0 0.0 0.0 0.0 0.0 0.0 0.0 0.2 499.15 501.35 492.35 500.25 508.3 504.75 494.75 498.75 505.15 498.7 
443 0.0 0.0 0.0 0.0 0.0 0.0 0.0 0.0 0.0 0.0 0.05 504.45 499.95 500.1 500.0 497.05 501.6 495.85 501.45 497.35 495.3 
444 0.0 0.0 0.0 0.0 0.0 0.0 0.0 0.0 0.0 0.0 0.0 506.25 504.8 496.3 502.3 494.6 497.8 502.85 499.05 495.85 505.4 
445 0.0 0.0 0.0 0.0 0.0 0.0 0.0 0.0 0.0 0.0 0.0 500.9 501.15 511.2 492.05 498.8 502.8 499.1 495.8 504.2 500.1 
446 0.0 0.0 0.0 0.0 0.0 0.0 0.0 0.0 0.0 0.0 0.0 490.4 501.7 501.65 504.3 507.0 503.9 498.05 505.0 502.75 497.7 
447 0.0 0.0 0.0 0.0 0.0 0.0 0.0 0.0 0.0 0.0 0.0 502.25 505.15 495.8 504.3 501.6 498.8 503.2 494.55 499.95 500.55 
448 0.0 0.0 0.0 0.0 0.0 0.0 0.0 0.0 0.0 0.0 0.0 502.25 500.15 500.85 502.7 497.0 498.6 501.85 501.75 494.6 493.55 
449 0.0 0.0 0.0 0.0 0.0 0.0 0.0 0.0 0.0 0.0 0.0 497.3 510.75 507.8 509.3 509.65 499.3 503.5 502.65 496.95 502.95 
450 0.0 0.0 0.0 0.0 0.0 0.0 0.0 0.0 0.0 0.0 0.0 503.1 494.1 501.0 499.7 503.7 502.15 496.5 507.05 500.85 491.2 
451 0.0 0.0 0.0 0.0 0.0 0.0 0.0 0.0 0.0 0.0 0.0 503.05 504.55 506.4 496.75 502.15 505.9 505.75 502.45 505.5 506.6 
452 0.0 0.0 0.0 0.0 0.0 0.0 0.0 0.0 0.0 0.0 0.0 499.0 503.2 497.6 499.6 513.1 502.85 507.0 501.85 496.15 507.1 
453 0.0 0.0 0.0 0.0 0.0 0.0 0.0 0.0 0.0 0.0 0.0 496.75 494.85 500.8 501.2 497.6 501.25 508.05 501.2 499.85 497.5 
454 0.0 0.0 0.0 0.0 0.0 0.0 0.0 0.0 0.0 0.0 0.0 498.85 492.85 490.05 499.0 500.2 496.5 494.9 493.55 506.8 499.7 
455 0.0 0.0 0.0 0.0 0.0 0.0 0.0 0.0 0.0 0.0 0.0 506.45 504.05 502.1 499.55 490.65 506.25 500.2 506.85 489.4 501.25 
456 0.0 0.0 0.0 0.0 0.0 0.0 0.0 0.0 0.0 0.0 0.0 505.85 493.05 504.85 502.5 502.95 500.2 497.3 498.9 503.25 500.8 
457 0.0 0.0 0.0 0.0 0.0 0.0 0.0 0.0 0.0 0.0 0.0 497.7 503.8 498.95 499.2 498.35 492.5 500.55 496.8 504.0 501.85 
458 0.0 0.0 0.0 0.0 0.0 0.0 0.0 0.0 0.0 0.0 0.0 494.3 493.65 499.7 501.7 494.7 509.2 495.6 504.15 505.5 494.8 
459 0.0 0.0 0.0 0.0 0.0 0.0 0.0 0.0 0.0 0.0 0.0 498.05 500.45 500.7 501.45 499.25 498.5 499.7 501.05 499.85 502.65 
460 0.0 0.0 0.0 0.0 0.0 0.0 0.0 0.0 0.0 0.0 0.0 493.65 506.9 502.75 503.65 511.4 500.65 504.05 505.75 510.05 507.85 
461 0.0 0.0 0.0 0.0 0.0 0.0 0.0 0.0 0.0 0.0 0.0 499.7 498.5 501.7 496.65 495.45 498.15 506.5 494.45 506.0 508.85 
462 0.0 0.0 0.0 0.0 0.0 0.0 0.0 0.0 0.0 0.0 0.0 505.65 496.1 493.0 491.45 499.6 496.7 491.2 499.0 497.8 498.85 
463 0.0 0.0 0.0 0.0 0.0 0.0 0.0 0.0 0.0 0.0 0.0 504.7 499.9 496.25 490.85 504.2 500.35 498.2 504.75 501.95 505.85 
464 0.0 0.0 0.0 0.0 0.0 0.0 0.0 0.0 0.0 0.0 0.0 501.0 497.55 499.4 498.85 499.9 493.95 511.4 498.0 503.15 498.6 
465 0.0 0.0 0.0 0.0 0.0 0.0 0.0 0.0 0.0 0.0 0.0 497.0 500.9 494.1 492.35 490.9 490.65 491.95 508.2 497.75 505.05 
466 0.0 0.0 0.0 0.0 0.0 0.0 0.0 0.0 0.0 0.0 0.0 488.0 500.85 507.45 505.5 496.0 502.9 494.1 492.8 499.95 495.2 
467 0.0 0.0 0.0 0.0 0.0 0.0 0.0 0.0 0.0 0.0 0.0 471.0 505.75 493.6 502.2 490.4 501.2 505.6 491.25 497.45 493.55 
468 0.0 0.0 0.0 0.0 0.0 0.0 0.0 0.0 0.0 0.0 0.0 423.9 500.7 500.65 504.55 504.1 500.5 493.1 505.5 498.6 499.0 
469 0.0 0.0 0.0 0.0 0.0 0.0 0.0 0.0 0.0 0.0 0.0 386.5 504.9 505.65 496.45 507.3 500.25 505.85 503.65 499.05 501.35 
470 0.0 0.0 0.0 0.0 0.0 0.0 0.0 0.0 0.0 0.0 0.0 352.8 492.25 500.45 510.7 500.55 493.4 500.65 497.1 495.6 500.35 
471 0.0 0.0 0.0 0.0 0.0 0.0 0.0 0.0 0.0 0.0 0.0 347.85 502.75 500.6 501.4 488.25 507.6 497.2 501.7 500.75 495.35 
472 0.0 0.0 0.0 0.0 0.0 0.0 0.0 0.0 0.0 0.0 0.0 300.6 508.5 500.15 492.65 495.25 501.35 499.55 493.85 498.6 499.65 
473 0.0 0.0 0.0 0.0 0.0 0.0 0.0 0.0 0.0 0.0 0.0 269.9 494.55 497.0 502.05 502.25 502.25 499.0 498.2 507.85 496.55 
474 0.0 0.0 0.0 0.0 0.0 0.0 0.0 0.0 0.0 0.0 0.0 229.45 502.55 493.65 499.35 508.55 495.4 497.3 490.7 496.55 505.35 
475 0.0 0.0 0.0 0.0 0.0 0.0 0.0 0.0 0.0 0.0 0.0 230.05 493.45 511.75 504.05 510.65 505.85 503.5 497.8 491.45 494.25 
476 0.0 0.0 0.0 0.0 0.0 0.0 0.0 0.0 0.0 0.0 0.0 154.7 495.85 498.9 497.45 497.0 492.55 503.0 508.4 496.6 504.95 
477 0.0 0.0 0.0 0.0 0.0 0.0 0.0 0.0 0.0 0.0 0.0 75.4 496.35 502.7 504.6 501.4 507.15 496.35 496.9 503.45 500.45 
478 0.0 0.0 0.0 0.0 0.0 0.0 0.0 0.0 0.0 0.0 0.0 55.0 507.25 491.75 498.3 489.2 491.3 494.9 505.55 505.0 502.3 
479 0.0 0.0 0.0 0.0 0.0 0.0 0.0 0.0 0.0 0.0 0.0 34.15 506.05 505.9 496.3 506.7 486.05 502.5 500.4 502.2 499.65 
480 0.0 0.0 0.0 0.0 0.0 0.0 0.0 0.0 0.0 0.0 0.0 28.4 495.25 504.5 502.4 500.95 507.4 501.85 493.3 495.35 495.95 
481 0.0 0.0 0.0 0.0 0.0 0.0 0.0 0.0 0.0 0.0 0.0 23.75 501.55 497.2 495.7 496.9 501.7 497.2 510.25 506.5 504.35 
482 0.0 0.0 0.0 0.0 0.0 0.0 0.0 0.0 0.0 0.0 0.0 24.85 502.65 506.45 493.1 497.85 501.95 505.05 505.3 509.85 503.15 
483 0.0 0.0 0.0 0.0 0.0 0.0 0.0 0.0 0.0 0.0 0.0 11.8 497.95 495.95 502.85 490.0 501.55 504.05 503.3 498.8 501.35 
484 0.0 0.0 0.0 0.0 0.0 0.0 0.0 0.0 0.0 0.0 0.0 2.3 499.8 488.25 508.6 504.25 502.4 497.4 503.45 504.25 510.65 
485 0.0 0.0 0.0 0.0 0.0 0.0 0.0 0.0 0.0 0.0 0.0 0.05 499.8 505.45 500.2 506.55 501.3 516.35 509.85 507.8 507.2 
486 0.0 0.0 0.0 0.0 0.0 0.0 0.0 0.0 0.0 0.0 0.0 0.0 502.15 505.7 504.6 513.7 511.05 509.0 502.75 507.05 510.75 
487 0.0 0.0 0.0 0.0 0.0 0.0 0.0 0.0 0.0 0.0 0.0 0.0 500.2 497.75 507.1 509.85 504.6 504.85 512.35 504.35 509.5 
488 0.0 0.0 0.0 0.0 0.0 0.0 0.0 0.0 0.0 0.0 0.0 0.0 489.2 503.15 504.25 504.6 510.35 514.25 509.05 517.35 515.15 
489 0.0 0.0 0.0 0.0 0.0 0.0 0.0 0.0 0.0 0.0 0.0 0.0 497.75 506.8 512.55 510.55 510.3 504.8 512.55 503.55 512.35 
490 0.0 0.0 0.0 0.0 0.0 0.0 0.0 0.0 0.0 0.0 0.0 0.0 495.0 500.8 506.1 516.95 520.05 526.85 518.6 516.95 511.1 
491 0.0 0.0 0.0 0.0 0.0 0.0 0.0 0.0 0.0 0.0 0.0 0.0 503.65 505.25 512.55 515.1 525.15 511.35 522.35 520.25 527.0 
492 0.0 0.0 0.0 0.0 0.0 0.0 0.0 0.0 0.0 0.0 0.0 0.0 509.75 518.05 514.75 526.55 525.15 521.4 523.95 526.1 517.55 
493 0.0 0.0 0.0 0.0 0.0 0.0 0.0 0.0 0.0 0.0 0.0 0.0 493.45 514.75 527.45 518.05 521.55 529.35 520.1 527.8 526.35 
494 0.0 0.0 0.0 0.0 0.0 0.0 0.0 0.0 0.0 0.0 0.0 0.0 508.1 520.4 527.05 531.65 523.3 526.2 520.3 526.4 518.8 
495 0.0 0.0 0.0 0.0 0.0 0.0 0.0 0.0 0.0 0.0 0.0 0.0 516.55 535.85 532.85 535.1 530.55 529.35 538.8 530.85 524.8 
496 0.0 0.0 0.0 0.0 0.0 0.0 0.0 0.0 0.0 0.0 0.0 0.0 544.1 549.4 536.4 529.05 540.45 537.65 529.4 526.5 537.45 
497 0.0 0.0 0.0 0.0 0.0 0.0 0.0 0.0 0.0 0.0 0.0 0.0 570.75 562.65 548.5 538.35 543.4 526.9 528.05 533.45 530.9 
498 0.0 0.0 0.0 0.0 0.0 0.0 0.0 0.0 0.0 0.0 0.0 0.0 608.2 560.6 555.4 548.4 534.8 539.65 535.45 527.25 528.9 
499 0.0 0.0 0.0 0.0 0.0 0.0 0.0 0.0 0.0 0.0 0.0 0.0 317.35 278.75 271.05 267.05 264.6 261.2 264.75 265.3 259.6 
