0.0 0.0 100.0
0.0 100.0 19769.25
0.0 200.0 45553.2
0.0 300.0 71767.5
0.0 400.0 99094.85
0.0 500.0 125615.85
0.0 600.0 152932.8
0.0 700.0 180338.25
0.0 800.0 207974.4
0.0 900.0 234828.6
0.0 1000.0 265378.5

1.0 0.0 100.0
1.0 100.0 100.0
1.0 200.0 100.0
1.0 300.0 100.0
1.0 400.0 100.0
1.0 500.0 100.0
1.0 600.0 100.0
1.0 700.0 100.0
1.0 800.0 100.0
1.0 900.0 100.0
1.0 1000.0 100.0

2.0 0.0 100.0
2.0 100.0 100.0
2.0 200.0 100.0
2.0 300.0 100.0
2.0 400.0 100.0
2.0 500.0 100.0
2.0 600.0 100.0
2.0 700.0 100.0
2.0 800.0 100.0
2.0 900.0 100.0
2.0 1000.0 100.0

3.0 0.0 100.0
3.0 100.0 100.0
3.0 200.0 100.0
3.0 300.0 100.0
3.0 400.0 100.0
3.0 500.0 100.0
3.0 600.0 100.0
3.0 700.0 100.0
3.0 800.0 100.0
3.0 900.0 100.0
3.0 1000.0 100.0

4.0 0.0 100.0
4.0 100.0 100.0
4.0 200.0 100.0
4.0 300.0 100.0
4.0 400.0 100.0
4.0 500.0 100.0
4.0 600.0 100.0
4.0 700.0 100.0
4.0 800.0 100.0
4.0 900.0 100.0
4.0 1000.0 100.0

5.0 0.0 100.0
5.0 100.0 100.0
5.0 200.0 100.0
5.0 300.0 100.0
5.0 400.0 100.0
5.0 500.0 100.0
5.0 600.0 100.0
5.0 700.0 100.0
5.0 800.0 100.0
5.0 900.0 100.0
5.0 1000.0 100.0

6.0 0.0 100.0
6.0 100.0 100.0
6.0 200.0 100.0
6.0 300.0 100.0
6.0 400.0 100.0
6.0 500.0 100.0
6.0 600.0 100.0
6.0 700.0 100.0
6.0 800.0 100.0
6.0 900.0 100.0
6.0 1000.0 100.0

7.0 0.0 100.0
7.0 100.0 100.0
7.0 200.0 100.0
7.0 300.0 100.0
7.0 400.0 100.0
7.0 500.0 100.0
7.0 600.0 100.0
7.0 700.0 100.0
7.0 800.0 100.0
7.0 900.0 100.0
7.0 1000.0 100.0

8.0 0.0 100.0
8.0 100.0 100.0
8.0 200.0 100.0
8.0 300.0 100.0
8.0 400.0 100.0
8.0 500.0 100.0
8.0 600.0 100.0
8.0 700.0 100.0
8.0 800.0 100.0
8.0 900.0 100.0
8.0 1000.0 100.0

9.0 0.0 100.0
9.0 100.0 100.0
9.0 200.0 100.0
9.0 300.0 100.0
9.0 400.0 100.0
9.0 500.0 100.0
9.0 600.0 100.0
9.0 700.0 100.0
9.0 800.0 100.0
9.0 900.0 100.0
9.0 1000.0 100.0

10.0 0.0 100.0
10.0 100.0 100.0
10.0 200.0 100.0
10.0 300.0 100.0
10.0 400.0 100.0
10.0 500.0 100.0
10.0 600.0 100.0
10.0 700.0 100.0
10.0 800.0 100.0
10.0 900.0 100.0
10.0 1000.0 100.0

