0 100.0 290.05 275.5 272.1 273.9 276.05 266.55 258.35 259.25 255.15 258.9 264.0 258.25 257.95 259.4 255.35 259.45 262.7 261.35 257.95 252.8 
1 0.0 580.7 556.05 542.6 542.35 542.25 539.9 531.7 524.6 525.3 519.2 513.3 513.75 521.3 517.9 521.05 523.8 523.65 522.8 511.25 512.95 
2 0.0 564.05 551.95 544.35 540.2 528.25 529.2 531.35 524.3 524.05 519.15 523.7 523.15 515.65 515.35 524.45 513.05 502.0 522.35 523.85 521.3 
3 0.0 551.45 547.4 540.05 537.6 533.4 526.95 527.0 523.35 524.4 520.85 518.15 516.1 525.35 520.7 516.2 518.35 520.65 513.5 510.8 505.1 
4 0.0 531.3 539.1 535.1 522.95 522.55 532.65 523.65 526.95 520.95 518.1 512.65 516.4 521.2 522.05 521.2 517.25 519.15 504.7 510.2 515.2 
5 0.0 519.0 535.6 527.75 524.0 531.6 523.0 526.15 524.65 510.55 521.75 516.7 516.15 512.1 528.65 516.85 521.6 519.75 514.55 517.05 519.4 
6 0.0 506.3 518.0 529.55 517.05 512.9 518.4 516.65 519.8 526.5 519.05 515.85 513.2 519.35 523.0 520.05 518.55 520.05 520.7 518.1 511.95 
7 0.0 506.15 507.7 515.9 521.7 519.4 522.5 512.8 515.3 528.15 515.55 521.35 524.7 518.6 507.1 517.35 509.45 511.6 505.05 518.25 510.15 
8 0.0 500.05 509.9 514.7 518.25 514.7 505.1 509.3 516.6 511.85 518.45 519.1 515.15 511.25 513.3 517.2 515.25 518.9 519.25 513.85 521.25 
9 0.0 501.45 503.45 517.4 516.65 515.6 513.65 518.85 515.3 513.1 518.65 514.3 511.8 521.4 503.75 505.8 513.55 504.65 517.2 509.3 513.3 
10 0.0 503.3 508.55 507.05 521.8 516.05 504.65 513.5 510.4 511.4 510.45 508.9 509.35 512.7 507.9 512.9 513.7 504.8 508.75 509.1 510.0 
11 0.0 500.95 502.0 502.35 506.05 498.6 505.25 503.7 511.45 506.9 517.05 511.25 514.0 501.65 512.8 522.5 516.8 507.75 508.35 511.7 519.05 
12 0.0 508.0 494.65 500.35 503.5 514.2 507.45 511.45 510.75 508.85 511.0 518.75 518.25 510.35 514.6 508.2 508.5 514.25 516.85 516.45 513.25 
13 0.0 494.1 504.25 499.25 501.05 502.1 515.75 509.9 510.8 506.25 519.8 507.75 512.7 505.9 516.15 503.15 496.95 512.1 508.65 514.55 509.3 
14 0.0 492.5 501.65 503.8 503.2 502.25 515.45 511.9 497.0 508.9 505.35 512.7 502.35 510.75 507.1 497.15 516.1 509.65 500.3 497.0 507.3 
15 0.0 495.2 500.55 502.05 495.95 504.8 504.7 512.15 510.0 511.1 498.65 507.0 514.35 508.1 497.95 511.65 509.2 517.3 514.2 505.15 509.75 
16 0.0 505.05 506.65 504.1 508.1 505.2 505.45 512.2 509.1 508.0 499.7 511.6 510.3 515.05 508.05 510.75 504.1 512.5 507.15 507.75 505.15 
17 0.0 503.85 500.7 497.3 493.5 506.45 501.85 501.15 508.0 511.15 502.1 508.35 508.4 497.35 499.95 507.65 509.85 495.35 502.95 510.9 522.3 
18 0.0 499.0 497.7 498.05 510.65 506.55 497.55 504.2 506.15 501.1 510.35 512.25 500.55 508.8 511.7 515.15 509.65 506.9 507.6 513.1 512.65 
19 0.0 500.45 497.55 498.45 496.4 501.1 507.55 500.8 503.4 502.3 510.95 503.1 506.35 508.75 512.95 502.75 504.1 504.6 509.3 516.05 509.8 
20 0.0 500.9 501.15 504.9 508.8 492.4 496.95 509.0 506.75 517.4 515.1 508.0 509.6 507.55 517.15 497.5 501.5 495.6 507.35 508.35 504.1 
21 0.0 496.6 499.05 506.0 499.6 499.6 504.75 501.0 497.1 500.4 508.15 497.8 509.3 498.85 500.6 499.2 500.75 506.3 508.3 505.35 498.75 
22 0.0 497.1 488.0 499.8 499.7 508.1 501.05 514.45 511.85 508.75 495.75 504.5 508.8 505.45 499.05 503.75 505.75 505.2 505.7 500.6 502.35 
23 0.0 496.1 503.4 500.4 497.2 509.45 507.3 494.7 503.65 503.35 502.55 496.95 506.15 504.25 496.75 503.95 504.3 509.6 514.3 502.8 503.0 
24 0.0 502.85 500.9 503.15 504.65 495.35 503.55 496.8 507.35 501.4 510.3 502.3 498.0 507.5 509.95 502.15 513.05 505.6 498.65 511.95 506.2 
25 0.0 504.8 501.05 504.7 503.2 501.0 503.3 503.35 501.9 489.85 497.1 505.85 506.0 509.1 501.8 510.55 500.05 509.35 500.1 498.9 494.35 
26 0.0 501.25 498.65 494.9 500.95 509.85 500.25 505.4 499.8 501.25 497.4 504.5 493.25 502.3 508.7 499.6 506.75 497.55 502.05 500.95 508.2 
27 0.0 499.45 502.35 497.0 490.35 494.3 494.85 488.45 494.6 502.25 488.25 500.0 511.95 503.65 506.3 508.8 512.7 513.9 505.95 514.95 503.9 
28 0.0 499.4 495.85 501.05 495.4 490.5 500.25 503.0 496.5 502.95 495.75 499.5 497.25 508.05 501.5 506.45 504.1 505.6 505.85 500.75 509.4 
29 0.0 493.3 506.75 493.35 506.6 496.2 494.4 496.0 495.3 498.8 505.35 499.05 495.95 500.55 509.4 507.95 500.4 508.45 514.5 502.6 496.8 
30 0.0 508.4 499.85 497.35 500.25 496.1 497.95 496.75 498.95 501.3 502.65 497.15 508.15 499.55 500.35 505.7 493.35 491.35 498.05 502.15 512.4 
31 0.0 497.35 499.95 501.6 497.85 506.55 498.6 501.1 492.15 496.9 506.2 496.8 496.95 499.35 502.05 501.1 496.35 497.1 497.85 500.7 503.5 
32 0.0 496.8 502.25 502.8 496.65 494.5 494.55 495.35 503.75 500.85 499.15 502.55 496.3 495.8 495.3 497.3 498.05 503.2 495.4 499.6 500.25 
33 0.0 500.5 488.95 493.65 501.75 494.5 503.05 500.45 507.75 500.5 506.15 497.8 499.4 498.0 499.75 501.55 503.95 495.9 504.4 501.0 486.6 
34 0.0 496.15 511.45 490.5 498.15 498.55 501.65 502.15 497.6 499.65 504.1 499.35 499.5 500.25 501.7 504.8 495.85 501.5 495.65 507.6 504.4 
35 0.0 499.15 500.35 498.7 487.9 505.95 501.7 489.75 498.2 508.3 501.4 501.75 504.5 507.35 504.35 499.15 506.9 502.55 501.9 493.45 500.05 
36 0.0 506.65 491.95 502.9 498.8 495.75 493.05 497.65 497.2 495.45 497.65 504.85 498.75 494.8 494.35 492.5 499.95 507.25 498.35 508.0 502.0 
37 0.0 505.8 504.3 503.45 498.4 495.85 497.8 498.8 500.45 498.0 496.45 505.2 500.45 501.35 492.3 496.7 505.3 505.3 494.35 499.75 507.65 
38 0.0 496.65 492.9 501.05 505.75 500.65 496.15 498.1 499.55 503.8 496.55 502.5 506.55 501.55 498.45 494.5 497.1 504.85 508.0 496.45 504.0 
39 0.0 499.9 500.85 500.35 501.45 497.5 499.8 505.1 502.45 499.35 502.8 503.3 503.3 502.4 499.7 503.35 494.9 497.7 498.2 497.45 497.3 
40 0.0 499.4 496.35 492.75 493.7 486.35 490.65 501.15 495.7 502.25 504.0 504.7 495.25 503.6 503.75 497.4 501.2 497.0 502.25 500.05 498.2 
41 0.0 492.9 513.4 492.85 490.55 498.0 494.75 501.15 497.05 495.6 495.25 496.8 505.0 493.1 506.35 498.7 497.85 499.25 500.0 498.7 508.0 
42 0.0 503.4 495.4 504.6 510.6 504.0 505.6 502.5 500.05 502.15 504.8 490.75 495.3 501.85 498.35 505.75 504.65 497.1 501.15 506.25 490.05 
43 0.0 509.6 495.2 506.1 499.3 505.85 504.6 499.75 504.35 502.3 498.65 503.6 503.65 507.45 495.05 502.95 503.5 497.2 500.8 498.0 498.5 
44 0.0 493.55 504.25 496.9 503.95 503.95 495.5 492.75 495.85 491.7 492.45 497.55 490.4 494.3 506.3 493.9 501.25 504.35 505.4 499.65 500.2 
45 0.0 500.2 500.0 497.4 491.95 496.9 506.75 494.4 493.4 500.75 498.6 488.85 498.7 496.1 500.1 503.55 498.4 499.2 497.75 495.3 506.85 
46 0.0 500.8 496.1 511.1 496.3 500.85 503.25 504.15 499.65 492.1 499.9 496.65 500.55 498.25 500.4 505.3 502.6 501.75 495.0 510.85 496.9 
47 0.0 491.55 496.45 498.95 499.2 508.3 498.55 499.35 507.1 502.4 500.55 499.15 491.05 493.15 509.3 500.2 501.35 498.1 501.15 498.5 509.75 
48 0.0 365.05 505.6 502.3 502.05 502.25 505.5 500.0 503.4 504.25 499.9 502.65 506.3 496.3 501.5 500.2 502.9 505.85 506.9 498.95 493.0 
49 0.0 249.7 492.0 496.2 510.65 501.7 504.1 512.35 498.8 494.6 506.35 495.55 498.6 506.85 499.25 502.65 500.1 495.25 501.35 494.05 500.2 
50 0.0 114.05 498.4 494.55 502.2 505.05 498.2 502.35 509.7 504.85 503.5 502.35 498.25 496.05 500.1 497.05 501.45 506.45 501.6 507.25 504.8 
51 0.0 37.2 506.2 508.6 502.95 509.5 507.35 499.95 502.7 508.75 497.95 501.6 498.3 500.95 507.95 498.5 494.7 500.5 508.55 494.0 494.85 
52 0.0 4.8 496.05 498.95 506.15 493.65 505.55 500.9 501.25 504.75 500.05 500.75 504.0 501.65 484.75 491.6 498.65 492.3 492.75 493.8 497.55 
53 0.0 0.5 501.1 501.7 500.1 507.2 500.9 511.3 497.8 503.6 502.0 507.65 504.0 498.05 498.9 502.1 497.55 498.8 493.05 496.6 493.5 
54 0.0 0.0 505.25 505.45 503.0 505.7 504.6 495.55 507.6 496.85 504.7 505.4 495.2 503.85 490.4 501.75 498.85 493.1 494.25 502.25 502.3 
55 0.0 0.0 502.55 503.8 497.65 492.25 501.25 502.65 500.95 494.95 496.85 497.95 503.45 496.3 499.4 500.8 504.45 499.7 502.9 500.15 500.8 
56 0.0 0.0 498.9 503.7 493.2 499.4 492.0 501.05 499.35 495.05 495.25 500.95 492.15 502.85 500.75 496.9 487.55 497.35 493.3 497.95 501.1 
57 0.0 0.0 496.5 497.5 500.0 496.75 500.45 501.2 497.55 500.45 496.45 495.5 501.35 497.9 484.95 496.85 500.35 502.95 494.85 493.85 495.5 
58 0.0 0.0 490.25 489.65 501.45 496.3 504.95 501.45 502.85 501.7 503.1 501.55 509.85 500.3 500.6 497.85 500.95 501.9 499.85 499.75 493.1 
59 0.0 0.0 505.4 487.4 495.05 501.95 496.2 494.5 504.15 503.2 502.85 499.55 496.7 490.95 500.1 496.6 497.8 499.6 498.65 497.05 502.8 
60 0.0 0.0 498.75 506.65 497.25 500.85 496.45 498.05 497.5 494.45 493.05 503.15 494.75 504.05 504.0 497.35 501.45 502.6 499.65 498.7 502.95 
61 0.0 0.0 498.6 494.3 497.85 498.8 496.2 502.2 492.6 502.65 493.1 499.75 486.7 500.85 500.25 499.6 491.95 493.8 493.05 494.35 495.9 
62 0.0 0.0 498.15 499.1 489.45 494.4 495.1 500.95 502.95 494.05 502.6 492.25 508.95 504.65 498.55 497.75 499.95 507.2 513.55 501.6 502.0 
63 0.0 0.0 496.15 493.75 497.5 496.5 497.2 494.8 492.4 500.85 501.0 500.9 504.85 496.3 497.6 495.9 502.0 501.9 500.45 497.65 498.45 
64 0.0 0.0 498.95 497.1 503.55 499.4 500.9 496.1 490.05 491.95 501.1 498.35 499.75 492.25 498.75 502.0 496.45 500.65 501.2 505.45 508.3 
65 0.0 0.0 505.2 500.7 502.45 493.45 494.25 502.8 507.95 503.75 493.35 495.8 502.25 510.25 493.95 503.65 499.55 503.55 502.1 502.95 501.5 
66 0.0 0.0 502.55 498.15 498.25 498.45 506.35 497.0 500.7 502.1 495.2 504.2 505.4 493.35 510.4 501.1 504.6 496.15 494.3 497.9 496.55 
67 0.0 0.0 500.45 501.65 495.3 498.55 498.0 495.15 498.75 498.55 498.0 502.2 497.35 496.15 500.25 502.05 499.85 504.2 501.75 510.5 497.9 
68 0.0 0.0 504.55 497.45 495.3 505.1 494.15 498.15 495.95 491.35 509.45 496.2 497.5 500.5 505.35 498.75 506.35 489.05 494.55 503.9 503.2 
69 0.0 0.0 493.35 500.8 499.05 493.2 504.0 498.9 493.15 496.65 502.8 502.35 496.0 500.4 496.0 499.95 496.25 500.05 505.25 502.85 500.8 
70 0.0 0.0 494.65 496.65 508.8 506.35 494.35 494.9 498.15 500.85 498.0 494.25 491.4 500.9 495.0 501.65 501.6 497.85 498.55 497.45 502.05 
71 0.0 0.0 501.65 502.75 505.95 495.25 496.2 495.85 492.35 501.3 503.85 497.95 501.95 496.9 497.2 494.45 501.75 501.6 495.3 501.75 496.6 
72 0.0 0.0 498.3 512.75 495.6 497.7 505.35 496.25 501.25 504.65 489.9 498.8 502.1 491.0 496.15 500.2 499.85 493.05 499.4 493.0 499.5 
73 0.0 0.0 502.6 497.75 499.95 501.6 497.45 494.8 504.1 502.95 506.8 497.1 499.2 500.5 500.55 496.9 491.35 495.2 501.05 504.95 501.1 
74 0.0 0.0 498.0 495.2 496.2 493.2 503.95 499.35 505.65 507.55 505.95 499.5 496.05 511.85 504.7 504.45 499.2 515.55 491.4 493.75 492.7 
75 0.0 0.0 495.55 504.45 493.45 500.95 500.65 513.5 501.55 498.3 491.15 500.55 504.65 501.1 506.2 496.75 489.1 491.9 506.35 501.6 501.1 
76 0.0 0.0 500.6 495.5 501.55 499.65 499.15 509.35 491.4 494.4 493.2 502.25 495.9 502.65 499.6 497.85 512.55 490.2 502.55 491.75 487.2 
77 0.0 0.0 505.05 508.9 503.55 497.7 498.6 500.9 504.4 496.6 502.2 502.0 493.65 496.65 505.15 505.3 500.1 509.35 493.7 493.9 498.15 
78 0.0 0.0 502.85 498.8 507.3 498.9 499.8 497.95 504.7 501.7 500.8 496.8 501.3 505.05 499.6 502.65 498.0 494.2 500.5 491.4 500.75 
79 0.0 0.0 506.9 496.8 499.4 504.3 503.05 494.3 502.75 492.95 507.35 504.3 503.5 504.6 501.9 502.2 505.45 493.95 500.35 504.9 496.4 
80 0.0 0.0 498.65 502.7 504.65 512.95 506.2 502.85 504.35 499.85 497.4 496.85 499.85 500.55 495.2 500.8 491.2 496.35 498.65 503.05 498.3 
81 0.0 0.0 494.6 503.0 506.0 506.15 500.15 503.25 503.45 511.5 497.3 497.55 499.15 497.25 502.55 494.75 495.3 498.9 495.45 490.55 504.6 
82 0.0 0.0 498.1 506.3 500.15 497.8 496.55 505.45 500.35 507.95 498.35 498.9 502.35 502.85 498.3 497.6 508.65 496.6 492.6 505.05 492.5 
83 0.0 0.0 502.05 493.25 500.3 503.0 497.5 491.95 493.8 496.55 509.5 507.25 502.8 499.8 503.05 503.15 491.45 499.6 500.65 503.2 498.9 
84 0.0 0.0 498.3 502.7 500.0 493.15 504.55 510.55 497.45 499.15 503.55 495.45 506.5 498.25 493.9 504.95 493.5 512.35 496.85 497.45 507.1 
85 0.0 0.0 505.95 500.3 497.2 509.55 503.55 495.85 506.9 499.2 501.45 507.0 499.25 496.4 497.8 499.4 510.85 503.5 511.8 502.75 502.75 
86 0.0 0.0 495.4 503.95 504.5 500.45 503.05 499.15 502.95 494.3 501.7 521.5 511.55 504.55 493.2 487.1 504.5 497.95 504.8 495.05 493.65 
87 0.0 0.0 503.6 492.6 493.45 496.95 501.35 506.25 500.05 509.15 498.75 495.45 501.55 504.45 512.55 497.35 494.45 503.6 503.55 502.75 496.75 
88 0.0 0.0 497.85 499.4 492.85 495.3 502.6 503.6 494.0 501.8 497.3 510.9 503.75 499.1 501.5 505.85 505.0 504.25 501.5 509.25 503.2 
89 0.0 0.0 501.0 492.8 494.2 499.85 500.35 499.85 505.35 505.05 504.0 493.85 497.15 510.0 494.45 501.85 510.7 498.0 498.8 499.45 511.4 
90 0.0 0.0 488.75 499.2 504.0 501.25 498.4 497.15 501.8 501.55 508.0 500.0 498.45 501.35 510.8 507.6 505.2 501.45 509.7 497.8 502.5 
91 0.0 0.0 468.8 498.35 502.15 500.15 505.05 499.8 509.85 500.25 497.5 495.85 504.75 506.2 503.05 501.9 501.5 502.4 500.0 499.65 505.5 
92 0.0 0.0 441.75 497.55 494.35 500.05 501.2 494.95 492.95 499.6 498.15 499.5 501.0 495.7 506.0 509.3 499.1 500.6 500.5 498.4 498.0 
93 0.0 0.0 327.6 498.7 511.15 497.2 496.45 500.9 498.3 503.7 510.05 497.35 494.0 497.05 496.1 502.55 499.8 496.55 496.95 500.15 494.15 
94 0.0 0.0 199.45 503.05 504.35 504.95 497.0 510.3 499.2 497.7 502.4 495.15 500.4 494.4 499.9 494.25 499.2 506.1 489.5 501.0 497.1 
95 0.0 0.0 121.3 506.05 501.0 497.25 496.25 500.1 503.3 507.55 493.05 498.65 496.75 496.35 502.05 495.25 489.85 497.3 498.15 505.75 496.1 
96 0.0 0.0 44.95 505.1 500.95 502.15 494.3 499.75 503.0 494.2 499.35 497.9 494.05 498.6 499.1 501.15 503.2 507.9 506.0 497.4 499.25 
97 0.0 0.0 28.2 494.8 496.75 493.25 508.55 502.1 492.35 500.85 492.05 495.15 495.1 491.95 497.0 502.45 491.3 492.4 501.05 501.75 499.35 
98 0.0 0.0 2.65 497.9 500.2 508.6 494.1 493.9 498.55 496.55 501.95 508.3 505.0 501.4 500.3 499.05 501.6 504.7 502.8 497.35 500.2 
99 0.0 0.0 0.1 503.1 496.8 495.7 494.4 498.4 496.6 494.35 499.65 487.9 495.95 505.6 501.8 497.9 502.75 495.5 504.25 494.15 501.9 
100 0.0 0.0 0.0 494.05 507.45 501.9 503.3 506.25 499.95 492.15 490.75 499.2 494.85 492.9 484.9 494.85 507.05 499.7 497.9 501.95 507.65 
101 0.0 0.0 0.0 505.8 497.7 499.3 500.25 482.1 496.05 501.55 496.6 496.85 499.9 500.05 503.35 498.25 495.9 502.85 499.3 502.75 491.15 
102 0.0 0.0 0.0 502.55 497.0 498.2 495.8 494.85 493.1 495.9 494.95 502.4 510.4 497.15 502.75 500.4 500.25 497.0 497.05 503.45 496.75 
103 0.0 0.0 0.0 494.9 502.8 490.55 494.75 495.9 499.95 497.05 503.75 508.65 498.7 497.4 500.05 502.0 494.5 500.4 505.1 500.0 504.45 
104 0.0 0.0 0.0 500.75 494.45 495.95 501.95 493.05 500.9 501.4 509.0 504.85 508.4 503.0 495.0 501.55 501.15 495.4 494.55 498.9 500.8 
105 0.0 0.0 0.0 500.35 490.75 496.35 500.5 501.75 497.45 505.9 496.8 504.95 504.65 505.45 501.9 502.15 497.6 494.15 493.25 497.65 501.15 
106 0.0 0.0 0.0 498.85 503.05 503.95 490.25 497.1 502.0 493.85 501.35 494.7 496.9 508.25 504.0 491.3 511.15 499.8 493.05 507.25 498.85 
107 0.0 0.0 0.0 497.55 501.35 499.95 494.2 493.7 499.85 493.35 499.95 500.3 492.2 499.6 489.7 497.35 502.1 506.8 506.5 494.4 498.25 
108 0.0 0.0 0.0 491.75 500.05 497.75 505.65 500.45 502.25 499.5 496.35 499.95 502.25 494.05 503.65 500.1 504.25 502.55 499.15 494.9 496.7 
109 0.0 0.0 0.0 501.0 493.05 497.55 505.05 506.0 493.75 499.0 505.5 502.15 498.6 500.7 503.6 499.7 484.15 496.85 503.6 500.9 501.05 
110 0.0 0.0 0.0 508.3 495.3 499.25 492.5 507.45 490.95 504.05 497.05 494.05 498.8 498.45 498.55 498.05 497.9 503.35 498.4 498.7 495.6 
111 0.0 0.0 0.0 489.95 506.6 494.4 494.15 495.0 503.7 503.55 490.45 498.2 491.4 499.35 496.0 499.75 498.65 496.5 501.9 493.5 495.5 
112 0.0 0.0 0.0 498.0 502.55 498.85 495.45 496.0 493.6 492.4 493.65 496.1 492.0 499.65 503.15 494.15 500.2 497.1 500.85 502.75 495.2 
113 0.0 0.0 0.0 493.4 499.15 501.1 510.05 501.95 507.7 498.6 504.45 492.1 492.6 496.3 492.65 495.7 492.85 501.1 495.6 503.25 498.95 
114 0.0 0.0 0.0 501.3 500.35 497.0 495.6 497.9 495.5 493.65 497.2 490.75 497.4 501.0 492.45 501.0 495.95 490.85 498.9 487.4 490.2 
115 0.0 0.0 0.0 502.3 490.65 505.65 503.6 507.0 499.25 494.65 498.0 497.55 503.7 482.75 493.3 501.75 493.65 498.05 483.0 490.2 491.5 
116 0.0 0.0 0.0 497.4 498.3 500.3 500.7 505.45 497.1 500.0 492.7 494.9 492.95 499.4 496.3 497.45 490.4 493.15 485.85 482.85 484.4 
117 0.0 0.0 0.0 496.55 494.85 497.05 499.95 499.2 505.8 495.45 499.5 509.45 496.55 500.55 493.85 494.9 495.75 482.8 486.1 489.05 486.9 
118 0.0 0.0 0.0 495.2 496.85 498.3 506.65 495.4 500.05 502.7 501.4 497.9 492.1 490.1 496.65 485.7 491.95 486.45 493.1 485.7 467.4 
119 0.0 0.0 0.0 503.3 503.35 505.2 500.4 494.3 498.2 503.55 501.3 501.4 496.05 490.25 496.8 488.6 486.5 481.8 487.65 478.55 477.4 
120 0.0 0.0 0.0 502.35 495.5 504.0 496.7 494.05 495.2 499.1 494.6 496.1 492.5 488.1 488.3 485.55 488.9 482.4 477.6 479.85 487.1 
121 0.0 0.0 0.0 500.65 506.8 498.95 499.7 487.65 496.05 494.5 496.35 489.35 494.25 497.0 489.3 483.0 481.85 479.8 480.05 473.3 477.3 
122 0.0 0.0 0.0 499.2 494.9 488.35 494.9 504.95 493.9 497.3 494.6 494.5 495.6 490.05 478.8 486.15 469.7 476.5 465.25 472.85 468.95 
123 0.0 0.0 0.0 492.9 497.7 494.2 497.1 498.25 495.4 485.05 488.7 487.45 486.25 486.0 483.8 481.5 477.8 466.3 460.25 462.8 465.1 
124 0.0 0.0 0.0 488.65 498.65 500.75 494.95 497.1 490.45 493.5 498.1 489.75 488.85 473.8 477.5 468.85 468.45 464.45 463.4 461.0 457.1 
125 0.0 0.0 0.0 467.4 494.55 502.1 494.75 492.25 493.55 487.6 481.75 485.5 485.35 470.85 468.85 465.05 462.3 463.3 465.1 452.45 443.75 
126 0.0 0.0 0.0 354.8 493.6 490.2 489.55 498.5 490.05 487.45 476.95 479.45 467.95 475.45 470.25 456.65 450.75 457.7 455.45 448.45 448.25 
127 0.0 0.0 0.0 203.65 496.25 487.25 503.85 491.5 493.25 480.3 478.6 471.65 476.35 466.8 461.75 460.05 451.85 444.95 441.9 434.3 429.6 
128 0.0 0.0 0.0 67.6 503.95 503.2 490.5 497.2 483.25 483.35 486.4 468.7 465.15 456.0 453.9 463.45 447.15 442.3 429.5 427.25 424.1 
129 0.0 0.0 0.0 17.6 493.55 499.5 499.75 487.05 486.2 487.45 465.7 472.05 451.15 448.35 441.95 445.3 442.05 430.9 422.6 419.55 418.9 
130 0.0 0.0 0.0 1.95 500.45 493.2 482.8 486.2 480.25 474.45 460.0 451.2 449.8 439.35 438.6 422.2 427.6 413.05 415.55 411.05 410.15 
131 0.0 0.0 0.0 0.15 498.6 505.0 492.3 480.8 474.45 460.95 461.2 448.65 438.65 433.8 423.1 421.6 416.45 415.3 409.65 406.15 394.45 
132 0.0 0.0 0.0 0.05 498.75 493.05 496.7 485.6 474.45 449.15 448.1 432.45 429.1 421.1 416.25 405.45 404.0 397.15 389.1 392.3 388.65 
133 0.0 0.0 0.0 0.0 489.9 492.1 490.55 458.05 454.95 440.75 427.1 419.0 410.35 408.6 407.05 393.05 395.65 386.55 388.9 376.9 380.35 
134 0.0 0.0 0.0 0.0 494.3 483.5 467.55 462.9 436.25 429.5 416.15 404.6 399.95 397.3 390.85 386.95 371.9 369.25 370.8 362.85 364.95 
135 0.0 0.0 0.0 0.0 496.55 480.05 457.15 444.6 426.75 413.9 404.4 394.2 387.1 381.95 368.95 373.55 356.65 360.2 355.55 353.1 344.75 
136 0.0 0.0 0.0 0.0 489.95 471.9 440.45 423.7 406.5 385.55 379.9 381.05 368.0 359.1 358.15 344.6 351.85 351.1 339.35 340.05 333.95 
137 0.0 0.0 0.0 0.0 487.8 463.4 423.5 400.3 381.55 378.25 361.75 357.75 345.8 343.75 332.55 332.5 331.95 333.7 331.35 323.45 318.8 
138 0.0 0.0 0.0 0.0 482.95 429.8 394.45 370.45 363.05 350.2 335.95 331.75 324.55 326.5 320.3 315.85 320.5 312.95 308.6 311.6 309.45 
139 0.0 0.0 0.0 0.0 479.15 384.9 360.65 338.85 329.8 328.55 320.8 311.9 313.95 308.9 297.2 301.5 299.0 297.25 297.15 297.2 294.9 
140 0.0 0.0 0.0 0.0 457.55 348.5 314.55 313.35 305.3 301.45 295.3 289.0 292.3 283.6 290.0 281.3 283.25 278.85 283.4 288.55 278.4 
141 0.0 0.0 0.0 0.0 380.1 305.05 283.15 278.45 278.05 274.4 271.15 264.3 267.4 263.4 264.45 263.7 266.7 265.65 261.45 262.25 260.5 
142 0.0 0.0 0.0 0.0 216.2 240.1 245.45 240.2 247.65 242.7 251.05 243.55 239.2 240.6 251.6 246.55 242.2 245.7 246.65 245.9 247.0 
143 0.0 0.0 0.0 0.0 93.7 173.65 202.2 204.35 207.2 217.85 213.85 219.85 226.75 225.6 228.3 224.5 228.05 235.55 228.25 225.05 230.6 
144 0.0 0.0 0.0 0.0 31.1 131.75 155.05 171.7 179.45 190.35 196.2 199.85 201.05 205.8 197.3 207.35 208.9 208.1 208.4 213.3 219.05 
145 0.0 0.0 0.0 0.0 8.45 87.2 117.35 141.0 156.4 163.75 168.75 182.75 183.6 178.15 190.2 191.3 194.85 191.7 192.0 197.65 192.55 
146 0.0 0.0 0.0 0.0 2.1 57.15 92.35 115.85 127.55 139.25 148.75 153.25 156.1 166.05 165.8 170.65 167.4 169.35 176.85 178.55 186.05 
147 0.0 0.0 0.0 0.0 0.35 33.35 66.2 85.65 103.95 115.0 122.3 135.2 144.1 146.0 150.6 155.2 154.5 158.15 163.7 163.6 174.5 
148 0.0 0.0 0.0 0.0 0.05 18.3 45.3 69.0 83.8 97.2 107.05 109.45 124.05 131.2 130.9 140.1 140.15 140.1 148.55 154.55 149.65 
149 0.0 0.0 0.0 0.0 0.0 9.0 32.05 51.0 64.25 77.8 90.7 97.45 103.8 112.8 121.55 120.85 130.55 132.3 136.1 134.55 138.15 
150 0.0 0.0 0.0 0.0 0.0 4.65 21.2 34.0 50.85 63.5 72.05 87.15 90.6 103.85 104.75 107.55 114.6 120.35 122.65 124.8 129.7 
151 0.0 0.0 0.0 0.0 0.0 2.55 12.6 24.25 38.6 47.9 62.1 70.2 74.7 80.95 90.4 93.95 100.55 107.95 107.95 112.1 115.1 
152 0.0 0.0 0.0 0.0 0.0 1.4 7.05 18.05 27.15 37.5 48.7 56.2 65.65 73.5 78.45 85.05 89.85 91.6 93.05 102.2 110.0 
153 0.0 0.0 0.0 0.0 0.0 0.55 4.2 12.75 20.0 29.7 37.75 46.6 55.2 59.95 66.75 75.3 78.4 81.35 88.0 91.7 94.2 
154 0.0 0.0 0.0 0.0 0.0 0.3 2.05 7.85 13.45 23.0 29.8 38.25 43.3 48.9 53.7 67.15 65.65 73.75 75.85 79.6 81.3 
155 0.0 0.0 0.0 0.0 0.0 0.0 1.1 4.95 11.15 17.55 23.65 28.6 36.05 40.1 48.4 52.9 58.0 62.95 67.65 69.9 73.6 
156 0.0 0.0 0.0 0.0 0.0 0.0 0.95 2.45 7.25 11.95 19.35 23.3 29.35 33.45 39.95 43.65 48.65 54.45 60.6 62.55 66.4 
157 0.0 0.0 0.0 0.0 0.0 0.0 0.35 2.15 5.55 8.15 12.95 19.15 23.5 29.9 30.75 36.7 41.7 46.45 53.7 53.85 57.25 
158 0.0 0.0 0.0 0.0 0.0 0.0 0.3 1.15 3.15 6.35 10.25 12.75 18.7 24.0 26.6 28.5 36.0 39.3 43.7 46.7 52.85 
159 0.0 0.0 0.0 0.0 0.0 0.0 0.05 0.6 2.0 3.95 7.2 11.7 13.75 17.7 23.5 27.55 30.15 33.15 35.65 42.8 43.3 
160 0.0 0.0 0.0 0.0 0.0 0.0 0.0 0.4 1.25 3.2 5.4 7.6 11.15 15.2 17.3 21.85 25.65 28.85 31.6 35.5 39.15 
161 0.0 0.0 0.0 0.0 0.0 0.0 0.0 0.1 0.6 2.2 3.6 6.25 7.65 11.55 14.05 17.15 20.35 23.2 26.05 29.25 33.55 
162 0.0 0.0 0.0 0.0 0.0 0.0 0.0 0.1 0.5 0.95 2.1 4.6 6.8 9.1 11.5 13.0 17.1 20.8 21.0 23.75 27.05 
163 0.0 0.0 0.0 0.0 0.0 0.0 0.0 0.0 0.2 0.7 1.1 2.85 5.0 6.55 9.6 10.55 14.1 15.15 19.1 22.65 24.35 
164 0.0 0.0 0.0 0.0 0.0 0.0 0.0 0.0 0.2 0.85 1.3 2.2 3.2 6.0 7.7 9.8 11.05 12.95 14.7 18.85 20.0 
165 0.0 0.0 0.0 0.0 0.0 0.0 0.0 0.0 0.0 0.2 0.9 1.95 3.15 3.7 6.05 6.65 7.9 10.35 12.85 15.15 17.7 
166 0.0 0.0 0.0 0.0 0.0 0.0 0.0 0.0 0.0 0.25 0.75 1.35 1.65 2.65 4.35 6.1 6.4 9.25 9.7 13.45 13.95 
167 0.0 0.0 0.0 0.0 0.0 0.0 0.0 0.0 0.0 0.1 0.15 0.75 1.35 2.25 2.65 5.15 6.05 6.35 8.85 9.8 11.95 
168 0.0 0.0 0.0 0.0 0.0 0.0 0.0 0.0 0.0 0.05 0.25 0.5 1.1 2.0 2.75 3.0 5.15 6.7 6.7 8.0 10.1 
169 0.0 0.0 0.0 0.0 0.0 0.0 0.0 0.0 0.0 0.0 0.15 0.45 0.95 0.9 1.6 2.9 3.2 4.45 6.1 7.25 8.3 
170 0.0 0.0 0.0 0.0 0.0 0.0 0.0 0.0 0.0 0.0 0.1 0.2 0.7 0.65 1.1 2.15 3.15 3.3 4.85 5.45 6.15 
171 0.0 0.0 0.0 0.0 0.0 0.0 0.0 0.0 0.0 0.0 0.1 0.15 0.5 0.9 1.15 1.3 2.2 3.25 3.25 3.6 5.95 
172 0.0 0.0 0.0 0.0 0.0 0.0 0.0 0.0 0.0 0.0 0.1 0.0 0.3 0.4 0.75 0.75 1.7 2.25 2.9 3.05 4.85 
173 0.0 0.0 0.0 0.0 0.0 0.0 0.0 0.0 0.0 0.0 0.0 0.05 0.25 0.2 0.65 0.8 1.1 1.85 2.3 3.05 3.05 
174 0.0 0.0 0.0 0.0 0.0 0.0 0.0 0.0 0.0 0.0 0.0 0.05 0.05 0.3 0.5 0.9 0.95 1.0 2.05 2.0 2.4 
175 0.0 0.0 0.0 0.0 0.0 0.0 0.0 0.0 0.0 0.0 0.0 0.0 0.05 0.2 0.1 0.25 0.9 1.15 1.25 1.75 2.45 
176 0.0 0.0 0.0 0.0 0.0 0.0 0.0 0.0 0.0 0.0 0.0 0.0 0.0 0.1 0.15 0.6 0.45 0.8 0.75 1.55 1.55 
177 0.0 0.0 0.0 0.0 0.0 0.0 0.0 0.0 0.0 0.0 0.0 0.0 0.0 0.0 0.05 0.15 0.4 0.75 1.15 1.0 1.2 
178 0.0 0.0 0.0 0.0 0.0 0.0 0.0 0.0 0.0 0.0 0.0 0.0 0.0 0.0 0.0 0.15 0.3 0.45 0.6 0.8 1.2 
179 0.0 0.0 0.0 0.0 0.0 0.0 0.0 0.0 0.0 0.0 0.0 0.0 0.0 0.0 0.15 0.1 0.15 0.2 0.55 0.6 0.75 
180 0.0 0.0 0.0 0.0 0.0 0.0 0.0 0.0 0.0 0.0 0.0 0.0 0.0 0.0 0.05 0.15 0.3 0.1 0.4 0.45 0.7 
181 0.0 0.0 0.0 0.0 0.0 0.0 0.0 0.0 0.0 0.0 0.0 0.0 0.0 0.0 0.0 0.05 0.15 0.05 0.15 0.35 0.3 
182 0.0 0.0 0.0 0.0 0.0 0.0 0.0 0.0 0.0 0.0 0.0 0.0 0.0 0.0 0.0 0.0 0.05 0.25 0.1 0.5 0.4 
183 0.0 0.0 0.0 0.0 0.0 0.0 0.0 0.0 0.0 0.0 0.0 0.0 0.0 0.0 0.0 0.0 0.0 0.05 0.1 0.15 0.25 
184 0.0 0.0 0.0 0.0 0.0 0.0 0.0 0.0 0.0 0.0 0.0 0.0 0.0 0.0 0.0 0.0 0.05 0.1 0.15 0.15 0.2 
185 0.0 0.0 0.0 0.0 0.0 0.0 0.0 0.0 0.0 0.0 0.0 0.0 0.0 0.0 0.0 0.0 0.0 0.0 0.05 0.05 0.1 
186 0.0 0.0 0.0 0.0 0.0 0.0 0.0 0.0 0.0 0.0 0.0 0.0 0.0 0.0 0.0 0.0 0.0 0.0 0.1 0.15 0.15 
187 0.0 0.0 0.0 0.0 0.0 0.0 0.0 0.0 0.0 0.0 0.0 0.0 0.0 0.0 0.0 0.0 0.0 0.0 0.05 0.05 0.1 
188 0.0 0.0 0.0 0.0 0.0 0.0 0.0 0.0 0.0 0.0 0.0 0.0 0.0 0.0 0.0 0.0 0.0 0.05 0.0 0.0 0.1 
189 0.0 0.0 0.0 0.0 0.0 0.0 0.0 0.0 0.0 0.0 0.0 0.0 0.0 0.0 0.0 0.0 0.0 0.0 0.05 0.05 0.05 
190 0.0 0.0 0.0 0.0 0.0 0.0 0.0 0.0 0.0 0.0 0.0 0.0 0.0 0.0 0.0 0.0 0.0 0.0 0.0 0.0 0.0 
191 0.0 0.0 0.0 0.0 0.0 0.0 0.0 0.0 0.0 0.0 0.0 0.0 0.0 0.0 0.0 0.0 0.0 0.0 0.0 0.0 0.05 
192 0.0 0.0 0.0 0.0 0.0 0.0 0.0 0.0 0.0 0.0 0.0 0.0 0.0 0.0 0.0 0.0 0.0 0.0 0.0 0.0 0.0 
193 0.0 0.0 0.0 0.0 0.0 0.0 0.0 0.0 0.0 0.0 0.0 0.0 0.0 0.0 0.0 0.0 0.0 0.0 0.0 0.0 0.0 
194 0.0 0.0 0.0 0.0 0.0 0.0 0.0 0.0 0.0 0.0 0.0 0.0 0.0 0.0 0.0 0.0 0.0 0.0 0.0 0.0 0.0 
195 0.0 0.0 0.0 0.0 0.0 0.0 0.0 0.0 0.0 0.0 0.0 0.0 0.0 0.0 0.0 0.0 0.0 0.0 0.0 0.0 0.0 
196 0.0 0.0 0.0 0.0 0.0 0.0 0.0 0.0 0.0 0.0 0.0 0.0 0.0 0.0 0.0 0.0 0.0 0.0 0.0 0.0 0.0 
197 0.0 0.0 0.0 0.0 0.0 0.0 0.0 0.0 0.0 0.0 0.0 0.0 0.0 0.0 0.0 0.0 0.0 0.0 0.0 0.0 0.0 
198 0.0 0.0 0.0 0.0 0.0 0.0 0.0 0.0 0.0 0.0 0.0 0.0 0.0 0.0 0.0 0.0 0.0 0.0 0.0 0.0 0.0 
199 0.0 0.0 0.0 0.0 0.0 0.0 0.0 0.0 0.0 0.0 0.0 0.0 0.0 0.0 0.0 0.0 0.0 0.0 0.0 0.0 0.0 
200 0.0 0.0 0.0 0.0 0.0 0.0 0.0 0.0 0.0 0.0 0.0 0.0 0.0 0.0 0.0 0.0 0.0 0.0 0.0 0.0 0.0 
201 0.0 0.0 0.0 0.0 0.0 0.0 0.0 0.0 0.0 0.0 0.0 0.0 0.0 0.0 0.0 0.0 0.0 0.0 0.0 0.0 0.0 
202 0.0 0.0 0.0 0.0 0.0 0.0 0.0 0.0 0.0 0.0 0.0 0.0 0.0 0.0 0.0 0.0 0.0 0.0 0.0 0.0 0.0 
203 0.0 0.0 0.0 0.0 0.0 0.0 0.0 0.0 0.0 0.0 0.0 0.0 0.0 0.0 0.0 0.0 0.0 0.0 0.0 0.0 0.0 
204 0.0 0.0 0.0 0.0 0.0 0.0 0.0 0.0 0.0 0.0 0.0 0.0 0.0 0.0 0.0 0.0 0.0 0.0 0.0 0.0 0.0 
205 0.0 0.0 0.0 0.0 0.0 0.0 0.0 0.0 0.0 0.0 0.0 0.0 0.0 0.0 0.0 0.0 0.0 0.0 0.0 0.0 0.0 
206 0.0 0.0 0.0 0.0 0.0 0.0 0.0 0.0 0.0 0.0 0.0 0.0 0.0 0.0 0.0 0.0 0.0 0.0 0.0 0.0 0.0 
207 0.0 0.0 0.0 0.0 0.0 0.0 0.0 0.0 0.0 0.0 0.0 0.0 0.0 0.0 0.0 0.0 0.0 0.0 0.0 0.0 0.0 
208 0.0 0.0 0.0 0.0 0.0 0.0 0.0 0.0 0.0 0.0 0.0 0.0 0.0 0.0 0.0 0.0 0.0 0.0 0.0 0.0 0.0 
209 0.0 0.0 0.0 0.0 0.0 0.0 0.0 0.0 0.0 0.0 0.0 0.0 0.0 0.0 0.0 0.0 0.0 0.0 0.0 0.0 0.0 
210 0.0 0.0 0.0 0.0 0.0 0.0 0.0 0.0 0.0 0.0 0.0 0.0 0.0 0.0 0.0 0.0 0.0 0.0 0.0 0.0 0.0 
211 0.0 0.0 0.0 0.0 0.0 0.0 0.0 0.0 0.0 0.0 0.0 0.0 0.0 0.0 0.0 0.0 0.0 0.0 0.0 0.0 0.0 
212 0.0 0.0 0.0 0.0 0.0 0.0 0.0 0.0 0.0 0.0 0.0 0.0 0.0 0.0 0.0 0.0 0.0 0.0 0.0 0.0 0.0 
213 0.0 0.0 0.0 0.0 0.0 0.0 0.0 0.0 0.0 0.0 0.0 0.0 0.0 0.0 0.0 0.0 0.0 0.0 0.0 0.0 0.0 
214 0.0 0.0 0.0 0.0 0.0 0.0 0.0 0.0 0.0 0.0 0.0 0.0 0.0 0.0 0.0 0.0 0.0 0.0 0.0 0.0 0.0 
215 0.0 0.0 0.0 0.0 0.0 0.0 0.0 0.0 0.0 0.0 0.0 0.0 0.0 0.0 0.0 0.0 0.0 0.0 0.0 0.0 0.0 
216 0.0 0.0 0.0 0.0 0.0 0.0 0.0 0.0 0.0 0.0 0.0 0.0 0.0 0.0 0.0 0.0 0.0 0.0 0.0 0.0 0.0 
217 0.0 0.0 0.0 0.0 0.0 0.0 0.0 0.0 0.0 0.0 0.0 0.0 0.0 0.0 0.0 0.0 0.0 0.0 0.0 0.0 0.0 
218 0.0 0.0 0.0 0.0 0.0 0.0 0.0 0.0 0.0 0.0 0.0 0.0 0.0 0.0 0.0 0.0 0.0 0.0 0.0 0.0 0.0 
219 0.0 0.0 0.0 0.0 0.0 0.0 0.0 0.0 0.0 0.0 0.0 0.0 0.0 0.0 0.0 0.0 0.0 0.0 0.0 0.0 0.0 
220 0.0 0.0 0.0 0.0 0.0 0.0 0.0 0.0 0.0 0.0 0.0 0.0 0.0 0.0 0.0 0.0 0.0 0.0 0.0 0.0 0.0 
221 0.0 0.0 0.0 0.0 0.0 0.0 0.0 0.0 0.0 0.0 0.0 0.0 0.0 0.0 0.0 0.0 0.0 0.0 0.0 0.0 0.0 
222 0.0 0.0 0.0 0.0 0.0 0.0 0.0 0.0 0.0 0.0 0.0 0.0 0.0 0.0 0.0 0.0 0.0 0.0 0.0 0.0 0.0 
223 0.0 0.0 0.0 0.0 0.0 0.0 0.0 0.0 0.0 0.0 0.0 0.0 0.0 0.0 0.0 0.0 0.0 0.0 0.0 0.0 0.0 
224 0.0 0.0 0.0 0.0 0.0 0.0 0.0 0.0 0.0 0.0 0.0 0.0 0.0 0.0 0.0 0.0 0.0 0.0 0.0 0.0 0.0 
225 0.0 0.0 0.0 0.0 0.0 0.0 0.0 0.0 0.0 0.0 0.0 0.0 0.0 0.0 0.0 0.0 0.0 0.0 0.0 0.0 0.0 
226 0.0 0.0 0.0 0.0 0.0 0.0 0.0 0.0 0.0 0.0 0.0 0.0 0.0 0.0 0.0 0.0 0.0 0.0 0.0 0.0 0.0 
227 0.0 0.0 0.0 0.0 0.0 0.0 0.0 0.0 0.0 0.0 0.0 0.0 0.0 0.0 0.0 0.0 0.0 0.0 0.0 0.0 0.0 
228 0.0 0.0 0.0 0.0 0.0 0.0 0.0 0.0 0.0 0.0 0.0 0.0 0.0 0.0 0.0 0.0 0.0 0.0 0.0 0.0 0.0 
229 0.0 0.0 0.0 0.0 0.0 0.0 0.0 0.0 0.0 0.0 0.0 0.0 0.0 0.0 0.0 0.0 0.0 0.0 0.0 0.0 0.0 
230 0.0 0.0 0.0 0.0 0.0 0.0 0.0 0.0 0.0 0.0 0.0 0.0 0.0 0.0 0.0 0.0 0.0 0.0 0.0 0.0 0.0 
231 0.0 0.0 0.0 0.0 0.0 0.0 0.0 0.0 0.0 0.0 0.0 0.0 0.0 0.0 0.0 0.0 0.0 0.0 0.0 0.0 0.0 
232 0.0 0.0 0.0 0.0 0.0 0.0 0.0 0.0 0.0 0.0 0.0 0.0 0.0 0.0 0.0 0.0 0.0 0.0 0.0 0.0 0.0 
233 0.0 0.0 0.0 0.0 0.0 0.0 0.0 0.0 0.0 0.0 0.0 0.0 0.0 0.0 0.0 0.0 0.0 0.0 0.0 0.0 0.0 
234 0.0 0.0 0.0 0.0 0.0 0.0 0.0 0.0 0.0 0.0 0.0 0.0 0.0 0.0 0.0 0.0 0.0 0.0 0.0 0.0 0.0 
235 0.0 0.0 0.0 0.0 0.0 0.0 0.0 0.0 0.0 0.0 0.0 0.0 0.0 0.0 0.0 0.0 0.0 0.0 0.0 0.0 0.0 
236 0.0 0.0 0.0 0.0 0.0 0.0 0.0 0.0 0.0 0.0 0.0 0.0 0.0 0.0 0.0 0.0 0.0 0.0 0.0 0.0 0.0 
237 0.0 0.0 0.0 0.0 0.0 0.0 0.0 0.0 0.0 0.0 0.0 0.0 0.0 0.0 0.0 0.0 0.0 0.0 0.0 0.0 0.0 
238 0.0 0.0 0.0 0.0 0.0 0.0 0.0 0.0 0.0 0.0 0.0 0.0 0.0 0.0 0.0 0.0 0.0 0.0 0.0 0.0 0.0 
239 0.0 0.0 0.0 0.0 0.0 0.0 0.0 0.0 0.0 0.0 0.0 0.0 0.0 0.0 0.0 0.0 0.0 0.0 0.0 0.0 0.0 
240 0.0 0.0 0.0 0.0 0.0 0.0 0.0 0.0 0.0 0.0 0.0 0.0 0.0 0.0 0.0 0.0 0.0 0.0 0.0 0.0 0.0 
241 0.0 0.0 0.0 0.0 0.0 0.0 0.0 0.0 0.0 0.0 0.0 0.0 0.0 0.0 0.0 0.0 0.0 0.0 0.0 0.0 0.0 
242 0.0 0.0 0.0 0.0 0.0 0.0 0.0 0.0 0.0 0.0 0.0 0.0 0.0 0.0 0.0 0.0 0.0 0.0 0.0 0.0 0.0 
243 0.0 0.0 0.0 0.0 0.0 0.0 0.0 0.0 0.0 0.0 0.0 0.0 0.0 0.0 0.0 0.0 0.0 0.0 0.0 0.0 0.0 
244 0.0 0.0 0.0 0.0 0.0 0.0 0.0 0.0 0.0 0.0 0.0 0.0 0.0 0.0 0.0 0.0 0.0 0.0 0.0 0.0 0.0 
245 0.0 0.0 0.0 0.0 0.0 0.0 0.0 0.0 0.0 0.0 0.0 0.0 0.0 0.0 0.0 0.0 0.0 0.0 0.0 0.0 0.0 
246 0.0 0.0 0.0 0.0 0.0 0.0 0.0 0.0 0.0 0.0 0.0 0.0 0.0 0.0 0.0 0.0 0.0 0.0 0.0 0.0 0.0 
247 0.0 0.0 0.0 0.0 0.0 0.0 0.0 0.0 0.0 0.0 0.0 0.0 0.0 0.0 0.0 0.0 0.0 0.0 0.0 0.0 0.0 
248 0.0 0.0 0.0 0.0 0.0 0.0 0.0 0.0 0.0 0.0 0.0 0.0 0.0 0.0 0.0 0.0 0.0 0.0 0.0 0.0 0.0 
249 0.0 0.0 0.0 0.0 0.0 0.0 0.0 0.0 0.0 0.0 0.0 0.0 0.0 0.0 0.0 0.0 0.0 0.0 0.0 0.0 0.0 
250 0.0 0.0 0.0 0.0 0.0 0.0 0.0 0.0 0.0 0.0 0.0 0.0 0.0 0.0 0.0 0.0 0.0 0.0 0.0 0.0 0.0 
251 0.0 0.0 0.0 0.0 0.0 0.0 0.0 0.0 0.0 0.0 0.0 0.0 0.0 0.0 0.0 0.0 0.0 0.0 0.0 0.0 0.0 
252 0.0 0.0 0.0 0.0 0.0 0.0 0.0 0.0 0.0 0.0 0.0 0.0 0.0 0.0 0.0 0.0 0.0 0.0 0.0 0.0 0.0 
253 0.0 0.0 0.0 0.0 0.0 0.0 0.0 0.0 0.0 0.0 0.0 0.0 0.0 0.0 0.0 0.0 0.0 0.0 0.0 0.0 0.0 
254 0.0 0.0 0.0 0.0 0.0 0.0 0.0 0.0 0.0 0.0 0.0 0.0 0.0 0.0 0.0 0.0 0.0 0.0 0.0 0.0 0.0 
255 0.0 0.0 0.0 0.0 0.0 0.0 0.0 0.0 0.0 0.0 0.0 0.0 0.0 0.0 0.0 0.0 0.0 0.0 0.0 0.0 0.0 
256 0.0 0.0 0.0 0.0 0.0 0.0 0.0 0.0 0.0 0.0 0.0 0.0 0.0 0.0 0.0 0.0 0.0 0.0 0.0 0.0 0.0 
257 0.0 0.0 0.0 0.0 0.0 0.0 0.0 0.0 0.0 0.0 0.0 0.0 0.0 0.0 0.0 0.0 0.0 0.0 0.0 0.0 0.0 
258 0.0 0.0 0.0 0.0 0.0 0.0 0.0 0.0 0.0 0.0 0.0 0.0 0.0 0.0 0.0 0.0 0.0 0.0 0.0 0.0 0.0 
259 0.0 0.0 0.0 0.0 0.0 0.0 0.0 0.0 0.0 0.0 0.0 0.0 0.0 0.0 0.0 0.0 0.0 0.0 0.0 0.0 0.0 
260 0.0 0.0 0.0 0.0 0.0 0.0 0.0 0.0 0.0 0.0 0.0 0.0 0.0 0.0 0.0 0.0 0.0 0.0 0.0 0.0 0.0 
261 0.0 0.0 0.0 0.0 0.0 0.0 0.0 0.0 0.0 0.0 0.0 0.0 0.0 0.0 0.0 0.0 0.0 0.0 0.0 0.0 0.0 
262 0.0 0.0 0.0 0.0 0.0 0.0 0.0 0.0 0.0 0.0 0.0 0.0 0.0 0.0 0.0 0.0 0.0 0.0 0.0 0.0 0.0 
263 0.0 0.0 0.0 0.0 0.0 0.0 0.0 0.0 0.0 0.0 0.0 0.0 0.0 0.0 0.0 0.0 0.0 0.0 0.0 0.0 0.0 
264 0.0 0.0 0.0 0.0 0.0 0.0 0.0 0.0 0.0 0.0 0.0 0.0 0.0 0.0 0.0 0.0 0.0 0.0 0.0 0.0 0.0 
265 0.0 0.0 0.0 0.0 0.0 0.0 0.0 0.0 0.0 0.0 0.0 0.0 0.0 0.0 0.0 0.0 0.0 0.0 0.0 0.0 0.0 
266 0.0 0.0 0.0 0.0 0.0 0.0 0.0 0.0 0.0 0.0 0.0 0.0 0.0 0.0 0.0 0.0 0.0 0.0 0.0 0.0 0.0 
267 0.0 0.0 0.0 0.0 0.0 0.0 0.0 0.0 0.0 0.0 0.0 0.0 0.0 0.0 0.0 0.0 0.0 0.0 0.0 0.0 0.0 
268 0.0 0.0 0.0 0.0 0.0 0.0 0.0 0.0 0.0 0.0 0.0 0.0 0.0 0.0 0.0 0.0 0.0 0.0 0.0 0.0 0.0 
269 0.0 0.0 0.0 0.0 0.0 0.0 0.0 0.0 0.0 0.0 0.0 0.0 0.0 0.0 0.0 0.0 0.0 0.0 0.0 0.0 0.0 
270 0.0 0.0 0.0 0.0 0.0 0.0 0.0 0.0 0.0 0.0 0.0 0.0 0.0 0.0 0.0 0.0 0.0 0.0 0.0 0.0 0.0 
271 0.0 0.0 0.0 0.0 0.0 0.0 0.0 0.0 0.0 0.0 0.0 0.0 0.0 0.0 0.0 0.0 0.0 0.0 0.0 0.0 0.0 
272 0.0 0.0 0.0 0.0 0.0 0.0 0.0 0.0 0.0 0.0 0.0 0.0 0.0 0.0 0.0 0.0 0.0 0.0 0.0 0.0 0.0 
273 0.0 0.0 0.0 0.0 0.0 0.0 0.0 0.0 0.0 0.0 0.0 0.0 0.0 0.0 0.0 0.0 0.0 0.0 0.0 0.0 0.0 
274 0.0 0.0 0.0 0.0 0.0 0.0 0.0 0.0 0.0 0.0 0.0 0.0 0.0 0.0 0.0 0.0 0.0 0.0 0.0 0.0 0.0 
275 0.0 0.0 0.0 0.0 0.0 0.0 0.0 0.0 0.0 0.0 0.0 0.0 0.0 0.0 0.0 0.0 0.0 0.0 0.0 0.0 0.0 
276 0.0 0.0 0.0 0.0 0.0 0.0 0.0 0.0 0.0 0.0 0.0 0.0 0.0 0.0 0.0 0.0 0.0 0.0 0.0 0.0 0.0 
277 0.0 0.0 0.0 0.0 0.0 0.0 0.0 0.0 0.0 0.0 0.0 0.0 0.0 0.0 0.0 0.0 0.0 0.0 0.0 0.0 0.0 
278 0.0 0.0 0.0 0.0 0.0 0.0 0.0 0.0 0.0 0.0 0.0 0.0 0.0 0.0 0.0 0.0 0.0 0.0 0.0 0.0 0.0 
279 0.0 0.0 0.0 0.0 0.0 0.0 0.0 0.0 0.0 0.0 0.0 0.0 0.0 0.0 0.0 0.0 0.0 0.0 0.0 0.0 0.0 
280 0.0 0.0 0.0 0.0 0.0 0.0 0.0 0.0 0.0 0.0 0.0 0.0 0.0 0.0 0.0 0.0 0.0 0.0 0.0 0.0 0.0 
281 0.0 0.0 0.0 0.0 0.0 0.0 0.0 0.0 0.0 0.0 0.0 0.0 0.0 0.0 0.0 0.0 0.0 0.0 0.0 0.0 0.0 
282 0.0 0.0 0.0 0.0 0.0 0.0 0.0 0.0 0.0 0.0 0.0 0.0 0.0 0.0 0.0 0.0 0.0 0.0 0.0 0.0 0.0 
283 0.0 0.0 0.0 0.0 0.0 0.0 0.0 0.0 0.0 0.0 0.0 0.0 0.0 0.0 0.0 0.0 0.0 0.0 0.0 0.0 0.0 
284 0.0 0.0 0.0 0.0 0.0 0.0 0.0 0.0 0.0 0.0 0.0 0.0 0.0 0.0 0.0 0.0 0.0 0.0 0.0 0.0 0.0 
285 0.0 0.0 0.0 0.0 0.0 0.0 0.0 0.0 0.0 0.0 0.0 0.0 0.0 0.0 0.0 0.0 0.0 0.0 0.0 0.0 0.0 
286 0.0 0.0 0.0 0.0 0.0 0.0 0.0 0.0 0.0 0.0 0.0 0.0 0.0 0.0 0.0 0.0 0.0 0.0 0.0 0.0 0.0 
287 0.0 0.0 0.0 0.0 0.0 0.0 0.0 0.0 0.0 0.0 0.0 0.0 0.0 0.0 0.0 0.0 0.0 0.0 0.0 0.0 0.0 
288 0.0 0.0 0.0 0.0 0.0 0.0 0.0 0.0 0.0 0.0 0.0 0.0 0.0 0.0 0.0 0.0 0.0 0.0 0.0 0.0 0.0 
289 0.0 0.0 0.0 0.0 0.0 0.0 0.0 0.0 0.0 0.0 0.0 0.0 0.0 0.0 0.0 0.0 0.0 0.0 0.0 0.0 0.0 
290 0.0 0.0 0.0 0.0 0.0 0.0 0.0 0.0 0.0 0.0 0.0 0.0 0.0 0.0 0.0 0.0 0.0 0.0 0.0 0.0 0.0 
291 0.0 0.0 0.0 0.0 0.0 0.0 0.0 0.0 0.0 0.0 0.0 0.0 0.0 0.0 0.0 0.0 0.0 0.0 0.0 0.0 0.0 
292 0.0 0.0 0.0 0.0 0.0 0.0 0.0 0.0 0.0 0.0 0.0 0.0 0.0 0.0 0.0 0.0 0.0 0.0 0.0 0.0 0.0 
293 0.0 0.0 0.0 0.0 0.0 0.0 0.0 0.0 0.0 0.0 0.0 0.0 0.0 0.0 0.0 0.0 0.0 0.0 0.0 0.0 0.0 
294 0.0 0.0 0.0 0.0 0.0 0.0 0.0 0.0 0.0 0.0 0.0 0.0 0.0 0.0 0.0 0.0 0.0 0.0 0.0 0.0 0.0 
295 0.0 0.0 0.0 0.0 0.0 0.0 0.0 0.0 0.0 0.0 0.0 0.0 0.0 0.0 0.0 0.0 0.0 0.0 0.0 0.0 0.0 
296 0.0 0.0 0.0 0.0 0.0 0.0 0.0 0.0 0.0 0.0 0.0 0.0 0.0 0.0 0.0 0.0 0.0 0.0 0.0 0.0 0.0 
297 0.0 0.0 0.0 0.0 0.0 0.0 0.0 0.0 0.0 0.0 0.0 0.0 0.0 0.0 0.0 0.0 0.0 0.0 0.0 0.0 0.0 
298 0.0 0.0 0.0 0.0 0.0 0.0 0.0 0.0 0.0 0.0 0.0 0.0 0.0 0.0 0.0 0.0 0.0 0.0 0.0 0.0 0.0 
299 0.0 0.0 0.0 0.0 0.0 0.0 0.0 0.0 0.0 0.0 0.0 0.0 0.0 0.0 0.0 0.0 0.0 0.0 0.0 0.0 0.0 
300 0.0 0.0 0.0 0.0 0.0 0.0 0.0 0.0 0.0 0.0 0.0 0.0 0.0 0.0 0.0 0.0 0.0 0.0 0.0 0.0 0.0 
301 0.0 0.0 0.0 0.0 0.0 0.0 0.0 0.0 0.0 0.0 0.0 0.0 0.0 0.0 0.0 0.0 0.0 0.0 0.0 0.0 0.0 
302 0.0 0.0 0.0 0.0 0.0 0.0 0.0 0.0 0.0 0.0 0.0 0.0 0.0 0.0 0.0 0.0 0.0 0.0 0.0 0.0 0.0 
303 0.0 0.0 0.0 0.0 0.0 0.0 0.0 0.0 0.0 0.0 0.0 0.0 0.0 0.0 0.0 0.0 0.0 0.0 0.0 0.0 0.0 
304 0.0 0.0 0.0 0.0 0.0 0.0 0.0 0.0 0.0 0.0 0.0 0.0 0.0 0.0 0.0 0.0 0.0 0.0 0.0 0.0 0.0 
305 0.0 0.0 0.0 0.0 0.0 0.0 0.0 0.0 0.0 0.0 0.0 0.0 0.0 0.0 0.0 0.0 0.0 0.0 0.0 0.0 0.0 
306 0.0 0.0 0.0 0.0 0.0 0.0 0.0 0.0 0.0 0.0 0.0 0.0 0.0 0.0 0.0 0.0 0.0 0.0 0.0 0.0 0.0 
307 0.0 0.0 0.0 0.0 0.0 0.0 0.0 0.0 0.0 0.0 0.0 0.0 0.0 0.0 0.0 0.0 0.0 0.0 0.0 0.0 0.0 
308 0.0 0.0 0.0 0.0 0.0 0.0 0.0 0.0 0.0 0.0 0.0 0.0 0.0 0.0 0.0 0.0 0.0 0.0 0.0 0.0 0.0 
309 0.0 0.0 0.0 0.0 0.0 0.0 0.0 0.0 0.0 0.0 0.0 0.0 0.0 0.0 0.0 0.0 0.0 0.0 0.0 0.0 0.0 
310 0.0 0.0 0.0 0.0 0.0 0.0 0.0 0.0 0.0 0.0 0.0 0.0 0.0 0.0 0.0 0.0 0.0 0.0 0.0 0.0 0.0 
311 0.0 0.0 0.0 0.0 0.0 0.0 0.0 0.0 0.0 0.0 0.0 0.0 0.0 0.0 0.0 0.0 0.0 0.0 0.0 0.0 0.0 
312 0.0 0.0 0.0 0.0 0.0 0.0 0.0 0.0 0.0 0.0 0.0 0.0 0.0 0.0 0.0 0.0 0.0 0.0 0.0 0.0 0.0 
313 0.0 0.0 0.0 0.0 0.0 0.0 0.0 0.0 0.0 0.0 0.0 0.0 0.0 0.0 0.0 0.0 0.0 0.0 0.0 0.0 0.0 
314 0.0 0.0 0.0 0.0 0.0 0.0 0.0 0.0 0.0 0.0 0.0 0.0 0.0 0.0 0.0 0.0 0.0 0.0 0.0 0.0 0.0 
315 0.0 0.0 0.0 0.0 0.0 0.0 0.0 0.0 0.0 0.0 0.0 0.0 0.0 0.0 0.0 0.0 0.0 0.0 0.0 0.0 0.0 
316 0.0 0.0 0.0 0.0 0.0 0.0 0.0 0.0 0.0 0.0 0.0 0.0 0.0 0.0 0.0 0.0 0.0 0.0 0.0 0.0 0.0 
317 0.0 0.0 0.0 0.0 0.0 0.0 0.0 0.0 0.0 0.0 0.0 0.0 0.0 0.0 0.0 0.0 0.0 0.0 0.0 0.0 0.0 
318 0.0 0.0 0.0 0.0 0.0 0.0 0.0 0.0 0.0 0.0 0.0 0.0 0.0 0.0 0.0 0.0 0.0 0.0 0.0 0.0 0.0 
319 0.0 0.0 0.0 0.0 0.0 0.0 0.0 0.0 0.0 0.0 0.0 0.0 0.0 0.0 0.0 0.0 0.0 0.0 0.0 0.0 0.0 
320 0.0 0.0 0.0 0.0 0.0 0.0 0.0 0.0 0.0 0.0 0.0 0.0 0.0 0.0 0.0 0.0 0.0 0.0 0.0 0.0 0.0 
321 0.0 0.0 0.0 0.0 0.0 0.0 0.0 0.0 0.0 0.0 0.0 0.0 0.0 0.0 0.0 0.0 0.0 0.0 0.0 0.0 0.0 
322 0.0 0.0 0.0 0.0 0.0 0.0 0.0 0.0 0.0 0.0 0.0 0.0 0.0 0.0 0.0 0.0 0.0 0.0 0.0 0.0 0.0 
323 0.0 0.0 0.0 0.0 0.0 0.0 0.0 0.0 0.0 0.0 0.0 0.0 0.0 0.0 0.0 0.0 0.0 0.0 0.0 0.0 0.0 
324 0.0 0.0 0.0 0.0 0.0 0.0 0.0 0.0 0.0 0.0 0.0 0.0 0.0 0.0 0.0 0.0 0.0 0.0 0.0 0.0 0.0 
325 0.0 0.0 0.0 0.0 0.0 0.0 0.0 0.0 0.0 0.0 0.0 0.0 0.0 0.0 0.0 0.0 0.0 0.0 0.0 0.0 0.0 
326 0.0 0.0 0.0 0.0 0.0 0.0 0.0 0.0 0.0 0.0 0.0 0.0 0.0 0.0 0.0 0.0 0.0 0.0 0.0 0.0 0.0 
327 0.0 0.0 0.0 0.0 0.0 0.0 0.0 0.0 0.0 0.0 0.0 0.0 0.0 0.0 0.0 0.0 0.0 0.0 0.0 0.0 0.0 
328 0.0 0.0 0.0 0.0 0.0 0.0 0.0 0.0 0.0 0.0 0.0 0.0 0.0 0.0 0.0 0.0 0.0 0.0 0.0 0.0 0.0 
329 0.0 0.0 0.0 0.0 0.0 0.0 0.0 0.0 0.0 0.0 0.0 0.0 0.0 0.0 0.0 0.0 0.0 0.0 0.0 0.0 0.0 
330 0.0 0.0 0.0 0.0 0.0 0.0 0.0 0.0 0.0 0.0 0.0 0.0 0.0 0.0 0.0 0.0 0.0 0.0 0.0 0.0 0.0 
331 0.0 0.0 0.0 0.0 0.0 0.0 0.0 0.0 0.0 0.0 0.0 0.0 0.0 0.0 0.0 0.0 0.0 0.0 0.0 0.0 0.0 
332 0.0 0.0 0.0 0.0 0.0 0.0 0.0 0.0 0.0 0.0 0.0 0.0 0.0 0.0 0.0 0.0 0.0 0.0 0.0 0.0 0.0 
333 0.0 0.0 0.0 0.0 0.0 0.0 0.0 0.0 0.0 0.0 0.0 0.0 0.0 0.0 0.0 0.0 0.0 0.0 0.0 0.0 0.0 
334 0.0 0.0 0.0 0.0 0.0 0.0 0.0 0.0 0.0 0.0 0.0 0.0 0.0 0.0 0.0 0.0 0.0 0.0 0.0 0.0 0.0 
335 0.0 0.0 0.0 0.0 0.0 0.0 0.0 0.0 0.0 0.0 0.0 0.0 0.0 0.0 0.0 0.0 0.0 0.0 0.0 0.0 0.0 
336 0.0 0.0 0.0 0.0 0.0 0.0 0.0 0.0 0.0 0.0 0.0 0.0 0.0 0.0 0.0 0.0 0.0 0.0 0.0 0.0 0.0 
337 0.0 0.0 0.0 0.0 0.0 0.0 0.0 0.0 0.0 0.0 0.0 0.0 0.0 0.0 0.0 0.0 0.0 0.0 0.0 0.0 0.0 
338 0.0 0.0 0.0 0.0 0.0 0.0 0.0 0.0 0.0 0.0 0.0 0.0 0.0 0.0 0.0 0.0 0.0 0.0 0.0 0.0 0.0 
339 0.0 0.0 0.0 0.0 0.0 0.0 0.0 0.0 0.0 0.0 0.0 0.0 0.0 0.0 0.0 0.0 0.0 0.0 0.0 0.0 0.0 
340 0.0 0.0 0.0 0.0 0.0 0.0 0.0 0.0 0.0 0.0 0.0 0.0 0.0 0.0 0.0 0.0 0.0 0.0 0.0 0.0 0.0 
341 0.0 0.0 0.0 0.0 0.0 0.0 0.0 0.0 0.0 0.0 0.0 0.0 0.0 0.0 0.0 0.0 0.0 0.0 0.0 0.0 0.0 
342 0.0 0.0 0.0 0.0 0.0 0.0 0.0 0.0 0.0 0.0 0.0 0.0 0.0 0.0 0.0 0.0 0.0 0.0 0.0 0.0 0.0 
343 0.0 0.0 0.0 0.0 0.0 0.0 0.0 0.0 0.0 0.0 0.0 0.0 0.0 0.0 0.0 0.0 0.0 0.0 0.0 0.0 0.0 
344 0.0 0.0 0.0 0.0 0.0 0.0 0.0 0.0 0.0 0.0 0.0 0.0 0.0 0.0 0.0 0.0 0.0 0.0 0.0 0.0 0.0 
345 0.0 0.0 0.0 0.0 0.0 0.0 0.0 0.0 0.0 0.0 0.0 0.0 0.0 0.0 0.0 0.0 0.0 0.0 0.0 0.0 0.0 
346 0.0 0.0 0.0 0.0 0.0 0.0 0.0 0.0 0.0 0.0 0.0 0.0 0.0 0.0 0.0 0.0 0.0 0.0 0.0 0.0 0.0 
347 0.0 0.0 0.0 0.0 0.0 0.0 0.0 0.0 0.0 0.0 0.0 0.0 0.0 0.0 0.0 0.0 0.0 0.0 0.0 0.0 0.0 
348 0.0 0.0 0.0 0.0 0.0 0.0 0.0 0.0 0.0 0.0 0.0 0.0 0.0 0.0 0.0 0.0 0.0 0.0 0.0 0.0 0.0 
349 0.0 0.0 0.0 0.0 0.0 0.0 0.0 0.0 0.0 0.0 0.0 0.0 0.0 0.0 0.0 0.0 0.0 0.0 0.0 0.0 0.0 
350 0.0 0.0 0.0 0.0 0.0 0.0 0.0 0.0 0.0 0.0 0.0 0.0 0.0 0.0 0.0 0.0 0.0 0.0 0.0 0.0 0.0 
351 0.0 0.0 0.0 0.0 0.0 0.0 0.0 0.0 0.0 0.0 0.0 0.0 0.0 0.0 0.0 0.0 0.0 0.0 0.0 0.0 0.0 
352 0.0 0.0 0.0 0.0 0.0 0.0 0.0 0.0 0.0 0.0 0.0 0.0 0.0 0.0 0.0 0.0 0.0 0.0 0.0 0.0 0.0 
353 0.0 0.0 0.0 0.0 0.0 0.0 0.0 0.0 0.0 0.0 0.0 0.0 0.0 0.0 0.0 0.0 0.0 0.0 0.0 0.0 0.0 
354 0.0 0.0 0.0 0.0 0.0 0.0 0.0 0.0 0.0 0.0 0.0 0.0 0.0 0.0 0.0 0.0 0.0 0.0 0.0 0.0 0.0 
355 0.0 0.0 0.0 0.0 0.0 0.0 0.0 0.0 0.0 0.0 0.0 0.0 0.0 0.0 0.0 0.0 0.0 0.0 0.0 0.0 0.0 
356 0.0 0.0 0.0 0.0 0.0 0.0 0.0 0.0 0.0 0.0 0.0 0.0 0.0 0.0 0.0 0.0 0.0 0.0 0.0 0.0 0.0 
357 0.0 0.0 0.0 0.0 0.0 0.0 0.0 0.0 0.0 0.0 0.0 0.0 0.0 0.0 0.0 0.0 0.0 0.0 0.0 0.0 0.0 
358 0.0 0.0 0.0 0.0 0.0 0.0 0.0 0.0 0.0 0.0 0.0 0.0 0.0 0.0 0.0 0.0 0.0 0.0 0.0 0.0 0.0 
359 0.0 0.0 0.0 0.0 0.0 0.0 0.0 0.0 0.0 0.0 0.0 0.0 0.0 0.0 0.0 0.0 0.0 0.0 0.0 0.0 0.0 
360 0.0 0.0 0.0 0.0 0.0 0.0 0.0 0.0 0.0 0.0 0.0 0.0 0.0 0.0 0.0 0.0 0.0 0.0 0.0 0.0 0.0 
361 0.0 0.0 0.0 0.0 0.0 0.0 0.0 0.0 0.0 0.0 0.0 0.0 0.0 0.0 0.0 0.0 0.0 0.0 0.0 0.0 0.0 
362 0.0 0.0 0.0 0.0 0.0 0.0 0.0 0.0 0.0 0.0 0.0 0.0 0.0 0.0 0.0 0.0 0.0 0.0 0.0 0.0 0.0 
363 0.0 0.0 0.0 0.0 0.0 0.0 0.0 0.0 0.0 0.0 0.0 0.0 0.0 0.0 0.0 0.0 0.0 0.0 0.0 0.0 0.0 
364 0.0 0.0 0.0 0.0 0.0 0.0 0.0 0.0 0.0 0.0 0.0 0.0 0.0 0.0 0.0 0.0 0.0 0.0 0.0 0.0 0.0 
365 0.0 0.0 0.0 0.0 0.0 0.0 0.0 0.0 0.0 0.0 0.0 0.0 0.0 0.0 0.0 0.0 0.0 0.0 0.0 0.0 0.0 
366 0.0 0.0 0.0 0.0 0.0 0.0 0.0 0.0 0.0 0.0 0.0 0.0 0.0 0.0 0.0 0.0 0.0 0.0 0.0 0.0 0.0 
367 0.0 0.0 0.0 0.0 0.0 0.0 0.0 0.0 0.0 0.0 0.0 0.0 0.0 0.0 0.0 0.0 0.0 0.0 0.0 0.0 0.0 
368 0.0 0.0 0.0 0.0 0.0 0.0 0.0 0.0 0.0 0.0 0.0 0.0 0.0 0.0 0.0 0.0 0.0 0.0 0.0 0.0 0.0 
369 0.0 0.0 0.0 0.0 0.0 0.0 0.0 0.0 0.0 0.0 0.0 0.0 0.0 0.0 0.0 0.0 0.0 0.0 0.0 0.0 0.0 
370 0.0 0.0 0.0 0.0 0.0 0.0 0.0 0.0 0.0 0.0 0.0 0.0 0.0 0.0 0.0 0.0 0.0 0.0 0.0 0.0 0.0 
371 0.0 0.0 0.0 0.0 0.0 0.0 0.0 0.0 0.0 0.0 0.0 0.0 0.0 0.0 0.0 0.0 0.0 0.0 0.0 0.0 0.0 
372 0.0 0.0 0.0 0.0 0.0 0.0 0.0 0.0 0.0 0.0 0.0 0.0 0.0 0.0 0.0 0.0 0.0 0.0 0.0 0.0 0.0 
373 0.0 0.0 0.0 0.0 0.0 0.0 0.0 0.0 0.0 0.0 0.0 0.0 0.0 0.0 0.0 0.0 0.0 0.0 0.0 0.0 0.0 
374 0.0 0.0 0.0 0.0 0.0 0.0 0.0 0.0 0.0 0.0 0.0 0.0 0.0 0.0 0.0 0.0 0.0 0.0 0.0 0.0 0.0 
375 0.0 0.0 0.0 0.0 0.0 0.0 0.0 0.0 0.0 0.0 0.0 0.0 0.0 0.0 0.0 0.0 0.0 0.0 0.0 0.0 0.0 
376 0.0 0.0 0.0 0.0 0.0 0.0 0.0 0.0 0.0 0.0 0.0 0.0 0.0 0.0 0.0 0.0 0.0 0.0 0.0 0.0 0.0 
377 0.0 0.0 0.0 0.0 0.0 0.0 0.0 0.0 0.0 0.0 0.0 0.0 0.0 0.0 0.0 0.0 0.0 0.0 0.0 0.0 0.0 
378 0.0 0.0 0.0 0.0 0.0 0.0 0.0 0.0 0.0 0.0 0.0 0.0 0.0 0.0 0.0 0.0 0.0 0.0 0.0 0.0 0.0 
379 0.0 0.0 0.0 0.0 0.0 0.0 0.0 0.0 0.0 0.0 0.0 0.0 0.0 0.0 0.0 0.0 0.0 0.0 0.0 0.0 0.0 
380 0.0 0.0 0.0 0.0 0.0 0.0 0.0 0.0 0.0 0.0 0.0 0.0 0.0 0.0 0.0 0.0 0.0 0.0 0.0 0.0 0.0 
381 0.0 0.0 0.0 0.0 0.0 0.0 0.0 0.0 0.0 0.0 0.0 0.0 0.0 0.0 0.0 0.0 0.0 0.0 0.0 0.0 0.0 
382 0.0 0.0 0.0 0.0 0.0 0.0 0.0 0.0 0.0 0.0 0.0 0.0 0.0 0.0 0.0 0.0 0.0 0.0 0.0 0.0 0.0 
383 0.0 0.0 0.0 0.0 0.0 0.0 0.0 0.0 0.0 0.0 0.0 0.0 0.0 0.0 0.0 0.0 0.0 0.0 0.0 0.0 0.0 
384 0.0 0.0 0.0 0.0 0.0 0.0 0.0 0.0 0.0 0.0 0.0 0.0 0.0 0.0 0.0 0.0 0.0 0.0 0.0 0.0 0.0 
385 0.0 0.0 0.0 0.0 0.0 0.0 0.0 0.0 0.0 0.0 0.0 0.0 0.0 0.0 0.0 0.0 0.0 0.0 0.0 0.0 0.0 
386 0.0 0.0 0.0 0.0 0.0 0.0 0.0 0.0 0.0 0.0 0.0 0.0 0.0 0.0 0.0 0.0 0.0 0.0 0.0 0.0 0.0 
387 0.0 0.0 0.0 0.0 0.0 0.0 0.0 0.0 0.0 0.0 0.0 0.0 0.0 0.0 0.0 0.0 0.0 0.0 0.0 0.0 0.0 
388 0.0 0.0 0.0 0.0 0.0 0.0 0.0 0.0 0.0 0.0 0.0 0.0 0.0 0.0 0.0 0.0 0.0 0.0 0.0 0.0 0.0 
389 0.0 0.0 0.0 0.0 0.0 0.0 0.0 0.0 0.0 0.0 0.0 0.0 0.0 0.0 0.0 0.0 0.0 0.0 0.0 0.0 0.0 
390 0.0 0.0 0.0 0.0 0.0 0.0 0.0 0.0 0.0 0.0 0.0 0.0 0.0 0.0 0.0 0.0 0.0 0.0 0.0 0.0 0.0 
391 0.0 0.0 0.0 0.0 0.0 0.0 0.0 0.0 0.0 0.0 0.0 0.0 0.0 0.0 0.0 0.0 0.0 0.0 0.0 0.0 0.0 
392 0.0 0.0 0.0 0.0 0.0 0.0 0.0 0.0 0.0 0.0 0.0 0.0 0.0 0.0 0.0 0.0 0.0 0.0 0.0 0.0 0.0 
393 0.0 0.0 0.0 0.0 0.0 0.0 0.0 0.0 0.0 0.0 0.0 0.0 0.0 0.0 0.0 0.0 0.0 0.0 0.0 0.0 0.0 
394 0.0 0.0 0.0 0.0 0.0 0.0 0.0 0.0 0.0 0.0 0.0 0.0 0.0 0.0 0.0 0.0 0.0 0.0 0.0 0.0 0.0 
395 0.0 0.0 0.0 0.0 0.0 0.0 0.0 0.0 0.0 0.0 0.0 0.0 0.0 0.0 0.0 0.0 0.0 0.0 0.0 0.0 0.0 
396 0.0 0.0 0.0 0.0 0.0 0.0 0.0 0.0 0.0 0.0 0.0 0.0 0.0 0.0 0.0 0.0 0.0 0.0 0.0 0.0 0.0 
397 0.0 0.0 0.0 0.0 0.0 0.0 0.0 0.0 0.0 0.0 0.0 0.0 0.0 0.0 0.0 0.0 0.0 0.0 0.0 0.0 0.0 
398 0.0 0.0 0.0 0.0 0.0 0.0 0.0 0.0 0.0 0.0 0.0 0.0 0.0 0.0 0.0 0.0 0.0 0.0 0.0 0.0 0.0 
399 0.0 0.0 0.0 0.0 0.0 0.0 0.0 0.0 0.0 0.0 0.0 0.0 0.0 0.0 0.0 0.0 0.0 0.0 0.0 0.0 0.0 
400 0.0 0.0 0.0 0.0 0.0 0.0 0.0 0.0 0.0 0.0 0.0 0.0 0.0 0.0 0.0 0.0 0.0 0.0 0.0 0.0 0.0 
401 0.0 0.0 0.0 0.0 0.0 0.0 0.0 0.0 0.0 0.0 0.0 0.0 0.0 0.0 0.0 0.0 0.0 0.0 0.0 0.0 0.0 
402 0.0 0.0 0.0 0.0 0.0 0.0 0.0 0.0 0.0 0.0 0.0 0.0 0.0 0.0 0.0 0.0 0.0 0.0 0.0 0.0 0.0 
403 0.0 0.0 0.0 0.0 0.0 0.0 0.0 0.0 0.0 0.0 0.0 0.0 0.0 0.0 0.0 0.0 0.0 0.0 0.0 0.0 0.0 
404 0.0 0.0 0.0 0.0 0.0 0.0 0.0 0.0 0.0 0.0 0.0 0.0 0.0 0.0 0.0 0.0 0.0 0.0 0.0 0.0 0.0 
405 0.0 0.0 0.0 0.0 0.0 0.0 0.0 0.0 0.0 0.0 0.0 0.0 0.0 0.0 0.0 0.0 0.0 0.0 0.0 0.0 0.0 
406 0.0 0.0 0.0 0.0 0.0 0.0 0.0 0.0 0.0 0.0 0.0 0.0 0.0 0.0 0.0 0.0 0.0 0.0 0.0 0.0 0.0 
407 0.0 0.0 0.0 0.0 0.0 0.0 0.0 0.0 0.0 0.0 0.0 0.0 0.0 0.0 0.0 0.0 0.0 0.0 0.0 0.0 0.0 
408 0.0 0.0 0.0 0.0 0.0 0.0 0.0 0.0 0.0 0.0 0.0 0.0 0.0 0.0 0.0 0.0 0.0 0.0 0.0 0.0 0.0 
409 0.0 0.0 0.0 0.0 0.0 0.0 0.0 0.0 0.0 0.0 0.0 0.0 0.0 0.0 0.0 0.0 0.0 0.0 0.0 0.0 0.0 
410 0.0 0.0 0.0 0.0 0.0 0.0 0.0 0.0 0.0 0.0 0.0 0.0 0.0 0.0 0.0 0.0 0.0 0.0 0.0 0.0 0.0 
411 0.0 0.0 0.0 0.0 0.0 0.0 0.0 0.0 0.0 0.0 0.0 0.0 0.0 0.0 0.0 0.0 0.0 0.0 0.0 0.0 0.0 
412 0.0 0.0 0.0 0.0 0.0 0.0 0.0 0.0 0.0 0.0 0.0 0.0 0.0 0.0 0.0 0.0 0.0 0.0 0.0 0.0 0.0 
413 0.0 0.0 0.0 0.0 0.0 0.0 0.0 0.0 0.0 0.0 0.0 0.0 0.0 0.0 0.0 0.0 0.0 0.0 0.0 0.0 0.0 
414 0.0 0.0 0.0 0.0 0.0 0.0 0.0 0.0 0.0 0.0 0.0 0.0 0.0 0.0 0.0 0.0 0.0 0.0 0.0 0.0 0.0 
415 0.0 0.0 0.0 0.0 0.0 0.0 0.0 0.0 0.0 0.0 0.0 0.0 0.0 0.0 0.0 0.0 0.0 0.0 0.0 0.0 0.0 
416 0.0 0.0 0.0 0.0 0.0 0.0 0.0 0.0 0.0 0.0 0.0 0.0 0.0 0.0 0.0 0.0 0.0 0.0 0.0 0.0 0.0 
417 0.0 0.0 0.0 0.0 0.0 0.0 0.0 0.0 0.0 0.0 0.0 0.0 0.0 0.0 0.0 0.0 0.0 0.0 0.0 0.0 0.0 
418 0.0 0.0 0.0 0.0 0.0 0.0 0.0 0.0 0.0 0.0 0.0 0.0 0.0 0.0 0.0 0.0 0.0 0.0 0.0 0.0 0.0 
419 0.0 0.0 0.0 0.0 0.0 0.0 0.0 0.0 0.0 0.0 0.0 0.0 0.0 0.0 0.0 0.0 0.0 0.0 0.0 0.0 0.0 
420 0.0 0.0 0.0 0.0 0.0 0.0 0.0 0.0 0.0 0.0 0.0 0.0 0.0 0.0 0.0 0.0 0.0 0.0 0.0 0.0 0.0 
421 0.0 0.0 0.0 0.0 0.0 0.0 0.0 0.0 0.0 0.0 0.0 0.0 0.0 0.0 0.0 0.0 0.0 0.0 0.0 0.0 0.0 
422 0.0 0.0 0.0 0.0 0.0 0.0 0.0 0.0 0.0 0.0 0.0 0.0 0.0 0.0 0.0 0.0 0.0 0.0 0.0 0.0 0.0 
423 0.0 0.0 0.0 0.0 0.0 0.0 0.0 0.0 0.0 0.0 0.0 0.0 0.0 0.0 0.0 0.0 0.0 0.0 0.0 0.0 0.0 
424 0.0 0.0 0.0 0.0 0.0 0.0 0.0 0.0 0.0 0.0 0.0 0.0 0.0 0.0 0.0 0.0 0.0 0.0 0.0 0.0 0.0 
425 0.0 0.0 0.0 0.0 0.0 0.0 0.0 0.0 0.0 0.0 0.0 0.0 0.0 0.0 0.0 0.0 0.0 0.0 0.0 0.0 0.0 
426 0.0 0.0 0.0 0.0 0.0 0.0 0.0 0.0 0.0 0.0 0.0 0.0 0.0 0.0 0.0 0.0 0.0 0.0 0.0 0.0 0.0 
427 0.0 0.0 0.0 0.0 0.0 0.0 0.0 0.0 0.0 0.0 0.0 0.0 0.0 0.0 0.0 0.0 0.0 0.0 0.0 0.0 0.0 
428 0.0 0.0 0.0 0.0 0.0 0.0 0.0 0.0 0.0 0.0 0.0 0.0 0.0 0.0 0.0 0.0 0.0 0.0 0.0 0.0 0.0 
429 0.0 0.0 0.0 0.0 0.0 0.0 0.0 0.0 0.0 0.0 0.0 0.0 0.0 0.0 0.0 0.0 0.0 0.0 0.0 0.0 0.0 
430 0.0 0.0 0.0 0.0 0.0 0.0 0.0 0.0 0.0 0.0 0.0 0.0 0.0 0.0 0.0 0.0 0.0 0.0 0.0 0.0 0.0 
431 0.0 0.0 0.0 0.0 0.0 0.0 0.0 0.0 0.0 0.0 0.0 0.0 0.0 0.0 0.0 0.0 0.0 0.0 0.0 0.0 0.0 
432 0.0 0.0 0.0 0.0 0.0 0.0 0.0 0.0 0.0 0.0 0.0 0.0 0.0 0.0 0.0 0.0 0.0 0.0 0.0 0.0 0.0 
433 0.0 0.0 0.0 0.0 0.0 0.0 0.0 0.0 0.0 0.0 0.0 0.0 0.0 0.0 0.0 0.0 0.0 0.0 0.0 0.0 0.0 
434 0.0 0.0 0.0 0.0 0.0 0.0 0.0 0.0 0.0 0.0 0.0 0.0 0.0 0.0 0.0 0.0 0.0 0.0 0.0 0.0 0.0 
435 0.0 0.0 0.0 0.0 0.0 0.0 0.0 0.0 0.0 0.0 0.0 0.0 0.0 0.0 0.0 0.0 0.0 0.0 0.0 0.0 0.0 
436 0.0 0.0 0.0 0.0 0.0 0.0 0.0 0.0 0.0 0.0 0.0 0.0 0.0 0.0 0.0 0.0 0.0 0.0 0.0 0.0 0.0 
437 0.0 0.0 0.0 0.0 0.0 0.0 0.0 0.0 0.0 0.0 0.0 0.0 0.0 0.0 0.0 0.0 0.0 0.0 0.0 0.0 0.0 
438 0.0 0.0 0.0 0.0 0.0 0.0 0.0 0.0 0.0 0.0 0.0 0.0 0.0 0.0 0.0 0.0 0.0 0.0 0.0 0.0 0.0 
439 0.0 0.0 0.0 0.0 0.0 0.0 0.0 0.0 0.0 0.0 0.0 0.0 0.0 0.0 0.0 0.0 0.0 0.0 0.0 0.0 0.0 
440 0.0 0.0 0.0 0.0 0.0 0.0 0.0 0.0 0.0 0.0 0.0 0.0 0.0 0.0 0.0 0.0 0.0 0.0 0.0 0.0 0.0 
441 0.0 0.0 0.0 0.0 0.0 0.0 0.0 0.0 0.0 0.0 0.0 0.0 0.0 0.0 0.0 0.0 0.0 0.0 0.0 0.0 0.0 
442 0.0 0.0 0.0 0.0 0.0 0.0 0.0 0.0 0.0 0.0 0.0 0.0 0.0 0.0 0.0 0.0 0.0 0.0 0.0 0.0 0.0 
443 0.0 0.0 0.0 0.0 0.0 0.0 0.0 0.0 0.0 0.0 0.0 0.0 0.0 0.0 0.0 0.0 0.0 0.0 0.0 0.0 0.0 
444 0.0 0.0 0.0 0.0 0.0 0.0 0.0 0.0 0.0 0.0 0.0 0.0 0.0 0.0 0.0 0.0 0.0 0.0 0.0 0.0 0.0 
445 0.0 0.0 0.0 0.0 0.0 0.0 0.0 0.0 0.0 0.0 0.0 0.0 0.0 0.0 0.0 0.0 0.0 0.0 0.0 0.0 0.0 
446 0.0 0.0 0.0 0.0 0.0 0.0 0.0 0.0 0.0 0.0 0.0 0.0 0.0 0.0 0.0 0.0 0.0 0.0 0.0 0.0 0.0 
447 0.0 0.0 0.0 0.0 0.0 0.0 0.0 0.0 0.0 0.0 0.0 0.0 0.0 0.0 0.0 0.0 0.0 0.0 0.0 0.0 0.0 
448 0.0 0.0 0.0 0.0 0.0 0.0 0.0 0.0 0.0 0.0 0.0 0.0 0.0 0.0 0.0 0.0 0.0 0.0 0.0 0.0 0.0 
449 0.0 0.0 0.0 0.0 0.0 0.0 0.0 0.0 0.0 0.0 0.0 0.0 0.0 0.0 0.0 0.0 0.0 0.0 0.0 0.0 0.0 
450 0.0 0.0 0.0 0.0 0.0 0.0 0.0 0.0 0.0 0.0 0.0 0.0 0.0 0.0 0.0 0.0 0.0 0.0 0.0 0.0 0.0 
451 0.0 0.0 0.0 0.0 0.0 0.0 0.0 0.0 0.0 0.0 0.0 0.0 0.0 0.0 0.0 0.0 0.0 0.0 0.0 0.0 0.0 
452 0.0 0.0 0.0 0.0 0.0 0.0 0.0 0.0 0.0 0.0 0.0 0.0 0.0 0.0 0.0 0.0 0.0 0.0 0.0 0.0 0.0 
453 0.0 0.0 0.0 0.0 0.0 0.0 0.0 0.0 0.0 0.0 0.0 0.0 0.0 0.0 0.0 0.0 0.0 0.0 0.0 0.0 0.0 
454 0.0 0.0 0.0 0.0 0.0 0.0 0.0 0.0 0.0 0.0 0.0 0.0 0.0 0.0 0.0 0.0 0.0 0.0 0.0 0.0 0.0 
455 0.0 0.0 0.0 0.0 0.0 0.0 0.0 0.0 0.0 0.0 0.0 0.0 0.0 0.0 0.0 0.0 0.0 0.0 0.0 0.0 0.0 
456 0.0 0.0 0.0 0.0 0.0 0.0 0.0 0.0 0.0 0.0 0.0 0.0 0.0 0.0 0.0 0.0 0.0 0.0 0.0 0.0 0.0 
457 0.0 0.0 0.0 0.0 0.0 0.0 0.0 0.0 0.0 0.0 0.0 0.0 0.0 0.0 0.0 0.0 0.0 0.0 0.0 0.0 0.0 
458 0.0 0.0 0.0 0.0 0.0 0.0 0.0 0.0 0.0 0.0 0.0 0.0 0.0 0.0 0.0 0.0 0.0 0.0 0.0 0.0 0.0 
459 0.0 0.0 0.0 0.0 0.0 0.0 0.0 0.0 0.0 0.0 0.0 0.0 0.0 0.0 0.0 0.0 0.0 0.0 0.0 0.0 0.0 
460 0.0 0.0 0.0 0.0 0.0 0.0 0.0 0.0 0.0 0.0 0.0 0.0 0.0 0.0 0.0 0.0 0.0 0.0 0.0 0.0 0.0 
461 0.0 0.0 0.0 0.0 0.0 0.0 0.0 0.0 0.0 0.0 0.0 0.0 0.0 0.0 0.0 0.0 0.0 0.0 0.0 0.0 0.0 
462 0.0 0.0 0.0 0.0 0.0 0.0 0.0 0.0 0.0 0.0 0.0 0.0 0.0 0.0 0.0 0.0 0.0 0.0 0.0 0.0 0.0 
463 0.0 0.0 0.0 0.0 0.0 0.0 0.0 0.0 0.0 0.0 0.0 0.0 0.0 0.0 0.0 0.0 0.0 0.0 0.0 0.0 0.0 
464 0.0 0.0 0.0 0.0 0.0 0.0 0.0 0.0 0.0 0.0 0.0 0.0 0.0 0.0 0.0 0.0 0.0 0.0 0.0 0.0 0.0 
465 0.0 0.0 0.0 0.0 0.0 0.0 0.0 0.0 0.0 0.0 0.0 0.0 0.0 0.0 0.0 0.0 0.0 0.0 0.0 0.0 0.0 
466 0.0 0.0 0.0 0.0 0.0 0.0 0.0 0.0 0.0 0.0 0.0 0.0 0.0 0.0 0.0 0.0 0.0 0.0 0.0 0.0 0.0 
467 0.0 0.0 0.0 0.0 0.0 0.0 0.0 0.0 0.0 0.0 0.0 0.0 0.0 0.0 0.0 0.0 0.0 0.0 0.0 0.0 0.0 
468 0.0 0.0 0.0 0.0 0.0 0.0 0.0 0.0 0.0 0.0 0.0 0.0 0.0 0.0 0.0 0.0 0.0 0.0 0.0 0.0 0.0 
469 0.0 0.0 0.0 0.0 0.0 0.0 0.0 0.0 0.0 0.0 0.0 0.0 0.0 0.0 0.0 0.0 0.0 0.0 0.0 0.0 0.0 
470 0.0 0.0 0.0 0.0 0.0 0.0 0.0 0.0 0.0 0.0 0.0 0.0 0.0 0.0 0.0 0.0 0.0 0.0 0.0 0.0 0.0 
471 0.0 0.0 0.0 0.0 0.0 0.0 0.0 0.0 0.0 0.0 0.0 0.0 0.0 0.0 0.0 0.0 0.0 0.0 0.0 0.0 0.0 
472 0.0 0.0 0.0 0.0 0.0 0.0 0.0 0.0 0.0 0.0 0.0 0.0 0.0 0.0 0.0 0.0 0.0 0.0 0.0 0.0 0.0 
473 0.0 0.0 0.0 0.0 0.0 0.0 0.0 0.0 0.0 0.0 0.0 0.0 0.0 0.0 0.0 0.0 0.0 0.0 0.0 0.0 0.0 
474 0.0 0.0 0.0 0.0 0.0 0.0 0.0 0.0 0.0 0.0 0.0 0.0 0.0 0.0 0.0 0.0 0.0 0.0 0.0 0.0 0.0 
475 0.0 0.0 0.0 0.0 0.0 0.0 0.0 0.0 0.0 0.0 0.0 0.0 0.0 0.0 0.0 0.0 0.0 0.0 0.0 0.0 0.0 
476 0.0 0.0 0.0 0.0 0.0 0.0 0.0 0.0 0.0 0.0 0.0 0.0 0.0 0.0 0.0 0.0 0.0 0.0 0.0 0.0 0.0 
477 0.0 0.0 0.0 0.0 0.0 0.0 0.0 0.0 0.0 0.0 0.0 0.0 0.0 0.0 0.0 0.0 0.0 0.0 0.0 0.0 0.0 
478 0.0 0.0 0.0 0.0 0.0 0.0 0.0 0.0 0.0 0.0 0.0 0.0 0.0 0.0 0.0 0.0 0.0 0.0 0.0 0.0 0.0 
479 0.0 0.0 0.0 0.0 0.0 0.0 0.0 0.0 0.0 0.0 0.0 0.0 0.0 0.0 0.0 0.0 0.0 0.0 0.0 0.0 0.0 
480 0.0 0.0 0.0 0.0 0.0 0.0 0.0 0.0 0.0 0.0 0.0 0.0 0.0 0.0 0.0 0.0 0.0 0.0 0.0 0.0 0.0 
481 0.0 0.0 0.0 0.0 0.0 0.0 0.0 0.0 0.0 0.0 0.0 0.0 0.0 0.0 0.0 0.0 0.0 0.0 0.0 0.0 0.0 
482 0.0 0.0 0.0 0.0 0.0 0.0 0.0 0.0 0.0 0.0 0.0 0.0 0.0 0.0 0.0 0.0 0.0 0.0 0.0 0.0 0.0 
483 0.0 0.0 0.0 0.0 0.0 0.0 0.0 0.0 0.0 0.0 0.0 0.0 0.0 0.0 0.0 0.0 0.0 0.0 0.0 0.0 0.0 
484 0.0 0.0 0.0 0.0 0.0 0.0 0.0 0.0 0.0 0.0 0.0 0.0 0.0 0.0 0.0 0.0 0.0 0.0 0.0 0.0 0.0 
485 0.0 0.0 0.0 0.0 0.0 0.0 0.0 0.0 0.0 0.0 0.0 0.0 0.0 0.0 0.0 0.0 0.0 0.0 0.0 0.0 0.0 
486 0.0 0.0 0.0 0.0 0.0 0.0 0.0 0.0 0.0 0.0 0.0 0.0 0.0 0.0 0.0 0.0 0.0 0.0 0.0 0.0 0.0 
487 0.0 0.0 0.0 0.0 0.0 0.0 0.0 0.0 0.0 0.0 0.0 0.0 0.0 0.0 0.0 0.0 0.0 0.0 0.0 0.0 0.0 
488 0.0 0.0 0.0 0.0 0.0 0.0 0.0 0.0 0.0 0.0 0.0 0.0 0.0 0.0 0.0 0.0 0.0 0.0 0.0 0.0 0.0 
489 0.0 0.0 0.0 0.0 0.0 0.0 0.0 0.0 0.0 0.0 0.0 0.0 0.0 0.0 0.0 0.0 0.0 0.0 0.0 0.0 0.0 
490 0.0 0.0 0.0 0.0 0.0 0.0 0.0 0.0 0.0 0.0 0.0 0.0 0.0 0.0 0.0 0.0 0.0 0.0 0.0 0.0 0.0 
491 0.0 0.0 0.0 0.0 0.0 0.0 0.0 0.0 0.0 0.0 0.0 0.0 0.0 0.0 0.0 0.0 0.0 0.0 0.0 0.0 0.0 
492 0.0 0.0 0.0 0.0 0.0 0.0 0.0 0.0 0.0 0.0 0.0 0.0 0.0 0.0 0.0 0.0 0.0 0.0 0.0 0.0 0.0 
493 0.0 0.0 0.0 0.0 0.0 0.0 0.0 0.0 0.0 0.0 0.0 0.0 0.0 0.0 0.0 0.0 0.0 0.0 0.0 0.0 0.0 
494 0.0 0.0 0.0 0.0 0.0 0.0 0.0 0.0 0.0 0.0 0.0 0.0 0.0 0.0 0.0 0.0 0.0 0.0 0.0 0.0 0.0 
495 0.0 0.0 0.0 0.0 0.0 0.0 0.0 0.0 0.0 0.0 0.0 0.0 0.0 0.0 0.0 0.0 0.0 0.0 0.0 0.0 0.0 
496 0.0 0.0 0.0 0.0 0.0 0.0 0.0 0.0 0.0 0.0 0.0 0.0 0.0 0.0 0.0 0.0 0.0 0.0 0.0 0.0 0.0 
497 0.0 0.0 0.0 0.0 0.0 0.0 0.0 0.0 0.0 0.0 0.0 0.0 0.0 0.0 0.0 0.0 0.0 0.0 0.0 0.0 0.0 
498 0.0 0.0 0.0 0.0 0.0 0.0 0.0 0.0 0.0 0.0 0.0 0.0 0.0 0.0 0.0 0.0 0.0 0.0 0.0 0.0 0.0 
499 0.0 0.0 0.0 0.0 0.0 0.0 0.0 0.0 0.0 0.0 0.0 0.0 0.0 0.0 0.0 0.0 0.0 0.0 0.0 0.0 0.0 
