0 0.9380863039399626 0.0 0.0 0.0 0.0 0.0 0.0 0.0 0.0 0.0 0.0 0.0 0.0 0.0 0.0 0.0 0.0 0.0 0.0 0.0 0.0 
1 0.938086079013894 0.0 0.0 0.0 0.0 0.0 0.0 0.0 0.0 0.0 0.0 0.0 0.0 0.0 0.0 0.0 0.0 0.0 0.0 0.0 0.0 
2 0.9380853998247641 0.0 0.0 0.0 0.0 0.0 0.0 0.0 0.0 0.0 0.0 0.0 0.0 0.0 0.0 0.0 0.0 0.0 0.0 0.0 0.0 
3 0.9380842596994 0.0 0.0 0.0 0.0 0.0 0.0 0.0 0.0 0.0 0.0 0.0 0.0 0.0 0.0 0.0 0.0 0.0 0.0 0.0 0.0 
4 0.9380826518882784 0.0 0.0 0.0 0.0 0.0 0.0 0.0 0.0 0.0 0.0 0.0 0.0 0.0 0.0 0.0 0.0 0.0 0.0 0.0 0.0 
5 0.9380805695647221 0.0 0.0 0.0 0.0 0.0 0.0 0.0 0.0 0.0 0.0 0.0 0.0 0.0 0.0 0.0 0.0 0.0 0.0 0.0 0.0 
6 0.9380780058240885 0.0 0.0 0.0 0.0 0.0 0.0 0.0 0.0 0.0 0.0 0.0 0.0 0.0 0.0 0.0 0.0 0.0 0.0 0.0 0.0 
7 0.9380749536829519 0.0 0.0 0.0 0.0 0.0 0.0 0.0 0.0 0.0 0.0 0.0 0.0 0.0 0.0 0.0 0.0 0.0 0.0 0.0 0.0 
8 0.9380714060782755 0.0 0.0 0.0 0.0 0.0 0.0 0.0 0.0 0.0 0.0 0.0 0.0 0.0 0.0 0.0 0.0 0.0 0.0 0.0 0.0 
9 0.9380673558665753 0.0 0.0 0.0 0.0 0.0 0.0 0.0 0.0 0.0 0.0 0.0 0.0 0.0 0.0 0.0 0.0 0.0 0.0 0.0 0.0 
10 0.9380627958230775 0.0 0.0 0.0 0.0 0.0 0.0 0.0 0.0 0.0 0.0 0.0 0.0 0.0 0.0 0.0 0.0 0.0 0.0 0.0 0.0 
11 0.9380577186408644 0.0 0.0 0.0 0.0 0.0 0.0 0.0 0.0 0.0 0.0 0.0 0.0 0.0 0.0 0.0 0.0 0.0 0.0 0.0 0.0 
12 0.9380521169300129 0.0 0.0 0.0 0.0 0.0 0.0 0.0 0.0 0.0 0.0 0.0 0.0 0.0 0.0 0.0 0.0 0.0 0.0 0.0 0.0 
13 0.9380459832167249 0.0 0.0 0.0 0.0 0.0 0.0 0.0 0.0 0.0 0.0 0.0 0.0 0.0 0.0 0.0 0.0 0.0 0.0 0.0 0.0 
14 0.9380393099424502 0.0 0.0 0.0 0.0 0.0 0.0 0.0 0.0 0.0 0.0 0.0 0.0 0.0 0.0 0.0 0.0 0.0 0.0 0.0 0.0 
15 0.938032089462995 0.0 0.0 0.0 0.0 0.0 0.0 0.0 0.0 0.0 0.0 0.0 0.0 0.0 0.0 0.0 0.0 0.0 0.0 0.0 0.0 
16 0.9380243140476276 0.0 0.0 0.0 0.0 0.0 0.0 0.0 0.0 0.0 0.0 0.0 0.0 0.0 0.0 0.0 0.0 0.0 0.0 0.0 0.0 
17 0.9380159758781728 0.0 0.0 0.0 0.0 0.0 0.0 0.0 0.0 0.0 0.0 0.0 0.0 0.0 0.0 0.0 0.0 0.0 0.0 0.0 0.0 
18 0.9380070670480954 0.0 0.0 0.0 0.0 0.0 0.0 0.0 0.0 0.0 0.0 0.0 0.0 0.0 0.0 0.0 0.0 0.0 0.0 0.0 0.0 
19 0.9379975795615773 0.0 0.0 0.0 0.0 0.0 0.0 0.0 0.0 0.0 0.0 0.0 0.0 0.0 0.0 0.0 0.0 0.0 0.0 0.0 0.0 
20 0.9379875053325829 0.0 0.0 0.0 0.0 0.0 0.0 0.0 0.0 0.0 0.0 0.0 0.0 0.0 0.0 0.0 0.0 0.0 0.0 0.0 0.0 
21 0.9379768361839173 0.0 0.0 0.0 0.0 0.0 0.0 0.0 0.0 0.0 0.0 0.0 0.0 0.0 0.0 0.0 0.0 0.0 0.0 0.0 0.0 
22 0.9379655638462696 0.0 0.0 0.0 0.0 0.0 0.0 0.0 0.0 0.0 0.0 0.0 0.0 0.0 0.0 0.0 0.0 0.0 0.0 0.0 0.0 
23 0.9379536799572582 0.0 0.0 0.0 0.0 0.0 0.0 0.0 0.0 0.0 0.0 0.0 0.0 0.0 0.0 0.0 0.0 0.0 0.0 0.0 0.0 
24 0.9379411760604517 0.0 0.0 0.0 0.0 0.0 0.0 0.0 0.0 0.0 0.0 0.0 0.0 0.0 0.0 0.0 0.0 0.0 0.0 0.0 0.0 
25 0.9379280436043904 0.0 0.0 0.0 0.0 0.0 0.0 0.0 0.0 0.0 0.0 0.0 0.0 0.0 0.0 0.0 0.0 0.0 0.0 0.0 0.0 
26 0.9379142739415943 0.0 0.0 0.0 0.0 0.0 0.0 0.0 0.0 0.0 0.0 0.0 0.0 0.0 0.0 0.0 0.0 0.0 0.0 0.0 0.0 
27 0.9378998583275615 0.0 0.0 0.0 0.0 0.0 0.0 0.0 0.0 0.0 0.0 0.0 0.0 0.0 0.0 0.0 0.0 0.0 0.0 0.0 0.0 
28 0.9378847879197544 0.0 0.0 0.0 0.0 0.0 0.0 0.0 0.0 0.0 0.0 0.0 0.0 0.0 0.0 0.0 0.0 0.0 0.0 0.0 0.0 
29 0.9378690537765803 0.0 0.0 0.0 0.0 0.0 0.0 0.0 0.0 0.0 0.0 0.0 0.0 0.0 0.0 0.0 0.0 0.0 0.0 0.0 0.0 
30 0.9378526468563566 0.0 0.0 0.0 0.0 0.0 0.0 0.0 0.0 0.0 0.0 0.0 0.0 0.0 0.0 0.0 0.0 0.0 0.0 0.0 0.0 
31 0.9378355580162708 0.0 0.0 0.0 0.0 0.0 0.0 0.0 0.0 0.0 0.0 0.0 0.0 0.0 0.0 0.0 0.0 0.0 0.0 0.0 0.0 
32 0.937817778011324 0.0 0.0 0.0 0.0 0.0 0.0 0.0 0.0 0.0 0.0 0.0 0.0 0.0 0.0 0.0 0.0 0.0 0.0 0.0 0.0 
33 0.9377992974932686 0.0 0.0 0.0 0.0 0.0 0.0 0.0 0.0 0.0 0.0 0.0 0.0 0.0 0.0 0.0 0.0 0.0 0.0 0.0 0.0 
34 0.9377801070095334 0.0 0.0 0.0 0.0 0.0 0.0 0.0 0.0 0.0 0.0 0.0 0.0 0.0 0.0 0.0 0.0 0.0 0.0 0.0 0.0 
35 0.9377601970021378 0.0 0.0 0.0 0.0 0.0 0.0 0.0 0.0 0.0 0.0 0.0 0.0 0.0 0.0 0.0 0.0 0.0 0.0 0.0 0.0 
36 0.937739557806594 0.0 0.0 0.0 0.0 0.0 0.0 0.0 0.0 0.0 0.0 0.0 0.0 0.0 0.0 0.0 0.0 0.0 0.0 0.0 0.0 
37 0.9377181796508024 0.0 0.0 0.0 0.0 0.0 0.0 0.0 0.0 0.0 0.0 0.0 0.0 0.0 0.0 0.0 0.0 0.0 0.0 0.0 0.0 
38 0.9376960526539297 0.0 0.0 0.0 0.0 0.0 0.0 0.0 0.0 0.0 0.0 0.0 0.0 0.0 0.0 0.0 0.0 0.0 0.0 0.0 0.0 
39 0.9376731668252806 0.0 0.0 0.0 0.0 0.0 0.0 0.0 0.0 0.0 0.0 0.0 0.0 0.0 0.0 0.0 0.0 0.0 0.0 0.0 0.0 
40 0.9376495120631544 0.0 0.0 0.0 0.0 0.0 0.0 0.0 0.0 0.0 0.0 0.0 0.0 0.0 0.0 0.0 0.0 0.0 0.0 0.0 0.0 
41 0.9376250781536942 0.0 0.0 0.0 0.0 0.0 0.0 0.0 0.0 0.0 0.0 0.0 0.0 0.0 0.0 0.0 0.0 0.0 0.0 0.0 0.0 
42 0.9375998547697224 0.0 0.0 0.0 0.0 0.0 0.0 0.0 0.0 0.0 0.0 0.0 0.0 0.0 0.0 0.0 0.0 0.0 0.0 0.0 0.0 
43 0.9375738314695605 0.0 0.0 0.0 0.0 0.0 0.0 0.0 0.0 0.0 0.0 0.0 0.0 0.0 0.0 0.0 0.0 0.0 0.0 0.0 0.0 
44 0.9375469976958456 0.0 0.0 0.0 0.0 0.0 0.0 0.0 0.0 0.0 0.0 0.0 0.0 0.0 0.0 0.0 0.0 0.0 0.0 0.0 0.0 
45 0.9375193427743265 0.0 0.0 0.0 0.0 0.0 0.0 0.0 0.0 0.0 0.0 0.0 0.0 0.0 0.0 0.0 0.0 0.0 0.0 0.0 0.0 
46 0.9374908559126544 0.0 0.0 0.0 0.0 0.0 0.0 0.0 0.0 0.0 0.0 0.0 0.0 0.0 0.0 0.0 0.0 0.0 0.0 0.0 0.0 
47 0.9374615261991547 0.04276116931938174 0.0 0.0 0.0 0.0 0.0 0.0 0.0 0.0 0.0 0.0 0.0 0.0 0.0 0.0 0.0 0.0 0.0 0.0 0.0 
48 0.9374313426015952 0.09247828647373162 0.0 0.0 0.0 0.0 0.0 0.0 0.0 0.0 0.0 0.0 0.0 0.0 0.0 0.0 0.0 0.0 0.0 0.0 0.0 
49 0.9374002939659306 0.4971933158087854 0.0 0.0 0.0 0.0 0.0 0.0 0.0 0.0 0.0 0.0 0.0 0.0 0.0 0.0 0.0 0.0 0.0 0.0 0.0 
50 0.9373683690150457 0.683677625475881 0.0 0.0 0.0 0.0 0.0 0.0 0.0 0.0 0.0 0.0 0.0 0.0 0.0 0.0 0.0 0.0 0.0 0.0 0.0 
51 0.9373355563474772 0.8747389526184529 0.0 0.0 0.0 0.0 0.0 0.0 0.0 0.0 0.0 0.0 0.0 0.0 0.0 0.0 0.0 0.0 0.0 0.0 0.0 
52 0.9373018444361293 0.9357007164036851 0.0 0.0 0.0 0.0 0.0 0.0 0.0 0.0 0.0 0.0 0.0 0.0 0.0 0.0 0.0 0.0 0.0 0.0 0.0 
53 0.9372672216269698 0.9368764207969775 0.0 0.0 0.0 0.0 0.0 0.0 0.0 0.0 0.0 0.0 0.0 0.0 0.0 0.0 0.0 0.0 0.0 0.0 0.0 
54 0.9372316761377203 0.937214140618752 0.0 0.0 0.0 0.0 0.0 0.0 0.0 0.0 0.0 0.0 0.0 0.0 0.0 0.0 0.0 0.0 0.0 0.0 0.0 
55 0.9371951960565245 0.9371951960565245 0.0 0.0 0.0 0.0 0.0 0.0 0.0 0.0 0.0 0.0 0.0 0.0 0.0 0.0 0.0 0.0 0.0 0.0 0.0 
56 0.9371577693406135 0.9371577693406135 0.0 0.0 0.0 0.0 0.0 0.0 0.0 0.0 0.0 0.0 0.0 0.0 0.0 0.0 0.0 0.0 0.0 0.0 0.0 
57 0.937119383814949 0.937119383814949 0.0 0.0 0.0 0.0 0.0 0.0 0.0 0.0 0.0 0.0 0.0 0.0 0.0 0.0 0.0 0.0 0.0 0.0 0.0 
58 0.937080027170856 0.937080027170856 0.0 0.0 0.0 0.0 0.0 0.0 0.0 0.0 0.0 0.0 0.0 0.0 0.0 0.0 0.0 0.0 0.0 0.0 0.0 
59 0.9370396869646422 0.9370396869646422 0.0 0.0 0.0 0.0 0.0 0.0 0.0 0.0 0.0 0.0 0.0 0.0 0.0 0.0 0.0 0.0 0.0 0.0 0.0 
60 0.936998350616204 0.936998350616204 0.0 0.0 0.0 0.0 0.0 0.0 0.0 0.0 0.0 0.0 0.0 0.0 0.0 0.0 0.0 0.0 0.0 0.0 0.0 
61 0.9369560054076173 0.9369560054076173 0.0 0.0 0.0 0.0 0.0 0.0 0.0 0.0 0.0 0.0 0.0 0.0 0.0 0.0 0.0 0.0 0.0 0.0 0.0 
62 0.9369126384817115 0.9369126384817115 0.0 0.0 0.0 0.0 0.0 0.0 0.0 0.0 0.0 0.0 0.0 0.0 0.0 0.0 0.0 0.0 0.0 0.0 0.0 
63 0.9368682368406361 0.9368682368406361 0.0 0.0 0.0 0.0 0.0 0.0 0.0 0.0 0.0 0.0 0.0 0.0 0.0 0.0 0.0 0.0 0.0 0.0 0.0 
64 0.9368227873444075 0.9368227873444075 0.0 0.0 0.0 0.0 0.0 0.0 0.0 0.0 0.0 0.0 0.0 0.0 0.0 0.0 0.0 0.0 0.0 0.0 0.0 
65 0.9367762767094409 0.9367762767094409 0.0 0.0 0.0 0.0 0.0 0.0 0.0 0.0 0.0 0.0 0.0 0.0 0.0 0.0 0.0 0.0 0.0 0.0 0.0 
66 0.9367286915070695 0.9367286915070695 0.0 0.0 0.0 0.0 0.0 0.0 0.0 0.0 0.0 0.0 0.0 0.0 0.0 0.0 0.0 0.0 0.0 0.0 0.0 
67 0.9366800181620519 0.9366800181620519 0.0 0.0 0.0 0.0 0.0 0.0 0.0 0.0 0.0 0.0 0.0 0.0 0.0 0.0 0.0 0.0 0.0 0.0 0.0 
68 0.9366302429510552 0.9366302429510552 0.0 0.0 0.0 0.0 0.0 0.0 0.0 0.0 0.0 0.0 0.0 0.0 0.0 0.0 0.0 0.0 0.0 0.0 0.0 
69 0.9365793520011323 0.9365793520011323 0.0 0.0 0.0 0.0 0.0 0.0 0.0 0.0 0.0 0.0 0.0 0.0 0.0 0.0 0.0 0.0 0.0 0.0 0.0 
70 0.9365273312881802 0.9365273312881802 0.0 0.0 0.0 0.0 0.0 0.0 0.0 0.0 0.0 0.0 0.0 0.0 0.0 0.0 0.0 0.0 0.0 0.0 0.0 
71 0.9364741666353803 0.9364741666353803 0.0 0.0 0.0 0.0 0.0 0.0 0.0 0.0 0.0 0.0 0.0 0.0 0.0 0.0 0.0 0.0 0.0 0.0 0.0 
72 0.9364198437116296 0.9364198437116296 0.0 0.0 0.0 0.0 0.0 0.0 0.0 0.0 0.0 0.0 0.0 0.0 0.0 0.0 0.0 0.0 0.0 0.0 0.0 
73 0.9363643480299471 0.9363643480299471 0.0 0.0 0.0 0.0 0.0 0.0 0.0 0.0 0.0 0.0 0.0 0.0 0.0 0.0 0.0 0.0 0.0 0.0 0.0 
74 0.9363076649458731 0.9363076649458731 0.0 0.0 0.0 0.0 0.0 0.0 0.0 0.0 0.0 0.0 0.0 0.0 0.0 0.0 0.0 0.0 0.0 0.0 0.0 
75 0.9362497796558461 0.9362497796558461 0.0 0.0 0.0 0.0 0.0 0.0 0.0 0.0 0.0 0.0 0.0 0.0 0.0 0.0 0.0 0.0 0.0 0.0 0.0 
76 0.936190677195569 0.936190677195569 0.0 0.0 0.0 0.0 0.0 0.0 0.0 0.0 0.0 0.0 0.0 0.0 0.0 0.0 0.0 0.0 0.0 0.0 0.0 
77 0.9361303424383502 0.9361303424383502 0.0 0.0 0.0 0.0 0.0 0.0 0.0 0.0 0.0 0.0 0.0 0.0 0.0 0.0 0.0 0.0 0.0 0.0 0.0 
78 0.9360687600934391 0.9360687600934391 0.0 0.0 0.0 0.0 0.0 0.0 0.0 0.0 0.0 0.0 0.0 0.0 0.0 0.0 0.0 0.0 0.0 0.0 0.0 
79 0.9360059147043355 0.9360059147043355 0.0 0.0 0.0 0.0 0.0 0.0 0.0 0.0 0.0 0.0 0.0 0.0 0.0 0.0 0.0 0.0 0.0 0.0 0.0 
80 0.9359417906470892 0.9359417906470892 0.0 0.0 0.0 0.0 0.0 0.0 0.0 0.0 0.0 0.0 0.0 0.0 0.0 0.0 0.0 0.0 0.0 0.0 0.0 
81 0.9358763721285752 0.9358763721285752 0.0 0.0 0.0 0.0 0.0 0.0 0.0 0.0 0.0 0.0 0.0 0.0 0.0 0.0 0.0 0.0 0.0 0.0 0.0 
82 0.935809643184758 0.935809643184758 0.0 0.0 0.0 0.0 0.0 0.0 0.0 0.0 0.0 0.0 0.0 0.0 0.0 0.0 0.0 0.0 0.0 0.0 0.0 
83 0.9357415876789366 0.9357415876789366 0.0 0.0 0.0 0.0 0.0 0.0 0.0 0.0 0.0 0.0 0.0 0.0 0.0 0.0 0.0 0.0 0.0 0.0 0.0 
84 0.9356721892999694 0.9356721892999694 0.0 0.0 0.0 0.0 0.0 0.0 0.0 0.0 0.0 0.0 0.0 0.0 0.0 0.0 0.0 0.0 0.0 0.0 0.0 
85 0.935601431560485 0.935601431560485 0.0 0.0 0.0 0.0 0.0 0.0 0.0 0.0 0.0 0.0 0.0 0.0 0.0 0.0 0.0 0.0 0.0 0.0 0.0 
86 0.9355292977950714 0.9355292977950714 0.0 0.0 0.0 0.0 0.0 0.0 0.0 0.0 0.0 0.0 0.0 0.0 0.0 0.0 0.0 0.0 0.0 0.0 0.0 
87 0.9354557711584517 0.9354557711584517 0.0 0.0 0.0 0.0 0.0 0.0 0.0 0.0 0.0 0.0 0.0 0.0 0.0 0.0 0.0 0.0 0.0 0.0 0.0 
88 0.9353808346236349 0.9353808346236349 0.0 0.0 0.0 0.0 0.0 0.0 0.0 0.0 0.0 0.0 0.0 0.0 0.0 0.0 0.0 0.0 0.0 0.0 0.0 
89 0.935304470980055 0.935304470980055 0.0 0.0 0.0 0.0 0.0 0.0 0.0 0.0 0.0 0.0 0.0 0.0 0.0 0.0 0.0 0.0 0.0 0.0 0.0 
90 0.9352266628316881 0.9352266628316881 0.0 0.0 0.0 0.0 0.0 0.0 0.0 0.0 0.0 0.0 0.0 0.0 0.0 0.0 0.0 0.0 0.0 0.0 0.0 
91 0.9351473925951485 0.9351473925951485 0.0 0.0 0.0 0.0 0.0 0.0 0.0 0.0 0.0 0.0 0.0 0.0 0.0 0.0 0.0 0.0 0.0 0.0 0.0 
92 0.9350666424977728 0.9350666424977728 0.0 0.0 0.0 0.0 0.0 0.0 0.0 0.0 0.0 0.0 0.0 0.0 0.0 0.0 0.0 0.0 0.0 0.0 0.0 
93 0.9349843945756732 0.9349843945756732 0.0 0.0 0.0 0.0 0.0 0.0 0.0 0.0 0.0 0.0 0.0 0.0 0.0 0.0 0.0 0.0 0.0 0.0 0.0 
94 0.9349006306717861 0.9349006306717861 0.0 0.0 0.0 0.0 0.0 0.0 0.0 0.0 0.0 0.0 0.0 0.0 0.0 0.0 0.0 0.0 0.0 0.0 0.0 
95 0.934815332433887 0.934815332433887 0.0 0.0 0.0 0.0 0.0 0.0 0.0 0.0 0.0 0.0 0.0 0.0 0.0 0.0 0.0 0.0 0.0 0.0 0.0 
96 0.9347284813125954 0.9347284813125954 0.0 0.0 0.0 0.0 0.0 0.0 0.0 0.0 0.0 0.0 0.0 0.0 0.0 0.0 0.0 0.0 0.0 0.0 0.0 
97 0.934640058559355 0.934640058559355 0.09066559343457634 0.0 0.0 0.0 0.0 0.0 0.0 0.0 0.0 0.0 0.0 0.0 0.0 0.0 0.0 0.0 0.0 0.0 0.0 
98 0.9345500452243932 0.9345500452243932 0.1791322556645173 0.0 0.0 0.0 0.0 0.0 0.0 0.0 0.0 0.0 0.0 0.0 0.0 0.0 0.0 0.0 0.0 0.0 0.0 
99 0.9344584221546643 0.9344584221546643 0.41491827838624307 0.0 0.0 0.0 0.0 0.0 0.0 0.0 0.0 0.0 0.0 0.0 0.0 0.0 0.0 0.0 0.0 0.0 0.0 
100 0.9343651699917682 0.9343651699917682 0.6654983454465677 0.0 0.0 0.0 0.0 0.0 0.0 0.0 0.0 0.0 0.0 0.0 0.0 0.0 0.0 0.0 0.0 0.0 0.0 
101 0.9342702691698503 0.9342702691698503 0.7655030298945882 0.0 0.0 0.0 0.0 0.0 0.0 0.0 0.0 0.0 0.0 0.0 0.0 0.0 0.0 0.0 0.0 0.0 0.0 
102 0.9341736999134763 0.9341736999134763 0.8393069876048089 0.0 0.0 0.0 0.0 0.0 0.0 0.0 0.0 0.0 0.0 0.0 0.0 0.0 0.0 0.0 0.0 0.0 0.0 
103 0.9340754422354964 0.9340754422354964 0.8824811928148456 0.0 0.0 0.0 0.0 0.0 0.0 0.0 0.0 0.0 0.0 0.0 0.0 0.0 0.0 0.0 0.0 0.0 0.0 
104 0.9339754759348718 0.9339754759348718 0.9238599440093564 0.0 0.0 0.0 0.0 0.0 0.0 0.0 0.0 0.0 0.0 0.0 0.0 0.0 0.0 0.0 0.0 0.0 0.0 
105 0.9338737805944938 0.9338737805944938 0.9336753395307437 0.0 0.0 0.0 0.0 0.0 0.0 0.0 0.0 0.0 0.0 0.0 0.0 0.0 0.0 0.0 0.0 0.0 0.0 
106 0.9337703355789758 0.9337703355789758 0.9337703355789758 0.0 0.0 0.0 0.0 0.0 0.0 0.0 0.0 0.0 0.0 0.0 0.0 0.0 0.0 0.0 0.0 0.0 0.0 
107 0.9336651200324214 0.9336651200324214 0.9336651200324214 0.0 0.0 0.0 0.0 0.0 0.0 0.0 0.0 0.0 0.0 0.0 0.0 0.0 0.0 0.0 0.0 0.0 0.0 
108 0.9335581128761706 0.9335581128761706 0.9335581128761706 0.0 0.0 0.0 0.0 0.0 0.0 0.0 0.0 0.0 0.0 0.0 0.0 0.0 0.0 0.0 0.0 0.0 0.0 
109 0.9334492928065291 0.9334492928065291 0.9334492928065291 0.0 0.0 0.0 0.0 0.0 0.0 0.0 0.0 0.0 0.0 0.0 0.0 0.0 0.0 0.0 0.0 0.0 0.0 
110 0.9333386382924653 0.9333386382924653 0.9333386382924653 0.0 0.0 0.0 0.0 0.0 0.0 0.0 0.0 0.0 0.0 0.0 0.0 0.0 0.0 0.0 0.0 0.0 0.0 
111 0.933226127573292 0.933226127573292 0.933226127573292 0.0 0.0 0.0 0.0 0.0 0.0 0.0 0.0 0.0 0.0 0.0 0.0 0.0 0.0 0.0 0.0 0.0 0.0 
112 0.9331117386563234 0.9331117386563234 0.9331117386563234 0.0 0.0 0.0 0.0 0.0 0.0 0.0 0.0 0.0 0.0 0.0 0.0 0.0 0.0 0.0 0.0 0.0 0.0 
113 0.9329954493145041 0.9329954493145041 0.9329954493145041 0.0 0.0 0.0 0.0 0.0 0.0 0.0 0.0 0.0 0.0 0.0 0.0 0.0 0.0 0.0 0.0 0.0 0.0 
114 0.9328772370840216 0.9328772370840216 0.9328772370840216 0.0 0.0 0.0 0.0 0.0 0.0 0.0 0.0 0.0 0.0 0.0 0.0 0.0 0.0 0.0 0.0 0.0 0.0 
115 0.9327570792618898 0.9327570792618898 0.9327570792618898 0.0 0.0 0.0 0.0 0.0 0.0 0.0 0.0 0.0 0.0 0.0 0.0 0.0 0.0 0.0 0.0 0.0 0.0 
116 0.9326349529035074 0.9326349529035074 0.9326349529035074 0.0 0.0 0.0 0.0 0.0 0.0 0.0 0.0 0.0 0.0 0.0 0.0 0.0 0.0 0.0 0.0 0.0 0.0 
117 0.9325108348201973 0.9325108348201973 0.9325108348201973 0.0 0.0 0.0 0.0 0.0 0.0 0.0 0.0 0.0 0.0 0.0 0.0 0.0 0.0 0.0 0.0 0.0 0.0 
118 0.9323847015767178 0.9323847015767178 0.9323847015767178 0.0 0.0 0.0 0.0 0.0 0.0 0.0 0.0 0.0 0.0 0.0 0.0 0.0 0.0 0.0 0.0 0.0 0.0 
119 0.9322565294887472 0.9322565294887472 0.9322565294887472 0.0 0.0 0.0 0.0 0.0 0.0 0.0 0.0 0.0 0.0 0.0 0.0 0.0 0.0 0.0 0.0 0.0 0.0 
120 0.9321262946203485 0.9321262946203485 0.9321262946203485 0.0 0.0 0.0 0.0 0.0 0.0 0.0 0.0 0.0 0.0 0.0 0.0 0.0 0.0 0.0 0.0 0.0 0.0 
121 0.9319939727814026 0.9319939727814026 0.9319939727814026 0.0 0.0 0.0 0.0 0.0 0.0 0.0 0.0 0.0 0.0 0.0 0.0 0.0 0.0 0.0 0.0 0.0 0.0 
122 0.9318595395250215 0.9318595395250215 0.9318595395250215 0.0 0.0 0.0 0.0 0.0 0.0 0.0 0.0 0.0 0.0 0.0 0.0 0.0 0.0 0.0 0.0 0.0 0.0 
123 0.9317229701449319 0.9317229701449319 0.9317229701449319 0.0 0.0 0.0 0.0 0.0 0.0 0.0 0.0 0.0 0.0 0.0 0.0 0.0 0.0 0.0 0.0 0.0 0.0 
124 0.9315842396728333 0.9315842396728333 0.9315842396728333 0.0 0.0 0.0 0.0 0.0 0.0 0.0 0.0 0.0 0.0 0.0 0.0 0.0 0.0 0.0 0.0 0.0 0.0 
125 0.9314433228757318 0.9314433228757318 0.9314433228757318 0.0 0.0 0.0 0.0 0.0 0.0 0.0 0.0 0.0 0.0 0.0 0.0 0.0 0.0 0.0 0.0 0.0 0.0 
126 0.9313001942532445 0.9313001942532445 0.9313001942532445 0.0 0.0 0.0 0.0 0.0 0.0 0.0 0.0 0.0 0.0 0.0 0.0 0.0 0.0 0.0 0.0 0.0 0.0 
127 0.9311548280348777 0.9311548280348777 0.9311548280348777 0.0 0.0 0.0 0.0 0.0 0.0 0.0 0.0 0.0 0.0 0.0 0.0 0.0 0.0 0.0 0.0 0.0 0.0 
128 0.9310071981772813 0.9310071981772813 0.9310071981772813 0.0 0.0 0.0 0.0 0.0 0.0 0.0 0.0 0.0 0.0 0.0 0.0 0.0 0.0 0.0 0.0 0.0 0.0 
129 0.9308572783614674 0.9308572783614674 0.9308572783614674 0.0 0.0 0.0 0.0 0.0 0.0 0.0 0.0 0.0 0.0 0.0 0.0 0.0 0.0 0.0 0.0 0.0 0.0 
130 0.9307050419900127 0.9307050419900127 0.9307050419900127 0.0 0.0 0.0 0.0 0.0 0.0 0.0 0.0 0.0 0.0 0.0 0.0 0.0 0.0 0.0 0.0 0.0 0.0 
131 0.930550462184222 0.930550462184222 0.930550462184222 0.0 0.0 0.0 0.0 0.0 0.0 0.0 0.0 0.0 0.0 0.0 0.0 0.0 0.0 0.0 0.0 0.0 0.0 
132 0.9303935117812717 0.9303935117812717 0.9303935117812717 0.0 0.0 0.0 0.0 0.0 0.0 0.0 0.0 0.0 0.0 0.0 0.0 0.0 0.0 0.0 0.0 0.0 0.0 
133 0.9302341633313173 0.9302341633313173 0.9302341633313173 0.0 0.0 0.0 0.0 0.0 0.0 0.0 0.0 0.0 0.0 0.0 0.0 0.0 0.0 0.0 0.0 0.0 0.0 
134 0.9300723890945818 0.9300723890945818 0.9300723890945818 0.0 0.0 0.0 0.0 0.0 0.0 0.0 0.0 0.0 0.0 0.0 0.0 0.0 0.0 0.0 0.0 0.0 0.0 
135 0.9299081610384018 0.9299081610384018 0.9299081610384018 0.0 0.0 0.0 0.0 0.0 0.0 0.0 0.0 0.0 0.0 0.0 0.0 0.0 0.0 0.0 0.0 0.0 0.0 
136 0.9297414508342591 0.9297414508342591 0.9297414508342591 0.0 0.0 0.0 0.0 0.0 0.0 0.0 0.0 0.0 0.0 0.0 0.0 0.0 0.0 0.0 0.0 0.0 0.0 
137 0.9295722298547687 0.9295722298547687 0.9295722298547687 0.0 0.0 0.0 0.0 0.0 0.0 0.0 0.0 0.0 0.0 0.0 0.0 0.0 0.0 0.0 0.0 0.0 0.0 
138 0.9294004691706471 0.9294004691706471 0.9294004691706471 0.0 0.0 0.0 0.0 0.0 0.0 0.0 0.0 0.0 0.0 0.0 0.0 0.0 0.0 0.0 0.0 0.0 0.0 
139 0.9292261395476447 0.9292261395476447 0.9292261395476447 0.0 0.0 0.0 0.0 0.0 0.0 0.0 0.0 0.0 0.0 0.0 0.0 0.0 0.0 0.0 0.0 0.0 0.0 
140 0.92904921144345 0.92904921144345 0.92904921144345 0.0 0.0 0.0 0.0 0.0 0.0 0.0 0.0 0.0 0.0 0.0 0.0 0.0 0.0 0.0 0.0 0.0 0.0 
141 0.9288696550045612 0.9288696550045612 0.9288696550045612 0.0 0.0 0.0 0.0 0.0 0.0 0.0 0.0 0.0 0.0 0.0 0.0 0.0 0.0 0.0 0.0 0.0 0.0 
142 0.9286874400631289 0.9286874400631289 0.9286874400631289 0.0 0.0 0.0 0.0 0.0 0.0 0.0 0.0 0.0 0.0 0.0 0.0 0.0 0.0 0.0 0.0 0.0 0.0 
143 0.9285025361337633 0.9285025361337633 0.9285025361337633 0.0 0.0 0.0 0.0 0.0 0.0 0.0 0.0 0.0 0.0 0.0 0.0 0.0 0.0 0.0 0.0 0.0 0.0 
144 0.928314912410317 0.928314912410317 0.928314912410317 0.0 0.0 0.0 0.0 0.0 0.0 0.0 0.0 0.0 0.0 0.0 0.0 0.0 0.0 0.0 0.0 0.0 0.0 
145 0.9281245377626254 0.9281245377626254 0.9281245377626254 0.0 0.0 0.0 0.0 0.0 0.0 0.0 0.0 0.0 0.0 0.0 0.0 0.0 0.0 0.0 0.0 0.0 0.0 
146 0.9279313807332225 0.9279313807332225 0.9279313807332225 0.0 0.0 0.0 0.0 0.0 0.0 0.0 0.0 0.0 0.0 0.0 0.0 0.0 0.0 0.0 0.0 0.0 0.0 
147 0.9277354095340232 0.9277354095340232 0.9277354095340232 0.12815823743747834 0.0 0.0 0.0 0.0 0.0 0.0 0.0 0.0 0.0 0.0 0.0 0.0 0.0 0.0 0.0 0.0 0.0 
148 0.927536592042968 0.927536592042968 0.927536592042968 0.18427954220925039 0.0 0.0 0.0 0.0 0.0 0.0 0.0 0.0 0.0 0.0 0.0 0.0 0.0 0.0 0.0 0.0 0.0 
149 0.9273348958006377 0.9273348958006377 0.9273348958006377 0.33411606352188755 0.0 0.0 0.0 0.0 0.0 0.0 0.0 0.0 0.0 0.0 0.0 0.0 0.0 0.0 0.0 0.0 0.0 
150 0.9271302880068358 0.9271302880068358 0.9271302880068358 0.5443543303163243 0.0 0.0 0.0 0.0 0.0 0.0 0.0 0.0 0.0 0.0 0.0 0.0 0.0 0.0 0.0 0.0 0.0 
151 0.9269227355171307 0.9269227355171307 0.9269227355171307 0.6052525941561397 0.0 0.0 0.0 0.0 0.0 0.0 0.0 0.0 0.0 0.0 0.0 0.0 0.0 0.0 0.0 0.0 0.0 
152 0.9267122048393711 0.9267122048393711 0.9267122048393711 0.6912410183474593 0.0 0.0 0.0 0.0 0.0 0.0 0.0 0.0 0.0 0.0 0.0 0.0 0.0 0.0 0.0 0.0 0.0 
153 0.9264986621301622 0.9264986621301622 0.9264986621301622 0.7540798461935733 0.0 0.0 0.0 0.0 0.0 0.0 0.0 0.0 0.0 0.0 0.0 0.0 0.0 0.0 0.0 0.0 0.0 
154 0.926282073191306 0.926282073191306 0.926282073191306 0.8108350216620105 0.0 0.0 0.0 0.0 0.0 0.0 0.0 0.0 0.0 0.0 0.0 0.0 0.0 0.0 0.0 0.0 0.0 
155 0.9260624034662083 0.9260624034662083 0.9260624034662083 0.8776237001621274 0.0 0.0 0.0 0.0 0.0 0.0 0.0 0.0 0.0 0.0 0.0 0.0 0.0 0.0 0.0 0.0 0.0 
156 0.9258396180362519 0.9258396180362519 0.9258396180362519 0.9190804732669047 0.0 0.0 0.0 0.0 0.0 0.0 0.0 0.0 0.0 0.0 0.0 0.0 0.0 0.0 0.0 0.0 0.0 
157 0.925613681617126 0.925613681617126 0.925613681617126 0.9254270783422068 0.0 0.0 0.0 0.0 0.0 0.0 0.0 0.0 0.0 0.0 0.0 0.0 0.0 0.0 0.0 0.0 0.0 
158 0.9253845585551282 0.9253845585551282 0.9253845585551282 0.9253845585551282 0.0 0.0 0.0 0.0 0.0 0.0 0.0 0.0 0.0 0.0 0.0 0.0 0.0 0.0 0.0 0.0 0.0 
159 0.9251522128234233 0.9251522128234233 0.9251522128234233 0.9251522128234233 0.0 0.0 0.0 0.0 0.0 0.0 0.0 0.0 0.0 0.0 0.0 0.0 0.0 0.0 0.0 0.0 0.0 
160 0.9249166080182686 0.9249166080182686 0.9249166080182686 0.9249166080182686 0.0 0.0 0.0 0.0 0.0 0.0 0.0 0.0 0.0 0.0 0.0 0.0 0.0 0.0 0.0 0.0 0.0 
161 0.9246777073551989 0.9246777073551989 0.9246777073551989 0.9246777073551989 0.0 0.0 0.0 0.0 0.0 0.0 0.0 0.0 0.0 0.0 0.0 0.0 0.0 0.0 0.0 0.0 0.0 
162 0.924435473665174 0.924435473665174 0.924435473665174 0.924435473665174 0.0 0.0 0.0 0.0 0.0 0.0 0.0 0.0 0.0 0.0 0.0 0.0 0.0 0.0 0.0 0.0 0.0 
163 0.9241898693906908 0.9241898693906908 0.9241898693906908 0.9241898693906908 0.0 0.0 0.0 0.0 0.0 0.0 0.0 0.0 0.0 0.0 0.0 0.0 0.0 0.0 0.0 0.0 0.0 
164 0.9239408565818495 0.9239408565818495 0.9239408565818495 0.9239408565818495 0.0 0.0 0.0 0.0 0.0 0.0 0.0 0.0 0.0 0.0 0.0 0.0 0.0 0.0 0.0 0.0 0.0 
165 0.9236883968923927 0.9236883968923927 0.9236883968923927 0.9236883968923927 0.0 0.0 0.0 0.0 0.0 0.0 0.0 0.0 0.0 0.0 0.0 0.0 0.0 0.0 0.0 0.0 0.0 
166 0.9234324515756903 0.9234324515756903 0.9234324515756903 0.9234324515756903 0.0 0.0 0.0 0.0 0.0 0.0 0.0 0.0 0.0 0.0 0.0 0.0 0.0 0.0 0.0 0.0 0.0 
167 0.9231729814806966 0.9231729814806966 0.9231729814806966 0.9231729814806966 0.0 0.0 0.0 0.0 0.0 0.0 0.0 0.0 0.0 0.0 0.0 0.0 0.0 0.0 0.0 0.0 0.0 
168 0.9229099470478607 0.9229099470478607 0.9229099470478607 0.9229099470478607 0.0 0.0 0.0 0.0 0.0 0.0 0.0 0.0 0.0 0.0 0.0 0.0 0.0 0.0 0.0 0.0 0.0 
169 0.9226433083049969 0.9226433083049969 0.9226433083049969 0.9226433083049969 0.0 0.0 0.0 0.0 0.0 0.0 0.0 0.0 0.0 0.0 0.0 0.0 0.0 0.0 0.0 0.0 0.0 
170 0.9223730248631178 0.9223730248631178 0.9223730248631178 0.9223730248631178 0.0 0.0 0.0 0.0 0.0 0.0 0.0 0.0 0.0 0.0 0.0 0.0 0.0 0.0 0.0 0.0 0.0 
171 0.9220990559122197 0.9220990559122197 0.9220990559122197 0.9220990559122197 0.0 0.0 0.0 0.0 0.0 0.0 0.0 0.0 0.0 0.0 0.0 0.0 0.0 0.0 0.0 0.0 0.0 
172 0.9218213602170312 0.9218213602170312 0.9218213602170312 0.9218213602170312 0.0 0.0 0.0 0.0 0.0 0.0 0.0 0.0 0.0 0.0 0.0 0.0 0.0 0.0 0.0 0.0 0.0 
173 0.9215398961127192 0.9215398961127192 0.9215398961127192 0.9215398961127192 0.0 0.0 0.0 0.0 0.0 0.0 0.0 0.0 0.0 0.0 0.0 0.0 0.0 0.0 0.0 0.0 0.0 
174 0.9212546215005464 0.9212546215005464 0.9212546215005464 0.9212546215005464 0.0 0.0 0.0 0.0 0.0 0.0 0.0 0.0 0.0 0.0 0.0 0.0 0.0 0.0 0.0 0.0 0.0 
175 0.9209654938434932 0.9209654938434932 0.9209654938434932 0.9209654938434932 0.0 0.0 0.0 0.0 0.0 0.0 0.0 0.0 0.0 0.0 0.0 0.0 0.0 0.0 0.0 0.0 0.0 
176 0.9206724701618315 0.9206724701618315 0.9206724701618315 0.9206724701618315 0.0 0.0 0.0 0.0 0.0 0.0 0.0 0.0 0.0 0.0 0.0 0.0 0.0 0.0 0.0 0.0 0.0 
177 0.9203755070286557 0.9203755070286557 0.9203755070286557 0.9203755070286557 0.0 0.0 0.0 0.0 0.0 0.0 0.0 0.0 0.0 0.0 0.0 0.0 0.0 0.0 0.0 0.0 0.0 
178 0.9200745605653694 0.9200745605653694 0.9200745605653694 0.9200745605653694 0.0 0.0 0.0 0.0 0.0 0.0 0.0 0.0 0.0 0.0 0.0 0.0 0.0 0.0 0.0 0.0 0.0 
179 0.9197695864371257 0.9197695864371257 0.9197695864371257 0.9197695864371257 0.0 0.0 0.0 0.0 0.0 0.0 0.0 0.0 0.0 0.0 0.0 0.0 0.0 0.0 0.0 0.0 0.0 
180 0.9194605398482242 0.9194605398482242 0.9194605398482242 0.9194605398482242 0.0 0.0 0.0 0.0 0.0 0.0 0.0 0.0 0.0 0.0 0.0 0.0 0.0 0.0 0.0 0.0 0.0 
181 0.9191473755374627 0.9191473755374627 0.9191473755374627 0.9191473755374627 0.0 0.0 0.0 0.0 0.0 0.0 0.0 0.0 0.0 0.0 0.0 0.0 0.0 0.0 0.0 0.0 0.0 
182 0.9188300477734366 0.9188300477734366 0.9188300477734366 0.9188300477734366 0.0 0.0 0.0 0.0 0.0 0.0 0.0 0.0 0.0 0.0 0.0 0.0 0.0 0.0 0.0 0.0 0.0 
183 0.9185085103498023 0.9185085103498023 0.9185085103498023 0.9185085103498023 0.0 0.0 0.0 0.0 0.0 0.0 0.0 0.0 0.0 0.0 0.0 0.0 0.0 0.0 0.0 0.0 0.0 
184 0.9181827165804822 0.9181827165804822 0.9181827165804822 0.9181827165804822 0.0 0.0 0.0 0.0 0.0 0.0 0.0 0.0 0.0 0.0 0.0 0.0 0.0 0.0 0.0 0.0 0.0 
185 0.9178526192948322 0.9178526192948322 0.9178526192948322 0.9178526192948322 0.0 0.0 0.0 0.0 0.0 0.0 0.0 0.0 0.0 0.0 0.0 0.0 0.0 0.0 0.0 0.0 0.0 
186 0.9175181708327497 0.9175181708327497 0.9175181708327497 0.9175181708327497 0.0 0.0 0.0 0.0 0.0 0.0 0.0 0.0 0.0 0.0 0.0 0.0 0.0 0.0 0.0 0.0 0.0 
187 0.9171793230397437 0.9171793230397437 0.9171793230397437 0.9171793230397437 0.0 0.0 0.0 0.0 0.0 0.0 0.0 0.0 0.0 0.0 0.0 0.0 0.0 0.0 0.0 0.0 0.0 
188 0.9168360272619542 0.9168360272619542 0.9168360272619542 0.9168360272619542 0.0 0.0 0.0 0.0 0.0 0.0 0.0 0.0 0.0 0.0 0.0 0.0 0.0 0.0 0.0 0.0 0.0 
189 0.9164882343411106 0.9164882343411106 0.9164882343411106 0.9164882343411106 0.0 0.0 0.0 0.0 0.0 0.0 0.0 0.0 0.0 0.0 0.0 0.0 0.0 0.0 0.0 0.0 0.0 
190 0.9161358946094571 0.9161358946094571 0.9161358946094571 0.9161358946094571 0.0 0.0 0.0 0.0 0.0 0.0 0.0 0.0 0.0 0.0 0.0 0.0 0.0 0.0 0.0 0.0 0.0 
191 0.9157789578846158 0.9157789578846158 0.9157789578846158 0.9157789578846158 6.811559748039756E-5 0.0 0.0 0.0 0.0 0.0 0.0 0.0 0.0 0.0 0.0 0.0 0.0 0.0 0.0 0.0 0.0 
192 0.9154173734644019 0.9154173734644019 0.9154173734644019 0.9154173734644019 0.0 0.0 0.0 0.0 0.0 0.0 0.0 0.0 0.0 0.0 0.0 0.0 0.0 0.0 0.0 0.0 0.0 
193 0.9150510901215899 0.9150510901215899 0.9150510901215899 0.9150510901215899 0.0 0.0 0.0 0.0 0.0 0.0 0.0 0.0 0.0 0.0 0.0 0.0 0.0 0.0 0.0 0.0 0.0 
194 0.9146800560986211 0.9146800560986211 0.9146800560986211 0.9146800560986211 0.0 0.0 0.0 0.0 0.0 0.0 0.0 0.0 0.0 0.0 0.0 0.0 0.0 0.0 0.0 0.0 0.0 
195 0.914304219102268 0.914304219102268 0.914304219102268 0.914304219102268 0.0 0.0 0.0 0.0 0.0 0.0 0.0 0.0 0.0 0.0 0.0 0.0 0.0 0.0 0.0 0.0 0.0 
196 0.9139235262982387 0.9139235262982387 0.9139235262982387 0.9139235262982387 0.08888943300501241 0.0 0.0 0.0 0.0 0.0 0.0 0.0 0.0 0.0 0.0 0.0 0.0 0.0 0.0 0.0 0.0 
197 0.9135379243057272 0.9135379243057272 0.9135379243057272 0.9135379243057272 0.09128787994790631 0.0 0.0 0.0 0.0 0.0 0.0 0.0 0.0 0.0 0.0 0.0 0.0 0.0 0.0 0.0 0.0 
198 0.9131473591919163 0.9131473591919163 0.9131473591919163 0.9131473591919163 0.2754169678782698 0.0 0.0 0.0 0.0 0.0 0.0 0.0 0.0 0.0 0.0 0.0 0.0 0.0 0.0 0.0 0.0 
199 0.9127517764664171 0.9127517764664171 0.9127517764664171 0.9127517764664171 0.46614739418269585 0.0 0.0 0.0 0.0 0.0 0.0 0.0 0.0 0.0 0.0 0.0 0.0 0.0 0.0 0.0 0.0 
200 0.9123511210756604 0.9123511210756604 0.9123511210756604 0.9123511210756604 0.633659473582007 0.0 0.0 0.0 0.0 0.0 0.0 0.0 0.0 0.0 0.0 0.0 0.0 0.0 0.0 0.0 0.0 
201 0.9119453373972289 0.9119453373972289 0.9119453373972289 0.9119453373972289 0.6681659693272689 0.0 0.0 0.0 0.0 0.0 0.0 0.0 0.0 0.0 0.0 0.0 0.0 0.0 0.0 0.0 0.0 
202 0.9115343692341324 0.9115343692341324 0.9115343692341324 0.9115343692341324 0.726804776700939 0.0 0.0 0.0 0.0 0.0 0.0 0.0 0.0 0.0 0.0 0.0 0.0 0.0 0.0 0.0 0.0 
203 0.9111181598090304 0.9111181598090304 0.9111181598090304 0.9111181598090304 0.7287733970865055 0.0 0.0 0.0 0.0 0.0 0.0 0.0 0.0 0.0 0.0 0.0 0.0 0.0 0.0 0.0 0.0 
204 0.9106966517583907 0.9106966517583907 0.9106966517583907 0.9106966517583907 0.8102499187297093 0.0 0.0 0.0 0.0 0.0 0.0 0.0 0.0 0.0 0.0 0.0 0.0 0.0 0.0 0.0 0.0 
205 0.9102697871265967 0.9102697871265967 0.9102697871265967 0.9102697871265967 0.8740993214073625 0.0 0.0 0.0 0.0 0.0 0.0 0.0 0.0 0.0 0.0 0.0 0.0 0.0 0.0 0.0 0.0 
206 0.9098375073599915 0.9098375073599915 0.9098375073599915 0.9098375073599915 0.9086790345699735 0.0 0.0 0.0 0.0 0.0 0.0 0.0 0.0 0.0 0.0 0.0 0.0 0.0 0.0 0.0 0.0 
207 0.9093997533008636 0.9093997533008636 0.9093997533008636 0.9093997533008636 0.9093514260273643 0.0 0.0 0.0 0.0 0.0 0.0 0.0 0.0 0.0 0.0 0.0 0.0 0.0 0.0 0.0 0.0 
208 0.9089564651813772 0.9089564651813772 0.9089564651813772 0.9089564651813772 0.9089564651813772 0.0 0.0 0.0 0.0 0.0 0.0 0.0 0.0 0.0 0.0 0.0 0.0 0.0 0.0 0.0 0.0 
209 0.9085075826174341 0.9085075826174341 0.9085075826174341 0.9085075826174341 0.9085075826174341 0.0 0.0 0.0 0.0 0.0 0.0 0.0 0.0 0.0 0.0 0.0 0.0 0.0 0.0 0.0 0.0 
210 0.9080530446024827 0.9080530446024827 0.9080530446024827 0.9080530446024827 0.9080530446024827 0.0 0.0 0.0 0.0 0.0 0.0 0.0 0.0 0.0 0.0 0.0 0.0 0.0 0.0 0.0 0.0 
211 0.9075927895012615 0.9075927895012615 0.9075927895012615 0.9075927895012615 0.9075927895012615 0.0 0.0 0.0 0.0 0.0 0.0 0.0 0.0 0.0 0.0 0.0 0.0 0.0 0.0 0.0 0.0 
212 0.9071267550434765 0.9071267550434765 0.9071267550434765 0.9071267550434765 0.9071267550434765 0.0 0.0 0.0 0.0 0.0 0.0 0.0 0.0 0.0 0.0 0.0 0.0 0.0 0.0 0.0 0.0 
213 0.9066548783174289 0.9066548783174289 0.9066548783174289 0.9066548783174289 0.9066548783174289 0.0 0.0 0.0 0.0 0.0 0.0 0.0 0.0 0.0 0.0 0.0 0.0 0.0 0.0 0.0 0.0 
214 0.9061770957635625 0.9061770957635625 0.9061770957635625 0.9061770957635625 0.9061770957635625 0.0 0.0 0.0 0.0 0.0 0.0 0.0 0.0 0.0 0.0 0.0 0.0 0.0 0.0 0.0 0.0 
215 0.9056933431679612 0.9056933431679612 0.9056933431679612 0.9056933431679612 0.9056933431679612 0.0 0.0 0.0 0.0 0.0 0.0 0.0 0.0 0.0 0.0 0.0 0.0 0.0 0.0 0.0 0.0 
216 0.9052035556557738 0.9052035556557738 0.9052035556557738 0.9052035556557738 0.9052035556557738 0.0 0.0 0.0 0.0 0.0 0.0 0.0 0.0 0.0 0.0 0.0 0.0 0.0 0.0 0.0 0.0 
217 0.904707667684575 0.904707667684575 0.904707667684575 0.904707667684575 0.904707667684575 0.0 0.0 0.0 0.0 0.0 0.0 0.0 0.0 0.0 0.0 0.0 0.0 0.0 0.0 0.0 0.0 
218 0.904205613037664 0.904205613037664 0.904205613037664 0.904205613037664 0.904205613037664 0.0 0.0 0.0 0.0 0.0 0.0 0.0 0.0 0.0 0.0 0.0 0.0 0.0 0.0 0.0 0.0 
219 0.9036973248172918 0.9036973248172918 0.9036973248172918 0.9036973248172918 0.9036973248172918 0.0 0.0 0.0 0.0 0.0 0.0 0.0 0.0 0.0 0.0 0.0 0.0 0.0 0.0 0.0 0.0 
220 0.9031827354378249 0.9031827354378249 0.9031827354378249 0.9031827354378249 0.9031827354378249 0.0 0.0 0.0 0.0 0.0 0.0 0.0 0.0 0.0 0.0 0.0 0.0 0.0 0.0 0.0 0.0 
221 0.9026617766188385 0.9026617766188385 0.9026617766188385 0.9026617766188385 0.9026617766188385 0.0 0.0 0.0 0.0 0.0 0.0 0.0 0.0 0.0 0.0 0.0 0.0 0.0 0.0 0.0 0.0 
222 0.9021343793781436 0.9021343793781436 0.9021343793781436 0.9021343793781436 0.9021343793781436 0.0 0.0 0.0 0.0 0.0 0.0 0.0 0.0 0.0 0.0 0.0 0.0 0.0 0.0 0.0 0.0 
223 0.9016004740247434 0.9016004740247434 0.9016004740247434 0.9016004740247434 0.9016004740247434 0.0 0.0 0.0 0.0 0.0 0.0 0.0 0.0 0.0 0.0 0.0 0.0 0.0 0.0 0.0 0.0 
224 0.9010599901517187 0.9010599901517187 0.9010599901517187 0.9010599901517187 0.9010599901517187 0.0 0.0 0.0 0.0 0.0 0.0 0.0 0.0 0.0 0.0 0.0 0.0 0.0 0.0 0.0 0.0 
225 0.9005128566290456 0.9005128566290456 0.9005128566290456 0.9005128566290456 0.9005128566290456 0.0 0.0 0.0 0.0 0.0 0.0 0.0 0.0 0.0 0.0 0.0 0.0 0.0 0.0 0.0 0.0 
226 0.8999590015963387 0.8999590015963387 0.8999590015963387 0.8999590015963387 0.8999590015963387 0.0 0.0 0.0 0.0 0.0 0.0 0.0 0.0 0.0 0.0 0.0 0.0 0.0 0.0 0.0 0.0 
227 0.8993983524555278 0.8993983524555278 0.8993983524555278 0.8993983524555278 0.8993983524555278 0.0 0.0 0.0 0.0 0.0 0.0 0.0 0.0 0.0 0.0 0.0 0.0 0.0 0.0 0.0 0.0 
228 0.898830835863453 0.898830835863453 0.898830835863453 0.898830835863453 0.898830835863453 0.0 0.0 0.0 0.0 0.0 0.0 0.0 0.0 0.0 0.0 0.0 0.0 0.0 0.0 0.0 0.0 
229 0.8982563777243942 0.8982563777243942 0.8982563777243942 0.8982563777243942 0.8982563777243942 0.0 0.0 0.0 0.0 0.0 0.0 0.0 0.0 0.0 0.0 0.0 0.0 0.0 0.0 0.0 0.0 
230 0.8976749031825241 0.8976749031825241 0.8976749031825241 0.8976749031825241 0.8976749031825241 0.0 0.0 0.0 0.0 0.0 0.0 0.0 0.0 0.0 0.0 0.0 0.0 0.0 0.0 0.0 0.0 
231 0.897086336614285 0.897086336614285 0.897086336614285 0.897086336614285 0.897086336614285 0.0 0.0 0.0 0.0 0.0 0.0 0.0 0.0 0.0 0.0 0.0 0.0 0.0 0.0 0.0 0.0 
232 0.896490601620691 0.896490601620691 0.896490601620691 0.896490601620691 0.896490601620691 0.0 0.0 0.0 0.0 0.0 0.0 0.0 0.0 0.0 0.0 0.0 0.0 0.0 0.0 0.0 0.0 
233 0.8958876210195539 0.8958876210195539 0.8958876210195539 0.8958876210195539 0.8958876210195539 0.0 0.0 0.0 0.0 0.0 0.0 0.0 0.0 0.0 0.0 0.0 0.0 0.0 0.0 0.0 0.0 
234 0.895277316837632 0.895277316837632 0.895277316837632 0.895277316837632 0.895277316837632 0.0 0.0 0.0 0.0 0.0 0.0 0.0 0.0 0.0 0.0 0.0 0.0 0.0 0.0 0.0 0.0 
235 0.8946596103027001 0.8946596103027001 0.8946596103027001 0.8946596103027001 0.8946596103027001 0.0 0.0 0.0 0.0 0.0 0.0 0.0 0.0 0.0 0.0 0.0 0.0 0.0 0.0 0.0 0.0 
236 0.8940344218355444 0.8940344218355444 0.8940344218355444 0.8940344218355444 0.8940344218355444 0.0 0.0 0.0 0.0 0.0 0.0 0.0 0.0 0.0 0.0 0.0 0.0 0.0 0.0 0.0 0.0 
237 0.8934016710418703 0.8934016710418703 0.8934016710418703 0.8934016710418703 0.8934016710418703 0.0 0.0 0.0 0.0 0.0 0.0 0.0 0.0 0.0 0.0 0.0 0.0 0.0 0.0 0.0 0.0 
238 0.8927612767041392 0.8927612767041392 0.8927612767041392 0.8927612767041392 0.8927612767041392 0.0 0.0 0.0 0.0 0.0 0.0 0.0 0.0 0.0 0.0 0.0 0.0 0.0 0.0 0.0 0.0 
239 0.8921131567733196 0.8921131567733196 0.8921131567733196 0.8921131567733196 0.8921131567733196 0.0 0.0 0.0 0.0 0.0 0.0 0.0 0.0 0.0 0.0 0.0 0.0 0.0 0.0 0.0 0.0 
240 0.8914572283605532 0.8914572283605532 0.8914572283605532 0.8914572283605532 0.8914572283605532 0.0 0.0 0.0 0.0 0.0 0.0 0.0 0.0 0.0 0.0 0.0 0.0 0.0 0.0 0.0 0.0 
241 0.8907934077287474 0.8907934077287474 0.8907934077287474 0.8907934077287474 0.8907934077287474 0.0 0.0 0.0 0.0 0.0 0.0 0.0 0.0 0.0 0.0 0.0 0.0 0.0 0.0 0.0 0.0 
242 0.8901216102840742 0.8901216102840742 0.8901216102840742 0.8901216102840742 0.8901216102840742 4.067847610331626E-5 0.0 0.0 0.0 0.0 0.0 0.0 0.0 0.0 0.0 0.0 0.0 0.0 0.0 0.0 0.0 
243 0.889441750567393 0.889441750567393 0.889441750567393 0.889441750567393 0.889441750567393 0.042237487676837965 0.0 0.0 0.0 0.0 0.0 0.0 0.0 0.0 0.0 0.0 0.0 0.0 0.0 0.0 0.0 
244 0.8887537422455833 0.8887537422455833 0.8887537422455833 0.8887537422455833 0.8887537422455833 0.04427223732721211 0.0 0.0 0.0 0.0 0.0 0.0 0.0 0.0 0.0 0.0 0.0 0.0 0.0 0.0 0.0 
245 0.8880574981027942 0.8880574981027942 0.8880574981027942 0.8880574981027942 0.8880574981027942 0.08225842304101205 0.0 0.0 0.0 0.0 0.0 0.0 0.0 0.0 0.0 0.0 0.0 0.0 0.0 0.0 0.0 
246 0.887352930031604 0.887352930031604 0.887352930031604 0.887352930031604 0.887352930031604 0.15492005732354358 0.0 0.0 0.0 0.0 0.0 0.0 0.0 0.0 0.0 0.0 0.0 0.0 0.0 0.0 0.0 
247 0.8866399490240988 0.8866399490240988 0.8866399490240988 0.8866399490240988 0.8866399490240988 0.2280854168942681 0.0 0.0 0.0 0.0 0.0 0.0 0.0 0.0 0.0 0.0 0.0 0.0 0.0 0.0 0.0 
248 0.8859184651628522 0.8859184651628522 0.8859184651628522 0.8859184651628522 0.8859184651628522 0.3901820790949521 0.0 0.0 0.0 0.0 0.0 0.0 0.0 0.0 0.0 0.0 0.0 0.0 0.0 0.0 0.0 
249 0.885188387611827 0.885188387611827 0.885188387611827 0.885188387611827 0.885188387611827 0.5529011190808377 0.0 0.0 0.0 0.0 0.0 0.0 0.0 0.0 0.0 0.0 0.0 0.0 0.0 0.0 0.0 
250 0.8844496246071787 0.8844496246071787 0.8844496246071787 0.8844496246071787 0.8844496246071787 0.6604394815443199 0.0 0.0 0.0 0.0 0.0 0.0 0.0 0.0 0.0 0.0 0.0 0.0 0.0 0.0 0.0 
251 0.8837020834479701 0.8837020834479701 0.8837020834479701 0.8837020834479701 0.8837020834479701 0.7300526638276444 0.0 0.0 0.0 0.0 0.0 0.0 0.0 0.0 0.0 0.0 0.0 0.0 0.0 0.0 0.0 
252 0.8829456704867956 0.8829456704867956 0.8829456704867956 0.8829456704867956 0.8829456704867956 0.7729801945473873 0.0 0.0 0.0 0.0 0.0 0.0 0.0 0.0 0.0 0.0 0.0 0.0 0.0 0.0 0.0 
253 0.88218029112031 0.88218029112031 0.88218029112031 0.88218029112031 0.88218029112031 0.7933454357859199 0.0 0.0 0.0 0.0 0.0 0.0 0.0 0.0 0.0 0.0 0.0 0.0 0.0 0.0 0.0 
254 0.881405849779666 0.881405849779666 0.881405849779666 0.881405849779666 0.881405849779666 0.8372104453810676 0.0 0.0 0.0 0.0 0.0 0.0 0.0 0.0 0.0 0.0 0.0 0.0 0.0 0.0 0.0 
255 0.8806222499208547 0.8806222499208547 0.8806222499208547 0.8806222499208547 0.8806222499208547 0.8798465509437545 0.0 0.0 0.0 0.0 0.0 0.0 0.0 0.0 0.0 0.0 0.0 0.0 0.0 0.0 0.0 
256 0.8798293940149511 0.8798293940149511 0.8798293940149511 0.8798293940149511 0.8798293940149511 0.8798110004585056 0.0 0.0 0.0 0.0 0.0 0.0 0.0 0.0 0.0 0.0 0.0 0.0 0.0 0.0 0.0 
257 0.8790271835382641 0.8790271835382641 0.8790271835382641 0.8790271835382641 0.8790271835382641 0.8790271835382641 0.0 0.0 0.0 0.0 0.0 0.0 0.0 0.0 0.0 0.0 0.0 0.0 0.0 0.0 0.0 
258 0.8782155189623883 0.8782155189623883 0.8782155189623883 0.8782155189623883 0.8782155189623883 0.8782155189623883 0.0 0.0 0.0 0.0 0.0 0.0 0.0 0.0 0.0 0.0 0.0 0.0 0.0 0.0 0.0 
259 0.8773942997441534 0.8773942997441534 0.8773942997441534 0.8773942997441534 0.8773942997441534 0.8773942997441534 0.0 0.0 0.0 0.0 0.0 0.0 0.0 0.0 0.0 0.0 0.0 0.0 0.0 0.0 0.0 
260 0.876563424315483 0.876563424315483 0.876563424315483 0.876563424315483 0.876563424315483 0.876563424315483 0.0 0.0 0.0 0.0 0.0 0.0 0.0 0.0 0.0 0.0 0.0 0.0 0.0 0.0 0.0 
261 0.8757227900731438 0.8757227900731438 0.8757227900731438 0.8757227900731438 0.8757227900731438 0.8757227900731438 0.0 0.0 0.0 0.0 0.0 0.0 0.0 0.0 0.0 0.0 0.0 0.0 0.0 0.0 0.0 
262 0.8748722933683976 0.8748722933683976 0.8748722933683976 0.8748722933683976 0.8748722933683976 0.8748722933683976 0.0 0.0 0.0 0.0 0.0 0.0 0.0 0.0 0.0 0.0 0.0 0.0 0.0 0.0 0.0 
263 0.8740118294965503 0.8740118294965503 0.8740118294965503 0.8740118294965503 0.8740118294965503 0.8740118294965503 0.0 0.0 0.0 0.0 0.0 0.0 0.0 0.0 0.0 0.0 0.0 0.0 0.0 0.0 0.0 
264 0.8731412926863984 0.8731412926863984 0.8731412926863984 0.8731412926863984 0.8731412926863984 0.8731412926863984 0.0 0.0 0.0 0.0 0.0 0.0 0.0 0.0 0.0 0.0 0.0 0.0 0.0 0.0 0.0 
265 0.8722605760895679 0.8722605760895679 0.8722605760895679 0.8722605760895679 0.8722605760895679 0.8722605760895679 0.0 0.0 0.0 0.0 0.0 0.0 0.0 0.0 0.0 0.0 0.0 0.0 0.0 0.0 0.0 
266 0.8713695717697499 0.8713695717697499 0.8713695717697499 0.8713695717697499 0.8713695717697499 0.8713695717697499 0.0 0.0 0.0 0.0 0.0 0.0 0.0 0.0 0.0 0.0 0.0 0.0 0.0 0.0 0.0 
267 0.8704681706918314 0.8704681706918314 0.8704681706918314 0.8704681706918314 0.8704681706918314 0.8704681706918314 0.0 0.0 0.0 0.0 0.0 0.0 0.0 0.0 0.0 0.0 0.0 0.0 0.0 0.0 0.0 
268 0.8695562627109122 0.8695562627109122 0.8695562627109122 0.8695562627109122 0.8695562627109122 0.8695562627109122 0.0 0.0 0.0 0.0 0.0 0.0 0.0 0.0 0.0 0.0 0.0 0.0 0.0 0.0 0.0 
269 0.868633736561222 0.868633736561222 0.868633736561222 0.868633736561222 0.868633736561222 0.868633736561222 0.0 0.0 0.0 0.0 0.0 0.0 0.0 0.0 0.0 0.0 0.0 0.0 0.0 0.0 0.0 
270 0.8677004798449184 0.8677004798449184 0.8677004798449184 0.8677004798449184 0.8677004798449184 0.8677004798449184 0.0 0.0 0.0 0.0 0.0 0.0 0.0 0.0 0.0 0.0 0.0 0.0 0.0 0.0 0.0 
271 0.86675637902078 0.86675637902078 0.86675637902078 0.86675637902078 0.86675637902078 0.86675637902078 0.0 0.0 0.0 0.0 0.0 0.0 0.0 0.0 0.0 0.0 0.0 0.0 0.0 0.0 0.0 
272 0.8658013193927887 0.8658013193927887 0.8658013193927887 0.8658013193927887 0.8658013193927887 0.8658013193927887 0.0 0.0 0.0 0.0 0.0 0.0 0.0 0.0 0.0 0.0 0.0 0.0 0.0 0.0 0.0 
273 0.8648351850985916 0.8648351850985916 0.8648351850985916 0.8648351850985916 0.8648351850985916 0.8648351850985916 0.0 0.0 0.0 0.0 0.0 0.0 0.0 0.0 0.0 0.0 0.0 0.0 0.0 0.0 0.0 
274 0.8638578590978557 0.8638578590978557 0.8638578590978557 0.8638578590978557 0.8638578590978557 0.8638578590978557 0.0 0.0 0.0 0.0 0.0 0.0 0.0 0.0 0.0 0.0 0.0 0.0 0.0 0.0 0.0 
275 0.8628692231605066 0.8628692231605066 0.8628692231605066 0.8628692231605066 0.8628692231605066 0.8628692231605066 0.0 0.0 0.0 0.0 0.0 0.0 0.0 0.0 0.0 0.0 0.0 0.0 0.0 0.0 0.0 
276 0.8618691578548446 0.8618691578548446 0.8618691578548446 0.8618691578548446 0.8618691578548446 0.8618691578548446 0.0 0.0 0.0 0.0 0.0 0.0 0.0 0.0 0.0 0.0 0.0 0.0 0.0 0.0 0.0 
277 0.8608575425355534 0.8608575425355534 0.8608575425355534 0.8608575425355534 0.8608575425355534 0.8608575425355534 0.0 0.0 0.0 0.0 0.0 0.0 0.0 0.0 0.0 0.0 0.0 0.0 0.0 0.0 0.0 
278 0.8598342553315772 0.8598342553315772 0.8598342553315772 0.8598342553315772 0.8598342553315772 0.8598342553315772 0.0 0.0 0.0 0.0 0.0 0.0 0.0 0.0 0.0 0.0 0.0 0.0 0.0 0.0 0.0 
279 0.8587991731338922 0.8587991731338922 0.8587991731338922 0.8587991731338922 0.8587991731338922 0.8587991731338922 0.0 0.0 0.0 0.0 0.0 0.0 0.0 0.0 0.0 0.0 0.0 0.0 0.0 0.0 0.0 
280 0.8577521715831441 0.8577521715831441 0.8577521715831441 0.8577521715831441 0.8577521715831441 0.8577521715831441 0.0 0.0 0.0 0.0 0.0 0.0 0.0 0.0 0.0 0.0 0.0 0.0 0.0 0.0 0.0 
281 0.8566931250571738 0.8566931250571738 0.8566931250571738 0.8566931250571738 0.8566931250571738 0.8566931250571738 0.0 0.0 0.0 0.0 0.0 0.0 0.0 0.0 0.0 0.0 0.0 0.0 0.0 0.0 0.0 
282 0.8556219066584096 0.8556219066584096 0.8556219066584096 0.8556219066584096 0.8556219066584096 0.8556219066584096 0.0 0.0 0.0 0.0 0.0 0.0 0.0 0.0 0.0 0.0 0.0 0.0 0.0 0.0 0.0 
283 0.8545383882011441 0.8545383882011441 0.8545383882011441 0.8545383882011441 0.8545383882011441 0.8545383882011441 0.0 0.0 0.0 0.0 0.0 0.0 0.0 0.0 0.0 0.0 0.0 0.0 0.0 0.0 0.0 
284 0.8534424401986784 0.8534424401986784 0.8534424401986784 0.8534424401986784 0.8534424401986784 0.8534424401986784 0.0 0.0 0.0 0.0 0.0 0.0 0.0 0.0 0.0 0.0 0.0 0.0 0.0 0.0 0.0 
285 0.8523339318503422 0.8523339318503422 0.8523339318503422 0.8523339318503422 0.8523339318503422 0.8523339318503422 0.0 0.0 0.0 0.0 0.0 0.0 0.0 0.0 0.0 0.0 0.0 0.0 0.0 0.0 0.0 
286 0.851212731028385 0.851212731028385 0.851212731028385 0.851212731028385 0.851212731028385 0.851212731028385 0.0 0.0 0.0 0.0 0.0 0.0 0.0 0.0 0.0 0.0 0.0 0.0 0.0 0.0 0.0 
287 0.8500787042647385 0.8500787042647385 0.8500787042647385 0.8500787042647385 0.8500787042647385 0.8500787042647385 0.0 0.0 0.0 0.0 0.0 0.0 0.0 0.0 0.0 0.0 0.0 0.0 0.0 0.0 0.0 
288 0.8489317167376422 0.8489317167376422 0.8489317167376422 0.8489317167376422 0.8489317167376422 0.8489317167376422 0.0 0.0 0.0 0.0 0.0 0.0 0.0 0.0 0.0 0.0 0.0 0.0 0.0 0.0 0.0 
289 0.8477716322581491 0.8477716322581491 0.8477716322581491 0.8477716322581491 0.8477716322581491 0.8477716322581491 0.0 0.0 0.0 0.0 0.0 0.0 0.0 0.0 0.0 0.0 0.0 0.0 0.0 0.0 0.0 
290 0.8465983132564825 0.8465983132564825 0.8465983132564825 0.8465983132564825 0.8465983132564825 0.8465983132564825 7.660228624793469E-4 0.0 0.0 0.0 0.0 0.0 0.0 0.0 0.0 0.0 0.0 0.0 0.0 0.0 0.0 
291 0.8454116207682706 0.8454116207682706 0.8454116207682706 0.8454116207682706 0.8454116207682706 0.8454116207682706 0.041288443637862424 0.0 0.0 0.0 0.0 0.0 0.0 0.0 0.0 0.0 0.0 0.0 0.0 0.0 0.0 
292 0.8442114144206359 0.8442114144206359 0.8442114144206359 0.8442114144206359 0.8442114144206359 0.8442114144206359 0.04218528821103311 0.0 0.0 0.0 0.0 0.0 0.0 0.0 0.0 0.0 0.0 0.0 0.0 0.0 0.0 
293 0.8429975524181545 0.8429975524181545 0.8429975524181545 0.8429975524181545 0.8429975524181545 0.8429975524181545 0.07965637617964653 0.0 0.0 0.0 0.0 0.0 0.0 0.0 0.0 0.0 0.0 0.0 0.0 0.0 0.0 
294 0.841769891528671 0.841769891528671 0.841769891528671 0.841769891528671 0.841769891528671 0.841769891528671 0.08379916291889497 0.0 0.0 0.0 0.0 0.0 0.0 0.0 0.0 0.0 0.0 0.0 0.0 0.0 0.0 
295 0.8405282870689754 0.8405282870689754 0.8405282870689754 0.8405282870689754 0.8405282870689754 0.8405282870689754 0.13995534171177018 0.0 0.0 0.0 0.0 0.0 0.0 0.0 0.0 0.0 0.0 0.0 0.0 0.0 0.0 
296 0.8392725928903351 0.8392725928903351 0.8392725928903351 0.8392725928903351 0.8392725928903351 0.8392725928903351 0.2574938491610156 0.0 0.0 0.0 0.0 0.0 0.0 0.0 0.0 0.0 0.0 0.0 0.0 0.0 0.0 
297 0.8380026613638909 0.8380026613638909 0.8380026613638909 0.8380026613638909 0.8380026613638909 0.8380026613638909 0.5705793676691389 0.0 0.0 0.0 0.0 0.0 0.0 0.0 0.0 0.0 0.0 0.0 0.0 0.0 0.0 
298 0.8367183433659025 0.8367183433659025 0.8367183433659025 0.8367183433659025 0.8367183433659025 0.8367183433659025 0.6251042743804498 0.0 0.0 0.0 0.0 0.0 0.0 0.0 0.0 0.0 0.0 0.0 0.0 0.0 0.0 
299 0.8354194882628473 0.8354194882628473 0.8354194882628473 0.8354194882628473 0.8354194882628473 0.8354194882628473 0.6264356736361016 0.0 0.0 0.0 0.0 0.0 0.0 0.0 0.0 0.0 0.0 0.0 0.0 0.0 0.0 
300 0.8341059438963787 0.8341059438963787 0.8341059438963787 0.8341059438963787 0.8341059438963787 0.8341059438963787 0.7239340290144909 0.0 0.0 0.0 0.0 0.0 0.0 0.0 0.0 0.0 0.0 0.0 0.0 0.0 0.0 
301 0.8327775565681266 0.8327775565681266 0.8327775565681266 0.8327775565681266 0.8327775565681266 0.8327775565681266 0.7886551682049399 0.0 0.0 0.0 0.0 0.0 0.0 0.0 0.0 0.0 0.0 0.0 0.0 0.0 0.0 
302 0.8314341710243556 0.8314341710243556 0.8314341710243556 0.8314341710243556 0.8314341710243556 0.8314341710243556 0.8278208642369002 0.0 0.0 0.0 0.0 0.0 0.0 0.0 0.0 0.0 0.0 0.0 0.0 0.0 0.0 
303 0.8300756304404665 0.8300756304404665 0.8300756304404665 0.8300756304404665 0.8300756304404665 0.8300756304404665 0.8298722899765805 0.0 0.0 0.0 0.0 0.0 0.0 0.0 0.0 0.0 0.0 0.0 0.0 0.0 0.0 
304 0.8287017764053456 0.8287017764053456 0.8287017764053456 0.8287017764053456 0.8287017764053456 0.8287017764053456 0.8287017764053456 0.0 0.0 0.0 0.0 0.0 0.0 0.0 0.0 0.0 0.0 0.0 0.0 0.0 0.0 
305 0.8273124489055605 0.8273124489055605 0.8273124489055605 0.8273124489055605 0.8273124489055605 0.8273124489055605 0.8273124489055605 0.0 0.0 0.0 0.0 0.0 0.0 0.0 0.0 0.0 0.0 0.0 0.0 0.0 0.0 
306 0.8259074863094001 0.8259074863094001 0.8259074863094001 0.8259074863094001 0.8259074863094001 0.8259074863094001 0.8259074863094001 0.0 0.0 0.0 0.0 0.0 0.0 0.0 0.0 0.0 0.0 0.0 0.0 0.0 0.0 
307 0.8244867253507518 0.8244867253507518 0.8244867253507518 0.8244867253507518 0.8244867253507518 0.8244867253507518 0.8244867253507518 0.0 0.0 0.0 0.0 0.0 0.0 0.0 0.0 0.0 0.0 0.0 0.0 0.0 0.0 
308 0.8230500011128271 0.8230500011128271 0.8230500011128271 0.8230500011128271 0.8230500011128271 0.8230500011128271 0.8230500011128271 0.0 0.0 0.0 0.0 0.0 0.0 0.0 0.0 0.0 0.0 0.0 0.0 0.0 0.0 
309 0.8215971470117192 0.8215971470117192 0.8215971470117192 0.8215971470117192 0.8215971470117192 0.8215971470117192 0.8215971470117192 0.0 0.0 0.0 0.0 0.0 0.0 0.0 0.0 0.0 0.0 0.0 0.0 0.0 0.0 
310 0.8201279947798026 0.8201279947798026 0.8201279947798026 0.8201279947798026 0.8201279947798026 0.8201279947798026 0.8201279947798026 0.0 0.0 0.0 0.0 0.0 0.0 0.0 0.0 0.0 0.0 0.0 0.0 0.0 0.0 
311 0.8186423744489668 0.8186423744489668 0.8186423744489668 0.8186423744489668 0.8186423744489668 0.8186423744489668 0.8186423744489668 0.0 0.0 0.0 0.0 0.0 0.0 0.0 0.0 0.0 0.0 0.0 0.0 0.0 0.0 
312 0.8171401143336838 0.8171401143336838 0.8171401143336838 0.8171401143336838 0.8171401143336838 0.8171401143336838 0.8171401143336838 0.0 0.0 0.0 0.0 0.0 0.0 0.0 0.0 0.0 0.0 0.0 0.0 0.0 0.0 
313 0.8156210410139085 0.8156210410139085 0.8156210410139085 0.8156210410139085 0.8156210410139085 0.8156210410139085 0.8156210410139085 0.0 0.0 0.0 0.0 0.0 0.0 0.0 0.0 0.0 0.0 0.0 0.0 0.0 0.0 
314 0.8140849793178118 0.8140849793178118 0.8140849793178118 0.8140849793178118 0.8140849793178118 0.8140849793178118 0.8140849793178118 0.0 0.0 0.0 0.0 0.0 0.0 0.0 0.0 0.0 0.0 0.0 0.0 0.0 0.0 
315 0.8125317523043399 0.8125317523043399 0.8125317523043399 0.8125317523043399 0.8125317523043399 0.8125317523043399 0.8125317523043399 0.0 0.0 0.0 0.0 0.0 0.0 0.0 0.0 0.0 0.0 0.0 0.0 0.0 0.0 
316 0.8109611812456062 0.8109611812456062 0.8109611812456062 0.8109611812456062 0.8109611812456062 0.8109611812456062 0.8109611812456062 0.0 0.0 0.0 0.0 0.0 0.0 0.0 0.0 0.0 0.0 0.0 0.0 0.0 0.0 
317 0.809373085609101 0.809373085609101 0.809373085609101 0.809373085609101 0.809373085609101 0.809373085609101 0.809373085609101 0.0 0.0 0.0 0.0 0.0 0.0 0.0 0.0 0.0 0.0 0.0 0.0 0.0 0.0 
318 0.8077672830397326 0.8077672830397326 0.8077672830397326 0.8077672830397326 0.8077672830397326 0.8077672830397326 0.8077672830397326 0.0 0.0 0.0 0.0 0.0 0.0 0.0 0.0 0.0 0.0 0.0 0.0 0.0 0.0 
319 0.8061435893416908 0.8061435893416908 0.8061435893416908 0.8061435893416908 0.8061435893416908 0.8061435893416908 0.8061435893416908 0.0 0.0 0.0 0.0 0.0 0.0 0.0 0.0 0.0 0.0 0.0 0.0 0.0 0.0 
320 0.8045018184601244 0.8045018184601244 0.8045018184601244 0.8045018184601244 0.8045018184601244 0.8045018184601244 0.8045018184601244 0.0 0.0 0.0 0.0 0.0 0.0 0.0 0.0 0.0 0.0 0.0 0.0 0.0 0.0 
321 0.8028417824626445 0.8028417824626445 0.8028417824626445 0.8028417824626445 0.8028417824626445 0.8028417824626445 0.8028417824626445 0.0 0.0 0.0 0.0 0.0 0.0 0.0 0.0 0.0 0.0 0.0 0.0 0.0 0.0 
322 0.8011632915206428 0.8011632915206428 0.8011632915206428 0.8011632915206428 0.8011632915206428 0.8011632915206428 0.8011632915206428 0.0 0.0 0.0 0.0 0.0 0.0 0.0 0.0 0.0 0.0 0.0 0.0 0.0 0.0 
323 0.7994661538904251 0.7994661538904251 0.7994661538904251 0.7994661538904251 0.7994661538904251 0.7994661538904251 0.7994661538904251 0.0 0.0 0.0 0.0 0.0 0.0 0.0 0.0 0.0 0.0 0.0 0.0 0.0 0.0 
324 0.797750175894157 0.797750175894157 0.797750175894157 0.797750175894157 0.797750175894157 0.797750175894157 0.797750175894157 0.0 0.0 0.0 0.0 0.0 0.0 0.0 0.0 0.0 0.0 0.0 0.0 0.0 0.0 
325 0.7960151619006232 0.7960151619006232 0.7960151619006232 0.7960151619006232 0.7960151619006232 0.7960151619006232 0.7960151619006232 0.0 0.0 0.0 0.0 0.0 0.0 0.0 0.0 0.0 0.0 0.0 0.0 0.0 0.0 
326 0.7942609143057952 0.7942609143057952 0.7942609143057952 0.7942609143057952 0.7942609143057952 0.7942609143057952 0.7942609143057952 0.0 0.0 0.0 0.0 0.0 0.0 0.0 0.0 0.0 0.0 0.0 0.0 0.0 0.0 
327 0.7924872335132104 0.7924872335132104 0.7924872335132104 0.7924872335132104 0.7924872335132104 0.7924872335132104 0.7924872335132104 0.0 0.0 0.0 0.0 0.0 0.0 0.0 0.0 0.0 0.0 0.0 0.0 0.0 0.0 
328 0.7906939179141527 0.7906939179141527 0.7906939179141527 0.7906939179141527 0.7906939179141527 0.7906939179141527 0.7906939179141527 0.0 0.0 0.0 0.0 0.0 0.0 0.0 0.0 0.0 0.0 0.0 0.0 0.0 0.0 
329 0.7888807638676382 0.7888807638676382 0.7888807638676382 0.7888807638676382 0.7888807638676382 0.7888807638676382 0.7888807638676382 0.0 0.0 0.0 0.0 0.0 0.0 0.0 0.0 0.0 0.0 0.0 0.0 0.0 0.0 
330 0.7870475656802075 0.7870475656802075 0.7870475656802075 0.7870475656802075 0.7870475656802075 0.7870475656802075 0.7870475656802075 0.0 0.0 0.0 0.0 0.0 0.0 0.0 0.0 0.0 0.0 0.0 0.0 0.0 0.0 
331 0.7851941155855117 0.7851941155855117 0.7851941155855117 0.7851941155855117 0.7851941155855117 0.7851941155855117 0.7851941155855117 0.0 0.0 0.0 0.0 0.0 0.0 0.0 0.0 0.0 0.0 0.0 0.0 0.0 0.0 
332 0.7833202037237043 0.7833202037237043 0.7833202037237043 0.7833202037237043 0.7833202037237043 0.7833202037237043 0.7833202037237043 0.0 0.0 0.0 0.0 0.0 0.0 0.0 0.0 0.0 0.0 0.0 0.0 0.0 0.0 
333 0.7814256181206202 0.7814256181206202 0.7814256181206202 0.7814256181206202 0.7814256181206202 0.7814256181206202 0.7814256181206202 0.0 0.0 0.0 0.0 0.0 0.0 0.0 0.0 0.0 0.0 0.0 0.0 0.0 0.0 
334 0.7795101446667584 0.7795101446667584 0.7795101446667584 0.7795101446667584 0.7795101446667584 0.7795101446667584 0.7795101446667584 1.675502014217799E-4 0.0 0.0 0.0 0.0 0.0 0.0 0.0 0.0 0.0 0.0 0.0 0.0 0.0 
335 0.77757356709605 0.77757356709605 0.77757356709605 0.77757356709605 0.77757356709605 0.77757356709605 0.77757356709605 0.036255257513038486 0.0 0.0 0.0 0.0 0.0 0.0 0.0 0.0 0.0 0.0 0.0 0.0 0.0 
336 0.7756156669644212 0.7756156669644212 0.7756156669644212 0.7756156669644212 0.7756156669644212 0.7756156669644212 0.7756156669644212 0.03830793268509809 0.0 0.0 0.0 0.0 0.0 0.0 0.0 0.0 0.0 0.0 0.0 0.0 0.0 
337 0.7736362236281413 0.7736362236281413 0.7736362236281413 0.7736362236281413 0.7736362236281413 0.7736362236281413 0.7736362236281413 0.0386551192819481 0.0 0.0 0.0 0.0 0.0 0.0 0.0 0.0 0.0 0.0 0.0 0.0 0.0 
338 0.7716350142219589 0.7716350142219589 0.7716350142219589 0.7716350142219589 0.7716350142219589 0.7716350142219589 0.7716350142219589 0.03856843544839121 0.0 0.0 0.0 0.0 0.0 0.0 0.0 0.0 0.0 0.0 0.0 0.0 0.0 
339 0.769611813637022 0.769611813637022 0.769611813637022 0.769611813637022 0.769611813637022 0.769611813637022 0.769611813637022 0.0384805906818511 0.0 0.0 0.0 0.0 0.0 0.0 0.0 0.0 0.0 0.0 0.0 0.0 0.0 
340 0.7675663944985766 0.7675663944985766 0.7675663944985766 0.7675663944985766 0.7675663944985766 0.7675663944985766 0.7675663944985766 0.04203131665591462 0.0 0.0 0.0 0.0 0.0 0.0 0.0 0.0 0.0 0.0 0.0 0.0 0.0 
341 0.7654985271434502 0.7654985271434502 0.7654985271434502 0.7654985271434502 0.7654985271434502 0.7654985271434502 0.7654985271434502 0.1978486550119308 0.0 0.0 0.0 0.0 0.0 0.0 0.0 0.0 0.0 0.0 0.0 0.0 0.0 
342 0.7634079795973121 0.7634079795973121 0.7634079795973121 0.7634079795973121 0.7634079795973121 0.7634079795973121 0.7634079795973121 0.2701156454183321 0.0 0.0 0.0 0.0 0.0 0.0 0.0 0.0 0.0 0.0 0.0 0.0 0.0 
343 0.7612945175517009 0.7612945175517009 0.7612945175517009 0.7612945175517009 0.7612945175517009 0.7612945175517009 0.7612945175517009 0.3611600798053214 0.0 0.0 0.0 0.0 0.0 0.0 0.0 0.0 0.0 0.0 0.0 0.0 0.0 
344 0.7591579043408406 0.7591579043408406 0.7591579043408406 0.7591579043408406 0.7591579043408406 0.7591579043408406 0.7591579043408406 0.5487007979922437 0.0 0.0 0.0 0.0 0.0 0.0 0.0 0.0 0.0 0.0 0.0 0.0 0.0 
345 0.7569979009182117 0.7569979009182117 0.7569979009182117 0.7569979009182117 0.7569979009182117 0.7569979009182117 0.7569979009182117 0.6345319194876955 0.0 0.0 0.0 0.0 0.0 0.0 0.0 0.0 0.0 0.0 0.0 0.0 0.0 
346 0.7548142658329025 0.7548142658329025 0.7548142658329025 0.7548142658329025 0.7548142658329025 0.7548142658329025 0.7548142658329025 0.6775483052739399 0.0 0.0 0.0 0.0 0.0 0.0 0.0 0.0 0.0 0.0 0.0 0.0 0.0 
347 0.7526067552057191 0.7526067552057191 0.7526067552057191 0.7526067552057191 0.7526067552057191 0.7526067552057191 0.7526067552057191 0.6770958307886195 0.0 0.0 0.0 0.0 0.0 0.0 0.0 0.0 0.0 0.0 0.0 0.0 0.0 
348 0.7503751227050658 0.7503751227050658 0.7503751227050658 0.7503751227050658 0.7503751227050658 0.7503751227050658 0.7503751227050658 0.7408399387689285 0.0 0.0 0.0 0.0 0.0 0.0 0.0 0.0 0.0 0.0 0.0 0.0 0.0 
349 0.7481191195225827 0.7481191195225827 0.7481191195225827 0.7481191195225827 0.7481191195225827 0.7481191195225827 0.7481191195225827 0.7474745333197852 0.0 0.0 0.0 0.0 0.0 0.0 0.0 0.0 0.0 0.0 0.0 0.0 0.0 
350 0.7458384943485434 0.7458384943485434 0.7458384943485434 0.7458384943485434 0.7458384943485434 0.7458384943485434 0.7458384943485434 0.7458180979237568 0.0 0.0 0.0 0.0 0.0 0.0 0.0 0.0 0.0 0.0 0.0 0.0 0.0 
351 0.7435329933470142 0.7435329933470142 0.7435329933470142 0.7435329933470142 0.7435329933470142 0.7435329933470142 0.7435329933470142 0.7435329933470142 0.0 0.0 0.0 0.0 0.0 0.0 0.0 0.0 0.0 0.0 0.0 0.0 0.0 
352 0.7412023601307619 0.7412023601307619 0.7412023601307619 0.7412023601307619 0.7412023601307619 0.7412023601307619 0.7412023601307619 0.7412023601307619 0.0 0.0 0.0 0.0 0.0 0.0 0.0 0.0 0.0 0.0 0.0 0.0 0.0 
353 0.7388463357359157 0.7388463357359157 0.7388463357359157 0.7388463357359157 0.7388463357359157 0.7388463357359157 0.7388463357359157 0.7388463357359157 0.0 0.0 0.0 0.0 0.0 0.0 0.0 0.0 0.0 0.0 0.0 0.0 0.0 
354 0.7364646585963824 0.7364646585963824 0.7364646585963824 0.7364646585963824 0.7364646585963824 0.7364646585963824 0.7364646585963824 0.7364646585963824 0.0 0.0 0.0 0.0 0.0 0.0 0.0 0.0 0.0 0.0 0.0 0.0 0.0 
355 0.734057064518005 0.734057064518005 0.734057064518005 0.734057064518005 0.734057064518005 0.734057064518005 0.734057064518005 0.734057064518005 0.0 0.0 0.0 0.0 0.0 0.0 0.0 0.0 0.0 0.0 0.0 0.0 0.0 
356 0.7316232866524666 0.7316232866524666 0.7316232866524666 0.7316232866524666 0.7316232866524666 0.7316232866524666 0.7316232866524666 0.7316232866524666 0.0 0.0 0.0 0.0 0.0 0.0 0.0 0.0 0.0 0.0 0.0 0.0 0.0 
357 0.7291630554709413 0.7291630554709413 0.7291630554709413 0.7291630554709413 0.7291630554709413 0.7291630554709413 0.7291630554709413 0.7291630554709413 0.0 0.0 0.0 0.0 0.0 0.0 0.0 0.0 0.0 0.0 0.0 0.0 0.0 
358 0.7266760987374744 0.7266760987374744 0.7266760987374744 0.7266760987374744 0.7266760987374744 0.7266760987374744 0.7266760987374744 0.7266760987374744 0.0 0.0 0.0 0.0 0.0 0.0 0.0 0.0 0.0 0.0 0.0 0.0 0.0 
359 0.7241621414821146 0.7241621414821146 0.7241621414821146 0.7241621414821146 0.7241621414821146 0.7241621414821146 0.7241621414821146 0.7241621414821146 0.0 0.0 0.0 0.0 0.0 0.0 0.0 0.0 0.0 0.0 0.0 0.0 0.0 
360 0.7216209059737669 0.7216209059737669 0.7216209059737669 0.7216209059737669 0.7216209059737669 0.7216209059737669 0.7216209059737669 0.7216209059737669 0.0 0.0 0.0 0.0 0.0 0.0 0.0 0.0 0.0 0.0 0.0 0.0 0.0 
361 0.7190521116927875 0.7190521116927875 0.7190521116927875 0.7190521116927875 0.7190521116927875 0.7190521116927875 0.7190521116927875 0.7190521116927875 0.0 0.0 0.0 0.0 0.0 0.0 0.0 0.0 0.0 0.0 0.0 0.0 0.0 
362 0.7164554753033019 0.7164554753033019 0.7164554753033019 0.7164554753033019 0.7164554753033019 0.7164554753033019 0.7164554753033019 0.7164554753033019 0.0 0.0 0.0 0.0 0.0 0.0 0.0 0.0 0.0 0.0 0.0 0.0 0.0 
363 0.713830710625253 0.713830710625253 0.713830710625253 0.713830710625253 0.713830710625253 0.713830710625253 0.713830710625253 0.713830710625253 0.0 0.0 0.0 0.0 0.0 0.0 0.0 0.0 0.0 0.0 0.0 0.0 0.0 
364 0.7111775286061749 0.7111775286061749 0.7111775286061749 0.7111775286061749 0.7111775286061749 0.7111775286061749 0.7111775286061749 0.7111775286061749 0.0 0.0 0.0 0.0 0.0 0.0 0.0 0.0 0.0 0.0 0.0 0.0 0.0 
365 0.7084956372926798 0.7084956372926798 0.7084956372926798 0.7084956372926798 0.7084956372926798 0.7084956372926798 0.7084956372926798 0.7084956372926798 0.0 0.0 0.0 0.0 0.0 0.0 0.0 0.0 0.0 0.0 0.0 0.0 0.0 
366 0.7057847418016755 0.7057847418016755 0.7057847418016755 0.7057847418016755 0.7057847418016755 0.7057847418016755 0.7057847418016755 0.7057847418016755 0.0 0.0 0.0 0.0 0.0 0.0 0.0 0.0 0.0 0.0 0.0 0.0 0.0 
367 0.7030445442912884 0.7030445442912884 0.7030445442912884 0.7030445442912884 0.7030445442912884 0.7030445442912884 0.7030445442912884 0.7030445442912884 0.0 0.0 0.0 0.0 0.0 0.0 0.0 0.0 0.0 0.0 0.0 0.0 0.0 
368 0.7002747439315086 0.7002747439315086 0.7002747439315086 0.7002747439315086 0.7002747439315086 0.7002747439315086 0.7002747439315086 0.7002747439315086 0.0 0.0 0.0 0.0 0.0 0.0 0.0 0.0 0.0 0.0 0.0 0.0 0.0 
369 0.697475036874533 0.697475036874533 0.697475036874533 0.697475036874533 0.697475036874533 0.697475036874533 0.697475036874533 0.697475036874533 0.0 0.0 0.0 0.0 0.0 0.0 0.0 0.0 0.0 0.0 0.0 0.0 0.0 
370 0.6946451162248315 0.6946451162248315 0.6946451162248315 0.6946451162248315 0.6946451162248315 0.6946451162248315 0.6946451162248315 0.6946451162248315 0.0 0.0 0.0 0.0 0.0 0.0 0.0 0.0 0.0 0.0 0.0 0.0 0.0 
371 0.6917846720089025 0.6917846720089025 0.6917846720089025 0.6917846720089025 0.6917846720089025 0.6917846720089025 0.6917846720089025 0.6917846720089025 0.0 0.0 0.0 0.0 0.0 0.0 0.0 0.0 0.0 0.0 0.0 0.0 0.0 
372 0.6888933911447419 0.6888933911447419 0.6888933911447419 0.6888933911447419 0.6888933911447419 0.6888933911447419 0.6888933911447419 0.6888933911447419 0.0 0.0 0.0 0.0 0.0 0.0 0.0 0.0 0.0 0.0 0.0 0.0 0.0 
373 0.6859709574110032 0.6859709574110032 0.6859709574110032 0.6859709574110032 0.6859709574110032 0.6859709574110032 0.6859709574110032 0.6859709574110032 0.0 0.0 0.0 0.0 0.0 0.0 0.0 0.0 0.0 0.0 0.0 0.0 0.0 
374 0.6830170514158564 0.6830170514158564 0.6830170514158564 0.6830170514158564 0.6830170514158564 0.6830170514158564 0.6830170514158564 0.6830170514158564 0.0 0.0 0.0 0.0 0.0 0.0 0.0 0.0 0.0 0.0 0.0 0.0 0.0 
375 0.6800313505655393 0.6800313505655393 0.6800313505655393 0.6800313505655393 0.6800313505655393 0.6800313505655393 0.6800313505655393 0.6800313505655393 0.0 0.0 0.0 0.0 0.0 0.0 0.0 0.0 0.0 0.0 0.0 0.0 0.0 
376 0.6770135290325983 0.6770135290325983 0.6770135290325983 0.6770135290325983 0.6770135290325983 0.6770135290325983 0.6770135290325983 0.6770135290325983 0.0 0.0 0.0 0.0 0.0 0.0 0.0 0.0 0.0 0.0 0.0 0.0 0.0 
377 0.6739632577238148 0.6739632577238148 0.6739632577238148 0.6739632577238148 0.6739632577238148 0.6739632577238148 0.6739632577238148 0.6739632577238148 0.0 0.0 0.0 0.0 0.0 0.0 0.0 0.0 0.0 0.0 0.0 0.0 0.0 
378 0.6708802042478177 0.6708802042478177 0.6708802042478177 0.6708802042478177 0.6708802042478177 0.6708802042478177 0.6708802042478177 0.6708802042478177 0.0 0.0 0.0 0.0 0.0 0.0 0.0 0.0 0.0 0.0 0.0 0.0 0.0 
379 0.6677640328823743 0.6677640328823743 0.6677640328823743 0.6677640328823743 0.6677640328823743 0.6677640328823743 0.6677640328823743 0.6677640328823743 0.0 0.0 0.0 0.0 0.0 0.0 0.0 0.0 0.0 0.0 0.0 0.0 0.0 
380 0.6646144045413576 0.6646144045413576 0.6646144045413576 0.6646144045413576 0.6646144045413576 0.6646144045413576 0.6646144045413576 0.6646144045413576 7.700089694845934E-5 0.0 0.0 0.0 0.0 0.0 0.0 0.0 0.0 0.0 0.0 0.0 0.0 
381 0.6614309767413906 0.6614309767413906 0.6614309767413906 0.6614309767413906 0.6614309767413906 0.6614309767413906 0.6614309767413906 0.6614309767413906 0.07184858574272071 0.0 0.0 0.0 0.0 0.0 0.0 0.0 0.0 0.0 0.0 0.0 0.0 
382 0.6582134035681584 0.6582134035681584 0.6582134035681584 0.6582134035681584 0.6582134035681584 0.6582134035681584 0.6582134035681584 0.6582134035681584 0.09746210177833843 0.0 0.0 0.0 0.0 0.0 0.0 0.0 0.0 0.0 0.0 0.0 0.0 
383 0.6549613356423917 0.6549613356423917 0.6549613356423917 0.6549613356423917 0.6549613356423917 0.6549613356423917 0.6549613356423917 0.6549613356423917 0.12885526862715982 0.0 0.0 0.0 0.0 0.0 0.0 0.0 0.0 0.0 0.0 0.0 0.0 
384 0.6516744200855095 0.6516744200855095 0.6516744200855095 0.6516744200855095 0.6516744200855095 0.6516744200855095 0.6516744200855095 0.6516744200855095 0.1896774539460207 0.0 0.0 0.0 0.0 0.0 0.0 0.0 0.0 0.0 0.0 0.0 0.0 
385 0.6483523004849285 0.6483523004849285 0.6483523004849285 0.6483523004849285 0.6483523004849285 0.6483523004849285 0.6483523004849285 0.6483523004849285 0.3572358821517315 0.0 0.0 0.0 0.0 0.0 0.0 0.0 0.0 0.0 0.0 0.0 0.0 
386 0.644994616859026 0.644994616859026 0.644994616859026 0.644994616859026 0.644994616859026 0.644994616859026 0.644994616859026 0.644994616859026 0.4470632252798736 0.0 0.0 0.0 0.0 0.0 0.0 0.0 0.0 0.0 0.0 0.0 0.0 
387 0.6416010056217587 0.6416010056217587 0.6416010056217587 0.6416010056217587 0.6416010056217587 0.6416010056217587 0.6416010056217587 0.6416010056217587 0.5385461694137639 0.0 0.0 0.0 0.0 0.0 0.0 0.0 0.0 0.0 0.0 0.0 0.0 
388 0.6381710995469336 0.6381710995469336 0.6381710995469336 0.6381710995469336 0.6381710995469336 0.6381710995469336 0.6381710995469336 0.6381710995469336 0.6176752939684664 0.0 0.0 0.0 0.0 0.0 0.0 0.0 0.0 0.0 0.0 0.0 0.0 
389 0.634704527732124 0.634704527732124 0.634704527732124 0.634704527732124 0.634704527732124 0.634704527732124 0.634704527732124 0.634704527732124 0.6327173861629387 0.0 0.0 0.0 0.0 0.0 0.0 0.0 0.0 0.0 0.0 0.0 0.0 
390 0.6312009155622321 0.6312009155622321 0.6312009155622321 0.6312009155622321 0.6312009155622321 0.6312009155622321 0.6312009155622321 0.6312009155622321 0.6309822178163962 0.0 0.0 0.0 0.0 0.0 0.0 0.0 0.0 0.0 0.0 0.0 0.0 
391 0.6276598846726902 0.6276598846726902 0.6276598846726902 0.6276598846726902 0.6276598846726902 0.6276598846726902 0.6276598846726902 0.6276598846726902 0.62760055653592 0.0 0.0 0.0 0.0 0.0 0.0 0.0 0.0 0.0 0.0 0.0 0.0 
392 0.6240810529123001 0.6240810529123001 0.6240810529123001 0.6240810529123001 0.6240810529123001 0.6240810529123001 0.6240810529123001 0.6240810529123001 0.6240810529123001 0.0 0.0 0.0 0.0 0.0 0.0 0.0 0.0 0.0 0.0 0.0 0.0 
393 0.6204640343057048 0.6204640343057048 0.6204640343057048 0.6204640343057048 0.6204640343057048 0.6204640343057048 0.6204640343057048 0.6204640343057048 0.6204640343057048 0.0 0.0 0.0 0.0 0.0 0.0 0.0 0.0 0.0 0.0 0.0 0.0 
394 0.6168084390154925 0.6168084390154925 0.6168084390154925 0.6168084390154925 0.6168084390154925 0.6168084390154925 0.6168084390154925 0.6168084390154925 0.6168084390154925 0.0 0.0 0.0 0.0 0.0 0.0 0.0 0.0 0.0 0.0 0.0 0.0 
395 0.6131138733039234 0.6131138733039234 0.6131138733039234 0.6131138733039234 0.6131138733039234 0.6131138733039234 0.6131138733039234 0.6131138733039234 0.6131138733039234 0.0 0.0 0.0 0.0 0.0 0.0 0.0 0.0 0.0 0.0 0.0 0.0 
396 0.6093799394942814 0.6093799394942814 0.6093799394942814 0.6093799394942814 0.6093799394942814 0.6093799394942814 0.6093799394942814 0.6093799394942814 0.6093799394942814 0.0 0.0 0.0 0.0 0.0 0.0 0.0 0.0 0.0 0.0 0.0 0.0 
397 0.6056062359318442 0.6056062359318442 0.6056062359318442 0.6056062359318442 0.6056062359318442 0.6056062359318442 0.6056062359318442 0.6056062359318442 0.6056062359318442 0.0 0.0 0.0 0.0 0.0 0.0 0.0 0.0 0.0 0.0 0.0 0.0 
398 0.6017923569444684 0.6017923569444684 0.6017923569444684 0.6017923569444684 0.6017923569444684 0.6017923569444684 0.6017923569444684 0.6017923569444684 0.6017923569444684 0.0 0.0 0.0 0.0 0.0 0.0 0.0 0.0 0.0 0.0 0.0 0.0 
399 0.5979378928027851 0.5979378928027851 0.5979378928027851 0.5979378928027851 0.5979378928027851 0.5979378928027851 0.5979378928027851 0.5979378928027851 0.5979378928027851 0.0 0.0 0.0 0.0 0.0 0.0 0.0 0.0 0.0 0.0 0.0 0.0 
400 0.5940424296800048 0.5940424296800048 0.5940424296800048 0.5940424296800048 0.5940424296800048 0.5940424296800048 0.5940424296800048 0.5940424296800048 0.5940424296800048 0.0 0.0 0.0 0.0 0.0 0.0 0.0 0.0 0.0 0.0 0.0 0.0 
401 0.5901055496113214 0.5901055496113214 0.5901055496113214 0.5901055496113214 0.5901055496113214 0.5901055496113214 0.5901055496113214 0.5901055496113214 0.5901055496113214 0.0 0.0 0.0 0.0 0.0 0.0 0.0 0.0 0.0 0.0 0.0 0.0 
402 0.5861268304529246 0.5861268304529246 0.5861268304529246 0.5861268304529246 0.5861268304529246 0.5861268304529246 0.5861268304529246 0.5861268304529246 0.5861268304529246 0.0 0.0 0.0 0.0 0.0 0.0 0.0 0.0 0.0 0.0 0.0 0.0 
403 0.5821058458405978 0.5821058458405978 0.5821058458405978 0.5821058458405978 0.5821058458405978 0.5821058458405978 0.5821058458405978 0.5821058458405978 0.5821058458405978 0.0 0.0 0.0 0.0 0.0 0.0 0.0 0.0 0.0 0.0 0.0 0.0 
404 0.5780421651479146 0.5780421651479146 0.5780421651479146 0.5780421651479146 0.5780421651479146 0.5780421651479146 0.5780421651479146 0.5780421651479146 0.5780421651479146 0.0 0.0 0.0 0.0 0.0 0.0 0.0 0.0 0.0 0.0 0.0 0.0 
405 0.573935353444021 0.573935353444021 0.573935353444021 0.573935353444021 0.573935353444021 0.573935353444021 0.573935353444021 0.573935353444021 0.573935353444021 0.0 0.0 0.0 0.0 0.0 0.0 0.0 0.0 0.0 0.0 0.0 0.0 
406 0.5697849714510017 0.5697849714510017 0.5697849714510017 0.5697849714510017 0.5697849714510017 0.5697849714510017 0.5697849714510017 0.5697849714510017 0.5697849714510017 0.0 0.0 0.0 0.0 0.0 0.0 0.0 0.0 0.0 0.0 0.0 0.0 
407 0.5655905755008248 0.5655905755008248 0.5655905755008248 0.5655905755008248 0.5655905755008248 0.5655905755008248 0.5655905755008248 0.5655905755008248 0.5655905755008248 0.0 0.0 0.0 0.0 0.0 0.0 0.0 0.0 0.0 0.0 0.0 0.0 
408 0.5613517174918632 0.5613517174918632 0.5613517174918632 0.5613517174918632 0.5613517174918632 0.5613517174918632 0.5613517174918632 0.5613517174918632 0.5613517174918632 0.0 0.0 0.0 0.0 0.0 0.0 0.0 0.0 0.0 0.0 0.0 0.0 
409 0.5570679448449873 0.5570679448449873 0.5570679448449873 0.5570679448449873 0.5570679448449873 0.5570679448449873 0.5570679448449873 0.5570679448449873 0.5570679448449873 0.0 0.0 0.0 0.0 0.0 0.0 0.0 0.0 0.0 0.0 0.0 0.0 
410 0.552738800459224 0.552738800459224 0.552738800459224 0.552738800459224 0.552738800459224 0.552738800459224 0.552738800459224 0.552738800459224 0.552738800459224 0.0 0.0 0.0 0.0 0.0 0.0 0.0 0.0 0.0 0.0 0.0 0.0 
411 0.5483638226669785 0.5483638226669785 0.5483638226669785 0.5483638226669785 0.5483638226669785 0.5483638226669785 0.5483638226669785 0.5483638226669785 0.5483638226669785 0.0 0.0 0.0 0.0 0.0 0.0 0.0 0.0 0.0 0.0 0.0 0.0 
412 0.5439425451888164 0.5439425451888164 0.5439425451888164 0.5439425451888164 0.5439425451888164 0.5439425451888164 0.5439425451888164 0.5439425451888164 0.5439425451888164 3.5113041826700145E-5 2.926086818891679E-6 0.0 0.0 0.0 0.0 0.0 0.0 0.0 0.0 0.0 0.0 
413 0.539474497087798 0.539474497087798 0.539474497087798 0.539474497087798 0.539474497087798 0.539474497087798 0.539474497087798 0.539474497087798 0.539474497087798 0.0 0.0 0.0 0.0 0.0 0.0 0.0 0.0 0.0 0.0 0.0 0.0 
414 0.5349592027233623 0.5349592027233623 0.5349592027233623 0.5349592027233623 0.5349592027233623 0.5349592027233623 0.5349592027233623 0.5349592027233623 0.5349592027233623 0.0 0.0 0.0 0.0 0.0 0.0 0.0 0.0 0.0 0.0 0.0 0.0 
415 0.5303961817047573 0.5303961817047573 0.5303961817047573 0.5303961817047573 0.5303961817047573 0.5303961817047573 0.5303961817047573 0.5303961817047573 0.5303961817047573 0.0 0.0 0.0 0.0 0.0 0.0 0.0 0.0 0.0 0.0 0.0 0.0 
416 0.5257849488440118 0.5257849488440118 0.5257849488440118 0.5257849488440118 0.5257849488440118 0.5257849488440118 0.5257849488440118 0.5257849488440118 0.5257849488440118 0.01592300198572784 0.0 0.0 0.0 0.0 0.0 0.0 0.0 0.0 0.0 0.0 0.0 
417 0.521125014108442 0.521125014108442 0.521125014108442 0.521125014108442 0.521125014108442 0.521125014108442 0.521125014108442 0.521125014108442 0.521125014108442 0.04593447064676598 0.0 0.0 0.0 0.0 0.0 0.0 0.0 0.0 0.0 0.0 0.0 
418 0.5164158825726914 0.5164158825726914 0.5164158825726914 0.5164158825726914 0.5164158825726914 0.5164158825726914 0.5164158825726914 0.5164158825726914 0.5164158825726914 0.07307977237547687 0.0 0.0 0.0 0.0 0.0 0.0 0.0 0.0 0.0 0.0 0.0 
419 0.5116570543702962 0.5116570543702962 0.5116570543702962 0.5116570543702962 0.5116570543702962 0.5116570543702962 0.5116570543702962 0.5116570543702962 0.5116570543702962 0.07656488993925452 0.0 0.0 0.0 0.0 0.0 0.0 0.0 0.0 0.0 0.0 0.0 
420 0.5068480246447742 0.5068480246447742 0.5068480246447742 0.5068480246447742 0.5068480246447742 0.5068480246447742 0.5068480246447742 0.5068480246447742 0.5068480246447742 0.1160917809164034 0.0 0.0 0.0 0.0 0.0 0.0 0.0 0.0 0.0 0.0 0.0 
421 0.5019882835002318 0.5019882835002318 0.5019882835002318 0.5019882835002318 0.5019882835002318 0.5019882835002318 0.5019882835002318 0.5019882835002318 0.5019882835002318 0.17776874458063385 0.0 0.0 0.0 0.0 0.0 0.0 0.0 0.0 0.0 0.0 0.0 
422 0.4970773159514844 0.4970773159514844 0.4970773159514844 0.4970773159514844 0.4970773159514844 0.4970773159514844 0.4970773159514844 0.4970773159514844 0.4970773159514844 0.21422400088876917 0.0 0.0 0.0 0.0 0.0 0.0 0.0 0.0 0.0 0.0 0.0 
423 0.49211460187368405 0.49211460187368405 0.49211460187368405 0.49211460187368405 0.49211460187368405 0.49211460187368405 0.49211460187368405 0.49211460187368405 0.49211460187368405 0.29764482286820826 0.0 0.0 0.0 0.0 0.0 0.0 0.0 0.0 0.0 0.0 0.0 
424 0.4870996159514512 0.4870996159514512 0.4870996159514512 0.4870996159514512 0.4870996159514512 0.4870996159514512 0.4870996159514512 0.4870996159514512 0.4870996159514512 0.39499616376648133 0.0 0.0 0.0 0.0 0.0 0.0 0.0 0.0 0.0 0.0 0.0 
425 0.4820318276275051 0.4820318276275051 0.4820318276275051 0.4820318276275051 0.4820318276275051 0.4820318276275051 0.4820318276275051 0.4820318276275051 0.4820318276275051 0.4540229793597569 0.0 0.0 0.0 0.0 0.0 0.0 0.0 0.0 0.0 0.0 0.0 
426 0.47691070105078665 0.47691070105078665 0.47691070105078665 0.47691070105078665 0.47691070105078665 0.47691070105078665 0.47691070105078665 0.47691070105078665 0.47691070105078665 0.47415227027255896 0.0 0.0 0.0 0.0 0.0 0.0 0.0 0.0 0.0 0.0 0.0 
427 0.47173569502407264 0.47173569502407264 0.47173569502407264 0.47173569502407264 0.47173569502407264 0.47173569502407264 0.47173569502407264 0.47173569502407264 0.47173569502407264 0.4715762535878059 0.0 0.0 0.0 0.0 0.0 0.0 0.0 0.0 0.0 0.0 0.0 
428 0.4665062629510703 0.4665062629510703 0.4665062629510703 0.4665062629510703 0.4665062629510703 0.4665062629510703 0.4665062629510703 0.4665062629510703 0.4665062629510703 0.4665062629510703 0.0 0.0 0.0 0.0 0.0 0.0 0.0 0.0 0.0 0.0 0.0 
429 0.4612218527829947 0.4612218527829947 0.4612218527829947 0.4612218527829947 0.4612218527829947 0.4612218527829947 0.4612218527829947 0.4612218527829947 0.4612218527829947 0.4612218527829947 0.0 0.0 0.0 0.0 0.0 0.0 0.0 0.0 0.0 0.0 0.0 
430 0.455881906964615 0.455881906964615 0.455881906964615 0.455881906964615 0.455881906964615 0.455881906964615 0.455881906964615 0.455881906964615 0.455881906964615 0.455881906964615 0.0 0.0 0.0 0.0 0.0 0.0 0.0 0.0 0.0 0.0 0.0 
431 0.45048586237976995 0.45048586237976995 0.45048586237976995 0.45048586237976995 0.45048586237976995 0.45048586237976995 0.45048586237976995 0.45048586237976995 0.45048586237976995 0.45048586237976995 0.0 0.0 0.0 0.0 0.0 0.0 0.0 0.0 0.0 0.0 0.0 
432 0.4450331502963502 0.4450331502963502 0.4450331502963502 0.4450331502963502 0.4450331502963502 0.4450331502963502 0.4450331502963502 0.4450331502963502 0.4450331502963502 0.4450331502963502 0.0 0.0 0.0 0.0 0.0 0.0 0.0 0.0 0.0 0.0 0.0 
433 0.4395231963107354 0.4395231963107354 0.4395231963107354 0.4395231963107354 0.4395231963107354 0.4395231963107354 0.4395231963107354 0.4395231963107354 0.4395231963107354 0.4395231963107354 0.0 0.0 0.0 0.0 0.0 0.0 0.0 0.0 0.0 0.0 0.0 
434 0.4339554202916799 0.4339554202916799 0.4339554202916799 0.4339554202916799 0.4339554202916799 0.4339554202916799 0.4339554202916799 0.4339554202916799 0.4339554202916799 0.4339554202916799 0.0 0.0 0.0 0.0 0.0 0.0 0.0 0.0 0.0 0.0 0.0 
435 0.4283292363236565 0.4283292363236565 0.4283292363236565 0.4283292363236565 0.4283292363236565 0.4283292363236565 0.4283292363236565 0.4283292363236565 0.4283292363236565 0.4283292363236565 0.0 0.0 0.0 0.0 0.0 0.0 0.0 0.0 0.0 0.0 0.0 
436 0.4226440526496288 0.4226440526496288 0.4226440526496288 0.4226440526496288 0.4226440526496288 0.4226440526496288 0.4226440526496288 0.4226440526496288 0.4226440526496288 0.4226440526496288 0.0 0.0 0.0 0.0 0.0 0.0 0.0 0.0 0.0 0.0 0.0 
437 0.41689927161326795 0.41689927161326795 0.41689927161326795 0.41689927161326795 0.41689927161326795 0.41689927161326795 0.41689927161326795 0.41689927161326795 0.41689927161326795 0.41689927161326795 0.0 0.0 0.0 0.0 0.0 0.0 0.0 0.0 0.0 0.0 0.0 
438 0.41109428960059907 0.41109428960059907 0.41109428960059907 0.41109428960059907 0.41109428960059907 0.41109428960059907 0.41109428960059907 0.41109428960059907 0.41109428960059907 0.41109428960059907 0.0 0.0 0.0 0.0 0.0 0.0 0.0 0.0 0.0 0.0 0.0 
439 0.4052284969810687 0.4052284969810687 0.4052284969810687 0.4052284969810687 0.4052284969810687 0.4052284969810687 0.4052284969810687 0.4052284969810687 0.4052284969810687 0.4052284969810687 0.0 0.0 0.0 0.0 0.0 0.0 0.0 0.0 0.0 0.0 0.0 
440 0.3993012780480363 0.3993012780480363 0.3993012780480363 0.3993012780480363 0.3993012780480363 0.3993012780480363 0.3993012780480363 0.3993012780480363 0.3993012780480363 0.3993012780480363 1.365539297750169E-5 1.7069241221877111E-6 1.7069241221877111E-6 1.7069241221877111E-6 1.7069241221877111E-6 0.0 0.0 0.0 0.0 0.0 0.0 
441 0.3933120109586763 0.3933120109586763 0.3933120109586763 0.3933120109586763 0.3933120109586763 0.3933120109586763 0.3933120109586763 0.3933120109586763 0.3933120109586763 0.3933120109586763 0.0 0.0 0.0 0.0 0.0 0.0 0.0 0.0 0.0 0.0 0.0 
442 0.3872600676732884 0.3872600676732884 0.3872600676732884 0.3872600676732884 0.3872600676732884 0.3872600676732884 0.3872600676732884 0.3872600676732884 0.3872600676732884 0.3872600676732884 0.0 0.0 0.0 0.0 0.0 0.0 0.0 0.0 0.0 0.0 0.0 
443 0.381144813894011 0.381144813894011 0.381144813894011 0.381144813894011 0.381144813894011 0.381144813894011 0.381144813894011 0.381144813894011 0.381144813894011 0.381144813894011 0.0 0.0 0.0 0.0 0.0 0.0 0.0 0.0 0.0 0.0 0.0 
444 0.3749656090029304 0.3749656090029304 0.3749656090029304 0.3749656090029304 0.3749656090029304 0.3749656090029304 0.3749656090029304 0.3749656090029304 0.3749656090029304 0.3749656090029304 0.0 0.0 0.0 0.0 0.0 0.0 0.0 0.0 0.0 0.0 0.0 
445 0.36872180599957977 0.36872180599957977 0.36872180599957977 0.36872180599957977 0.36872180599957977 0.36872180599957977 0.36872180599957977 0.36872180599957977 0.36872180599957977 0.36872180599957977 1.4177371209499398E-5 0.0 0.0 0.0 0.0 0.0 0.0 0.0 0.0 0.0 0.0 
446 0.3624127514378206 0.3624127514378206 0.3624127514378206 0.3624127514378206 0.3624127514378206 0.3624127514378206 0.3624127514378206 0.3624127514378206 0.3624127514378206 0.3624127514378206 4.925574984053566E-4 0.0 0.0 0.0 0.0 0.0 0.0 0.0 0.0 0.0 0.0 
447 0.35603778536210745 0.35603778536210745 0.35603778536210745 0.35603778536210745 0.35603778536210745 0.35603778536210745 0.35603778536210745 0.35603778536210745 0.35603778536210745 0.35603778536210745 0.01636872979811138 0.0 0.0 0.0 0.0 0.0 0.0 0.0 0.0 0.0 0.0 
448 0.34959624124311717 0.34959624124311717 0.34959624124311717 0.34959624124311717 0.34959624124311717 0.34959624124311717 0.34959624124311717 0.34959624124311717 0.34959624124311717 0.34959624124311717 0.02240862674377842 0.0 0.0 0.0 0.0 0.0 0.0 0.0 0.0 0.0 0.0 
449 0.34308744591275264 0.34308744591275264 0.34308744591275264 0.34308744591275264 0.34308744591275264 0.34308744591275264 0.34308744591275264 0.34308744591275264 0.34308744591275264 0.34308744591275264 0.05048503608853992 0.0 0.0 0.0 0.0 0.0 0.0 0.0 0.0 0.0 0.0 
450 0.3365107194984971 0.3365107194984971 0.3365107194984971 0.3365107194984971 0.3365107194984971 0.3365107194984971 0.3365107194984971 0.3365107194984971 0.3365107194984971 0.3365107194984971 0.06940474091670386 0.0 0.0 0.0 0.0 0.0 0.0 0.0 0.0 0.0 0.0 
451 0.3298653753571316 0.3298653753571316 0.3298653753571316 0.3298653753571316 0.3298653753571316 0.3298653753571316 0.3298653753571316 0.3298653753571316 0.3298653753571316 0.3298653753571316 0.1018301411050063 0.0 0.0 0.0 0.0 0.0 0.0 0.0 0.0 0.0 0.0 
452 0.32315072000778755 0.32315072000778755 0.32315072000778755 0.32315072000778755 0.32315072000778755 0.32315072000778755 0.32315072000778755 0.32315072000778755 0.32315072000778755 0.32315072000778755 0.16621301826859497 0.0 0.0 0.0 0.0 0.0 0.0 0.0 0.0 0.0 0.0 
453 0.3163660530643518 0.3163660530643518 0.3163660530643518 0.3163660530643518 0.3163660530643518 0.3163660530643518 0.3163660530643518 0.3163660530643518 0.3163660530643518 0.3163660530643518 0.23639025148820747 0.0 0.0 0.0 0.0 0.0 0.0 0.0 0.0 0.0 0.0 
454 0.30951066716719766 0.30951066716719766 0.30951066716719766 0.30951066716719766 0.30951066716719766 0.30951066716719766 0.30951066716719766 0.30951066716719766 0.30951066716719766 0.30951066716719766 0.2877027208543275 0.0 0.0 0.0 0.0 0.0 0.0 0.0 0.0 0.0 0.0 
455 0.3025838479142457 0.3025838479142457 0.3025838479142457 0.3025838479142457 0.3025838479142457 0.3025838479142457 0.3025838479142457 0.3025838479142457 0.3025838479142457 0.3025838479142457 0.29800244185361546 1.0805552314705297E-5 0.0 0.0 0.0 0.0 0.0 0.0 0.0 0.0 0.0 
456 0.2955848737913481 0.2955848737913481 0.2955848737913481 0.2955848737913481 0.2955848737913481 0.2955848737913481 0.2955848737913481 0.2955848737913481 0.2955848737913481 0.2955848737913481 0.29510731596189765 0.0 0.0 0.0 0.0 0.0 0.0 0.0 0.0 0.0 0.0 
457 0.2885130161019813 0.2885130161019813 0.2885130161019813 0.2885130161019813 0.2885130161019813 0.2885130161019813 0.2885130161019813 0.2885130161019813 0.2885130161019813 0.2885130161019813 0.2884949306665018 0.0 0.0 0.0 0.0 0.0 0.0 0.0 0.0 0.0 0.0 
458 0.2813675388962532 0.2813675388962532 0.2813675388962532 0.2813675388962532 0.2813675388962532 0.2813675388962532 0.2813675388962532 0.2813675388962532 0.2813675388962532 0.2813675388962532 0.2813675388962532 0.0 0.0 0.0 0.0 0.0 0.0 0.0 0.0 0.0 0.0 
459 0.2741476988992035 0.2741476988992035 0.2741476988992035 0.2741476988992035 0.2741476988992035 0.2741476988992035 0.2741476988992035 0.2741476988992035 0.2741476988992035 0.2741476988992035 0.2741476988992035 0.0 0.0 0.0 0.0 0.0 0.0 0.0 0.0 0.0 0.0 
460 0.2668527454384061 0.2668527454384061 0.2668527454384061 0.2668527454384061 0.2668527454384061 0.2668527454384061 0.2668527454384061 0.2668527454384061 0.2668527454384061 0.2668527454384061 0.2668527454384061 0.0 0.0 0.0 0.0 0.0 0.0 0.0 0.0 0.0 0.0 
461 0.2594819203708489 0.2594819203708489 0.2594819203708489 0.2594819203708489 0.2594819203708489 0.2594819203708489 0.2594819203708489 0.2594819203708489 0.2594819203708489 0.2594819203708489 0.2594819203708489 0.0 0.0 0.0 0.0 0.0 0.0 0.0 0.0 0.0 0.0 
462 0.25203445800910457 0.25203445800910457 0.25203445800910457 0.25203445800910457 0.25203445800910457 0.25203445800910457 0.25203445800910457 0.25203445800910457 0.25203445800910457 0.25203445800910457 0.25203445800910457 0.0 0.0 0.0 0.0 0.0 0.0 0.0 0.0 0.0 0.0 
463 0.24450958504676149 0.24450958504676149 0.24450958504676149 0.24450958504676149 0.24450958504676149 0.24450958504676149 0.24450958504676149 0.24450958504676149 0.24450958504676149 0.24450958504676149 0.24450958504676149 0.0 0.0 0.0 0.0 0.0 0.0 0.0 0.0 0.0 0.0 
464 0.2369065204831303 0.2369065204831303 0.2369065204831303 0.2369065204831303 0.2369065204831303 0.2369065204831303 0.2369065204831303 0.2369065204831303 0.2369065204831303 0.2369065204831303 0.2369065204831303 0.0 0.0 0.0 0.0 0.0 0.0 0.0 0.0 0.0 0.0 
465 0.22922447554720451 0.22922447554720451 0.22922447554720451 0.22922447554720451 0.22922447554720451 0.22922447554720451 0.22922447554720451 0.22922447554720451 0.22922447554720451 0.22922447554720451 0.22922447554720451 0.0 0.0 0.0 0.0 0.0 0.0 0.0 0.0 0.0 0.0 
466 0.22146265362087098 0.22146265362087098 0.22146265362087098 0.22146265362087098 0.22146265362087098 0.22146265362087098 0.22146265362087098 0.22146265362087098 0.22146265362087098 0.22146265362087098 0.22146265362087098 2.0951170672450683E-5 0.0 0.0 0.0 0.0 0.0 0.0 0.0 0.0 0.0 
467 0.21362025016137073 0.21362025016137073 0.21362025016137073 0.21362025016137073 0.21362025016137073 0.21362025016137073 0.21362025016137073 0.21362025016137073 0.21362025016137073 0.21362025016137073 0.21362025016137073 6.62476602328519E-5 0.0 0.0 0.0 0.0 0.0 0.0 0.0 0.0 0.0 
468 0.20569645262298444 0.20569645262298444 0.20569645262298444 0.20569645262298444 0.20569645262298444 0.20569645262298444 0.20569645262298444 0.20569645262298444 0.20569645262298444 0.20569645262298444 0.20569645262298444 0.001401675566224876 0.0 0.0 0.0 0.0 0.0 0.0 0.0 0.0 0.0 
469 0.19769044037795827 0.19769044037795827 0.19769044037795827 0.19769044037795827 0.19769044037795827 0.19769044037795827 0.19769044037795827 0.19769044037795827 0.19769044037795827 0.19769044037795827 0.19769044037795827 0.010060533000741207 0.0 0.0 0.0 0.0 0.0 0.0 0.0 0.0 0.0 
470 0.18960138463664397 0.18960138463664397 0.18960138463664397 0.18960138463664397 0.18960138463664397 0.18960138463664397 0.18960138463664397 0.18960138463664397 0.18960138463664397 0.18960138463664397 0.18960138463664397 0.02162522455499628 0.0 0.0 0.0 0.0 0.0 0.0 0.0 0.0 0.0 
471 0.1814284483668548 0.1814284483668548 0.1814284483668548 0.1814284483668548 0.1814284483668548 0.1814284483668548 0.1814284483668548 0.1814284483668548 0.1814284483668548 0.1814284483668548 0.1814284483668548 0.03891065610331852 0.0 0.0 0.0 0.0 0.0 0.0 0.0 0.0 0.0 
472 0.17317078621242665 0.17317078621242665 0.17317078621242665 0.17317078621242665 0.17317078621242665 0.17317078621242665 0.17317078621242665 0.17317078621242665 0.17317078621242665 0.17317078621242665 0.17317078621242665 0.06252740784287965 0.0 0.0 0.0 0.0 0.0 0.0 0.0 0.0 0.0 
473 0.16482754441097877 0.16482754441097877 0.16482754441097877 0.16482754441097877 0.16482754441097877 0.16482754441097877 0.16482754441097877 0.16482754441097877 0.16482754441097877 0.16482754441097877 0.16482754441097877 0.08940864275834923 7.04613611505142E-6 5.284602086288565E-6 2.6423010431442825E-6 8.807670143814275E-7 0.0 0.0 0.0 0.0 0.0 
474 0.15639786071086087 0.15639786071086087 0.15639786071086087 0.15639786071086087 0.15639786071086087 0.15639786071086087 0.15639786071086087 0.15639786071086087 0.15639786071086087 0.15639786071086087 0.15639786071086087 0.12221522315662828 0.0 0.0 0.0 0.0 0.0 0.0 0.0 0.0 0.0 
475 0.14788086428728547 0.14788086428728547 0.14788086428728547 0.14788086428728547 0.14788086428728547 0.14788086428728547 0.14788086428728547 0.14788086428728547 0.14788086428728547 0.14788086428728547 0.14788086428728547 0.13899714888450648 0.0 0.0 0.0 0.0 0.0 0.0 0.0 0.0 0.0 
476 0.13927567565763418 0.13927567565763418 0.13927567565763418 0.13927567565763418 0.13927567565763418 0.13927567565763418 0.13927567565763418 0.13927567565763418 0.13927567565763418 0.13927567565763418 0.13927567565763418 0.13645714808708292 0.0 0.0 0.0 0.0 0.0 0.0 0.0 0.0 0.0 
477 0.13058140659592715 0.13058140659592715 0.13058140659592715 0.13058140659592715 0.13058140659592715 0.13058140659592715 0.13058140659592715 0.13058140659592715 0.13058140659592715 0.13058140659592715 0.13058140659592715 0.1299649717904094 0.0 0.0 0.0 0.0 0.0 0.0 0.0 0.0 0.0 
478 0.12179716004645687 0.12179716004645687 0.12179716004645687 0.12179716004645687 0.12179716004645687 0.12179716004645687 0.12179716004645687 0.12179716004645687 0.12179716004645687 0.12179716004645687 0.12179716004645687 0.12172784056309038 0.0 0.0 0.0 0.0 0.0 0.0 0.0 0.0 0.0 
479 0.11292203003655983 0.11292203003655983 0.11292203003655983 0.11292203003655983 0.11292203003655983 0.11292203003655983 0.11292203003655983 0.11292203003655983 0.11292203003655983 0.11292203003655983 0.11292203003655983 0.11292203003655983 3.9708704335645736E-5 0.0 0.0 0.0 0.0 0.0 0.0 0.0 0.0 
480 0.10395510158854179 0.10395510158854179 0.10395510158854179 0.10395510158854179 0.10395510158854179 0.10395510158854179 0.10395510158854179 0.10395510158854179 0.10395510158854179 0.10395510158854179 0.10395510158854179 0.10395510158854179 3.57385502698926E-4 6.847436172067153E-6 0.0 0.0 0.0 0.0 0.0 0.0 0.0 
481 0.09489545063072803 0.09489545063072803 0.09489545063072803 0.09489545063072803 0.09489545063072803 0.09489545063072803 0.09489545063072803 0.09489545063072803 0.09489545063072803 0.09489545063072803 0.09489545063072803 0.09489545063072803 0.0010085691156417162 0.0 0.0 0.0 0.0 0.0 0.0 0.0 0.0 
482 0.08574214390764022 0.08574214390764022 0.08574214390764022 0.08574214390764022 0.08574214390764022 0.08574214390764022 0.08574214390764022 0.08574214390764022 0.08574214390764022 0.08574214390764022 0.08574214390764022 0.08574214390764022 0.004212128636450775 0.0 0.0 0.0 0.0 0.0 0.0 0.0 0.0 
483 0.07649423888928727 0.07649423888928727 0.07649423888928727 0.07649423888928727 0.07649423888928727 0.07649423888928727 0.07649423888928727 0.07649423888928727 0.07649423888928727 0.07649423888928727 0.07649423888928727 0.07649423888928727 0.011582829980154398 0.0 0.0 0.0 0.0 0.0 0.0 0.0 0.0 
484 0.06715078367956774 0.06715078367956774 0.06715078367956774 0.06715078367956774 0.06715078367956774 0.06715078367956774 0.06715078367956774 0.06715078367956774 0.06715078367956774 0.06715078367956774 0.06715078367956774 0.06715078367956774 0.023739643223957333 0.0 0.0 0.0 0.0 0.0 0.0 0.0 0.0 
485 0.057710816923762266 0.057710816923762266 0.057710816923762266 0.057710816923762266 0.057710816923762266 0.057710816923762266 0.057710816923762266 0.057710816923762266 0.057710816923762266 0.057710816923762266 0.057710816923762266 0.057710816923762266 0.03595340751100168 3.5586484175398147E-5 0.0 0.0 0.0 0.0 0.0 0.0 0.0 
486 0.04817336771512167 0.04817336771512167 0.04817336771512167 0.04817336771512167 0.04817336771512167 0.04817336771512167 0.04817336771512167 0.04817336771512167 0.04817336771512167 0.04817336771512167 0.04817336771512167 0.04817336771512167 0.03910831883976574 1.7271703905584663E-4 1.4463694113619192E-5 0.0 0.0 0.0 0.0 0.0 0.0 
487 0.038537455500533 0.038537455500533 0.038537455500533 0.038537455500533 0.038537455500533 0.038537455500533 0.038537455500533 0.038537455500533 0.038537455500533 0.038537455500533 0.038537455500533 0.038537455500533 0.03615961058179965 9.248540236554168E-4 5.183585902226759E-6 5.183585902226759E-6 4.859611783337587E-6 4.859611783337587E-6 4.535637664448415E-6 4.535637664448415E-6 3.8876894266700704E-6 
488 0.02880208998525613 0.02880208998525613 0.02880208998525613 0.02880208998525613 0.02880208998525613 0.02880208998525613 0.02880208998525613 0.02880208998525613 0.02880208998525613 0.02880208998525613 0.02880208998525613 0.02880208998525613 0.02817510430642899 0.0032798111909410482 5.078094476723004E-5 2.5117918681522135E-5 9.133788611462596E-6 4.566894305731298E-6 2.283447152865649E-6 0.0 0.0 
489 0.018966271036726604 0.018966271036726604 0.018966271036726604 0.018966271036726604 0.018966271036726604 0.018966271036726604 0.018966271036726604 0.018966271036726604 0.018966271036726604 0.018966271036726604 0.018966271036726604 0.018966271036726604 0.018893487680532232 0.005612952691033362 2.706589588684835E-4 1.2216066971559422E-5 0.0 0.0 0.0 0.0 0.0 
490 0.009028988587402621 0.009028988587402621 0.009028988587402621 0.009028988587402621 0.009028988587402621 0.009028988587402621 0.009028988587402621 0.009028988587402621 0.009028988587402621 0.009028988587402621 0.009028988587402621 0.009028988587402621 0.009028988587402621 0.004926300740335719 6.867548596779157E-4 5.692044605538629E-5 2.0407543886893008E-5 6.92189680143213E-6 6.92189680143213E-6 6.92189680143213E-6 6.056659701253114E-6 
491 0.0 0.0 0.0 0.0 0.0 0.0 0.0 0.0 0.0 0.0 0.0 0.0 0.0 0.0 0.0 0.0 0.0 0.0 0.0 0.0 0.0 
492 0.0 0.0 0.0 0.0 0.0 0.0 0.0 0.0 0.0 0.0 0.0 0.0 0.0 0.0 0.0 0.0 0.0 0.0 0.0 0.0 0.0 
493 0.0 0.0 0.0 0.0 0.0 0.0 0.0 0.0 0.0 0.0 0.0 0.0 0.0 0.0 0.0 0.0 0.0 0.0 0.0 0.0 0.0 
494 0.0 0.0 0.0 0.0 0.0 0.0 0.0 0.0 0.0 0.0 0.0 0.0 0.0 0.0 0.0 0.0 0.0 0.0 0.0 0.0 0.0 
495 0.0 0.0 0.0 0.0 0.0 0.0 0.0 0.0 0.0 0.0 0.0 0.0 0.0 0.0 0.0 0.0 0.0 0.0 0.0 0.0 0.0 
496 0.0 0.0 0.0 0.0 0.0 0.0 0.0 0.0 0.0 0.0 0.0 0.0 0.0 0.0 0.0 0.0 0.0 0.0 0.0 0.0 0.0 
497 0.0 0.0 0.0 0.0 0.0 0.0 0.0 0.0 0.0 0.0 0.0 0.0 0.0 0.0 0.0 0.0 0.0 0.0 0.0 0.0 0.0 
498 0.0 0.0 0.0 0.0 0.0 0.0 0.0 0.0 0.0 0.0 0.0 0.0 0.0 0.0 0.0 0.0 0.0 0.0 0.0 0.0 0.0 
499 0.0 0.0 0.0 0.0 0.0 0.0 0.0 0.0 0.0 0.0 0.0 0.0 0.0 0.0 0.0 0.0 0.0 0.0 0.0 0.0 0.0 
