0 100.0 291.75 273.85 272.7 265.55 268.05 264.1 264.75 264.3 262.25 261.55 256.55 258.65 256.7 255.35 255.2 261.75 255.55 252.1 253.95 253.15 
1 0.0 566.95 555.85 542.95 540.8 533.7 531.5 528.35 518.9 532.45 527.1 525.9 515.7 515.6 511.15 504.6 504.85 510.75 510.5 521.55 511.55 
2 0.0 566.2 553.4 533.55 532.1 533.9 527.95 525.9 529.4 517.2 529.35 526.85 521.35 522.8 517.8 520.9 522.5 512.4 525.1 507.15 511.95 
3 0.0 547.4 549.0 536.1 537.85 526.05 530.6 526.95 525.9 521.55 519.6 515.45 514.0 520.7 518.25 515.3 513.55 512.15 510.75 517.5 511.9 
4 0.0 533.4 533.7 536.0 527.4 525.65 517.8 521.45 528.2 520.4 518.85 529.25 522.3 521.85 527.0 516.25 516.3 517.8 511.7 511.15 516.55 
5 0.0 515.75 515.4 536.65 525.15 527.9 528.85 525.55 522.65 510.9 508.4 509.95 518.0 518.8 506.55 521.85 513.85 519.6 515.85 495.6 515.8 
6 0.0 518.95 526.3 522.5 530.2 520.35 525.7 527.25 515.85 525.15 524.2 519.9 517.7 514.35 513.2 517.45 517.4 517.7 516.75 515.45 515.75 
7 0.0 505.15 519.85 521.95 516.65 517.15 517.75 519.5 521.45 521.65 512.65 513.25 526.8 510.8 522.95 509.65 517.3 518.2 513.6 524.15 503.15 
8 0.0 501.5 512.65 520.05 523.05 521.0 513.15 512.3 517.5 511.9 513.0 520.55 515.15 522.4 509.25 516.4 511.1 517.6 511.15 516.0 508.8 
9 0.0 490.75 500.25 511.75 522.4 526.4 521.0 520.05 520.6 515.9 517.1 510.65 515.6 516.65 511.9 512.55 521.1 512.4 520.2 510.5 515.9 
10 0.0 506.75 499.95 509.45 510.1 510.4 513.9 514.9 512.55 518.9 521.55 513.0 508.2 513.4 519.9 519.35 510.8 515.05 511.2 512.0 520.55 
11 0.0 504.5 507.65 504.95 508.75 512.55 505.5 518.0 513.25 513.65 513.1 518.45 517.15 503.2 514.8 518.85 519.6 513.55 507.9 514.55 511.6 
12 0.0 507.75 504.1 502.35 504.9 508.0 514.9 508.65 513.65 510.1 517.1 513.9 512.0 520.2 524.5 514.85 507.9 514.65 515.95 518.25 514.05 
13 0.0 507.65 494.55 505.7 516.1 510.9 516.1 500.05 502.05 507.4 510.9 510.9 512.7 509.6 507.35 521.15 510.2 517.8 519.95 519.2 520.35 
14 0.0 497.1 509.0 491.65 497.1 516.4 505.25 505.55 502.15 510.3 509.45 513.15 505.8 505.7 516.9 509.65 516.1 509.7 512.95 512.7 517.6 
15 0.0 497.2 507.4 505.95 500.35 511.4 503.3 506.9 508.6 509.05 502.35 507.9 507.05 518.45 507.7 512.2 511.65 504.7 515.25 513.3 506.8 
16 0.0 497.25 495.6 499.7 501.85 494.7 502.5 512.45 505.7 510.65 502.05 512.95 508.95 512.65 504.45 499.45 516.35 510.7 512.45 506.65 515.8 
17 0.0 497.95 500.65 505.05 503.8 489.05 492.0 500.5 504.55 514.0 511.1 501.7 512.5 510.35 513.95 519.7 508.1 509.5 505.95 512.95 506.55 
18 0.0 496.3 497.3 494.65 494.55 504.6 500.85 501.7 497.2 501.5 513.0 507.95 511.55 504.3 508.8 506.7 506.4 513.15 510.95 507.2 506.15 
19 0.0 496.0 489.55 498.85 493.35 495.05 505.15 499.45 506.25 505.2 498.2 505.85 502.5 500.6 504.3 500.45 508.0 503.25 502.3 502.1 507.45 
20 0.0 502.75 501.75 503.85 490.65 490.0 497.45 499.85 503.0 488.7 501.9 516.35 502.05 498.0 497.3 518.5 509.7 503.4 498.3 508.05 516.65 
21 0.0 505.85 505.15 489.4 500.2 495.55 495.9 491.4 505.1 504.9 507.05 501.15 506.8 496.5 501.15 498.95 499.05 504.15 513.05 507.55 503.5 
22 0.0 500.7 499.1 506.75 502.6 497.1 499.0 506.6 499.45 497.1 500.95 493.95 505.45 508.2 504.15 503.6 504.45 508.35 504.25 503.8 502.65 
23 0.0 494.45 498.85 502.35 493.25 501.05 501.4 498.2 505.8 497.7 500.3 495.35 498.85 496.65 501.6 503.65 492.35 491.55 506.55 508.6 501.35 
24 0.0 496.45 500.65 498.4 508.3 504.0 500.95 506.55 498.9 499.95 498.75 506.55 503.2 511.85 512.05 495.3 506.7 510.2 496.9 503.4 502.8 
25 0.0 499.3 493.45 490.25 500.9 502.95 507.65 500.95 495.45 506.55 503.5 499.75 502.15 507.95 505.75 510.7 501.6 499.3 507.2 503.7 510.05 
26 0.0 508.25 500.1 488.95 498.85 500.1 497.7 497.6 499.05 510.4 495.9 497.35 497.9 511.15 502.4 494.75 506.85 505.05 509.85 510.85 509.55 
27 0.0 494.55 498.95 510.4 501.6 512.3 502.8 496.0 502.15 493.45 498.35 495.9 493.05 500.45 508.0 506.95 508.9 502.3 491.95 499.5 497.55 
28 0.0 489.55 502.55 501.25 499.4 499.15 501.35 507.05 497.2 498.45 496.7 496.5 500.0 502.0 502.8 498.05 507.8 493.65 505.05 500.6 501.8 
29 0.0 505.05 504.8 509.7 496.9 498.7 504.3 506.25 505.55 503.7 496.5 493.35 503.2 499.65 495.35 504.9 504.4 509.75 505.4 502.8 507.4 
30 0.0 499.1 501.85 498.45 502.8 493.4 506.6 502.05 501.6 502.85 513.45 499.3 497.85 503.1 498.55 503.35 495.65 501.8 502.65 503.85 496.4 
31 0.0 506.7 501.75 504.1 511.4 505.35 499.15 503.75 506.75 503.4 497.85 505.6 502.1 502.25 512.4 498.9 488.95 501.55 505.95 501.65 499.5 
32 0.0 500.55 495.55 497.95 498.65 508.4 506.05 496.9 500.75 490.7 498.15 507.45 505.55 496.85 494.85 504.85 498.8 501.4 499.2 501.3 505.4 
33 0.0 493.85 496.85 495.2 496.1 493.0 499.85 505.05 500.6 496.75 496.65 499.45 499.35 499.85 498.3 494.3 498.45 502.6 497.95 496.85 500.9 
34 0.0 507.75 502.25 504.2 498.45 501.0 503.0 499.0 501.45 507.35 499.3 496.15 502.95 498.65 497.3 501.3 503.75 494.4 507.3 506.65 495.1 
35 0.0 499.35 501.65 507.1 498.35 504.9 500.2 493.45 506.65 503.05 509.1 495.25 500.75 498.5 501.9 504.15 508.2 499.8 499.8 490.1 497.15 
36 0.0 492.75 502.65 498.3 502.5 503.35 497.95 503.85 492.05 500.15 507.4 505.5 503.85 503.65 502.1 498.15 505.1 503.2 495.25 494.65 507.2 
37 0.0 504.55 496.85 496.65 498.05 491.65 493.2 503.25 495.85 497.55 493.25 503.15 494.2 492.55 504.0 488.3 500.7 510.75 496.3 500.2 506.35 
38 0.0 503.45 501.75 496.1 505.15 496.55 498.55 499.4 498.85 506.2 495.05 493.35 500.45 490.85 500.05 501.5 496.15 508.8 500.0 498.05 494.85 
39 0.0 501.3 497.8 505.55 498.9 502.0 499.35 497.6 494.7 490.9 500.9 495.7 499.65 502.65 499.85 499.45 498.35 491.05 496.65 501.95 497.4 
40 0.0 498.5 490.85 493.65 495.0 505.25 498.75 493.85 494.9 497.05 500.8 509.65 498.35 500.45 497.85 507.7 491.7 499.45 501.25 501.65 504.0 
41 0.0 501.65 502.6 500.6 498.05 498.0 504.1 491.65 501.4 506.2 498.2 504.9 498.65 498.9 493.75 498.05 501.05 503.25 497.45 502.15 496.4 
42 0.0 498.0 495.0 500.95 492.95 485.15 498.1 493.85 501.3 495.8 498.15 497.6 497.5 493.1 500.65 503.3 496.5 491.9 497.45 502.65 494.7 
43 0.0 500.6 508.05 491.35 500.55 502.45 493.6 503.55 490.7 507.35 496.45 502.8 508.75 502.2 503.45 495.7 501.65 493.7 501.55 497.25 496.6 
44 0.0 503.95 498.7 501.75 501.25 495.65 483.85 503.0 501.4 494.0 499.05 499.4 503.85 502.05 496.4 493.15 506.85 505.1 502.0 495.75 497.4 
45 0.0 493.4 502.05 496.05 505.6 489.2 492.7 501.15 503.25 502.15 496.4 499.75 497.85 504.3 497.2 504.7 504.75 496.65 504.6 498.9 503.9 
46 0.0 496.5 498.3 502.25 499.3 501.05 504.65 495.7 502.4 501.45 504.8 497.25 493.65 506.05 500.2 499.95 506.6 504.85 501.9 507.3 500.75 
47 0.0 491.05 495.6 492.4 495.55 497.5 502.2 497.9 501.65 495.05 500.1 496.7 500.5 495.75 499.4 500.75 501.95 501.25 499.35 499.8 508.2 
48 0.0 477.3 501.5 500.85 485.35 493.75 495.85 509.9 497.75 501.7 497.55 500.3 501.0 506.55 500.85 501.35 496.6 505.9 497.95 500.25 507.65 
49 0.0 328.3 494.45 495.3 505.5 500.05 500.1 502.45 502.65 496.95 507.75 506.8 500.45 506.4 497.4 491.4 489.85 501.7 499.55 503.2 499.45 
50 0.0 191.85 503.55 500.1 501.65 499.55 512.05 497.55 509.85 504.05 502.25 515.05 495.35 500.6 501.7 497.7 499.6 499.7 502.15 497.5 500.05 
51 0.0 81.05 500.55 500.3 506.3 509.05 502.55 501.3 497.5 501.35 502.7 496.8 501.05 493.1 497.85 501.95 486.6 495.05 496.3 503.55 497.95 
52 0.0 14.95 501.5 509.0 500.4 506.15 495.85 506.25 497.55 501.0 496.3 495.75 506.25 501.4 502.75 498.85 506.9 495.9 498.1 498.65 493.5 
53 0.0 3.7 499.25 505.45 502.75 503.25 504.8 505.35 500.8 498.55 507.4 494.95 511.05 500.9 503.35 506.2 501.1 494.3 498.3 499.3 493.8 
54 0.0 0.4 498.75 493.75 505.8 500.9 508.5 495.55 503.05 494.85 505.95 497.3 496.2 500.45 499.1 495.75 497.2 508.05 505.2 491.1 503.0 
55 0.0 0.0 501.15 505.2 505.25 503.9 497.9 492.85 501.7 503.3 505.25 493.85 500.55 494.35 498.25 511.65 497.25 500.15 498.9 503.85 506.35 
56 0.0 0.0 499.1 499.6 503.45 506.25 494.7 502.8 498.2 503.8 499.1 503.1 501.95 493.3 501.35 494.25 490.95 507.65 497.45 500.75 493.7 
57 0.0 0.0 502.3 501.85 491.35 496.8 505.1 499.8 497.45 505.6 491.2 501.6 496.15 499.05 497.4 493.7 504.1 502.55 495.85 507.7 495.55 
58 0.0 0.0 497.05 506.7 508.25 499.45 497.75 500.2 507.4 505.5 486.35 500.95 494.9 499.45 499.0 497.7 503.5 496.9 502.45 493.2 489.15 
59 0.0 0.0 510.0 501.35 490.4 501.75 504.65 509.15 507.3 502.05 497.75 503.0 493.0 499.85 501.7 501.2 494.55 497.05 505.65 495.35 509.05 
60 0.0 0.0 504.45 493.4 499.4 497.2 500.55 497.25 495.2 508.45 502.2 501.95 497.15 500.05 491.95 496.8 502.25 496.6 507.7 505.75 492.4 
61 0.0 0.0 494.25 501.9 509.15 508.15 498.4 491.95 492.4 491.45 505.8 497.4 503.7 501.35 499.15 506.85 503.2 500.7 490.45 501.1 500.05 
62 0.0 0.0 498.55 492.9 494.1 496.35 499.05 500.4 494.5 498.15 503.9 496.35 499.4 498.35 500.05 504.35 504.3 494.3 499.75 507.85 496.65 
63 0.0 0.0 495.35 500.65 497.8 497.2 507.25 501.4 503.05 484.05 495.1 494.4 493.15 493.55 501.6 497.6 510.6 497.05 500.6 492.3 499.25 
64 0.0 0.0 503.85 499.5 496.65 500.7 498.35 503.65 490.9 501.35 501.6 503.3 508.35 502.5 491.4 497.85 498.3 495.45 493.95 501.7 503.55 
65 0.0 0.0 500.1 494.15 493.85 497.65 490.05 495.7 500.5 498.65 496.15 497.85 499.05 497.85 497.7 497.0 491.95 500.15 499.85 496.2 505.0 
66 0.0 0.0 497.0 501.3 503.95 489.75 501.7 503.95 512.35 502.55 504.1 504.5 505.35 504.55 502.15 501.75 500.55 509.25 489.3 493.7 506.4 
67 0.0 0.0 502.8 501.55 497.35 498.0 503.15 495.95 501.35 510.7 510.9 497.95 501.35 497.4 503.45 508.0 508.75 493.15 498.4 500.4 490.5 
68 0.0 0.0 506.8 504.45 502.05 498.1 499.4 498.05 497.0 511.2 504.35 494.45 505.3 504.65 501.65 498.65 493.75 500.5 506.3 499.35 490.95 
69 0.0 0.0 502.4 502.15 502.65 506.85 504.7 501.55 503.15 490.55 495.9 510.25 496.5 500.2 504.9 487.4 491.05 500.95 500.15 502.45 502.35 
70 0.0 0.0 496.55 498.2 500.55 501.45 502.9 499.35 500.7 508.45 499.8 510.85 502.3 505.8 514.1 510.0 501.55 495.8 503.4 502.7 500.1 
71 0.0 0.0 493.6 500.75 494.5 504.65 503.3 502.95 508.5 499.8 497.9 499.95 505.15 503.15 495.45 504.7 503.35 499.3 500.3 501.6 509.45 
72 0.0 0.0 510.65 501.75 501.1 514.35 503.15 510.2 504.0 499.45 506.35 504.4 496.3 499.7 500.65 499.15 503.7 504.2 500.8 502.55 504.35 
73 0.0 0.0 494.45 501.2 505.6 509.1 496.8 499.7 506.0 500.2 499.35 494.3 500.5 504.8 493.95 490.2 507.6 503.95 506.65 500.85 492.55 
74 0.0 0.0 491.35 497.15 499.45 497.2 499.5 502.85 498.9 507.0 499.05 503.65 501.4 499.65 505.95 504.55 504.7 504.6 494.55 508.05 510.2 
75 0.0 0.0 504.2 495.6 507.25 497.5 507.4 499.05 495.1 495.9 497.6 501.55 503.05 500.85 499.45 498.7 492.95 502.1 500.3 504.75 504.3 
76 0.0 0.0 495.1 504.3 500.9 499.5 508.05 500.25 506.1 492.6 495.05 500.7 496.3 508.2 494.3 501.65 510.25 501.3 510.25 502.8 507.2 
77 0.0 0.0 497.6 499.95 498.1 502.1 495.5 498.95 491.6 498.95 504.25 499.5 507.0 500.95 496.1 499.5 499.35 501.8 503.25 500.05 506.2 
78 0.0 0.0 500.8 507.1 496.3 500.95 501.2 501.1 502.25 495.75 504.95 497.45 504.9 503.8 502.05 495.9 490.75 497.2 502.9 493.6 491.95 
79 0.0 0.0 498.15 494.65 502.3 494.95 496.4 493.3 497.25 507.95 500.75 504.15 502.2 496.8 511.6 506.45 502.35 501.45 506.2 495.05 499.75 
80 0.0 0.0 503.65 499.1 494.9 492.35 494.25 502.4 501.0 493.05 493.25 498.8 496.25 494.05 498.55 511.1 500.5 508.65 502.6 503.6 494.8 
81 0.0 0.0 505.45 500.85 498.25 496.3 494.85 489.3 492.3 506.45 506.8 498.3 498.1 499.75 507.15 501.15 499.05 506.65 496.0 503.7 504.25 
82 0.0 0.0 503.9 491.0 502.8 497.35 495.7 491.4 501.05 496.65 494.1 502.15 500.25 498.75 499.35 501.1 502.75 497.95 501.4 504.85 507.1 
83 0.0 0.0 502.0 501.55 496.0 502.9 501.05 506.5 497.65 498.25 496.45 497.15 498.6 499.3 510.25 494.65 503.35 502.75 493.8 502.05 506.7 
84 0.0 0.0 489.1 499.25 499.8 502.1 499.15 497.6 499.6 505.35 498.7 496.1 498.75 507.05 503.4 513.25 504.45 504.85 499.9 495.85 494.25 
85 0.0 0.0 504.9 505.45 504.05 496.9 502.0 515.35 500.95 501.55 498.9 494.85 502.5 504.0 499.5 494.9 492.75 500.3 497.35 497.55 507.15 
86 0.0 0.0 507.0 503.15 498.7 502.8 493.8 496.05 503.15 503.6 497.9 503.0 492.7 499.2 491.8 502.75 496.25 485.85 502.8 493.75 501.05 
87 0.0 0.0 496.3 502.0 506.3 492.55 500.3 499.3 499.75 495.9 505.35 503.0 494.2 493.75 503.35 499.05 507.7 500.3 504.9 505.65 496.25 
88 0.0 0.0 504.05 507.85 500.2 506.4 500.0 499.45 505.25 497.8 503.75 495.4 492.1 495.85 492.95 492.05 505.65 500.95 499.15 498.75 496.9 
89 0.0 0.0 498.1 502.8 502.25 504.9 507.35 495.9 496.2 496.95 491.15 502.1 505.9 505.3 500.0 498.1 487.35 504.65 499.3 501.4 504.15 
90 0.0 0.0 499.65 490.1 503.25 500.3 501.3 503.15 504.5 502.0 507.1 501.8 503.05 501.5 500.75 500.95 499.05 498.4 503.65 504.1 493.9 
91 0.0 0.0 503.05 502.3 495.55 504.05 511.05 505.1 505.3 500.3 510.05 498.8 507.7 505.95 506.05 507.45 501.95 502.8 506.7 504.3 510.25 
92 0.0 0.0 498.25 501.4 501.6 500.6 511.2 501.4 493.2 502.3 495.25 505.4 500.65 498.85 496.2 496.75 501.6 496.75 507.95 504.65 502.35 
93 0.0 0.0 497.35 495.35 504.9 514.5 499.15 499.45 506.5 501.25 500.2 508.2 501.55 498.65 493.4 509.6 503.15 510.85 502.45 503.15 509.85 
94 0.0 0.0 503.5 500.2 502.85 503.7 499.7 511.15 494.85 505.95 496.75 491.5 505.8 500.7 504.45 511.4 510.05 501.8 508.25 515.65 499.2 
95 0.0 0.0 500.6 510.7 501.05 499.85 501.6 496.65 500.55 492.95 497.45 496.2 494.9 495.45 501.6 500.25 501.85 501.95 491.25 498.8 506.2 
96 0.0 0.0 498.55 499.2 497.9 499.5 495.7 493.85 494.55 491.55 502.75 499.55 497.9 499.4 504.6 497.05 504.0 502.15 499.35 501.5 502.25 
97 0.0 0.0 472.05 498.55 499.35 499.5 502.55 494.9 500.75 496.95 495.35 503.1 504.9 503.35 501.15 500.55 499.75 500.85 500.95 501.0 502.0 
98 0.0 0.0 429.25 495.1 497.35 491.6 501.05 501.4 504.7 507.9 505.6 491.8 503.65 495.2 510.05 494.75 501.9 504.6 505.8 495.7 493.35 
99 0.0 0.0 357.95 495.4 500.0 499.25 499.0 509.3 497.85 499.45 503.15 504.15 492.25 507.55 496.25 490.95 495.8 498.3 501.9 506.65 503.35 
100 0.0 0.0 212.3 504.6 501.45 497.05 488.55 498.85 497.45 501.05 500.0 506.3 497.55 494.0 490.75 505.35 499.15 500.45 492.95 495.8 510.4 
101 0.0 0.0 141.5 500.1 494.9 492.15 490.9 489.6 503.25 504.2 501.9 505.3 495.3 501.65 501.65 493.6 498.95 489.55 501.9 496.7 496.25 
102 0.0 0.0 64.85 498.85 503.7 496.3 500.25 505.1 493.85 503.7 503.05 501.65 494.35 498.4 501.6 506.25 509.5 503.05 497.95 499.95 503.2 
103 0.0 0.0 44.8 504.5 498.0 500.15 501.9 508.35 505.6 494.35 495.5 496.45 502.55 500.2 496.2 502.5 499.1 503.9 500.7 497.55 497.15 
104 0.0 0.0 25.0 489.55 503.45 490.5 496.8 495.7 496.7 495.95 497.55 497.15 509.2 505.0 505.15 505.4 499.65 498.95 503.25 507.0 502.45 
105 0.0 0.0 2.7 500.35 492.35 507.9 494.45 495.3 501.8 497.5 499.05 502.1 495.35 501.5 502.6 504.2 500.9 505.35 500.45 503.75 498.95 
106 0.0 0.0 0.05 504.65 498.5 505.9 518.5 510.55 504.3 499.55 509.65 497.1 505.55 502.9 501.25 503.1 509.15 497.25 501.2 500.0 496.05 
107 0.0 0.0 0.0 502.2 498.75 501.2 494.75 500.7 505.3 513.95 501.85 499.0 501.3 503.85 498.4 504.55 500.7 495.15 497.9 495.1 495.2 
108 0.0 0.0 0.0 496.65 500.7 503.55 505.45 487.2 503.15 497.0 495.3 510.85 516.25 504.2 513.25 500.5 495.3 493.8 496.8 499.2 507.0 
109 0.0 0.0 0.0 504.25 499.6 493.95 492.0 503.8 497.35 507.8 495.55 500.2 496.3 500.4 503.4 495.5 499.45 506.05 497.4 495.15 504.95 
110 0.0 0.0 0.0 502.95 499.45 500.2 498.35 504.7 502.35 497.95 502.95 499.0 500.45 498.0 495.6 502.3 499.95 505.25 504.6 507.6 505.5 
111 0.0 0.0 0.0 499.75 497.5 499.35 495.15 504.7 496.6 502.25 499.65 499.3 498.65 487.9 504.75 489.7 499.95 494.65 502.4 503.8 495.0 
112 0.0 0.0 0.0 499.3 500.2 498.45 501.75 498.0 502.35 502.35 501.95 504.85 500.45 500.55 492.35 497.7 500.65 502.5 502.0 492.2 498.25 
113 0.0 0.0 0.0 502.9 505.5 492.65 508.05 498.15 503.45 501.15 505.5 495.15 494.65 499.75 498.25 514.6 502.4 502.95 500.2 506.0 494.45 
114 0.0 0.0 0.0 497.85 499.75 504.05 501.25 494.8 495.05 501.05 507.05 503.65 509.0 504.5 503.1 499.4 497.25 504.9 500.85 490.1 491.6 
115 0.0 0.0 0.0 497.55 498.1 501.5 503.5 505.6 499.8 496.4 506.1 502.8 499.75 501.85 492.9 491.6 498.3 496.2 495.8 507.75 496.45 
116 0.0 0.0 0.0 500.5 505.1 502.95 500.45 502.4 497.0 500.85 497.95 509.05 506.85 508.4 500.85 501.4 502.3 510.05 497.75 494.5 504.05 
117 0.0 0.0 0.0 502.55 499.7 499.75 496.2 499.6 499.75 503.9 501.55 501.2 502.55 496.5 497.55 494.85 496.15 488.1 499.2 495.0 494.9 
118 0.0 0.0 0.0 495.15 499.05 506.5 505.6 503.05 508.85 493.85 499.1 490.95 498.2 501.1 500.05 499.2 493.45 508.55 498.85 496.8 496.0 
119 0.0 0.0 0.0 503.8 507.3 502.05 502.5 504.9 494.45 500.15 496.25 497.4 501.2 499.4 501.95 495.7 502.9 496.25 499.5 494.05 495.6 
120 0.0 0.0 0.0 490.3 497.1 499.4 503.0 505.65 505.65 499.75 500.15 503.25 498.9 492.3 501.75 496.4 492.45 495.35 494.8 494.0 499.2 
121 0.0 0.0 0.0 508.1 490.3 502.25 495.95 499.35 497.35 499.4 490.35 499.5 501.0 503.25 499.9 507.05 495.2 489.9 490.45 502.95 495.1 
122 0.0 0.0 0.0 497.2 502.35 503.35 511.15 496.15 501.0 497.2 498.95 494.85 495.7 500.5 494.65 502.9 500.75 491.95 498.95 491.45 496.6 
123 0.0 0.0 0.0 501.4 502.3 489.8 495.0 493.7 503.75 492.25 492.6 501.5 496.25 501.9 499.05 493.2 501.65 503.8 493.9 501.95 496.3 
124 0.0 0.0 0.0 499.95 503.55 501.45 490.75 503.25 490.65 509.5 503.05 491.8 489.9 490.05 496.8 503.45 499.35 498.55 499.35 500.7 506.35 
125 0.0 0.0 0.0 498.2 496.7 496.7 495.95 494.7 491.85 502.9 500.95 489.6 486.5 500.15 496.05 489.25 506.7 495.35 503.5 491.2 499.25 
126 0.0 0.0 0.0 503.3 502.95 493.6 496.65 496.8 495.85 493.2 502.85 493.15 497.9 504.9 499.6 502.4 488.1 497.9 494.75 499.4 499.3 
127 0.0 0.0 0.0 496.5 500.25 502.35 495.5 490.05 495.5 492.0 495.35 496.85 500.9 498.95 501.1 500.05 494.8 493.05 504.65 500.8 489.1 
128 0.0 0.0 0.0 496.8 501.1 498.95 502.35 497.4 501.5 492.5 504.75 505.0 501.65 498.0 494.3 495.8 498.45 507.0 496.05 501.6 500.65 
129 0.0 0.0 0.0 496.45 498.9 502.6 488.5 503.1 504.35 501.55 499.95 501.2 500.95 507.0 498.95 498.1 493.4 499.6 497.75 502.05 500.8 
130 0.0 0.0 0.0 500.7 497.1 499.75 500.15 490.65 497.7 501.45 494.05 505.2 497.3 496.65 496.4 509.5 498.95 496.0 493.9 495.6 501.65 
131 0.0 0.0 0.0 495.85 500.75 504.4 503.05 503.35 497.9 496.65 494.1 500.35 494.55 492.3 494.35 490.15 503.65 500.25 501.6 503.1 510.25 
132 0.0 0.0 0.0 504.95 500.45 494.35 500.1 497.8 490.15 490.5 497.0 498.9 503.3 489.95 499.1 488.95 495.25 498.8 498.1 502.5 500.35 
133 0.0 0.0 0.0 496.5 500.9 498.5 503.25 503.7 495.85 499.9 501.0 494.7 500.5 490.5 494.95 495.65 502.45 500.55 504.0 500.05 500.75 
134 0.0 0.0 0.0 499.0 498.65 498.35 499.2 489.5 505.0 497.6 491.4 495.65 495.75 501.95 496.65 497.1 505.3 508.6 499.0 498.45 497.3 
135 0.0 0.0 0.0 503.1 501.15 491.55 497.45 508.3 501.5 490.8 495.45 502.35 504.8 500.65 501.85 493.6 493.5 500.05 503.65 502.6 502.8 
136 0.0 0.0 0.0 503.1 497.85 503.6 499.95 502.35 493.6 495.5 511.9 503.7 500.5 498.15 490.25 498.45 496.1 495.05 504.05 497.8 497.25 
137 0.0 0.0 0.0 497.4 493.65 502.65 495.8 495.75 509.4 505.4 492.3 494.5 493.05 499.9 493.25 510.3 493.95 498.3 489.7 498.15 505.8 
138 0.0 0.0 0.0 499.15 498.45 496.25 498.95 499.65 498.95 500.0 493.2 490.2 492.2 491.9 510.55 498.15 490.85 497.25 500.65 505.95 488.55 
139 0.0 0.0 0.0 502.45 499.75 497.8 498.1 497.95 497.5 510.35 497.65 499.45 500.1 504.1 497.0 488.6 506.2 499.4 503.55 502.35 505.4 
140 0.0 0.0 0.0 504.45 499.95 500.65 503.95 501.95 499.85 507.85 504.15 501.1 510.7 495.8 500.5 501.0 495.35 497.5 505.05 504.9 499.65 
141 0.0 0.0 0.0 496.3 499.0 504.1 499.9 501.85 496.05 494.65 497.9 502.7 502.5 498.65 506.05 506.65 501.65 497.15 502.45 504.75 505.2 
142 0.0 0.0 0.0 498.1 498.55 499.3 496.65 490.6 500.75 500.85 498.7 497.85 494.35 505.8 498.2 503.4 508.1 506.35 498.7 503.0 502.55 
143 0.0 0.0 0.0 501.05 499.1 502.65 499.7 499.2 505.75 501.4 508.25 503.15 497.45 505.65 510.75 506.3 511.6 497.25 511.05 495.65 499.5 
144 0.0 0.0 0.0 498.2 501.15 499.75 496.1 499.95 508.2 497.15 498.8 497.75 503.0 505.5 506.5 495.0 503.6 503.95 496.95 505.75 506.95 
145 0.0 0.0 0.0 495.35 501.6 490.1 498.75 502.2 502.2 499.85 503.25 509.5 495.75 501.9 497.45 508.55 501.0 507.3 500.9 495.1 499.3 
146 0.0 0.0 0.0 500.6 496.3 505.5 504.8 500.95 499.65 504.9 499.9 496.55 500.1 497.2 497.05 493.5 501.95 493.5 498.05 502.85 498.35 
147 0.0 0.0 0.0 478.5 498.55 498.9 496.15 495.65 500.0 508.1 503.6 507.9 498.5 506.55 506.3 504.5 501.65 502.5 499.6 497.8 494.45 
148 0.0 0.0 0.0 410.85 499.8 498.6 507.6 508.5 495.3 499.05 503.6 493.8 504.65 500.45 501.6 503.75 504.4 501.8 504.1 496.1 504.8 
149 0.0 0.0 0.0 381.7 500.35 501.45 496.35 501.45 501.1 502.15 502.65 501.2 509.45 498.3 503.85 503.6 507.0 499.05 495.75 500.8 493.35 
150 0.0 0.0 0.0 257.9 501.1 509.3 501.5 505.2 499.25 502.85 497.05 503.7 500.55 513.3 492.95 506.65 506.15 504.2 499.75 501.35 500.3 
151 0.0 0.0 0.0 190.6 500.1 498.2 512.85 505.7 500.4 501.25 503.5 505.25 504.3 495.6 500.85 510.7 499.1 508.6 492.25 497.2 496.6 
152 0.0 0.0 0.0 146.65 508.5 494.1 497.5 497.4 510.65 507.0 507.9 504.2 497.8 498.65 502.15 497.05 494.9 499.2 504.35 500.0 503.6 
153 0.0 0.0 0.0 116.9 502.35 503.75 503.7 500.1 500.15 491.45 498.2 501.45 498.25 501.3 499.65 498.45 509.5 506.6 501.05 493.2 501.75 
154 0.0 0.0 0.0 83.35 502.3 502.85 505.5 505.25 502.8 496.7 497.6 495.9 501.6 496.2 501.0 502.25 501.25 504.2 509.75 507.55 502.2 
155 0.0 0.0 0.0 43.15 496.1 510.7 496.4 501.55 498.75 510.55 503.45 499.65 503.15 506.5 503.85 495.95 497.0 509.05 508.95 500.35 498.15 
156 0.0 0.0 0.0 19.35 496.15 499.55 501.95 501.0 494.1 493.75 494.3 499.15 506.5 503.65 505.35 496.55 503.05 491.3 498.7 495.65 503.1 
157 0.0 0.0 0.0 2.6 501.95 496.8 501.85 496.65 503.35 506.55 502.95 503.05 498.65 493.4 502.6 490.0 505.85 494.55 499.55 503.6 502.95 
158 0.0 0.0 0.0 0.1 500.35 504.1 500.45 505.65 495.1 491.05 496.45 499.8 504.05 499.0 491.4 505.15 493.45 500.6 502.9 499.85 495.15 
159 0.0 0.0 0.0 0.0 508.2 498.75 501.3 498.1 501.7 501.45 499.15 500.2 500.65 501.7 497.9 502.65 487.15 495.7 491.6 493.65 498.35 
160 0.0 0.0 0.0 0.0 513.55 492.9 495.0 488.85 496.4 500.55 502.2 497.45 498.75 502.35 497.3 495.15 492.45 495.55 490.05 502.9 491.4 
161 0.0 0.0 0.0 0.0 494.65 505.4 498.05 495.5 507.6 499.6 500.8 506.6 504.55 493.05 502.8 501.15 493.95 498.3 497.2 492.1 501.45 
162 0.0 0.0 0.0 0.0 492.25 510.6 498.65 504.8 505.5 499.95 496.4 503.3 499.8 503.0 501.65 497.8 496.7 500.75 503.75 500.1 499.1 
163 0.0 0.0 0.0 0.0 497.65 492.25 504.4 496.95 497.5 500.1 503.05 499.3 491.1 497.2 501.2 506.4 499.55 495.05 500.95 499.9 504.25 
164 0.0 0.0 0.0 0.0 493.75 502.05 493.4 506.6 489.85 495.8 501.35 501.75 504.5 498.35 498.75 490.8 496.65 498.6 493.4 492.45 490.4 
165 0.0 0.0 0.0 0.0 495.4 491.65 494.15 501.85 492.85 502.6 504.65 503.2 505.65 500.15 498.9 495.0 505.95 495.3 495.4 508.35 497.9 
166 0.0 0.0 0.0 0.0 499.5 503.5 504.25 495.3 496.2 495.75 489.0 502.2 493.3 497.3 493.65 501.9 498.7 505.3 497.4 500.9 504.25 
167 0.0 0.0 0.0 0.0 507.15 499.1 497.75 492.55 507.2 504.5 515.05 496.3 501.45 500.95 496.5 502.65 502.55 486.7 500.4 501.45 498.75 
168 0.0 0.0 0.0 0.0 495.25 509.2 503.0 508.4 496.4 500.2 504.75 492.95 494.05 502.75 504.4 507.65 501.65 503.25 506.1 496.75 506.7 
169 0.0 0.0 0.0 0.0 503.95 498.8 497.55 500.15 498.95 496.6 500.95 502.75 497.55 495.9 507.25 502.25 495.6 501.0 501.75 495.3 500.9 
170 0.0 0.0 0.0 0.0 500.25 502.2 499.35 491.05 495.8 500.4 489.75 495.05 504.35 496.45 496.6 503.65 505.75 493.05 493.75 495.9 495.7 
171 0.0 0.0 0.0 0.0 497.3 490.5 497.35 499.05 499.1 493.45 496.45 498.3 499.55 499.6 503.35 498.3 495.55 505.1 498.25 498.85 492.25 
172 0.0 0.0 0.0 0.0 503.25 491.85 498.05 504.05 510.7 504.85 493.9 486.95 492.3 503.2 503.25 486.55 504.1 489.15 499.0 499.8 489.9 
173 0.0 0.0 0.0 0.0 498.45 495.55 507.3 500.8 503.2 506.4 501.35 499.1 485.95 488.2 494.8 498.45 498.15 502.65 498.25 503.75 501.1 
174 0.0 0.0 0.0 0.0 497.15 501.0 499.65 501.4 503.2 493.15 498.3 505.3 497.8 496.55 501.65 504.65 500.3 504.35 501.35 495.6 491.6 
175 0.0 0.0 0.0 0.0 499.35 503.85 502.8 502.4 499.9 495.25 493.15 500.75 494.8 499.25 493.1 493.65 491.05 500.7 495.2 501.6 502.4 
176 0.0 0.0 0.0 0.0 499.05 499.3 492.75 500.9 498.3 498.4 494.25 492.55 506.8 506.95 496.3 499.7 493.45 492.75 497.95 490.6 505.2 
177 0.0 0.0 0.0 0.0 504.1 492.8 498.3 498.1 492.45 497.7 502.35 502.8 504.5 501.15 494.25 503.65 501.35 503.45 507.15 501.15 500.5 
178 0.0 0.0 0.0 0.0 494.95 504.25 499.6 496.35 498.85 502.85 500.95 497.45 510.65 501.6 504.4 496.45 494.95 495.4 491.05 495.7 486.45 
179 0.0 0.0 0.0 0.0 489.2 502.25 504.6 493.3 498.15 498.45 508.25 506.65 485.15 491.75 499.75 496.15 497.35 502.6 501.85 497.35 506.05 
180 0.0 0.0 0.0 0.0 506.25 499.65 502.1 503.35 504.2 501.75 496.0 495.15 506.5 501.0 504.35 493.35 506.7 490.75 485.7 497.1 494.55 
181 0.0 0.0 0.0 0.0 500.1 498.8 496.0 499.7 495.2 502.8 496.95 502.55 504.3 496.95 493.9 494.4 506.6 495.45 499.65 498.65 504.4 
182 0.0 0.0 0.0 0.0 500.0 493.9 500.65 501.2 498.45 497.35 499.3 502.5 491.2 500.45 499.55 502.5 489.85 501.95 502.3 498.05 500.8 
183 0.0 0.0 0.0 0.0 497.95 498.2 493.75 504.65 499.05 498.0 497.1 498.15 498.45 510.65 501.55 500.75 490.7 500.0 500.8 509.25 495.0 
184 0.0 0.0 0.0 0.0 498.05 504.95 495.35 498.2 503.85 498.85 503.1 498.1 502.15 499.5 491.45 507.1 496.05 492.35 493.75 494.55 495.25 
185 0.0 0.0 0.0 0.0 500.7 504.0 493.5 498.0 500.85 494.7 499.05 489.5 495.9 498.35 500.2 495.3 499.45 501.1 495.5 494.0 499.75 
186 0.0 0.0 0.0 0.0 502.9 494.0 510.35 494.75 490.2 481.9 489.8 502.3 500.55 499.4 498.7 499.75 505.15 498.85 499.05 497.5 492.7 
187 0.0 0.0 0.0 0.0 492.85 497.8 500.05 493.4 491.95 507.3 504.8 495.5 497.35 495.5 498.05 503.2 507.4 501.95 498.4 485.3 495.75 
188 0.0 0.0 0.0 0.0 499.3 496.7 485.1 496.9 497.15 511.1 504.4 497.3 496.85 494.05 507.65 501.0 497.15 495.8 504.55 501.05 501.6 
189 0.0 0.0 0.0 0.0 489.45 493.2 494.8 496.0 510.05 504.3 493.35 495.35 502.7 496.45 496.2 494.95 505.6 490.1 493.65 501.9 502.4 
190 0.0 0.0 0.0 0.0 495.85 493.25 495.35 491.3 499.4 497.9 494.4 496.2 494.9 505.3 498.75 497.8 507.4 505.25 502.35 497.75 491.5 
191 0.0 0.0 0.0 0.0 502.8 497.9 499.5 498.95 495.15 486.9 501.8 505.85 499.05 495.5 493.75 503.45 491.0 501.7 498.95 499.05 501.6 
192 0.0 0.0 0.0 0.0 497.1 495.25 506.35 508.15 501.9 500.45 503.2 499.55 495.1 497.65 495.4 493.6 492.25 499.4 501.35 505.0 505.95 
193 0.0 0.0 0.0 0.0 496.9 499.85 493.1 497.2 496.2 503.65 495.1 499.35 494.65 500.2 501.65 492.55 497.5 502.1 500.55 502.05 502.25 
194 0.0 0.0 0.0 0.0 497.3 504.75 501.8 503.35 492.1 489.45 493.8 492.1 499.7 498.95 505.7 505.75 498.8 504.25 498.15 500.65 501.9 
195 0.0 0.0 0.0 0.0 500.9 499.05 499.05 488.75 488.7 498.15 503.3 506.55 507.05 499.55 496.75 503.05 496.15 498.5 503.65 497.05 499.7 
196 0.0 0.0 0.0 0.0 470.8 495.1 499.35 499.95 505.7 503.55 496.05 497.95 495.65 498.25 496.6 491.3 498.85 500.3 499.8 508.65 500.25 
197 0.0 0.0 0.0 0.0 448.85 496.8 490.3 498.65 495.35 483.95 494.0 489.55 496.0 494.25 492.55 497.7 501.65 502.85 500.25 507.6 509.2 
198 0.0 0.0 0.0 0.0 391.4 509.2 499.5 494.8 492.1 490.45 492.35 496.05 501.2 495.95 492.35 497.05 503.0 493.45 504.7 498.25 500.3 
199 0.0 0.0 0.0 0.0 302.0 489.05 496.3 492.2 497.45 501.7 495.45 495.65 496.3 489.5 497.55 495.65 498.8 494.75 492.85 497.5 493.4 
200 0.0 0.0 0.0 0.0 193.9 496.65 498.6 494.25 495.6 501.5 505.85 505.5 492.1 503.2 503.85 503.45 501.15 500.6 497.3 490.75 490.1 
201 0.0 0.0 0.0 0.0 153.7 494.45 494.7 495.35 497.7 507.55 498.45 502.35 504.65 500.85 494.3 504.25 498.7 501.4 488.0 492.45 497.05 
202 0.0 0.0 0.0 0.0 113.75 494.75 491.65 501.05 492.65 490.65 497.35 494.0 498.95 492.15 493.3 490.2 493.85 498.35 501.55 495.4 502.85 
203 0.0 0.0 0.0 0.0 106.25 497.65 493.9 497.65 508.9 499.4 497.0 492.15 493.65 492.15 500.9 496.75 497.55 496.8 494.2 497.2 499.2 
204 0.0 0.0 0.0 0.0 70.8 497.0 510.85 503.15 507.1 497.2 498.0 498.55 491.55 502.55 493.8 493.45 499.9 499.85 497.05 506.75 492.6 
205 0.0 0.0 0.0 0.0 50.15 493.05 497.95 505.7 490.35 498.5 488.05 492.2 491.0 501.95 501.25 501.4 485.65 492.45 504.05 492.35 503.05 
206 0.0 0.0 0.0 0.0 9.35 508.5 501.6 504.4 495.65 499.1 504.65 499.6 501.1 499.25 497.3 486.1 500.1 504.75 504.1 503.6 496.95 
207 0.0 0.0 0.0 0.0 0.7 495.9 505.85 498.2 496.05 495.65 500.0 497.5 508.05 500.9 500.05 502.35 488.25 494.65 491.0 499.35 497.25 
208 0.0 0.0 0.0 0.0 0.05 508.2 499.3 502.45 498.55 500.45 500.15 499.4 497.75 495.8 496.25 495.8 492.7 502.6 502.9 496.4 495.45 
209 0.0 0.0 0.0 0.0 0.0 500.05 496.4 491.25 501.6 503.2 495.05 506.2 496.2 493.5 491.35 498.85 500.1 491.8 492.0 497.4 498.05 
210 0.0 0.0 0.0 0.0 0.0 495.0 504.2 491.8 496.55 498.1 506.4 503.4 494.75 494.3 492.8 499.5 497.0 492.1 499.1 498.75 501.75 
211 0.0 0.0 0.0 0.0 0.0 493.35 500.2 503.0 497.9 497.7 497.35 496.25 493.05 502.85 502.4 495.4 503.45 498.6 495.25 493.35 492.6 
212 0.0 0.0 0.0 0.0 0.0 493.5 488.95 495.2 501.75 496.9 494.2 488.0 496.6 489.55 500.9 495.25 495.5 494.7 495.65 491.6 493.5 
213 0.0 0.0 0.0 0.0 0.0 497.5 496.45 488.95 491.2 497.9 495.7 494.55 499.9 493.1 496.3 496.25 489.1 489.6 491.0 494.35 499.95 
214 0.0 0.0 0.0 0.0 0.0 504.4 491.9 498.75 499.0 499.05 499.35 494.6 498.85 501.45 500.3 492.4 498.8 499.95 488.25 501.25 495.45 
215 0.0 0.0 0.0 0.0 0.0 491.55 501.85 503.75 495.85 490.65 495.95 501.65 502.05 498.3 491.6 495.95 499.8 491.95 503.0 492.4 494.6 
216 0.0 0.0 0.0 0.0 0.0 492.9 496.0 497.35 494.75 502.85 484.45 492.8 491.1 499.45 495.55 501.7 495.15 491.7 494.5 492.6 499.55 
217 0.0 0.0 0.0 0.0 0.0 502.25 499.25 490.95 496.05 492.55 500.3 501.85 505.15 496.6 498.25 497.2 499.95 508.3 500.5 492.7 493.6 
218 0.0 0.0 0.0 0.0 0.0 501.0 486.85 499.65 506.55 493.8 490.75 503.75 497.7 494.2 490.35 502.6 497.3 503.0 493.6 500.45 495.6 
219 0.0 0.0 0.0 0.0 0.0 498.8 494.45 506.45 498.8 490.6 499.85 502.45 496.15 500.7 503.25 494.8 502.9 496.15 494.15 501.9 490.3 
220 0.0 0.0 0.0 0.0 0.0 495.95 502.6 494.2 495.0 501.65 498.0 489.0 495.05 488.7 494.4 496.0 496.9 493.15 497.65 488.0 503.35 
221 0.0 0.0 0.0 0.0 0.0 494.8 496.6 496.75 493.1 492.9 491.45 491.15 485.8 499.3 501.55 494.25 505.5 492.3 495.45 495.65 496.8 
222 0.0 0.0 0.0 0.0 0.0 499.0 497.8 490.35 493.75 494.05 498.15 487.85 498.2 496.9 508.2 503.6 486.75 497.2 503.25 493.9 496.6 
223 0.0 0.0 0.0 0.0 0.0 497.05 500.85 490.0 492.0 500.15 498.5 494.5 490.9 493.4 491.25 498.2 490.35 503.65 488.7 503.2 498.25 
224 0.0 0.0 0.0 0.0 0.0 503.0 487.55 496.25 499.8 496.55 498.35 496.8 499.5 509.4 502.2 487.2 498.7 494.35 500.95 499.0 498.7 
225 0.0 0.0 0.0 0.0 0.0 491.55 493.25 495.65 496.9 499.45 496.9 498.25 499.95 501.2 502.8 496.5 497.95 492.45 503.4 493.85 487.0 
226 0.0 0.0 0.0 0.0 0.0 484.2 499.9 499.3 501.8 497.45 496.5 508.5 500.9 500.1 496.5 496.45 498.55 496.15 492.95 492.25 492.85 
227 0.0 0.0 0.0 0.0 0.0 507.7 495.5 496.05 494.05 494.6 503.8 496.75 500.7 497.3 500.0 496.45 492.35 499.25 497.85 498.0 496.8 
228 0.0 0.0 0.0 0.0 0.0 498.0 502.35 492.05 502.15 493.35 488.4 497.15 492.45 502.6 496.35 502.45 498.9 498.45 494.45 499.7 507.8 
229 0.0 0.0 0.0 0.0 0.0 492.3 503.85 498.55 490.25 493.05 493.65 499.65 503.0 485.0 492.05 502.3 492.35 497.6 493.0 501.95 494.9 
230 0.0 0.0 0.0 0.0 0.0 499.3 492.75 497.45 497.6 493.05 495.25 495.85 502.9 494.25 494.9 497.7 494.7 488.3 490.25 498.5 503.55 
231 0.0 0.0 0.0 0.0 0.0 493.9 497.65 490.3 495.1 495.85 501.55 493.25 493.65 494.6 490.2 489.3 497.45 495.0 494.05 492.35 499.5 
232 0.0 0.0 0.0 0.0 0.0 491.1 488.3 497.35 491.35 493.85 492.1 493.95 494.0 493.9 491.8 490.9 499.25 493.85 499.4 492.6 485.7 
233 0.0 0.0 0.0 0.0 0.0 497.2 505.8 496.8 500.0 507.75 501.4 499.55 493.25 495.8 497.4 495.5 494.2 493.3 488.75 500.05 491.45 
234 0.0 0.0 0.0 0.0 0.0 492.75 492.1 492.45 502.8 496.15 496.85 491.6 490.0 492.5 497.4 495.45 497.4 488.3 505.75 489.55 488.2 
235 0.0 0.0 0.0 0.0 0.0 496.9 488.2 490.65 497.5 500.8 495.35 495.6 492.2 498.45 490.5 492.3 499.3 497.75 494.6 495.3 493.05 
236 0.0 0.0 0.0 0.0 0.0 492.45 497.2 504.0 499.05 497.05 496.95 494.85 501.3 491.0 496.4 497.45 486.05 501.1 498.7 486.05 493.7 
237 0.0 0.0 0.0 0.0 0.0 508.4 499.0 508.0 497.65 501.5 495.0 498.9 493.95 492.25 496.6 501.5 506.1 491.6 497.1 500.3 488.05 
238 0.0 0.0 0.0 0.0 0.0 487.05 493.9 495.65 502.0 499.0 497.35 493.15 493.65 493.45 482.8 494.8 487.2 498.65 493.15 493.25 492.7 
239 0.0 0.0 0.0 0.0 0.0 495.3 492.45 499.45 500.05 496.9 501.5 497.0 494.3 496.35 501.25 494.95 490.1 494.85 499.05 500.3 497.05 
240 0.0 0.0 0.0 0.0 0.0 492.9 499.55 493.65 489.75 497.15 493.3 496.25 487.05 490.35 493.95 488.95 493.7 493.8 491.2 498.7 491.8 
241 0.0 0.0 0.0 0.0 0.0 501.15 499.3 499.3 496.2 503.9 503.4 496.75 495.8 499.55 499.45 501.5 500.55 497.8 489.3 489.75 498.65 
242 0.0 0.0 0.0 0.0 0.0 494.4 508.6 497.1 497.1 492.0 495.1 493.8 497.75 502.35 493.1 497.5 501.1 491.85 497.7 495.8 495.9 
243 0.0 0.0 0.0 0.0 0.0 491.95 497.4 496.25 491.05 502.5 500.65 496.65 502.05 496.2 507.2 489.2 490.05 493.95 502.6 501.8 500.0 
244 0.0 0.0 0.0 0.0 0.0 466.85 485.2 492.2 492.6 489.55 491.6 497.75 496.25 493.95 485.5 496.7 494.75 496.65 491.75 491.55 503.85 
245 0.0 0.0 0.0 0.0 0.0 462.6 493.85 494.35 490.8 492.75 497.35 495.35 494.4 495.4 492.95 495.95 494.95 499.15 500.35 508.3 502.55 
246 0.0 0.0 0.0 0.0 0.0 434.9 492.3 487.4 498.55 499.15 489.4 497.9 497.5 496.25 492.0 491.9 497.95 494.1 508.6 492.55 500.35 
247 0.0 0.0 0.0 0.0 0.0 386.35 491.95 503.55 491.2 483.65 492.4 494.85 488.95 496.95 493.1 497.2 494.55 499.6 490.35 500.7 494.3 
248 0.0 0.0 0.0 0.0 0.0 328.95 495.35 496.75 498.9 493.4 491.7 488.4 502.35 507.45 495.25 499.75 493.8 494.35 491.85 494.05 499.05 
249 0.0 0.0 0.0 0.0 0.0 225.85 495.45 486.65 495.8 495.95 490.9 487.25 495.0 491.8 507.3 498.45 501.5 500.3 504.9 490.05 493.95 
250 0.0 0.0 0.0 0.0 0.0 149.85 501.7 494.0 494.15 496.2 497.3 499.0 492.25 498.5 497.95 503.8 502.9 503.45 494.75 493.65 491.8 
251 0.0 0.0 0.0 0.0 0.0 108.75 490.0 489.55 494.45 497.1 492.8 502.9 501.7 490.95 504.8 493.75 491.65 501.85 497.6 504.6 492.05 
252 0.0 0.0 0.0 0.0 0.0 82.35 495.7 497.3 497.2 493.45 503.2 498.8 500.65 497.7 497.0 500.7 489.45 498.55 498.15 501.85 499.55 
253 0.0 0.0 0.0 0.0 0.0 53.85 493.2 494.95 495.1 496.85 480.35 491.45 494.2 487.55 490.1 485.75 495.0 496.45 497.45 491.8 493.45 
254 0.0 0.0 0.0 0.0 0.0 35.05 490.95 500.75 489.3 492.9 506.7 487.45 488.65 496.65 487.8 496.05 500.4 488.7 491.75 492.15 497.75 
255 0.0 0.0 0.0 0.0 0.0 8.2 498.1 498.1 490.15 489.2 496.85 497.4 492.6 495.2 492.7 491.2 493.55 493.9 489.2 498.95 495.85 
256 0.0 0.0 0.0 0.0 0.0 0.35 496.4 495.45 494.1 493.7 486.0 496.85 494.25 491.75 499.05 495.2 487.75 491.55 487.55 486.6 495.95 
257 0.0 0.0 0.0 0.0 0.0 0.0 496.25 481.3 495.2 493.25 492.6 488.05 496.65 492.55 491.05 498.55 497.55 483.6 494.9 487.95 490.05 
258 0.0 0.0 0.0 0.0 0.0 0.0 490.35 497.25 493.0 486.75 490.45 493.2 491.55 495.4 488.65 484.1 494.45 498.2 490.35 491.7 495.6 
259 0.0 0.0 0.0 0.0 0.0 0.0 495.5 487.7 488.9 491.5 489.8 494.8 490.8 492.35 489.3 492.25 492.45 494.95 488.6 490.15 486.8 
260 0.0 0.0 0.0 0.0 0.0 0.0 495.6 496.0 489.95 491.5 490.9 493.4 492.65 488.9 488.9 487.4 495.8 491.4 487.9 490.05 487.5 
261 0.0 0.0 0.0 0.0 0.0 0.0 499.05 494.55 489.45 496.3 492.05 485.35 495.75 493.1 493.7 502.3 497.2 490.9 485.2 501.95 491.05 
262 0.0 0.0 0.0 0.0 0.0 0.0 488.1 496.0 497.05 489.35 484.9 497.15 485.65 486.45 484.65 490.7 492.65 494.6 490.45 488.4 493.8 
263 0.0 0.0 0.0 0.0 0.0 0.0 494.35 490.05 499.05 489.7 494.15 490.75 498.2 493.2 507.6 491.4 489.2 490.85 495.9 490.7 491.15 
264 0.0 0.0 0.0 0.0 0.0 0.0 490.4 494.55 487.75 493.1 489.7 498.25 491.85 496.85 495.6 488.15 493.8 487.4 496.4 491.85 489.4 
265 0.0 0.0 0.0 0.0 0.0 0.0 487.5 500.4 495.5 494.0 498.55 496.65 488.85 489.95 492.8 488.85 491.7 489.05 495.0 488.1 497.0 
266 0.0 0.0 0.0 0.0 0.0 0.0 489.7 489.9 496.75 501.85 498.45 496.7 494.15 497.9 482.65 490.05 484.55 493.05 495.85 492.65 492.3 
267 0.0 0.0 0.0 0.0 0.0 0.0 499.1 496.1 493.6 496.75 501.3 488.35 494.7 495.0 489.15 498.4 496.7 490.5 493.3 495.15 491.0 
268 0.0 0.0 0.0 0.0 0.0 0.0 502.3 496.95 498.25 494.5 493.2 490.3 487.75 492.25 496.4 496.8 490.35 493.8 492.85 496.5 495.0 
269 0.0 0.0 0.0 0.0 0.0 0.0 489.75 492.2 497.5 502.65 503.55 490.75 504.0 492.15 502.1 489.95 494.1 500.3 491.9 491.4 497.4 
270 0.0 0.0 0.0 0.0 0.0 0.0 494.45 492.5 494.05 489.5 491.65 487.4 482.3 490.5 491.05 489.75 492.2 486.55 500.15 488.85 499.0 
271 0.0 0.0 0.0 0.0 0.0 0.0 491.8 494.8 492.5 490.3 491.1 495.55 486.7 489.1 496.25 497.4 497.75 493.35 491.3 502.1 486.4 
272 0.0 0.0 0.0 0.0 0.0 0.0 494.0 494.5 487.8 493.35 487.1 494.05 492.45 487.85 493.45 489.45 494.35 501.6 486.55 496.9 485.85 
273 0.0 0.0 0.0 0.0 0.0 0.0 488.25 495.6 489.2 486.3 489.9 495.1 497.25 491.3 489.05 486.1 497.6 492.95 503.4 489.7 496.55 
274 0.0 0.0 0.0 0.0 0.0 0.0 491.6 488.5 486.85 488.35 487.1 490.85 493.45 491.25 495.5 498.15 492.55 498.0 490.1 491.05 484.6 
275 0.0 0.0 0.0 0.0 0.0 0.0 494.5 495.6 503.8 493.6 493.5 496.6 488.45 494.1 488.65 497.35 488.7 496.75 501.1 502.2 496.4 
276 0.0 0.0 0.0 0.0 0.0 0.0 490.35 491.5 491.45 497.3 493.55 488.1 501.15 493.55 490.8 496.4 490.9 496.05 505.3 493.05 497.95 
277 0.0 0.0 0.0 0.0 0.0 0.0 495.75 496.2 487.25 489.35 495.0 492.45 490.1 494.15 497.4 497.9 494.75 491.95 487.1 488.25 500.5 
278 0.0 0.0 0.0 0.0 0.0 0.0 490.85 485.4 489.2 492.85 502.5 488.2 498.0 490.6 494.25 501.05 500.35 501.75 490.0 488.6 502.05 
279 0.0 0.0 0.0 0.0 0.0 0.0 502.9 491.4 493.25 492.7 488.15 503.6 496.05 495.4 496.75 487.75 494.15 491.7 489.55 497.8 492.7 
280 0.0 0.0 0.0 0.0 0.0 0.0 484.65 497.05 500.9 493.7 495.05 490.25 487.2 496.75 483.7 489.15 501.4 482.95 491.2 496.65 490.9 
281 0.0 0.0 0.0 0.0 0.0 0.0 495.5 489.75 494.5 499.4 494.95 496.15 492.9 499.3 493.75 500.5 489.95 489.25 492.75 496.8 491.85 
282 0.0 0.0 0.0 0.0 0.0 0.0 492.15 496.9 487.15 495.3 494.9 494.25 498.75 486.15 496.4 499.95 494.6 500.7 495.95 491.9 496.7 
283 0.0 0.0 0.0 0.0 0.0 0.0 488.4 491.1 489.7 491.5 493.05 496.9 500.9 491.8 492.05 494.75 491.45 489.2 487.75 490.65 492.4 
284 0.0 0.0 0.0 0.0 0.0 0.0 485.45 483.25 487.15 487.85 489.05 496.6 490.4 484.55 495.3 493.6 497.9 485.15 490.85 493.5 496.75 
285 0.0 0.0 0.0 0.0 0.0 0.0 497.9 485.75 491.9 484.0 485.95 494.15 489.75 493.3 495.4 486.85 485.25 493.8 486.55 489.5 497.35 
286 0.0 0.0 0.0 0.0 0.0 0.0 491.7 487.75 482.95 488.55 495.1 488.65 491.25 499.35 490.45 486.85 493.85 495.65 492.8 494.4 479.9 
287 0.0 0.0 0.0 0.0 0.0 0.0 494.55 494.95 493.95 490.8 493.9 485.65 494.5 492.9 493.2 488.55 488.65 497.2 490.65 496.1 496.75 
288 0.0 0.0 0.0 0.0 0.0 0.0 490.35 494.1 497.5 500.3 490.7 491.95 488.9 489.3 478.3 497.35 490.4 489.65 496.5 491.75 489.2 
289 0.0 0.0 0.0 0.0 0.0 0.0 496.15 494.65 497.1 490.2 491.9 494.45 491.55 500.65 497.8 496.45 496.15 496.45 493.85 495.8 487.95 
290 0.0 0.0 0.0 0.0 0.0 0.0 490.4 491.75 488.1 484.7 496.1 488.4 492.15 490.1 496.85 490.85 485.2 492.25 497.4 486.95 497.45 
291 0.0 0.0 0.0 0.0 0.0 0.0 467.05 493.75 494.3 496.5 489.45 489.75 492.3 498.0 491.8 484.2 489.95 486.65 491.75 492.7 491.1 
292 0.0 0.0 0.0 0.0 0.0 0.0 461.25 481.5 497.25 489.6 491.5 501.35 492.3 491.25 502.05 494.05 491.9 490.85 488.3 488.5 492.35 
293 0.0 0.0 0.0 0.0 0.0 0.0 461.6 492.6 491.35 495.8 493.2 496.45 495.25 491.2 492.2 491.0 486.5 485.45 493.1 495.9 484.9 
294 0.0 0.0 0.0 0.0 0.0 0.0 447.95 502.0 496.65 493.95 493.1 495.0 492.7 501.25 494.55 494.55 497.45 500.15 501.05 486.25 486.9 
295 0.0 0.0 0.0 0.0 0.0 0.0 429.55 492.45 491.6 485.35 498.1 498.6 494.4 495.85 479.85 494.2 486.35 486.8 484.95 493.0 494.85 
296 0.0 0.0 0.0 0.0 0.0 0.0 369.1 494.35 488.7 490.15 490.45 490.95 496.5 493.4 486.8 484.6 482.2 483.7 500.45 490.15 492.0 
297 0.0 0.0 0.0 0.0 0.0 0.0 237.85 495.6 484.45 499.4 491.9 478.5 491.25 492.3 495.65 489.9 486.7 492.7 491.85 495.9 486.1 
298 0.0 0.0 0.0 0.0 0.0 0.0 144.9 487.0 497.05 501.05 487.35 487.4 490.9 485.45 487.4 483.1 493.8 491.0 480.65 492.6 490.9 
299 0.0 0.0 0.0 0.0 0.0 0.0 125.15 486.4 490.3 491.75 497.25 485.15 489.25 489.3 488.9 489.45 488.45 490.2 489.5 488.8 489.7 
300 0.0 0.0 0.0 0.0 0.0 0.0 95.8 485.55 491.95 480.6 492.1 480.7 476.4 486.85 480.35 485.95 490.7 488.3 492.9 493.85 485.85 
301 0.0 0.0 0.0 0.0 0.0 0.0 43.05 492.1 487.5 494.35 483.0 496.25 477.4 481.1 490.6 480.9 496.2 492.9 485.35 478.35 487.9 
302 0.0 0.0 0.0 0.0 0.0 0.0 17.65 490.05 495.15 485.05 488.15 486.5 493.0 489.45 490.05 489.8 497.3 495.05 488.85 480.5 492.75 
303 0.0 0.0 0.0 0.0 0.0 0.0 2.9 484.2 483.3 493.25 488.1 488.75 488.0 479.9 483.7 490.7 479.65 486.45 486.3 484.5 489.5 
304 0.0 0.0 0.0 0.0 0.0 0.0 0.05 492.25 487.35 481.65 489.25 492.7 485.2 490.2 489.1 483.1 486.05 481.55 482.25 487.1 488.25 
305 0.0 0.0 0.0 0.0 0.0 0.0 0.0 480.1 487.2 490.95 482.95 496.1 486.75 487.8 485.2 492.35 484.2 494.3 491.75 495.2 488.45 
306 0.0 0.0 0.0 0.0 0.0 0.0 0.0 490.65 480.65 486.05 486.25 481.6 488.55 484.05 496.2 488.6 486.2 482.9 487.6 482.3 488.75 
307 0.0 0.0 0.0 0.0 0.0 0.0 0.0 495.2 497.75 487.4 488.4 482.65 490.2 493.6 491.75 490.75 491.05 485.35 489.1 488.25 492.55 
308 0.0 0.0 0.0 0.0 0.0 0.0 0.0 487.85 481.7 487.2 484.9 480.75 486.05 488.35 492.6 492.15 486.4 491.25 483.6 486.6 493.3 
309 0.0 0.0 0.0 0.0 0.0 0.0 0.0 482.95 487.2 494.9 482.9 495.8 489.65 486.4 484.9 491.85 482.9 483.3 484.35 497.3 486.75 
310 0.0 0.0 0.0 0.0 0.0 0.0 0.0 483.65 491.4 484.05 480.1 487.2 495.8 486.35 492.8 484.25 497.3 484.4 490.8 483.8 494.35 
311 0.0 0.0 0.0 0.0 0.0 0.0 0.0 492.8 483.2 485.45 492.2 492.45 495.65 487.4 493.0 489.9 495.75 485.75 492.8 487.05 483.85 
312 0.0 0.0 0.0 0.0 0.0 0.0 0.0 493.05 483.4 482.15 493.0 489.35 483.45 493.05 492.0 490.3 492.35 493.15 488.35 492.5 481.15 
313 0.0 0.0 0.0 0.0 0.0 0.0 0.0 485.05 495.25 494.05 487.75 482.85 489.7 484.0 482.0 490.35 482.35 491.6 492.6 483.85 486.35 
314 0.0 0.0 0.0 0.0 0.0 0.0 0.0 487.15 490.65 489.95 489.2 490.6 494.15 498.45 481.55 493.65 491.75 491.05 486.2 491.0 488.25 
315 0.0 0.0 0.0 0.0 0.0 0.0 0.0 496.0 489.55 486.05 486.0 483.95 480.35 481.2 486.45 485.2 487.4 489.05 489.45 492.2 489.55 
316 0.0 0.0 0.0 0.0 0.0 0.0 0.0 487.75 483.85 482.4 480.6 482.8 488.1 480.75 487.75 484.7 485.25 485.65 486.55 481.1 492.5 
317 0.0 0.0 0.0 0.0 0.0 0.0 0.0 492.4 491.5 485.0 487.65 492.8 480.5 490.15 488.85 485.25 483.7 482.5 478.0 484.75 483.1 
318 0.0 0.0 0.0 0.0 0.0 0.0 0.0 484.9 483.8 488.25 488.5 479.25 481.45 487.6 483.25 483.55 483.75 482.05 481.5 484.6 486.15 
319 0.0 0.0 0.0 0.0 0.0 0.0 0.0 482.65 488.55 491.7 488.4 488.25 485.3 486.7 489.7 481.75 487.8 494.25 490.75 491.95 480.6 
320 0.0 0.0 0.0 0.0 0.0 0.0 0.0 485.2 485.4 484.5 483.0 485.5 482.65 490.1 488.6 487.35 497.7 484.4 488.8 484.0 488.65 
321 0.0 0.0 0.0 0.0 0.0 0.0 0.0 490.95 483.35 484.45 485.1 484.25 484.45 480.05 489.45 495.2 488.1 488.2 489.45 484.3 481.2 
322 0.0 0.0 0.0 0.0 0.0 0.0 0.0 480.7 487.0 484.7 485.45 486.7 483.4 490.05 478.3 482.7 484.85 479.45 487.6 484.7 487.1 
323 0.0 0.0 0.0 0.0 0.0 0.0 0.0 492.6 490.95 487.2 483.35 490.35 489.3 486.05 480.1 478.3 481.55 490.55 482.5 480.15 483.15 
324 0.0 0.0 0.0 0.0 0.0 0.0 0.0 479.65 484.05 480.8 484.1 486.3 488.3 482.35 484.6 485.3 479.2 477.15 479.15 481.3 484.0 
325 0.0 0.0 0.0 0.0 0.0 0.0 0.0 490.35 492.0 487.75 487.45 487.2 492.95 476.45 487.3 479.15 479.5 479.35 480.45 486.75 482.9 
326 0.0 0.0 0.0 0.0 0.0 0.0 0.0 489.1 483.25 477.7 486.95 484.1 485.15 495.55 484.35 489.05 482.75 492.7 477.95 489.1 480.35 
327 0.0 0.0 0.0 0.0 0.0 0.0 0.0 479.0 486.25 486.9 490.95 483.75 483.1 490.1 492.2 487.4 478.3 493.8 490.05 488.6 489.3 
328 0.0 0.0 0.0 0.0 0.0 0.0 0.0 485.7 481.9 484.3 483.3 477.25 484.75 488.4 487.95 483.8 484.5 476.3 486.4 482.3 479.2 
329 0.0 0.0 0.0 0.0 0.0 0.0 0.0 481.95 486.3 485.1 493.3 489.8 484.35 485.6 474.3 481.45 485.85 478.75 490.3 487.95 485.9 
330 0.0 0.0 0.0 0.0 0.0 0.0 0.0 488.55 487.45 496.8 476.6 485.1 488.9 481.4 483.15 491.3 486.35 484.8 486.7 487.4 480.6 
331 0.0 0.0 0.0 0.0 0.0 0.0 0.0 487.95 488.55 482.8 486.6 484.45 483.5 478.5 484.1 478.35 487.4 491.05 490.45 485.05 490.25 
332 0.0 0.0 0.0 0.0 0.0 0.0 0.0 493.55 482.5 486.25 492.45 494.75 484.65 481.55 485.2 486.0 487.9 484.6 489.35 487.6 485.75 
333 0.0 0.0 0.0 0.0 0.0 0.0 0.0 479.25 482.35 491.0 492.05 483.7 480.3 492.35 482.2 488.8 487.9 489.25 477.6 474.9 475.25 
334 0.0 0.0 0.0 0.0 0.0 0.0 0.0 484.5 488.4 488.2 491.85 489.4 487.25 478.8 486.2 485.8 493.95 486.3 481.35 495.65 485.3 
335 0.0 0.0 0.0 0.0 0.0 0.0 0.0 474.6 485.8 479.95 482.8 484.65 484.75 486.8 487.1 477.35 481.15 486.1 482.55 476.35 489.65 
336 0.0 0.0 0.0 0.0 0.0 0.0 0.0 454.8 480.65 491.0 485.55 484.4 489.95 487.15 485.35 489.0 485.6 482.25 481.8 485.15 491.15 
337 0.0 0.0 0.0 0.0 0.0 0.0 0.0 467.85 486.9 480.8 477.5 486.85 482.2 485.8 485.25 488.9 481.7 489.4 481.0 479.4 477.9 
338 0.0 0.0 0.0 0.0 0.0 0.0 0.0 459.25 472.7 482.25 483.25 487.35 480.9 481.65 486.95 485.8 486.6 482.45 477.25 482.8 482.25 
339 0.0 0.0 0.0 0.0 0.0 0.0 0.0 452.95 480.35 482.65 482.25 482.55 481.45 487.95 485.45 489.15 474.8 495.65 491.5 478.45 483.9 
340 0.0 0.0 0.0 0.0 0.0 0.0 0.0 459.8 495.95 487.05 482.0 474.55 483.4 476.55 476.0 488.6 478.45 470.2 485.2 486.9 484.2 
341 0.0 0.0 0.0 0.0 0.0 0.0 0.0 415.15 486.5 476.4 487.85 483.35 478.4 487.6 484.1 482.5 489.65 482.3 487.55 489.65 482.45 
342 0.0 0.0 0.0 0.0 0.0 0.0 0.0 337.65 486.6 488.65 479.05 485.1 480.45 486.1 486.3 482.95 490.8 477.15 474.5 486.2 487.15 
343 0.0 0.0 0.0 0.0 0.0 0.0 0.0 284.35 480.65 482.2 480.25 477.8 491.0 478.65 489.25 481.35 475.95 482.45 484.15 485.8 489.1 
344 0.0 0.0 0.0 0.0 0.0 0.0 0.0 195.85 481.2 475.05 482.95 488.55 486.55 483.8 481.05 481.8 483.65 486.95 485.7 489.4 481.0 
345 0.0 0.0 0.0 0.0 0.0 0.0 0.0 113.5 473.3 483.5 484.7 483.7 485.15 479.45 488.55 480.85 483.85 485.15 491.15 490.0 487.45 
346 0.0 0.0 0.0 0.0 0.0 0.0 0.0 61.75 483.1 486.85 480.75 480.05 488.0 485.95 485.15 482.7 491.05 486.1 485.4 480.9 481.1 
347 0.0 0.0 0.0 0.0 0.0 0.0 0.0 49.85 481.45 477.65 485.05 485.55 476.55 482.15 477.9 479.6 476.9 480.25 489.25 486.65 494.4 
348 0.0 0.0 0.0 0.0 0.0 0.0 0.0 29.2 483.45 483.0 479.15 480.15 482.0 492.1 483.6 486.15 487.45 483.4 485.45 480.7 477.4 
349 0.0 0.0 0.0 0.0 0.0 0.0 0.0 5.4 486.85 489.2 475.5 480.55 485.2 479.55 486.9 483.65 478.9 487.95 481.9 477.35 476.8 
350 0.0 0.0 0.0 0.0 0.0 0.0 0.0 0.45 484.0 476.9 479.9 482.1 480.7 487.3 483.8 483.35 480.35 473.1 483.4 473.75 486.85 
351 0.0 0.0 0.0 0.0 0.0 0.0 0.0 0.0 487.9 479.3 481.6 484.85 481.25 478.3 476.65 479.7 491.5 487.65 472.0 479.9 482.5 
352 0.0 0.0 0.0 0.0 0.0 0.0 0.0 0.0 478.55 481.5 482.2 473.6 474.55 480.0 482.45 482.05 484.25 487.0 479.9 475.2 477.05 
353 0.0 0.0 0.0 0.0 0.0 0.0 0.0 0.0 476.4 485.65 484.6 487.65 479.8 475.15 482.6 483.25 484.1 487.9 479.05 487.95 479.75 
354 0.0 0.0 0.0 0.0 0.0 0.0 0.0 0.0 480.5 481.75 477.35 479.4 483.45 475.55 482.2 482.25 475.0 481.8 480.0 483.45 477.4 
355 0.0 0.0 0.0 0.0 0.0 0.0 0.0 0.0 473.25 482.7 484.25 477.4 482.8 479.25 484.35 484.35 480.8 473.8 488.05 477.55 481.5 
356 0.0 0.0 0.0 0.0 0.0 0.0 0.0 0.0 483.15 475.5 484.75 485.7 483.05 478.65 478.65 483.3 479.7 488.65 490.8 480.9 480.8 
357 0.0 0.0 0.0 0.0 0.0 0.0 0.0 0.0 481.85 482.9 478.85 481.15 483.35 482.9 474.8 483.1 489.9 474.55 482.65 486.3 477.0 
358 0.0 0.0 0.0 0.0 0.0 0.0 0.0 0.0 482.3 482.7 487.1 481.9 486.5 489.05 479.3 472.4 479.9 474.05 476.6 483.05 483.1 
359 0.0 0.0 0.0 0.0 0.0 0.0 0.0 0.0 483.2 482.6 482.2 481.4 468.4 479.65 483.2 483.5 474.45 487.9 479.5 481.3 486.65 
360 0.0 0.0 0.0 0.0 0.0 0.0 0.0 0.0 470.3 475.75 482.15 469.6 483.05 482.9 473.15 477.05 480.95 472.3 475.9 482.7 475.3 
361 0.0 0.0 0.0 0.0 0.0 0.0 0.0 0.0 473.55 478.35 473.15 481.7 482.45 476.7 479.3 475.15 475.25 479.7 478.95 481.85 484.85 
362 0.0 0.0 0.0 0.0 0.0 0.0 0.0 0.0 480.0 478.7 482.35 483.0 477.6 479.45 487.15 472.85 475.7 475.95 478.75 473.7 478.0 
363 0.0 0.0 0.0 0.0 0.0 0.0 0.0 0.0 479.15 473.85 486.75 488.05 482.05 481.3 476.1 475.0 477.55 475.95 472.5 465.9 490.25 
364 0.0 0.0 0.0 0.0 0.0 0.0 0.0 0.0 482.85 477.45 468.1 473.45 478.7 473.45 472.55 474.45 482.3 479.3 484.6 488.95 475.7 
365 0.0 0.0 0.0 0.0 0.0 0.0 0.0 0.0 475.7 472.7 470.65 463.8 472.9 466.65 478.45 472.15 466.25 474.6 471.65 475.25 466.0 
366 0.0 0.0 0.0 0.0 0.0 0.0 0.0 0.0 477.05 476.5 470.95 481.1 469.45 479.8 476.6 482.2 473.0 476.0 470.75 474.55 468.9 
367 0.0 0.0 0.0 0.0 0.0 0.0 0.0 0.0 474.1 481.6 480.05 477.2 476.4 479.45 473.85 483.9 481.8 479.7 474.85 470.7 475.35 
368 0.0 0.0 0.0 0.0 0.0 0.0 0.0 0.0 480.2 476.4 473.25 478.7 471.6 468.7 475.5 481.8 475.2 471.4 476.4 477.9 479.45 
369 0.0 0.0 0.0 0.0 0.0 0.0 0.0 0.0 480.9 472.8 480.15 472.1 465.5 476.0 468.4 471.35 479.1 473.0 462.2 471.75 474.75 
370 0.0 0.0 0.0 0.0 0.0 0.0 0.0 0.0 476.05 470.3 473.7 467.5 483.05 472.3 477.9 471.65 477.85 480.2 473.45 472.65 478.05 
371 0.0 0.0 0.0 0.0 0.0 0.0 0.0 0.0 472.45 475.6 475.75 476.15 472.9 477.35 467.45 481.25 465.0 473.0 474.3 472.55 473.6 
372 0.0 0.0 0.0 0.0 0.0 0.0 0.0 0.0 468.2 478.05 471.95 478.1 484.6 477.2 487.25 478.05 482.35 468.2 475.45 472.7 472.75 
373 0.0 0.0 0.0 0.0 0.0 0.0 0.0 0.0 470.1 471.75 477.8 470.25 477.05 476.05 472.0 472.0 476.45 478.65 479.35 473.9 475.15 
374 0.0 0.0 0.0 0.0 0.0 0.0 0.0 0.0 480.9 469.05 473.4 468.75 481.8 483.3 476.9 477.65 467.4 475.8 481.4 478.2 474.35 
375 0.0 0.0 0.0 0.0 0.0 0.0 0.0 0.0 468.65 476.6 471.75 475.9 468.8 479.25 485.1 469.0 472.2 469.55 478.25 472.7 475.2 
376 0.0 0.0 0.0 0.0 0.0 0.0 0.0 0.0 477.25 477.35 472.95 481.5 478.15 478.5 468.85 470.8 476.55 471.75 465.0 469.6 463.65 
377 0.0 0.0 0.0 0.0 0.0 0.0 0.0 0.0 475.9 474.85 477.05 472.35 477.55 475.6 465.1 478.15 473.5 475.55 479.95 473.6 473.95 
378 0.0 0.0 0.0 0.0 0.0 0.0 0.0 0.0 476.75 473.6 477.75 473.85 470.0 469.45 474.45 465.5 478.8 475.5 467.65 470.05 480.65 
379 0.0 0.0 0.0 0.0 0.0 0.0 0.0 0.0 462.8 474.2 468.9 475.65 474.75 468.3 473.7 471.7 467.8 479.45 473.9 476.15 479.05 
380 0.0 0.0 0.0 0.0 0.0 0.0 0.0 0.0 473.65 474.6 475.5 475.4 474.7 470.55 468.5 476.0 470.35 467.55 471.8 482.95 472.15 
381 0.0 0.0 0.0 0.0 0.0 0.0 0.0 0.0 452.1 470.0 469.45 471.8 469.3 470.9 477.2 473.65 475.3 475.7 476.35 472.05 473.3 
382 0.0 0.0 0.0 0.0 0.0 0.0 0.0 0.0 415.35 480.65 479.9 477.05 469.45 467.25 467.65 465.55 473.3 465.8 477.35 476.15 475.5 
383 0.0 0.0 0.0 0.0 0.0 0.0 0.0 0.0 392.65 464.5 474.15 467.25 458.6 467.15 465.2 478.6 471.25 475.85 466.9 467.05 475.95 
384 0.0 0.0 0.0 0.0 0.0 0.0 0.0 0.0 360.5 472.45 466.55 476.25 460.4 472.8 475.3 468.1 472.75 465.05 471.9 474.8 467.85 
385 0.0 0.0 0.0 0.0 0.0 0.0 0.0 0.0 267.85 470.65 470.9 468.75 477.55 473.55 473.4 467.7 471.3 477.35 470.5 471.2 463.1 
386 0.0 0.0 0.0 0.0 0.0 0.0 0.0 0.0 173.85 477.85 466.6 470.0 471.7 468.35 476.2 467.45 469.8 468.75 470.7 471.0 467.1 
387 0.0 0.0 0.0 0.0 0.0 0.0 0.0 0.0 111.75 459.1 472.1 465.95 471.25 465.65 469.45 476.25 463.4 472.45 473.1 466.1 467.5 
388 0.0 0.0 0.0 0.0 0.0 0.0 0.0 0.0 58.4 472.05 463.9 469.0 481.1 470.0 464.15 473.25 473.15 468.05 466.7 472.95 470.25 
389 0.0 0.0 0.0 0.0 0.0 0.0 0.0 0.0 14.05 471.15 473.3 466.2 467.25 465.1 461.55 461.85 468.8 463.7 466.65 473.1 470.25 
390 0.0 0.0 0.0 0.0 0.0 0.0 0.0 0.0 2.0 476.75 465.05 471.1 461.05 471.45 469.35 462.95 465.65 466.15 471.05 470.75 467.6 
391 0.0 0.0 0.0 0.0 0.0 0.0 0.0 0.0 0.55 465.8 469.6 463.8 464.95 473.1 473.95 465.5 468.4 465.85 470.25 468.1 469.55 
392 0.0 0.0 0.0 0.0 0.0 0.0 0.0 0.0 0.0 462.65 467.6 466.5 471.75 468.25 463.0 456.4 463.3 480.25 466.35 464.2 476.05 
393 0.0 0.0 0.0 0.0 0.0 0.0 0.0 0.0 0.0 462.3 466.45 464.3 462.9 466.95 468.15 477.65 466.8 467.35 462.55 466.1 463.7 
394 0.0 0.0 0.0 0.0 0.0 0.0 0.0 0.0 0.0 467.9 465.15 462.25 463.95 455.9 463.35 469.35 464.3 463.0 469.8 463.4 466.6 
395 0.0 0.0 0.0 0.0 0.0 0.0 0.0 0.0 0.0 465.15 469.8 469.1 465.75 466.95 466.25 463.85 464.6 468.3 468.5 466.1 468.65 
396 0.0 0.0 0.0 0.0 0.0 0.0 0.0 0.0 0.0 467.5 462.6 463.0 460.45 454.1 463.95 466.2 467.45 463.55 458.7 464.25 458.9 
397 0.0 0.0 0.0 0.0 0.0 0.0 0.0 0.0 0.0 465.35 467.05 465.65 465.7 467.95 461.15 463.85 461.25 457.55 469.3 464.9 460.0 
398 0.0 0.0 0.0 0.0 0.0 0.0 0.0 0.0 0.0 467.4 462.0 461.5 460.05 468.9 466.1 465.6 471.65 463.65 462.9 461.95 461.6 
399 0.0 0.0 0.0 0.0 0.0 0.0 0.0 0.0 0.0 460.35 454.65 464.55 464.3 474.4 468.15 467.75 456.85 464.05 461.6 464.05 464.8 
400 0.0 0.0 0.0 0.0 0.0 0.0 0.0 0.0 0.0 466.3 473.25 465.75 474.0 462.8 461.25 465.15 466.9 456.65 456.85 451.45 469.9 
401 0.0 0.0 0.0 0.0 0.0 0.0 0.0 0.0 0.0 461.85 464.5 465.95 464.9 466.45 463.3 458.4 461.65 453.4 451.35 458.0 456.75 
402 0.0 0.0 0.0 0.0 0.0 0.0 0.0 0.0 0.0 463.6 457.6 455.9 455.3 456.05 464.7 466.3 456.65 463.3 465.3 466.95 457.8 
403 0.0 0.0 0.0 0.0 0.0 0.0 0.0 0.0 0.0 461.7 462.2 461.05 468.2 462.5 465.75 467.8 457.1 462.75 459.95 458.85 459.95 
404 0.0 0.0 0.0 0.0 0.0 0.0 0.0 0.0 0.0 453.75 461.75 463.0 460.7 462.7 458.3 459.8 463.05 466.95 465.65 461.85 462.7 
405 0.0 0.0 0.0 0.0 0.0 0.0 0.0 0.0 0.0 462.7 451.6 458.5 465.4 461.45 462.65 456.5 462.45 466.2 462.4 464.55 457.1 
406 0.0 0.0 0.0 0.0 0.0 0.0 0.0 0.0 0.0 463.55 457.9 454.05 459.25 461.4 466.8 450.55 462.4 459.25 458.05 457.15 452.7 
407 0.0 0.0 0.0 0.0 0.0 0.0 0.0 0.0 0.0 464.55 455.9 463.25 461.6 451.1 454.1 467.95 462.85 464.5 463.6 453.4 469.45 
408 0.0 0.0 0.0 0.0 0.0 0.0 0.0 0.0 0.0 451.85 468.4 461.85 453.35 464.75 461.6 458.7 463.7 451.15 455.55 462.5 454.75 
409 0.0 0.0 0.0 0.0 0.0 0.0 0.0 0.0 0.0 456.1 461.2 457.4 466.5 457.1 453.4 453.9 463.0 464.3 459.65 461.8 462.0 
410 0.0 0.0 0.0 0.0 0.0 0.0 0.0 0.0 0.0 449.2 458.6 457.55 453.45 452.3 455.45 456.6 450.3 449.1 457.95 459.0 457.1 
411 0.0 0.0 0.0 0.0 0.0 0.0 0.0 0.0 0.0 467.55 445.8 463.85 461.65 454.6 463.65 453.8 450.75 458.55 457.85 456.8 457.1 
412 0.0 0.0 0.0 0.0 0.0 0.0 0.0 0.0 0.0 455.85 463.05 460.15 450.25 451.05 454.4 455.95 451.95 458.6 456.5 451.05 445.45 
413 0.0 0.0 0.0 0.0 0.0 0.0 0.0 0.0 0.0 450.3 459.8 458.55 451.7 454.7 447.6 453.75 445.95 447.6 452.75 454.65 454.9 
414 0.0 0.0 0.0 0.0 0.0 0.0 0.0 0.0 0.0 454.95 455.1 451.05 456.7 458.3 450.5 449.1 453.6 456.8 448.05 453.55 450.55 
415 0.0 0.0 0.0 0.0 0.0 0.0 0.0 0.0 0.0 459.85 454.65 447.55 447.0 447.9 449.8 456.85 448.7 446.35 452.1 444.9 453.0 
416 0.0 0.0 0.0 0.0 0.0 0.0 0.0 0.0 0.0 453.9 449.5 454.4 450.6 446.5 451.6 453.15 453.0 452.95 436.4 447.15 449.15 
417 0.0 0.0 0.0 0.0 0.0 0.0 0.0 0.0 0.0 430.45 448.75 450.25 448.75 448.0 450.35 452.0 456.45 453.95 459.95 447.75 449.7 
418 0.0 0.0 0.0 0.0 0.0 0.0 0.0 0.0 0.0 400.3 451.35 461.6 450.55 459.75 442.2 448.1 449.55 446.6 453.75 459.95 450.15 
419 0.0 0.0 0.0 0.0 0.0 0.0 0.0 0.0 0.0 390.55 450.3 452.15 460.25 448.55 451.45 453.15 451.95 442.95 449.25 445.45 446.4 
420 0.0 0.0 0.0 0.0 0.0 0.0 0.0 0.0 0.0 364.6 450.95 450.05 445.65 450.3 446.35 444.05 449.65 448.35 449.2 453.55 450.6 
421 0.0 0.0 0.0 0.0 0.0 0.0 0.0 0.0 0.0 325.45 448.45 440.6 449.55 451.4 455.7 447.35 453.5 455.15 453.4 442.95 454.2 
422 0.0 0.0 0.0 0.0 0.0 0.0 0.0 0.0 0.0 286.6 447.0 446.45 441.6 447.35 451.6 446.25 448.55 448.4 443.5 448.7 452.2 
423 0.0 0.0 0.0 0.0 0.0 0.0 0.0 0.0 0.0 227.2 450.3 444.25 448.15 447.4 444.2 440.75 443.3 443.05 442.0 448.0 448.0 
424 0.0 0.0 0.0 0.0 0.0 0.0 0.0 0.0 0.0 144.95 446.85 450.5 450.85 446.9 448.8 444.25 438.25 450.6 442.35 444.75 445.95 
425 0.0 0.0 0.0 0.0 0.0 0.0 0.0 0.0 0.0 55.35 452.05 448.0 447.0 446.55 441.5 447.2 449.0 443.45 445.0 448.4 443.15 
426 0.0 0.0 0.0 0.0 0.0 0.0 0.0 0.0 0.0 16.45 443.0 445.95 437.6 445.3 439.8 439.75 440.3 438.45 455.0 442.25 439.85 
427 0.0 0.0 0.0 0.0 0.0 0.0 0.0 0.0 0.0 1.95 448.65 454.3 449.95 454.7 449.6 452.95 449.05 448.65 446.6 445.55 449.75 
428 0.0 0.0 0.0 0.0 0.0 0.0 0.0 0.0 0.0 0.05 440.85 446.45 450.95 445.05 441.65 444.45 449.45 442.05 443.2 448.7 434.9 
429 0.0 0.0 0.0 0.0 0.0 0.0 0.0 0.0 0.0 0.0 450.0 437.9 442.4 444.0 447.55 443.9 435.95 446.05 437.45 439.1 447.1 
430 0.0 0.0 0.0 0.0 0.0 0.0 0.0 0.0 0.0 0.0 441.0 433.05 439.05 438.25 442.75 442.9 444.0 437.8 441.5 442.55 432.95 
431 0.0 0.0 0.0 0.0 0.0 0.0 0.0 0.0 0.0 0.0 441.4 436.15 435.3 440.2 449.8 442.85 454.3 446.45 432.3 434.55 436.4 
432 0.0 0.0 0.0 0.0 0.0 0.0 0.0 0.0 0.0 0.0 439.75 437.35 441.45 433.2 438.8 432.0 433.15 439.1 438.65 440.85 441.3 
433 0.0 0.0 0.0 0.0 0.0 0.0 0.0 0.0 0.0 0.0 433.0 435.85 437.9 447.35 425.6 448.75 430.6 427.3 430.35 431.05 437.1 
434 0.0 0.0 0.0 0.0 0.0 0.0 0.0 0.0 0.0 0.0 439.45 441.05 435.5 434.15 433.8 431.7 428.05 436.05 444.15 431.1 436.9 
435 0.0 0.0 0.0 0.0 0.0 0.0 0.0 0.0 0.0 0.0 427.4 438.5 435.0 428.55 435.0 437.2 433.9 433.7 431.55 431.05 432.45 
436 0.0 0.0 0.0 0.0 0.0 0.0 0.0 0.0 0.0 0.0 435.3 442.2 437.8 434.2 436.25 436.45 435.05 430.45 426.7 436.0 432.5 
437 0.0 0.0 0.0 0.0 0.0 0.0 0.0 0.0 0.0 0.0 429.75 440.45 437.0 428.9 424.35 427.15 436.8 435.25 430.9 434.05 425.75 
438 0.0 0.0 0.0 0.0 0.0 0.0 0.0 0.0 0.0 0.0 439.45 429.75 428.3 430.15 432.65 427.0 427.8 428.7 430.7 428.65 433.2 
439 0.0 0.0 0.0 0.0 0.0 0.0 0.0 0.0 0.0 0.0 433.75 424.55 428.65 427.7 422.0 427.45 429.9 431.8 436.55 424.95 422.15 
440 0.0 0.0 0.0 0.0 0.0 0.0 0.0 0.0 0.0 0.0 420.0 425.25 427.7 424.3 433.75 422.45 424.25 422.6 434.5 425.1 426.6 
441 0.0 0.0 0.0 0.0 0.0 0.0 0.0 0.0 0.0 0.0 428.0 420.1 427.35 429.4 424.75 420.2 422.0 428.6 419.85 419.65 422.8 
442 0.0 0.0 0.0 0.0 0.0 0.0 0.0 0.0 0.0 0.0 417.3 427.55 425.2 424.3 424.95 425.9 428.0 421.1 417.15 421.3 422.55 
443 0.0 0.0 0.0 0.0 0.0 0.0 0.0 0.0 0.0 0.0 420.85 418.1 414.6 424.15 413.05 417.0 420.7 421.9 414.45 426.7 415.3 
444 0.0 0.0 0.0 0.0 0.0 0.0 0.0 0.0 0.0 0.0 422.05 424.2 425.95 424.85 424.65 418.3 417.0 415.7 414.75 418.0 421.0 
445 0.0 0.0 0.0 0.0 0.0 0.0 0.0 0.0 0.0 0.0 421.3 420.05 415.3 420.0 420.1 417.65 412.2 421.8 420.4 419.65 417.65 
446 0.0 0.0 0.0 0.0 0.0 0.0 0.0 0.0 0.0 0.0 417.7 413.8 420.35 417.65 421.35 423.3 412.05 417.65 419.05 417.7 419.75 
447 0.0 0.0 0.0 0.0 0.0 0.0 0.0 0.0 0.0 0.0 409.15 409.4 415.2 413.0 414.6 411.95 419.2 410.75 419.8 408.9 414.1 
448 0.0 0.0 0.0 0.0 0.0 0.0 0.0 0.0 0.0 0.0 394.45 414.4 413.8 417.8 419.55 416.35 415.6 416.25 415.65 414.25 414.25 
449 0.0 0.0 0.0 0.0 0.0 0.0 0.0 0.0 0.0 0.0 376.6 417.35 401.85 405.35 410.9 415.95 415.35 407.85 416.5 416.3 401.7 
450 0.0 0.0 0.0 0.0 0.0 0.0 0.0 0.0 0.0 0.0 340.6 411.55 404.75 397.25 411.05 408.05 409.6 413.25 406.55 410.3 409.05 
451 0.0 0.0 0.0 0.0 0.0 0.0 0.0 0.0 0.0 0.0 314.3 407.75 409.8 412.05 413.3 409.95 414.9 401.55 399.1 401.7 409.95 
452 0.0 0.0 0.0 0.0 0.0 0.0 0.0 0.0 0.0 0.0 254.75 405.2 407.1 414.9 405.85 409.05 392.65 403.9 404.45 397.5 400.85 
453 0.0 0.0 0.0 0.0 0.0 0.0 0.0 0.0 0.0 0.0 169.1 405.85 410.7 404.1 401.3 400.35 401.85 406.7 399.4 397.15 393.95 
454 0.0 0.0 0.0 0.0 0.0 0.0 0.0 0.0 0.0 0.0 76.5 399.3 408.5 397.45 397.05 399.2 401.65 394.7 394.0 398.4 391.85 
455 0.0 0.0 0.0 0.0 0.0 0.0 0.0 0.0 0.0 0.0 27.65 395.5 398.35 398.0 401.1 394.35 396.9 400.3 395.15 393.65 393.05 
456 0.0 0.0 0.0 0.0 0.0 0.0 0.0 0.0 0.0 0.0 4.9 406.35 394.3 394.95 389.15 393.3 387.85 390.8 392.9 386.1 395.2 
457 0.0 0.0 0.0 0.0 0.0 0.0 0.0 0.0 0.0 0.0 0.45 381.3 391.8 391.0 399.8 387.35 387.3 383.15 387.85 384.9 394.05 
458 0.0 0.0 0.0 0.0 0.0 0.0 0.0 0.0 0.0 0.0 0.05 398.55 392.9 394.25 384.15 387.9 383.3 390.7 381.85 385.9 379.8 
459 0.0 0.0 0.0 0.0 0.0 0.0 0.0 0.0 0.0 0.0 0.0 393.6 389.9 387.65 392.05 381.95 388.5 380.95 378.9 378.1 378.55 
460 0.0 0.0 0.0 0.0 0.0 0.0 0.0 0.0 0.0 0.0 0.0 386.1 382.55 388.65 372.75 389.65 383.65 378.2 383.1 384.8 381.3 
461 0.0 0.0 0.0 0.0 0.0 0.0 0.0 0.0 0.0 0.0 0.0 380.3 377.1 376.75 373.75 381.35 375.35 371.65 372.05 380.45 375.05 
462 0.0 0.0 0.0 0.0 0.0 0.0 0.0 0.0 0.0 0.0 0.0 374.1 381.75 378.1 370.25 369.2 375.25 377.65 368.25 365.45 367.45 
463 0.0 0.0 0.0 0.0 0.0 0.0 0.0 0.0 0.0 0.0 0.0 370.3 373.35 373.95 376.7 363.8 375.3 367.6 371.0 364.35 360.55 
464 0.0 0.0 0.0 0.0 0.0 0.0 0.0 0.0 0.0 0.0 0.0 371.75 368.95 363.9 369.15 366.45 357.4 359.95 361.6 364.9 359.15 
465 0.0 0.0 0.0 0.0 0.0 0.0 0.0 0.0 0.0 0.0 0.0 369.6 363.1 362.8 362.55 367.35 355.55 355.8 362.2 359.5 356.5 
466 0.0 0.0 0.0 0.0 0.0 0.0 0.0 0.0 0.0 0.0 0.0 361.2 358.6 355.7 358.65 353.3 354.1 357.65 351.1 349.6 354.35 
467 0.0 0.0 0.0 0.0 0.0 0.0 0.0 0.0 0.0 0.0 0.0 359.15 355.4 354.1 358.75 347.05 353.55 346.25 351.55 346.45 344.8 
468 0.0 0.0 0.0 0.0 0.0 0.0 0.0 0.0 0.0 0.0 0.0 349.15 352.15 343.75 342.55 347.0 348.5 342.65 345.05 338.95 332.55 
469 0.0 0.0 0.0 0.0 0.0 0.0 0.0 0.0 0.0 0.0 0.0 337.35 343.4 346.6 339.3 340.65 337.15 345.85 336.4 339.75 330.55 
470 0.0 0.0 0.0 0.0 0.0 0.0 0.0 0.0 0.0 0.0 0.0 317.9 347.7 345.0 339.45 342.25 331.95 335.45 331.8 326.4 325.6 
471 0.0 0.0 0.0 0.0 0.0 0.0 0.0 0.0 0.0 0.0 0.0 298.95 329.8 326.95 323.1 328.75 333.2 325.85 318.5 314.15 313.55 
472 0.0 0.0 0.0 0.0 0.0 0.0 0.0 0.0 0.0 0.0 0.0 247.7 331.5 325.35 323.75 325.15 321.05 312.3 309.4 313.05 310.85 
473 0.0 0.0 0.0 0.0 0.0 0.0 0.0 0.0 0.0 0.0 0.0 198.1 319.15 324.15 326.85 316.7 304.85 308.0 305.85 300.6 302.8 
474 0.0 0.0 0.0 0.0 0.0 0.0 0.0 0.0 0.0 0.0 0.0 126.35 318.85 316.15 311.95 311.95 312.7 306.25 297.9 301.15 295.25 
475 0.0 0.0 0.0 0.0 0.0 0.0 0.0 0.0 0.0 0.0 0.0 56.75 303.95 307.25 301.65 298.55 303.25 291.1 291.3 285.35 288.0 
476 0.0 0.0 0.0 0.0 0.0 0.0 0.0 0.0 0.0 0.0 0.0 19.35 301.7 301.15 299.45 291.15 285.95 286.75 280.4 273.75 278.0 
477 0.0 0.0 0.0 0.0 0.0 0.0 0.0 0.0 0.0 0.0 0.0 5.55 299.3 286.05 282.05 282.2 277.3 266.4 269.15 270.6 260.45 
478 0.0 0.0 0.0 0.0 0.0 0.0 0.0 0.0 0.0 0.0 0.0 0.95 282.25 284.45 278.95 274.1 263.9 260.65 255.15 258.55 250.8 
479 0.0 0.0 0.0 0.0 0.0 0.0 0.0 0.0 0.0 0.0 0.0 0.25 270.05 267.0 269.5 259.85 258.8 248.7 244.7 242.2 242.65 
480 0.0 0.0 0.0 0.0 0.0 0.0 0.0 0.0 0.0 0.0 0.0 0.0 268.0 255.25 253.35 245.7 243.5 239.9 242.3 232.2 237.05 
481 0.0 0.0 0.0 0.0 0.0 0.0 0.0 0.0 0.0 0.0 0.0 0.0 246.05 246.85 234.7 237.95 233.75 237.6 228.95 222.1 218.3 
482 0.0 0.0 0.0 0.0 0.0 0.0 0.0 0.0 0.0 0.0 0.0 0.0 232.65 230.0 224.8 222.9 215.95 211.9 215.95 214.15 204.05 
483 0.0 0.0 0.0 0.0 0.0 0.0 0.0 0.0 0.0 0.0 0.0 0.0 206.3 216.5 210.85 203.85 207.15 203.6 205.0 200.2 195.2 
484 0.0 0.0 0.0 0.0 0.0 0.0 0.0 0.0 0.0 0.0 0.0 0.0 174.05 205.0 197.65 187.85 186.5 186.3 180.8 179.4 179.2 
485 0.0 0.0 0.0 0.0 0.0 0.0 0.0 0.0 0.0 0.0 0.0 0.0 119.75 189.25 182.6 177.4 170.45 171.85 171.85 172.75 174.75 
486 0.0 0.0 0.0 0.0 0.0 0.0 0.0 0.0 0.0 0.0 0.0 0.0 67.05 166.25 161.7 162.9 161.4 161.45 156.65 156.5 163.0 
487 0.0 0.0 0.0 0.0 0.0 0.0 0.0 0.0 0.0 0.0 0.0 0.0 29.05 146.45 145.0 146.05 139.6 142.7 143.75 144.0 146.2 
488 0.0 0.0 0.0 0.0 0.0 0.0 0.0 0.0 0.0 0.0 0.0 0.0 10.45 122.9 124.9 123.4 127.9 126.8 126.85 136.95 131.6 
489 0.0 0.0 0.0 0.0 0.0 0.0 0.0 0.0 0.0 0.0 0.0 0.0 2.5 98.0 105.1 106.1 107.6 111.55 118.45 115.55 120.8 
490 0.0 0.0 0.0 0.0 0.0 0.0 0.0 0.0 0.0 0.0 0.0 0.0 0.7 64.5 87.05 89.55 95.9 97.8 100.75 102.85 112.45 
491 0.0 0.0 0.0 0.0 0.0 0.0 0.0 0.0 0.0 0.0 0.0 0.0 0.15 36.2 63.55 74.5 80.65 84.65 92.05 99.45 100.2 
492 0.0 0.0 0.0 0.0 0.0 0.0 0.0 0.0 0.0 0.0 0.0 0.0 0.1 20.1 46.45 60.35 66.95 75.05 78.0 89.25 87.7 
493 0.0 0.0 0.0 0.0 0.0 0.0 0.0 0.0 0.0 0.0 0.0 0.0 0.05 10.45 31.9 44.3 52.8 64.4 67.3 73.5 83.3 
494 0.0 0.0 0.0 0.0 0.0 0.0 0.0 0.0 0.0 0.0 0.0 0.0 0.0 4.35 20.15 34.05 44.05 50.5 61.45 65.65 73.45 
495 0.0 0.0 0.0 0.0 0.0 0.0 0.0 0.0 0.0 0.0 0.0 0.0 0.0 1.85 14.3 24.65 34.2 42.75 53.95 59.05 66.2 
496 0.0 0.0 0.0 0.0 0.0 0.0 0.0 0.0 0.0 0.0 0.0 0.0 0.0 0.85 8.1 18.85 29.35 39.7 45.9 52.15 58.25 
497 0.0 0.0 0.0 0.0 0.0 0.0 0.0 0.0 0.0 0.0 0.0 0.0 0.0 0.45 5.6 11.85 23.45 32.35 41.0 49.3 60.05 
498 0.0 0.0 0.0 0.0 0.0 0.0 0.0 0.0 0.0 0.0 0.0 0.0 0.0 0.2 3.5 11.55 20.05 29.7 37.7 48.4 56.75 
499 0.0 0.0 0.0 0.0 0.0 0.0 0.0 0.0 0.0 0.0 0.0 0.0 0.0 0.0 1.05 4.35 9.55 14.3 20.25 23.4 26.6 
